14
2
156.56000
194.31000
168.77000
100.29000
161.66000
173.42000
124.16000
115.88000
134.25000
143.94000
108.96000
137.92000
154.40000
192.21000
109.66000
166.97000
164.92000
199.07000
137.01000
176.06000
126.17000
117.71000
134.23000
170.35000
114.54000
156.90000
122.04000
126.82000
07.87000
05.60000
09.41000
07.80000
06.43000
08.76000
08.08000
05.64000
05.17000
08.52000
07.65000
07.83000
07.09000
06.93000
06.62000
06.07000
08.67000
09.14000
06.41000
09.93000
07.28000
07.97000
08.53000
08.82000
09.64000
06.53000
09.87000
06.20000
7
9
8
6
12
10
7
4
7
2
5
14
3
1
13
11
1156.962
