14
4
113.54000
167.29000
107.58000
160.84000
142.55000
107.24000
198.51000
199.05000
180.56000
153.85000
118.77000
114.23000
168.21000
147.75000
131.07000
135.19000
108.87000
189.88000
117.50000
182.61000
177.65000
146.59000
135.01000
140.02000
160.31000
146.11000
149.23000
173.05000
164.29000
185.06000
147.58000
191.54000
170.72000
102.92000
120.03000
118.01000
106.85000
160.64000
167.51000
179.65000
163.33000
148.86000
192.94000
133.08000
189.60000
119.76000
107.40000
112.93000
123.31000
102.06000
139.27000
101.60000
182.25000
150.99000
104.18000
114.70000
03.07000
04.81000
02.24000
02.17000
04.75000
01.44000
04.99000
03.50000
02.35000
02.26000
01.23000
04.59000
03.00000
02.40000
03.21000
04.49000
03.99000
03.17000
03.32000
03.53000
02.71000
01.59000
04.69000
02.36000
04.77000
03.87000
03.46000
01.13000
04.44000
01.93000
01.47000
04.30000
01.96000
02.33000
03.56000
04.16000
04.91000
02.94000
01.65000
04.80000
02.43000
04.89000
04.98000
03.97000
04.56000
01.87000
03.84000
01.24000
01.61000
03.34000
01.62000
02.45000
04.64000
01.82000
04.43000
01.73000
4
6
3
1
12
3
4
5
2
3
11
7
9
4
14
10
8
13
456.5397
