14
4
33.69000
64.92000
21.34000
89.98000
51.05000
20.40000
4.09000
46.83000
83.51000
87.67000
22.06000
86.08000
72.29000
9.95000
35.94000
64.92000
5.39000
55.57000
19.27000
48.31000
98.08000
76.00000
89.05000
97.27000
62.20000
95.48000
13.27000
78.77000
62.84000
35.31000
18.57000
14.78000
40.05000
74.89000
14.74000
16.47000
52.86000
61.12000
91.38000
59.18000
92.00000
83.73000
18.72000
46.43000
13.40000
38.20000
67.70000
25.57000
59.78000
97.11000
90.60000
69.12000
87.82000
79.66000
3.89000
93.55000
01.87000
04.78000
02.82000
03.33000
02.93000
01.59000
04.58000
04.47000
03.16000
01.85000
03.06000
04.63000
01.68000
04.69000
04.97000
01.73000
03.79000
01.10000
03.47000
02.47000
01.53000
01.85000
04.48000
04.26000
03.85000
03.72000
04.15000
03.23000
01.05000
02.87000
02.44000
01.50000
04.10000
02.61000
03.69000
02.34000
03.84000
01.82000
04.19000
03.20000
01.39000
01.62000
01.50000
04.45000
02.32000
02.75000
02.16000
03.83000
03.80000
04.96000
02.99000
04.40000
04.50000
01.42000
02.10000
04.29000
5
6
8
11
14
7
2
9
5
3
12
2
4
4
10
1
3
13
111.377
