14
3
89.11000
20.64000
40.83000
88.76000
40.68000
87.20000
93.03000
27.52000
15.12000
64.43000
54.37000
85.93000
45.25000
21.10000
46.40000
62.41000
69.87000
51.11000
78.79000
47.69000
50.37000
94.21000
60.18000
36.36000
94.92000
91.18000
88.00000
53.50000
68.80000
12.69000
46.19000
33.33000
20.22000
97.87000
21.04000
27.88000
72.74000
55.73000
92.73000
92.90000
14.01000
13.07000
02.52000
02.15000
01.13000
01.93000
02.91000
02.55000
03.09000
04.35000
03.58000
02.34000
02.14000
03.83000
02.57000
03.18000
03.05000
02.04000
04.94000
01.75000
01.74000
04.02000
01.96000
03.51000
02.18000
02.66000
01.78000
02.92000
02.56000
04.91000
03.43000
01.61000
02.84000
02.19000
04.92000
01.10000
01.78000
01.70000
02.23000
01.58000
04.04000
01.22000
03.08000
01.68000
5
3
11
2
8
9
3
12
10
6
6
1
4
7
14
13
5
179.1005
