14
3
63.62000
67.38000
69.17000
49.20000
73.76000
62.88000
50.42000
54.62000
88.29000
70.46000
19.82000
44.43000
62.71000
7.31000
33.02000
29.28000
55.19000
67.30000
66.51000
86.56000
59.28000
35.89000
80.82000
69.98000
46.29000
28.04000
71.27000
26.28000
11.15000
85.17000
60.42000
64.05000
90.11000
94.40000
68.12000
49.99000
61.44000
73.09000
36.62000
40.76000
80.95000
45.95000
03.49000
02.21000
01.51000
04.89000
01.65000
01.09000
02.95000
03.10000
02.34000
03.08000
03.89000
02.77000
04.96000
04.20000
01.58000
01.56000
01.07000
03.23000
04.02000
03.69000
01.10000
04.89000
04.34000
03.84000
01.77000
03.76000
01.12000
02.34000
02.61000
04.36000
02.24000
01.44000
03.52000
04.93000
02.07000
03.86000
01.54000
02.76000
01.72000
02.26000
03.78000
04.86000
5
6
13
4
11
14
5
3
2
5
12
8
4
9
7
10
1
222.9765
