14
2
90.81000
35.89000
20.55000
1.80000
86.03000
4.58000
99.15000
54.90000
34.26000
53.62000
77.60000
39.26000
82.86000
39.53000
65.97000
70.96000
83.40000
25.72000
75.70000
5.94000
33.07000
8.77000
21.49000
32.92000
34.24000
29.11000
41.39000
48.63000
04.04000
04.83000
03.85000
03.54000
04.26000
03.84000
02.09000
02.43000
02.43000
01.35000
04.72000
01.91000
04.69000
02.76000
01.16000
01.80000
04.67000
02.43000
04.79000
02.54000
04.70000
04.47000
02.41000
02.39000
04.73000
04.25000
01.30000
01.84000
7
12
5
14
2
3
6
4
7
1
13
10
9
11
7
8
248.7519
