11
4
38.60000
4.56000
27.50000
68.58000
78.18000
45.31000
47.17000
1.64000
13.76000
29.23000
81.95000
98.49000
53.68000
17.32000
36.06000
59.09000
86.65000
21.53000
15.58000
24.16000
53.71000
13.20000
98.12000
68.51000
31.41000
10.65000
43.99000
34.60000
97.57000
15.43000
79.61000
50.98000
1.33000
42.11000
69.66000
70.00000
59.62000
81.31000
55.64000
28.49000
22.52000
86.70000
48.81000
59.90000
01.82000
02.52000
02.37000
04.09000
03.68000
04.49000
03.15000
03.62000
03.16000
02.35000
03.10000
02.27000
04.86000
04.98000
02.98000
03.03000
03.09000
04.94000
04.19000
04.24000
02.31000
03.43000
04.76000
02.70000
04.61000
01.61000
03.11000
02.85000
04.88000
01.57000
03.58000
01.90000
01.84000
02.49000
04.33000
01.03000
04.60000
03.84000
02.38000
04.67000
01.95000
02.29000
04.56000
04.46000
4
6
9
2
8
2
10
3
3
5
4
11
2
1
7
71.43955
