14
2
167.98000
100.12000
105.05000
138.85000
169.44000
121.83000
148.50000
124.68000
168.66000
187.10000
145.38000
162.86000
133.22000
169.77000
172.47000
184.04000
135.88000
145.26000
135.80000
145.27000
158.41000
164.77000
141.47000
161.04000
124.27000
117.93000
197.68000
195.82000
06.91000
05.44000
06.51000
08.28000
07.10000
05.80000
08.07000
09.18000
07.95000
09.94000
06.92000
07.54000
09.30000
06.79000
08.94000
09.91000
05.95000
08.53000
08.18000
08.29000
05.21000
09.57000
08.88000
06.30000
05.79000
08.38000
09.81000
09.27000
7
14
1
6
2
4
13
8
7
7
10
3
11
5
9
12
1177.504
