11
3
46.04000
81.26000
21.88000
60.88000
66.88000
16.56000
68.74000
66.35000
59.89000
5.09000
79.82000
71.96000
53.51000
12.08000
74.40000
83.49000
26.07000
5.64000
17.99000
8.52000
22.86000
88.64000
8.43000
40.36000
95.31000
87.37000
12.73000
34.96000
44.67000
14.63000
21.22000
15.62000
47.12000
07.14000
09.94000
06.77000
09.43000
06.71000
06.32000
06.19000
07.41000
07.46000
08.47000
06.73000
08.32000
08.09000
08.58000
05.07000
06.16000
06.46000
08.24000
07.87000
09.68000
05.62000
05.68000
05.12000
06.85000
05.17000
08.53000
05.76000
05.61000
06.04000
07.85000
08.96000
06.57000
05.82000
3
4
6
10
4
2
3
9
7
4
11
5
8
1
87.42735
