11
4
142.83000
178.18000
104.81000
119.45000
157.90000
145.01000
144.70000
109.93000
132.76000
194.29000
114.69000
123.29000
164.93000
118.77000
155.36000
196.82000
166.83000
140.65000
195.06000
158.45000
160.75000
183.45000
151.86000
138.43000
150.39000
122.76000
154.60000
159.05000
113.31000
108.63000
100.34000
157.82000
114.52000
198.69000
184.19000
138.85000
177.75000
192.54000
101.43000
199.21000
107.20000
123.31000
172.01000
154.31000
01.69000
04.96000
01.34000
01.22000
02.30000
03.61000
03.47000
01.52000
04.73000
01.36000
02.98000
03.43000
02.02000
03.71000
02.03000
04.33000
01.77000
03.31000
01.74000
03.66000
03.47000
01.40000
03.48000
01.39000
01.30000
01.04000
02.69000
02.70000
01.79000
03.02000
01.74000
03.64000
02.69000
02.23000
02.59000
04.21000
03.29000
02.82000
02.62000
01.32000
02.35000
03.98000
01.25000
04.06000
3
4
1
3
2
10
5
3
2
7
11
3
8
6
9
371.9725
