14
2
2.75000
26.50000
95.72000
20.00000
41.34000
87.08000
37.45000
17.98000
23.58000
62.39000
27.42000
87.90000
16.36000
25.52000
65.17000
65.89000
65.21000
44.63000
16.70000
32.76000
17.35000
23.55000
17.89000
86.10000
69.62000
18.78000
76.85000
91.75000
09.44000
07.01000
06.14000
07.26000
05.25000
07.70000
09.29000
07.59000
09.92000
06.62000
05.45000
07.33000
08.31000
07.69000
08.47000
06.37000
05.61000
08.03000
05.80000
05.21000
06.75000
06.44000
08.42000
08.75000
05.53000
05.19000
05.09000
07.33000
7
10
11
2
14
4
13
1
7
3
6
12
8
5
7
9
218.5786
