14
3
193.23000
181.10000
116.14000
163.17000
134.97000
191.25000
191.12000
158.53000
144.85000
198.18000
173.68000
144.22000
195.86000
117.48000
171.52000
136.53000
189.54000
124.90000
131.03000
181.23000
106.09000
181.88000
194.44000
162.69000
131.39000
167.38000
118.73000
121.07000
187.35000
190.16000
156.35000
133.34000
177.94000
173.29000
180.54000
134.75000
119.22000
177.74000
149.14000
133.44000
124.02000
165.19000
01.60000
04.81000
01.27000
01.80000
03.70000
04.90000
03.66000
04.70000
01.68000
02.94000
04.21000
01.32000
04.79000
03.06000
02.21000
01.21000
03.84000
02.12000
03.04000
03.64000
04.35000
04.36000
03.96000
03.72000
03.38000
04.24000
04.14000
02.64000
03.39000
03.24000
03.20000
03.69000
04.22000
03.42000
02.78000
01.20000
04.03000
03.60000
01.09000
04.61000
03.28000
02.38000
5
12
3
9
14
5
5
2
4
10
13
7
4
11
8
1
6
678.5823
