11
4
81.71000
42.75000
61.38000
63.21000
12.53000
60.78000
2.07000
15.71000
22.65000
32.04000
91.68000
53.45000
4.50000
68.65000
71.36000
87.10000
92.92000
17.91000
89.70000
91.96000
7.92000
69.87000
52.54000
50.61000
92.09000
90.99000
24.72000
82.64000
22.52000
12.04000
84.32000
88.40000
35.72000
97.65000
68.00000
73.26000
32.47000
39.45000
16.33000
60.03000
95.77000
25.56000
74.71000
49.34000
09.39000
07.33000
06.63000
06.05000
08.51000
08.56000
09.88000
07.83000
06.87000
08.12000
06.83000
07.47000
08.28000
07.65000
09.54000
05.16000
05.48000
08.75000
07.98000
08.45000
05.20000
05.54000
08.10000
08.91000
09.47000
05.32000
07.36000
09.42000
05.69000
08.27000
09.63000
05.16000
05.61000
06.91000
06.09000
06.92000
09.19000
06.17000
07.17000
09.99000
08.48000
09.97000
07.82000
08.93000
3
3
5
7
3
1
10
2
2
11
8
3
4
9
6
80.59069
