14
3
137.44000
116.08000
140.12000
137.83000
144.68000
156.30000
178.55000
184.35000
111.45000
160.68000
178.83000
135.82000
130.27000
183.05000
194.50000
183.13000
178.19000
169.99000
176.41000
118.86000
173.57000
182.73000
134.66000
147.56000
116.16000
105.60000
102.00000
153.94000
120.47000
195.63000
109.42000
197.90000
107.98000
180.77000
113.43000
158.93000
148.11000
143.27000
157.91000
101.79000
135.72000
145.57000
01.29000
02.90000
04.41000
03.52000
01.31000
01.92000
04.47000
02.31000
01.25000
01.80000
03.17000
04.07000
04.01000
02.08000
02.45000
02.21000
01.33000
02.82000
04.62000
04.50000
03.92000
04.65000
01.19000
04.69000
03.40000
01.32000
02.23000
02.63000
04.33000
03.91000
04.02000
04.91000
01.82000
04.88000
01.80000
03.81000
01.05000
02.13000
01.79000
01.44000
04.64000
02.17000
4
9
8
2
4
5
12
14
13
11
6
5
10
7
5
1
3
622.3843
