14
2
93.23000
27.81000
45.55000
99.49000
73.93000
27.31000
63.77000
31.55000
38.11000
98.93000
9.19000
32.07000
27.91000
93.02000
81.92000
19.52000
47.33000
52.14000
94.05000
18.26000
81.53000
19.43000
19.31000
35.03000
17.46000
70.70000
39.09000
9.90000
09.94000
08.13000
05.93000
07.01000
05.47000
09.01000
08.43000
08.26000
08.81000
09.28000
07.27000
09.46000
08.58000
06.60000
08.86000
05.31000
07.96000
08.02000
05.44000
07.75000
05.10000
06.63000
08.00000
05.27000
09.95000
05.33000
09.05000
06.96000
6
5
3
7
12
13
11
8
1
10
4
2
8
9
6
14
303.5526
