11
3
50.89000
73.16000
80.57000
71.59000
60.17000
7.72000
9.36000
75.10000
60.05000
24.96000
46.49000
22.02000
31.24000
14.29000
55.12000
42.37000
48.13000
23.38000
7.31000
92.68000
7.92000
82.53000
3.24000
97.38000
34.38000
60.72000
14.16000
59.44000
25.97000
5.07000
38.04000
18.07000
62.80000
04.59000
04.09000
03.34000
03.86000
03.56000
02.95000
04.60000
01.64000
04.22000
01.84000
04.28000
01.88000
03.61000
01.97000
02.90000
04.24000
03.84000
02.48000
04.51000
04.03000
01.55000
04.98000
01.30000
02.46000
03.92000
04.65000
03.41000
03.57000
03.41000
01.69000
01.51000
04.16000
01.97000
4
10
11
6
7
3
4
2
8
4
9
3
5
1
95.10329
