14
4
72.45000
1.07000
54.52000
14.56000
48.10000
63.73000
58.22000
66.99000
15.65000
66.48000
73.93000
30.12000
15.33000
49.54000
67.09000
69.77000
97.72000
67.65000
95.82000
52.54000
7.65000
82.05000
2.19000
40.55000
75.19000
35.17000
49.15000
98.78000
58.02000
47.43000
81.74000
5.37000
72.61000
7.20000
41.82000
76.53000
25.35000
63.69000
83.90000
41.76000
5.95000
9.59000
81.47000
69.78000
7.49000
78.15000
95.61000
48.49000
50.74000
94.10000
97.59000
56.04000
89.57000
97.11000
3.88000
8.89000
09.56000
09.52000
08.16000
06.02000
05.33000
07.42000
05.30000
06.09000
08.57000
05.65000
06.88000
05.95000
08.20000
08.11000
09.31000
06.28000
07.62000
08.46000
08.68000
05.42000
05.62000
08.44000
07.83000
05.02000
05.98000
08.95000
06.94000
05.23000
07.40000
05.39000
05.40000
08.50000
08.68000
05.28000
05.56000
07.14000
05.58000
06.77000
09.54000
08.09000
09.50000
06.27000
05.57000
09.76000
06.06000
09.18000
09.81000
07.17000
06.51000
06.58000
07.14000
06.47000
08.88000
07.19000
05.21000
05.30000
5
5
12
4
9
2
2
11
10
3
1
7
6
4
8
14
3
13
118.3191
