14
2
185.09000
183.79000
124.61000
108.53000
142.13000
182.87000
109.39000
116.83000
137.17000
184.49000
125.33000
173.97000
112.78000
137.48000
170.77000
128.33000
199.98000
107.27000
121.86000
173.32000
181.96000
116.59000
177.40000
103.72000
106.86000
127.92000
120.59000
158.97000
09.80000
05.46000
07.01000
05.87000
07.60000
05.16000
08.30000
09.33000
05.01000
09.78000
05.23000
05.79000
05.64000
07.01000
08.37000
06.42000
07.23000
06.61000
07.88000
05.68000
06.01000
07.62000
09.54000
09.93000
06.16000
06.14000
05.86000
08.27000
7
6
9
13
14
4
3
7
7
12
2
1
11
5
8
10
1082.149
