14
2
119.77000
139.80000
118.28000
139.33000
141.05000
135.90000
155.92000
123.12000
144.76000
133.67000
153.53000
189.25000
142.23000
150.68000
129.97000
141.11000
151.00000
129.13000
131.07000
181.21000
180.60000
139.77000
136.53000
198.80000
112.40000
153.87000
148.30000
152.10000
02.87000
03.76000
01.15000
02.20000
03.58000
01.06000
04.03000
03.10000
02.66000
02.41000
03.96000
02.37000
02.73000
01.70000
02.27000
04.58000
02.68000
03.48000
03.57000
03.26000
01.68000
04.82000
02.59000
02.88000
02.66000
03.99000
03.10000
04.48000
7
6
3
14
10
13
8
7
7
1
9
11
12
4
5
2
1021.967
