14
2
56.89000
95.41000
53.94000
74.52000
6.17000
18.99000
55.00000
95.75000
58.72000
15.38000
38.08000
71.64000
27.74000
2.97000
65.14000
21.68000
23.19000
73.51000
14.17000
2.36000
23.64000
23.47000
63.42000
7.16000
23.17000
23.27000
16.82000
93.71000
02.43000
02.56000
03.90000
02.48000
01.85000
02.65000
01.16000
04.86000
01.00000
02.17000
04.86000
04.99000
02.53000
03.01000
01.81000
04.23000
04.83000
02.41000
03.42000
04.06000
01.33000
01.09000
03.12000
03.21000
04.18000
03.97000
04.70000
02.71000
4
9
4
1
14
10
8
7
12
11
2
3
5
13
10
6
198.3729
