14
4
3.81000
50.34000
55.60000
5.54000
73.27000
74.55000
12.34000
27.26000
51.09000
54.31000
95.56000
74.13000
76.51000
29.85000
90.15000
27.87000
79.99000
20.93000
22.61000
11.05000
12.76000
6.34000
70.93000
39.69000
44.36000
69.71000
3.05000
79.77000
92.68000
54.30000
71.08000
92.60000
82.36000
67.28000
88.22000
51.45000
75.15000
43.93000
54.34000
68.33000
61.77000
73.97000
25.71000
23.79000
63.51000
87.09000
63.08000
35.79000
75.85000
32.68000
79.01000
67.34000
74.48000
55.06000
88.96000
34.90000
05.39000
05.31000
09.06000
06.26000
08.20000
05.29000
09.57000
07.24000
06.14000
08.24000
07.16000
05.66000
08.12000
08.09000
09.77000
06.90000
09.89000
05.43000
09.97000
07.23000
05.67000
06.05000
08.87000
06.92000
07.73000
06.11000
06.63000
06.13000
07.75000
07.75000
08.23000
09.32000
09.05000
05.84000
06.00000
06.23000
06.13000
05.67000
07.74000
05.59000
05.39000
08.67000
09.38000
07.40000
08.56000
09.12000
06.35000
06.02000
09.95000
08.43000
07.81000
07.93000
09.66000
07.36000
06.43000
05.79000
5
9
14
7
4
1
5
11
2
5
8
13
2
12
10
2
3
6
114.8611
