11
4
58.30000
28.90000
61.40000
89.14000
34.64000
57.06000
7.78000
73.81000
35.36000
8.30000
97.66000
15.70000
31.19000
99.51000
16.71000
75.38000
25.19000
13.32000
40.01000
8.06000
69.29000
80.10000
81.42000
68.59000
51.65000
76.08000
3.31000
55.16000
71.39000
54.16000
19.58000
47.17000
32.37000
12.35000
11.40000
13.70000
32.64000
8.91000
57.99000
24.67000
27.52000
13.41000
5.03000
51.33000
01.85000
03.86000
04.43000
01.64000
02.88000
02.86000
01.59000
02.41000
01.96000
04.18000
02.36000
02.07000
02.22000
02.53000
01.71000
02.31000
04.67000
04.95000
01.11000
02.95000
02.05000
01.83000
02.64000
02.42000
01.77000
01.16000
03.39000
03.59000
03.16000
03.85000
01.71000
01.09000
04.68000
04.79000
04.97000
04.31000
03.19000
02.81000
03.17000
01.08000
04.16000
04.87000
02.44000
04.95000
3
2
7
10
3
4
6
9
2
11
5
3
8
3
1
55.28112
