14
4
24.96000
99.16000
12.21000
71.82000
79.82000
74.74000
84.29000
75.84000
5.92000
67.75000
47.72000
67.89000
41.48000
19.41000
71.64000
10.93000
74.68000
62.04000
70.72000
51.44000
55.50000
86.23000
49.52000
1.29000
98.02000
52.24000
73.01000
24.45000
26.64000
51.90000
24.81000
18.70000
21.82000
85.85000
78.39000
29.46000
82.00000
46.36000
43.84000
61.13000
98.88000
23.13000
39.21000
65.55000
56.95000
79.40000
27.18000
68.36000
1.32000
96.24000
55.58000
53.60000
92.87000
53.74000
40.88000
36.73000
06.45000
08.42000
07.39000
09.23000
06.47000
05.76000
05.42000
07.89000
07.24000
06.72000
06.17000
09.61000
07.69000
05.18000
05.90000
09.03000
06.51000
06.27000
06.01000
05.68000
05.02000
06.02000
05.44000
07.31000
05.42000
05.82000
09.35000
09.08000
07.64000
09.25000
07.63000
09.15000
08.10000
09.15000
09.87000
08.19000
09.97000
06.44000
06.71000
05.32000
09.65000
07.51000
06.28000
06.27000
06.00000
07.98000
05.73000
06.28000
07.68000
06.50000
05.31000
05.21000
08.31000
05.25000
07.66000
05.70000
4
13
1
3
9
4
6
14
2
10
3
11
8
4
3
12
5
7
97.25211
