14
2
90.67000
43.89000
80.24000
51.83000
82.36000
17.92000
90.69000
23.22000
38.57000
14.20000
46.52000
50.29000
75.72000
56.31000
54.77000
33.28000
52.29000
80.17000
54.44000
87.53000
4.23000
91.95000
93.71000
7.83000
21.48000
72.85000
32.19000
6.50000
07.86000
05.96000
07.42000
06.22000
05.16000
09.14000
09.54000
09.95000
08.15000
09.26000
05.24000
05.56000
09.19000
07.75000
05.78000
05.64000
07.98000
06.66000
05.19000
05.61000
08.53000
09.46000
06.41000
08.69000
07.00000
09.77000
05.72000
07.70000
6
12
4
2
9
8
6
8
5
1
3
13
11
10
14
7
265.3243
