14
3
187.88000
136.92000
147.77000
120.88000
178.05000
188.32000
169.37000
148.51000
192.98000
143.64000
111.61000
122.22000
115.45000
137.57000
170.29000
114.16000
195.00000
140.28000
132.07000
140.36000
134.99000
135.35000
182.39000
142.36000
176.41000
135.67000
166.15000
132.61000
148.80000
116.26000
142.44000
185.49000
157.43000
124.27000
112.84000
158.56000
153.64000
180.06000
136.62000
194.62000
141.30000
195.69000
07.72000
06.49000
06.15000
08.94000
06.70000
09.50000
07.95000
06.49000
06.41000
08.25000
09.85000
07.21000
06.94000
05.04000
05.99000
08.29000
06.48000
07.21000
09.20000
05.84000
05.81000
08.22000
09.21000
08.97000
08.76000
09.14000
06.78000
08.32000
06.14000
09.64000
07.38000
07.32000
07.15000
06.77000
09.78000
08.80000
05.72000
09.32000
08.64000
07.15000
08.78000
07.97000
5
14
3
12
13
4
4
9
8
10
5
5
1
6
11
2
7
738.9558
