14
2
52.77000
40.20000
26.27000
33.24000
8.45000
67.17000
67.22000
99.32000
12.18000
51.41000
38.09000
57.12000
81.38000
16.52000
71.03000
35.70000
72.39000
96.88000
43.58000
71.34000
1.85000
69.94000
15.51000
81.32000
55.41000
21.40000
44.44000
79.94000
08.10000
05.39000
08.84000
06.65000
08.35000
08.04000
08.83000
08.54000
06.64000
07.49000
09.76000
07.14000
05.32000
05.14000
08.74000
05.08000
09.12000
07.68000
09.76000
05.37000
05.57000
08.85000
08.69000
07.36000
06.03000
06.12000
06.79000
08.88000
8
10
1
4
11
14
3
9
5
6
6
8
2
13
12
7
291.563
