11
4
6.25000
16.22000
82.68000
64.72000
8.59000
98.24000
11.76000
59.93000
47.70000
16.70000
96.70000
87.12000
11.47000
38.91000
89.26000
83.86000
94.12000
93.97000
9.41000
64.97000
41.25000
17.37000
38.91000
47.27000
8.99000
93.29000
87.35000
39.74000
12.97000
33.95000
44.55000
50.02000
69.56000
95.33000
37.65000
95.37000
9.63000
42.87000
38.32000
63.52000
63.78000
10.74000
50.81000
59.72000
05.24000
08.03000
09.85000
09.54000
07.59000
08.62000
08.93000
08.91000
05.62000
05.25000
05.64000
07.12000
07.36000
05.19000
05.25000
06.96000
07.00000
06.82000
05.13000
05.42000
08.42000
09.65000
07.90000
05.67000
09.33000
05.75000
09.67000
06.23000
08.47000
09.79000
06.52000
05.35000
05.88000
06.90000
06.96000
08.99000
09.70000
06.85000
06.67000
06.44000
06.94000
09.97000
05.84000
05.89000
4
10
7
1
5
3
8
11
2
2
6
3
2
9
4
49.32729
