14
3
31.60000
5.29000
73.46000
27.62000
59.10000
66.20000
56.91000
97.25000
61.93000
63.04000
80.84000
18.86000
43.91000
7.74000
51.46000
16.28000
72.90000
26.34000
74.89000
19.49000
17.11000
16.76000
89.82000
30.76000
93.56000
2.26000
31.61000
58.55000
16.46000
79.18000
81.18000
35.63000
92.28000
54.20000
21.00000
64.19000
32.78000
18.24000
52.64000
14.46000
48.26000
47.44000
08.20000
05.80000
07.14000
05.48000
06.34000
09.91000
07.61000
07.37000
08.91000
06.30000
06.41000
08.02000
07.85000
05.68000
08.76000
05.38000
05.55000
08.94000
05.93000
09.93000
05.70000
07.34000
05.72000
06.46000
05.89000
08.44000
05.41000
06.19000
07.44000
08.26000
05.48000
08.14000
07.44000
07.38000
09.87000
06.37000
09.89000
06.98000
06.05000
09.04000
05.43000
08.05000
3
3
5
14
6
13
2
7
4
8
6
5
11
9
10
1
12
149.8162
