11
3
111.28000
104.57000
104.95000
131.18000
161.48000
121.60000
163.86000
196.59000
148.33000
176.20000
152.76000
157.23000
162.45000
138.73000
115.76000
121.07000
172.32000
188.78000
156.33000
105.36000
185.87000
149.29000
168.79000
156.20000
148.12000
160.34000
151.46000
153.86000
176.97000
192.18000
133.80000
175.34000
165.61000
01.61000
01.56000
03.95000
02.11000
02.51000
04.14000
03.08000
02.92000
01.07000
01.78000
03.68000
03.53000
02.21000
01.94000
03.49000
02.15000
02.64000
03.75000
04.51000
04.87000
02.68000
01.86000
02.01000
04.35000
04.24000
02.89000
04.60000
03.10000
03.07000
04.07000
02.30000
03.55000
04.80000
4
1
2
7
3
4
5
8
4
9
3
6
10
11
521.5641
