14
3
199.78000
188.13000
116.09000
121.18000
126.22000
131.69000
127.18000
156.38000
194.98000
125.81000
120.60000
162.82000
170.86000
105.99000
120.49000
106.08000
113.15000
127.84000
166.55000
106.96000
191.32000
111.34000
109.14000
153.53000
176.15000
176.64000
131.42000
165.28000
188.67000
122.57000
135.25000
137.75000
176.12000
110.49000
144.51000
189.54000
173.00000
125.27000
104.40000
143.16000
127.71000
142.24000
07.87000
05.01000
08.17000
07.14000
06.75000
05.49000
06.27000
09.22000
07.49000
08.46000
08.97000
09.45000
07.87000
06.09000
08.35000
07.80000
06.64000
05.83000
07.09000
05.75000
07.78000
09.55000
05.17000
07.55000
05.51000
05.46000
07.63000
07.78000
06.68000
05.89000
06.87000
07.79000
09.34000
05.45000
06.30000
06.25000
05.04000
07.31000
06.34000
09.51000
09.02000
07.67000
4
7
5
14
12
5
4
9
3
1
8
5
2
6
10
11
13
672.6653
