14
4
3.78000
18.85000
38.88000
68.36000
1.96000
70.02000
96.04000
41.22000
53.91000
24.14000
29.09000
85.66000
1.86000
20.43000
32.24000
70.52000
45.13000
95.52000
65.71000
48.75000
40.23000
86.81000
38.69000
94.09000
56.82000
78.71000
16.13000
73.53000
42.92000
6.25000
5.98000
10.26000
1.15000
24.13000
39.63000
71.47000
58.40000
2.60000
19.16000
88.61000
7.39000
31.36000
58.52000
59.62000
32.55000
86.61000
60.38000
66.27000
44.96000
12.93000
12.96000
64.63000
15.82000
87.20000
30.73000
70.17000
09.22000
07.34000
07.28000
05.88000
06.57000
06.98000
06.33000
08.01000
07.03000
07.57000
05.43000
05.54000
09.50000
08.03000
07.91000
05.73000
06.41000
06.31000
06.56000
05.57000
06.50000
09.78000
05.62000
06.48000
09.58000
09.42000
05.26000
08.63000
09.57000
07.76000
09.26000
06.39000
09.39000
08.85000
08.27000
06.54000
05.45000
07.16000
06.73000
09.62000
09.17000
09.10000
08.00000
06.49000
08.71000
05.59000
09.09000
09.68000
08.84000
06.57000
08.90000
05.36000
06.50000
06.38000
05.09000
06.21000
5
10
2
14
1
5
1
12
5
11
6
4
13
3
3
7
8
9
78.71
