14
2
46.65000
6.01000
67.44000
88.76000
61.69000
32.94000
50.13000
33.33000
67.44000
26.34000
13.69000
36.59000
99.89000
28.35000
69.10000
71.11000
24.23000
47.17000
77.75000
53.87000
20.29000
62.06000
64.79000
93.63000
4.99000
73.03000
56.91000
74.76000
03.69000
02.98000
02.40000
04.46000
03.39000
02.79000
02.15000
04.38000
04.46000
02.93000
04.46000
01.44000
02.55000
02.27000
01.51000
04.47000
02.00000
02.96000
02.14000
02.30000
01.28000
04.02000
03.63000
03.47000
04.19000
03.81000
02.76000
02.00000
8
12
5
14
1
10
8
11
2
6
6
13
9
7
4
3
282.2937
