14
3
76.03000
73.68000
91.19000
89.42000
13.69000
37.13000
89.85000
19.53000
71.11000
11.81000
4.45000
20.98000
57.60000
71.92000
78.93000
12.18000
1.31000
2.00000
89.75000
76.44000
24.37000
9.05000
80.17000
9.72000
24.10000
79.61000
16.87000
83.84000
31.09000
58.95000
78.72000
85.86000
28.29000
18.04000
8.10000
32.74000
55.26000
76.06000
89.44000
96.52000
10.26000
6.36000
01.93000
01.44000
02.70000
03.05000
01.97000
01.56000
01.63000
02.24000
03.55000
01.87000
01.81000
01.35000
03.80000
03.40000
01.49000
01.60000
04.38000
04.54000
04.52000
02.98000
02.46000
04.14000
02.59000
02.30000
02.92000
01.10000
01.73000
04.61000
03.52000
03.30000
01.03000
01.36000
02.94000
02.79000
01.45000
03.86000
03.81000
04.85000
03.51000
01.75000
04.46000
02.95000
4
6
12
8
5
7
7
13
11
2
10
4
3
3
9
1
14
94.43459
