11
4
46.48000
83.55000
95.55000
73.06000
45.33000
30.77000
86.48000
60.71000
38.40000
93.65000
42.24000
60.67000
58.67000
19.82000
57.30000
38.30000
29.59000
49.97000
20.79000
13.44000
1.89000
11.10000
65.85000
96.69000
9.38000
30.41000
53.66000
85.95000
98.52000
76.53000
68.56000
38.11000
12.11000
49.82000
73.75000
64.62000
80.69000
58.01000
57.92000
19.55000
7.35000
62.55000
54.68000
28.06000
02.59000
03.36000
03.23000
01.34000
04.15000
03.42000
02.24000
01.00000
03.40000
02.47000
02.52000
02.45000
02.03000
02.64000
04.56000
01.89000
04.53000
04.21000
04.46000
02.63000
03.87000
03.15000
04.99000
03.30000
04.98000
04.60000
01.01000
03.39000
01.22000
02.30000
02.74000
04.98000
03.73000
04.49000
03.96000
05.00000
02.54000
02.35000
02.98000
01.81000
01.03000
01.65000
01.47000
01.13000
2
5
6
3
2
9
10
3
4
11
3
3
7
1
8
78.12576
