14
3
130.78000
130.97000
182.59000
153.94000
168.99000
122.77000
193.98000
164.34000
178.84000
106.45000
185.58000
163.67000
165.35000
148.37000
136.91000
125.72000
125.25000
186.13000
122.55000
150.62000
102.28000
198.78000
193.50000
118.11000
191.75000
177.43000
195.03000
125.38000
123.26000
156.34000
116.50000
182.98000
169.27000
169.03000
180.39000
168.24000
148.76000
105.56000
171.86000
138.07000
169.10000
140.89000
04.08000
03.72000
01.55000
02.44000
04.88000
01.05000
01.35000
02.07000
04.15000
03.91000
01.59000
02.58000
03.28000
02.35000
03.22000
04.58000
03.80000
04.62000
01.44000
04.67000
01.08000
02.95000
04.99000
04.71000
03.44000
01.44000
02.42000
03.04000
04.73000
03.99000
04.15000
04.31000
03.70000
02.15000
03.25000
04.80000
02.70000
03.02000
02.10000
03.70000
02.87000
03.59000
5
6
4
2
1
10
5
12
7
5
14
3
4
11
13
9
8
682.8643
