14
2
14.98000
24.31000
87.03000
27.71000
15.18000
87.66000
98.60000
83.33000
56.38000
31.61000
67.05000
37.54000
26.05000
46.83000
21.08000
33.54000
54.02000
99.89000
20.02000
71.76000
37.66000
49.96000
53.82000
87.31000
91.16000
40.21000
99.66000
14.07000
02.60000
01.46000
04.35000
01.80000
02.60000
03.36000
03.09000
02.77000
01.87000
03.98000
03.31000
04.27000
02.07000
04.22000
02.96000
03.28000
01.28000
02.08000
03.27000
04.89000
04.56000
01.50000
01.60000
03.49000
01.63000
02.29000
04.72000
03.11000
8
9
11
2
4
13
10
5
1
6
3
8
12
6
7
14
279.4951
