14
2
123.06000
109.98000
127.01000
116.18000
106.33000
158.42000
135.87000
199.84000
129.55000
167.62000
190.34000
103.03000
160.29000
111.39000
198.65000
140.73000
139.00000
184.17000
148.28000
192.56000
100.18000
134.12000
119.94000
153.63000
134.37000
122.41000
121.83000
188.38000
08.39000
08.40000
07.34000
05.48000
05.06000
08.50000
07.83000
05.46000
06.06000
09.80000
06.80000
07.82000
06.24000
06.23000
07.73000
06.31000
07.57000
06.97000
07.77000
09.85000
09.78000
07.20000
07.32000
09.81000
08.86000
09.49000
05.15000
06.54000
7
4
5
6
14
10
1
12
7
13
2
8
3
9
11
7
1097.713
