11
4
166.68000
180.11000
199.57000
156.17000
120.07000
150.50000
145.74000
193.17000
119.18000
139.27000
107.96000
122.87000
111.03000
144.10000
102.01000
116.26000
119.90000
197.55000
135.40000
171.19000
144.22000
145.37000
112.71000
111.69000
130.50000
188.52000
169.20000
170.04000
152.63000
192.59000
129.62000
117.48000
174.00000
128.18000
169.14000
129.15000
182.68000
180.75000
100.96000
197.45000
150.94000
118.70000
184.57000
108.94000
04.27000
02.54000
04.15000
03.37000
01.77000
02.26000
03.02000
03.59000
02.79000
04.77000
04.97000
04.38000
04.76000
04.32000
03.46000
04.40000
01.18000
01.63000
01.43000
02.03000
04.73000
04.62000
04.30000
03.09000
04.56000
04.39000
02.56000
01.38000
03.45000
01.69000
01.35000
01.97000
03.42000
03.78000
02.86000
01.21000
03.91000
02.82000
02.64000
02.87000
03.82000
04.62000
01.21000
04.34000
2
7
3
3
8
4
5
3
10
2
1
3
6
9
11
361.0638
