14
4
12.23000
25.19000
74.14000
5.79000
52.04000
87.43000
74.70000
15.26000
97.67000
54.18000
2.21000
97.84000
90.35000
64.65000
84.45000
10.91000
54.01000
22.17000
22.37000
14.63000
59.52000
70.66000
62.21000
99.38000
50.93000
34.67000
70.94000
33.15000
1.76000
4.41000
82.22000
95.07000
15.74000
78.43000
36.27000
2.81000
6.53000
40.32000
11.99000
90.79000
63.87000
78.81000
38.67000
3.79000
91.66000
31.05000
72.01000
45.40000
6.39000
85.92000
45.24000
18.40000
66.74000
30.40000
72.83000
37.24000
03.51000
04.89000
03.96000
01.32000
02.85000
01.76000
04.56000
01.09000
02.48000
03.20000
03.01000
04.99000
01.53000
04.35000
02.44000
01.88000
01.74000
03.25000
03.44000
01.16000
03.05000
01.60000
01.09000
03.61000
03.07000
03.19000
03.51000
01.36000
02.62000
01.03000
01.39000
02.68000
02.22000
01.60000
04.75000
03.90000
01.62000
04.75000
02.48000
04.28000
01.96000
03.63000
02.56000
03.34000
04.81000
01.84000
02.12000
04.15000
03.25000
01.54000
01.96000
02.27000
01.03000
03.62000
04.22000
03.84000
3
3
4
11
3
6
12
5
5
13
2
9
8
1
3
14
10
7
82.50065
