14
2
3.12000
49.78000
23.59000
44.96000
89.74000
9.37000
70.72000
35.68000
47.59000
57.24000
65.84000
95.55000
85.88000
12.79000
90.15000
45.64000
11.48000
93.62000
87.18000
53.43000
30.54000
66.06000
76.15000
26.57000
39.40000
29.56000
58.99000
22.68000
04.86000
04.50000
04.48000
03.47000
01.63000
02.23000
02.16000
03.55000
02.26000
01.51000
02.40000
03.50000
01.39000
04.23000
01.94000
04.98000
02.41000
04.63000
03.72000
03.52000
02.65000
02.58000
04.74000
04.52000
02.37000
03.87000
04.74000
04.98000
7
5
9
4
8
6
14
1
7
11
13
7
2
12
10
3
264.0973
