11
3
22.80000
1.78000
32.28000
41.18000
57.23000
2.32000
21.58000
99.05000
7.97000
75.06000
95.20000
63.41000
17.90000
17.81000
47.04000
78.08000
74.88000
91.96000
83.18000
48.03000
79.35000
98.95000
53.55000
95.16000
48.50000
2.18000
4.07000
86.98000
71.91000
24.60000
87.40000
17.69000
75.54000
05.85000
05.64000
06.14000
06.36000
07.70000
08.03000
09.24000
07.93000
05.43000
09.57000
06.52000
08.79000
08.87000
08.75000
07.24000
05.18000
07.54000
05.85000
09.73000
07.17000
09.87000
05.71000
08.41000
09.48000
09.09000
06.11000
08.41000
06.44000
05.58000
09.41000
07.73000
08.99000
08.27000
6
3
1
7
9
2
6
1
11
4
8
10
5
4
98.95
