14
3
38.47000
58.86000
72.29000
12.80000
59.67000
64.45000
30.23000
43.74000
65.51000
8.11000
62.31000
67.66000
15.73000
37.14000
34.19000
4.46000
10.43000
26.24000
18.02000
34.13000
63.74000
19.64000
27.59000
41.71000
7.81000
39.47000
96.51000
65.85000
40.73000
80.92000
41.22000
46.24000
12.27000
63.58000
51.85000
93.87000
8.21000
11.51000
10.47000
97.84000
33.92000
74.32000
07.20000
09.55000
05.46000
08.48000
07.81000
07.63000
06.95000
07.44000
07.71000
08.91000
07.91000
05.05000
05.48000
08.60000
09.24000
06.47000
05.83000
08.23000
06.12000
07.28000
08.78000
07.08000
06.68000
05.89000
09.62000
05.13000
08.33000
08.95000
07.03000
09.18000
06.34000
07.54000
06.22000
09.60000
09.02000
05.97000
09.92000
05.36000
06.54000
09.84000
09.81000
06.29000
5
7
14
13
4
10
5
12
6
8
11
2
4
3
1
5
9
115.586
