11
4
166.95000
144.07000
167.30000
144.32000
171.86000
185.70000
110.70000
110.77000
138.90000
187.12000
136.54000
132.44000
159.39000
192.04000
199.40000
152.00000
171.98000
183.01000
160.34000
180.77000
172.68000
165.99000
162.95000
101.72000
107.43000
101.04000
117.55000
156.03000
129.62000
115.52000
104.98000
153.33000
129.95000
157.85000
172.49000
130.25000
119.67000
155.83000
130.39000
161.55000
144.09000
199.35000
125.23000
146.19000
08.57000
08.81000
09.71000
07.62000
05.54000
05.58000
06.53000
06.30000
09.43000
09.64000
07.23000
08.51000
05.74000
05.33000
09.42000
09.92000
06.01000
06.66000
08.06000
06.20000
09.32000
05.43000
08.03000
08.75000
08.26000
05.91000
08.95000
05.03000
09.67000
08.79000
06.20000
06.11000
05.60000
06.96000
08.59000
08.20000
05.01000
09.27000
09.72000
06.13000
06.79000
05.99000
06.56000
07.31000
3
8
7
2
2
6
1
3
11
9
5
3
4
10
3
398.2512
