11
4
3.89000
3.57000
87.86000
38.52000
22.47000
47.28000
10.74000
47.25000
82.44000
80.58000
94.12000
37.85000
86.07000
94.59000
79.12000
56.92000
96.30000
69.10000
96.22000
3.11000
62.27000
52.72000
36.20000
39.43000
96.86000
52.87000
62.78000
48.33000
44.17000
49.40000
77.01000
5.42000
24.00000
76.93000
90.67000
38.34000
4.49000
99.97000
16.40000
65.74000
41.71000
61.34000
20.47000
39.21000
02.33000
01.69000
04.86000
04.29000
01.74000
02.31000
04.37000
01.64000
01.14000
01.18000
01.43000
04.37000
04.42000
03.85000
02.75000
01.03000
04.41000
02.42000
02.41000
03.53000
02.76000
04.88000
04.94000
01.65000
02.86000
01.42000
04.51000
03.61000
04.53000
01.38000
02.57000
04.85000
03.27000
04.38000
04.65000
04.49000
03.65000
02.69000
01.00000
02.77000
02.99000
01.48000
04.86000
04.59000
4
5
7
2
1
2
11
9
2
8
10
3
6
3
4
59.87584
