14
4
77.98000
55.59000
95.39000
53.37000
71.71000
34.24000
11.98000
15.60000
44.97000
39.60000
27.20000
74.15000
37.97000
12.89000
84.36000
82.47000
37.02000
37.96000
77.81000
2.11000
53.97000
32.54000
35.50000
13.62000
18.16000
52.47000
22.42000
82.96000
20.07000
17.87000
35.05000
89.27000
14.07000
3.46000
67.35000
81.06000
32.84000
73.39000
70.28000
53.54000
67.11000
20.35000
78.76000
93.05000
25.04000
33.51000
6.56000
7.09000
25.27000
28.09000
8.84000
36.58000
8.70000
96.36000
2.04000
98.00000
02.19000
03.23000
02.79000
04.33000
04.62000
03.73000
03.06000
03.32000
02.52000
02.00000
04.38000
03.64000
03.04000
01.15000
02.32000
03.45000
04.42000
04.34000
02.09000
02.42000
01.85000
02.72000
03.20000
03.25000
02.66000
03.03000
01.76000
02.07000
03.24000
03.61000
04.69000
02.35000
02.76000
04.40000
04.07000
02.89000
04.27000
03.96000
04.00000
02.76000
04.91000
03.43000
03.26000
02.46000
03.19000
04.22000
01.11000
04.23000
04.77000
04.73000
02.94000
01.00000
01.38000
01.31000
02.86000
02.91000
4
14
11
8
7
3
12
10
6
3
1
5
2
4
4
3
9
13
71.45355
