14
2
36.30000
19.92000
81.02000
15.25000
25.95000
76.03000
56.56000
79.14000
1.00000
63.88000
72.61000
83.48000
28.37000
56.58000
1.27000
73.97000
37.27000
44.38000
56.81000
50.09000
46.23000
72.01000
42.90000
67.84000
85.71000
21.57000
66.64000
92.02000
09.10000
07.44000
07.49000
06.79000
06.08000
07.55000
09.27000
05.88000
05.59000
08.32000
05.22000
09.31000
07.48000
08.67000
05.87000
05.05000
06.93000
07.34000
06.19000
06.23000
08.21000
07.12000
09.84000
08.92000
07.68000
06.55000
05.61000
08.45000
7
11
10
14
5
13
2
9
7
8
6
4
7
3
12
1
317.7542
