14
4
38.87000
61.15000
50.39000
45.13000
73.05000
2.52000
87.10000
24.99000
97.58000
30.93000
35.27000
62.49000
53.69000
87.59000
5.18000
52.68000
90.55000
69.54000
40.92000
8.03000
74.77000
99.05000
39.35000
4.20000
4.67000
3.87000
65.47000
7.17000
79.98000
21.08000
88.98000
38.35000
33.80000
6.32000
98.88000
22.83000
97.46000
12.47000
65.50000
23.58000
63.70000
30.25000
46.14000
88.51000
25.26000
24.49000
82.55000
73.64000
96.20000
27.51000
68.14000
98.43000
25.04000
28.44000
18.36000
79.35000
02.43000
04.43000
04.49000
03.95000
01.45000
02.95000
03.71000
02.31000
02.64000
03.92000
02.65000
02.67000
01.13000
02.46000
03.38000
03.90000
04.15000
04.10000
03.53000
04.04000
03.04000
03.75000
01.20000
04.23000
01.51000
03.51000
04.51000
04.60000
03.16000
02.78000
02.09000
04.83000
01.05000
01.11000
01.68000
03.75000
02.62000
01.90000
03.52000
01.70000
01.00000
02.29000
03.86000
03.03000
02.57000
04.09000
02.05000
01.69000
01.07000
01.08000
03.40000
04.53000
01.80000
03.32000
02.03000
01.70000
1
7
7
9
11
6
14
1
12
10
3
5
2
8
3
3
13
4
87.1
