14
3
20.68000
84.74000
81.08000
26.85000
98.42000
20.91000
20.47000
31.97000
17.87000
21.30000
86.55000
6.72000
70.96000
48.72000
85.84000
16.54000
56.52000
73.84000
45.61000
8.57000
16.33000
38.24000
56.51000
49.44000
67.67000
41.79000
72.87000
2.61000
84.83000
34.02000
10.15000
12.34000
92.74000
11.27000
38.61000
45.64000
81.33000
22.88000
64.74000
75.57000
35.44000
27.81000
03.91000
04.74000
02.94000
01.03000
02.47000
03.66000
04.55000
02.63000
04.27000
04.36000
01.87000
04.47000
03.95000
01.35000
02.05000
02.84000
04.83000
01.35000
02.77000
04.48000
02.07000
01.61000
01.85000
02.25000
03.78000
02.20000
02.83000
02.73000
01.53000
02.21000
01.61000
03.91000
03.14000
03.00000
01.52000
03.43000
04.17000
02.18000
01.77000
04.93000
04.43000
02.74000
6
4
1
10
7
9
12
5
8
5
2
6
14
3
11
13
3
121.3182
