11
4
53.43000
70.50000
41.00000
15.83000
35.06000
78.44000
15.88000
52.97000
87.48000
55.84000
81.66000
50.36000
75.73000
68.66000
91.25000
9.18000
36.15000
90.43000
42.31000
60.65000
68.34000
88.83000
10.87000
74.57000
59.73000
30.38000
64.51000
6.50000
11.67000
1.76000
11.43000
39.76000
99.76000
93.16000
75.69000
84.48000
2.99000
37.96000
75.95000
29.79000
86.12000
61.88000
47.81000
61.93000
01.24000
04.37000
03.21000
01.58000
04.63000
04.82000
03.92000
02.99000
04.44000
01.98000
02.61000
03.11000
02.81000
01.01000
04.17000
02.58000
04.34000
01.34000
03.33000
03.82000
02.16000
01.52000
02.37000
03.62000
01.47000
02.13000
02.16000
02.42000
02.08000
04.63000
03.88000
01.92000
03.19000
03.62000
02.54000
01.84000
01.65000
02.91000
01.36000
01.58000
02.93000
01.61000
04.62000
03.78000
1
2
2
3
5
6
10
7
1
9
6
8
2
11
4
84.38026
