11
3
127.61000
113.94000
102.36000
191.04000
188.54000
141.64000
160.49000
150.43000
184.78000
178.02000
143.74000
101.38000
146.66000
108.60000
106.76000
116.47000
119.67000
131.29000
185.30000
189.93000
186.44000
170.73000
140.20000
112.79000
115.85000
149.13000
176.32000
183.45000
115.73000
152.32000
103.33000
138.50000
181.88000
06.88000
06.17000
09.34000
08.02000
07.60000
05.57000
05.21000
08.32000
06.85000
09.37000
09.88000
06.13000
08.27000
05.58000
07.42000
07.61000
09.29000
08.46000
08.59000
09.79000
07.58000
07.04000
09.37000
07.67000
05.35000
08.19000
07.68000
09.80000
06.95000
09.23000
07.44000
06.23000
07.43000
3
6
8
11
4
1
7
5
4
4
10
3
2
9
515.2249
