14
4
196.31000
156.48000
159.36000
190.73000
125.45000
177.43000
149.65000
184.15000
112.03000
103.47000
117.69000
152.98000
196.69000
175.24000
175.00000
130.74000
161.42000
139.16000
137.64000
182.11000
199.36000
167.78000
167.30000
129.40000
187.14000
125.15000
129.60000
138.24000
150.87000
179.98000
199.17000
157.52000
118.17000
108.32000
169.22000
106.19000
138.62000
149.97000
137.73000
163.48000
102.85000
195.55000
193.06000
101.96000
162.30000
115.71000
130.41000
151.19000
149.37000
172.86000
196.11000
170.16000
172.60000
157.57000
105.78000
174.51000
04.47000
02.83000
02.12000
02.05000
03.64000
03.23000
02.45000
02.25000
04.92000
04.02000
02.44000
02.41000
03.42000
04.32000
04.00000
03.46000
04.49000
04.44000
04.46000
03.52000
04.41000
03.73000
01.87000
01.07000
03.36000
04.57000
04.38000
04.24000
04.58000
04.44000
04.55000
01.03000
04.29000
01.08000
04.44000
03.73000
02.63000
01.12000
01.51000
02.39000
04.71000
01.69000
03.71000
04.82000
03.33000
04.22000
01.33000
03.27000
03.48000
02.22000
04.55000
02.34000
04.29000
01.90000
03.49000
04.17000
4
11
5
10
9
3
1
2
14
4
4
6
8
13
3
12
3
7
484.5592
