11
4
163.29000
102.78000
152.54000
110.88000
165.14000
141.74000
156.15000
162.93000
105.68000
167.05000
118.78000
103.61000
198.14000
175.80000
121.23000
120.60000
111.66000
133.72000
177.64000
135.86000
152.36000
172.72000
140.47000
143.61000
110.66000
103.21000
196.88000
131.37000
160.45000
101.93000
187.69000
113.69000
189.94000
187.70000
187.92000
104.03000
190.17000
127.06000
171.96000
108.73000
197.76000
126.01000
157.00000
180.84000
06.58000
08.25000
05.95000
07.45000
07.13000
08.55000
06.87000
06.41000
08.13000
07.14000
05.18000
05.02000
09.16000
09.02000
09.43000
09.94000
07.41000
08.43000
06.87000
06.38000
07.84000
06.93000
06.13000
05.48000
09.07000
05.16000
09.91000
09.86000
09.46000
08.52000
09.77000
06.31000
09.15000
05.07000
08.39000
08.78000
05.62000
09.29000
08.72000
08.82000
08.04000
05.83000
05.16000
05.01000
3
4
9
2
3
1
6
5
3
10
3
8
2
11
7
358.3075
