11
4
35.06000
48.68000
30.77000
49.23000
12.65000
16.80000
97.12000
80.20000
29.32000
95.94000
74.17000
4.47000
69.94000
40.26000
31.69000
13.54000
55.66000
80.95000
13.85000
27.85000
100.00000
60.37000
78.52000
54.44000
80.55000
15.14000
76.97000
3.69000
91.38000
56.05000
73.13000
34.95000
95.29000
77.38000
83.54000
86.53000
98.18000
8.14000
29.34000
54.52000
2.71000
66.73000
69.72000
9.58000
07.50000
07.17000
06.69000
08.28000
08.29000
09.70000
09.65000
06.92000
09.40000
06.67000
07.40000
09.30000
09.96000
05.74000
06.52000
09.46000
06.47000
06.73000
09.19000
05.07000
05.34000
08.25000
08.80000
07.66000
05.24000
05.51000
07.83000
09.46000
08.02000
09.05000
08.47000
05.08000
08.10000
06.73000
07.67000
06.04000
07.54000
06.41000
07.88000
05.70000
09.64000
07.98000
05.02000
08.57000
2
2
5
3
3
9
1
3
10
4
6
3
7
11
8
74.80141
