11
3
178.56000
173.22000
182.60000
110.11000
181.08000
195.27000
192.22000
113.93000
174.15000
168.64000
185.91000
151.12000
140.71000
137.25000
144.80000
127.27000
180.89000
122.55000
153.71000
183.92000
123.57000
180.12000
159.00000
154.34000
181.97000
139.31000
125.14000
191.23000
138.26000
190.16000
106.35000
116.27000
185.58000
09.83000
08.97000
07.77000
09.29000
06.09000
09.89000
09.25000
07.68000
05.72000
06.95000
08.83000
05.26000
05.56000
06.74000
05.17000
08.58000
07.66000
05.29000
09.50000
07.41000
08.83000
09.32000
07.16000
05.24000
05.75000
07.01000
09.93000
07.81000
09.41000
05.33000
08.64000
07.23000
06.38000
3
11
6
8
4
2
7
3
5
4
1
4
10
9
576.5197
