14
2
134.92000
145.63000
105.46000
126.94000
150.05000
137.51000
195.11000
117.02000
156.11000
119.24000
187.59000
161.99000
133.17000
177.15000
198.44000
199.96000
153.73000
185.02000
166.09000
173.96000
173.26000
124.04000
114.56000
119.11000
180.84000
119.56000
164.55000
112.36000
08.75000
06.48000
08.42000
09.25000
09.55000
06.47000
05.70000
09.67000
07.03000
08.30000
07.87000
07.17000
09.17000
09.01000
07.03000
08.30000
05.96000
05.29000
09.53000
06.16000
09.58000
09.82000
07.71000
06.17000
07.80000
08.68000
08.48000
06.78000
7
2
6
5
1
13
4
3
7
11
10
7
14
9
12
8
1190.537
