14
2
138.91000
167.48000
149.38000
133.07000
169.45000
107.19000
113.03000
117.06000
183.10000
103.94000
121.70000
173.14000
159.94000
144.05000
139.84000
139.65000
129.49000
158.10000
196.14000
194.09000
165.02000
192.41000
162.94000
124.37000
168.28000
137.90000
160.96000
107.45000
07.27000
07.01000
05.33000
06.52000
09.52000
08.58000
05.26000
06.60000
09.60000
06.90000
08.75000
06.18000
05.52000
09.03000
07.91000
06.62000
06.06000
07.98000
05.86000
06.17000
06.03000
06.96000
05.04000
07.16000
08.65000
07.08000
07.36000
08.05000
7
13
7
4
8
5
11
6
7
9
3
2
12
1
10
14
1138.915
