14
2
76.51000
70.03000
37.94000
93.60000
37.19000
44.13000
91.15000
1.14000
7.84000
58.08000
29.98000
74.79000
92.47000
24.08000
75.04000
49.56000
51.27000
23.60000
61.66000
73.49000
60.05000
23.92000
1.83000
22.85000
91.42000
96.04000
39.79000
97.55000
05.01000
07.60000
06.89000
07.28000
05.61000
06.86000
06.12000
06.78000
05.00000
05.39000
07.98000
06.43000
07.44000
06.51000
07.77000
08.51000
05.62000
06.74000
06.50000
07.92000
09.90000
06.13000
05.09000
06.44000
08.57000
07.45000
06.66000
08.78000
8
12
5
6
3
14
11
9
8
6
1
13
7
2
10
4
319.5765
