14
3
153.11000
123.58000
173.74000
160.16000
171.89000
161.08000
161.47000
179.18000
165.09000
103.32000
174.98000
181.82000
138.93000
170.95000
187.55000
192.26000
176.07000
121.58000
166.21000
177.70000
120.66000
173.55000
180.34000
146.39000
112.82000
168.73000
185.76000
184.25000
175.73000
102.51000
198.31000
167.65000
170.66000
102.94000
194.49000
162.26000
175.50000
118.38000
159.33000
161.32000
192.53000
121.84000
06.44000
08.92000
07.28000
09.06000
09.79000
05.82000
09.08000
05.95000
08.93000
05.83000
07.71000
07.88000
05.43000
08.36000
09.89000
05.46000
09.52000
09.18000
08.62000
05.30000
07.46000
09.07000
09.60000
07.10000
09.59000
05.69000
06.97000
05.48000
05.48000
06.70000
05.78000
07.46000
05.97000
05.52000
07.99000
07.50000
08.17000
07.17000
06.85000
05.71000
09.24000
08.19000
4
13
1
3
5
5
12
10
7
4
11
5
8
9
6
2
14
764.8394
