14
2
70.95000
72.55000
34.85000
89.08000
98.18000
72.91000
18.72000
5.34000
63.16000
5.32000
66.60000
82.00000
76.09000
85.18000
99.64000
82.72000
81.10000
1.15000
7.70000
11.99000
75.38000
45.88000
11.34000
84.49000
14.61000
12.06000
13.49000
60.85000
02.68000
03.53000
04.66000
03.41000
01.65000
03.32000
01.01000
03.52000
04.42000
03.60000
01.85000
04.44000
01.62000
02.25000
03.21000
04.66000
03.89000
03.51000
02.78000
03.72000
02.13000
03.70000
01.01000
03.67000
01.30000
03.66000
01.68000
01.52000
6
11
1
7
3
8
10
8
14
2
9
13
12
6
5
4
208.7356
