14
2
175.50000
160.67000
186.31000
122.56000
176.40000
136.90000
145.61000
191.81000
132.87000
139.50000
166.14000
146.22000
112.49000
142.30000
109.67000
161.03000
161.76000
155.67000
117.94000
162.91000
176.90000
175.98000
188.87000
164.65000
105.66000
125.26000
130.65000
130.71000
06.03000
06.92000
05.20000
06.91000
07.56000
05.36000
05.63000
06.55000
06.07000
05.15000
07.18000
08.72000
06.42000
05.22000
05.65000
08.46000
09.98000
07.69000
09.39000
06.99000
06.60000
09.86000
06.55000
08.35000
08.99000
05.51000
05.89000
07.88000
7
3
10
7
6
9
4
13
7
12
1
2
8
14
5
11
1161.392
