11
4
51.16000
1.70000
21.81000
74.25000
61.41000
72.85000
38.84000
76.78000
45.76000
91.05000
99.58000
46.90000
76.68000
30.46000
67.81000
3.35000
49.23000
72.68000
41.44000
73.32000
89.68000
62.90000
33.03000
21.95000
35.34000
24.31000
3.42000
1.15000
10.38000
37.93000
55.05000
46.88000
62.02000
79.08000
41.34000
65.98000
10.14000
4.79000
9.16000
58.31000
15.58000
18.11000
31.33000
96.49000
01.07000
02.20000
02.96000
01.86000
04.74000
02.74000
02.31000
03.22000
04.55000
02.70000
01.36000
03.51000
04.11000
02.49000
01.30000
01.01000
01.91000
02.10000
03.47000
01.76000
04.49000
01.01000
03.45000
02.71000
04.07000
03.45000
01.08000
03.52000
01.63000
04.58000
01.86000
01.27000
02.91000
03.27000
01.08000
04.91000
02.04000
02.62000
01.59000
04.69000
02.49000
04.36000
04.50000
03.91000
3
7
3
2
2
11
5
3
1
4
6
3
10
8
9
67.09173
