11
3
25.11000
38.90000
13.10000
5.32000
62.70000
2.38000
64.80000
97.93000
3.99000
47.47000
43.58000
94.96000
57.21000
80.19000
86.92000
66.93000
80.66000
1.31000
92.32000
78.63000
37.44000
24.02000
38.09000
73.01000
52.26000
60.98000
52.90000
87.92000
87.44000
82.01000
69.57000
13.26000
37.62000
09.16000
07.91000
06.65000
05.83000
05.30000
05.06000
08.81000
05.02000
06.73000
07.43000
06.48000
06.95000
08.99000
07.74000
07.47000
07.70000
05.01000
09.67000
05.63000
08.75000
09.33000
06.29000
07.19000
07.57000
09.52000
08.69000
08.46000
06.42000
08.99000
06.34000
06.40000
07.68000
07.05000
6
2
1
3
4
9
6
3
5
11
7
2
8
10
97.53458
