11
3
183.58000
135.06000
118.12000
136.32000
197.62000
105.56000
116.40000
121.74000
140.78000
131.88000
157.46000
171.85000
196.11000
199.25000
174.31000
116.44000
143.34000
109.89000
151.23000
113.81000
158.62000
146.12000
175.15000
191.71000
170.76000
198.06000
140.85000
131.94000
101.14000
163.24000
197.13000
175.19000
127.54000
02.51000
01.51000
02.75000
03.41000
04.37000
01.30000
03.79000
03.44000
04.80000
01.95000
04.75000
03.94000
02.63000
02.16000
01.72000
02.49000
03.19000
04.32000
01.01000
01.28000
03.65000
04.97000
04.76000
04.13000
04.85000
01.72000
04.02000
03.39000
04.12000
02.52000
03.46000
02.86000
01.94000
4
2
6
3
4
4
8
9
5
7
3
11
10
1
507.9475
