11
4
13.48000
13.61000
51.76000
27.24000
26.53000
75.77000
91.30000
28.12000
28.37000
74.92000
40.77000
29.45000
69.37000
46.20000
43.70000
48.20000
97.07000
31.22000
39.61000
15.74000
3.17000
47.01000
97.86000
14.06000
70.87000
32.27000
72.12000
31.72000
63.31000
85.52000
30.92000
93.50000
85.16000
85.48000
95.47000
25.27000
27.50000
83.07000
50.66000
13.30000
30.76000
90.15000
56.35000
18.55000
02.47000
04.53000
04.04000
03.21000
01.56000
01.91000
04.41000
04.52000
02.99000
03.93000
04.70000
01.13000
02.94000
02.96000
01.04000
04.83000
03.81000
03.25000
02.26000
03.74000
04.42000
04.81000
03.15000
01.16000
01.19000
01.85000
04.06000
01.06000
04.39000
01.93000
03.84000
04.61000
01.03000
02.46000
03.94000
02.69000
02.23000
02.86000
03.72000
04.74000
04.68000
03.10000
02.38000
01.71000
3
5
1
2
3
8
9
10
2
6
4
3
11
3
7
64.33572
