11
3
130.80000
110.85000
180.43000
154.78000
141.19000
136.80000
126.80000
167.36000
162.78000
171.05000
197.42000
169.27000
134.43000
198.50000
122.11000
156.81000
125.29000
105.13000
175.44000
110.74000
131.50000
145.70000
153.86000
192.61000
160.07000
112.80000
188.14000
126.29000
123.94000
153.97000
110.49000
163.70000
133.86000
04.61000
03.62000
03.27000
01.57000
03.74000
04.46000
02.11000
02.79000
01.08000
01.36000
04.60000
01.15000
01.90000
01.19000
02.34000
02.01000
02.56000
04.04000
04.53000
02.96000
02.94000
01.87000
02.45000
01.91000
03.62000
04.13000
04.55000
01.91000
04.70000
04.51000
04.65000
03.53000
03.82000
4
7
2
6
1
4
11
4
10
9
3
3
5
8
530.1469
