14
3
157.18000
127.33000
152.51000
111.11000
119.56000
115.29000
133.86000
114.50000
193.69000
170.91000
156.04000
132.78000
197.51000
157.81000
164.21000
150.03000
133.65000
169.03000
114.98000
181.87000
125.47000
197.50000
187.19000
113.22000
150.42000
100.65000
142.11000
116.67000
126.47000
139.06000
154.73000
194.93000
187.60000
186.86000
118.09000
132.73000
182.29000
145.81000
170.26000
108.21000
162.05000
169.35000
05.70000
09.20000
06.10000
07.55000
06.85000
09.42000
08.82000
08.31000
09.44000
09.58000
07.36000
05.67000
08.28000
07.61000
09.76000
06.86000
09.11000
09.77000
06.69000
07.83000
09.61000
06.90000
09.24000
09.57000
07.72000
07.28000
05.70000
08.70000
07.69000
09.35000
08.83000
05.22000
09.45000
08.83000
07.80000
07.19000
05.64000
07.98000
06.65000
08.58000
06.01000
06.26000
5
5
4
8
2
6
5
13
12
14
7
10
4
9
11
3
1
696.364
