14
2
121.12000
125.38000
112.15000
165.85000
148.32000
194.16000
131.05000
125.02000
150.81000
187.17000
137.16000
173.45000
108.68000
190.74000
185.25000
103.65000
174.89000
171.11000
161.45000
169.79000
157.66000
131.96000
177.84000
116.46000
187.84000
158.68000
155.12000
120.60000
09.06000
07.13000
09.41000
09.79000
05.56000
08.09000
09.80000
07.34000
06.07000
05.72000
07.42000
06.82000
08.58000
07.09000
08.19000
06.30000
05.71000
09.68000
06.90000
07.84000
07.35000
08.43000
07.40000
05.13000
09.68000
05.11000
06.57000
06.60000
7
5
9
11
4
1
13
3
7
12
10
6
7
14
2
8
1171.458
