14
2
175.65000
100.88000
197.64000
145.93000
151.65000
116.89000
135.21000
112.04000
109.89000
118.74000
151.31000
163.41000
199.19000
161.52000
129.26000
198.16000
158.47000
142.78000
116.60000
111.17000
181.24000
187.94000
106.54000
159.29000
173.21000
162.95000
138.53000
138.23000
02.52000
03.38000
02.67000
04.05000
04.04000
03.67000
04.93000
04.44000
03.95000
01.90000
02.02000
02.86000
04.38000
03.47000
03.58000
04.30000
01.19000
01.59000
04.89000
02.60000
03.38000
03.16000
04.15000
02.94000
03.52000
03.40000
04.61000
01.83000
7
11
10
12
6
2
7
8
7
3
4
14
1
13
9
5
990.9393
