14
2
144.24000
198.20000
134.28000
180.14000
101.85000
174.13000
175.72000
109.69000
148.72000
105.44000
127.72000
119.03000
183.68000
197.20000
126.66000
160.35000
180.80000
149.53000
173.44000
137.67000
163.40000
190.65000
186.10000
175.90000
103.48000
112.40000
154.09000
120.72000
02.42000
02.46000
01.66000
01.95000
04.65000
02.05000
01.95000
01.23000
04.42000
03.25000
01.23000
03.20000
01.87000
01.45000
01.08000
01.65000
04.95000
02.85000
01.77000
02.74000
02.47000
03.41000
04.80000
02.76000
03.33000
04.53000
03.44000
04.25000
7
7
8
6
3
9
10
5
7
1
2
4
13
11
14
12
1004.708
