14
3
163.01000
147.13000
155.05000
155.93000
154.70000
139.92000
131.93000
115.82000
168.52000
114.46000
169.01000
154.30000
196.62000
139.82000
193.56000
120.30000
154.46000
141.80000
112.79000
112.77000
135.74000
120.96000
196.84000
181.53000
174.41000
198.05000
174.97000
148.40000
181.85000
199.86000
123.05000
174.37000
101.33000
148.04000
158.84000
148.01000
194.82000
148.39000
151.62000
118.72000
125.56000
197.36000
07.73000
09.01000
05.94000
07.96000
06.94000
07.53000
07.42000
09.89000
07.29000
05.12000
08.06000
05.11000
07.45000
08.91000
08.97000
08.80000
05.52000
05.52000
07.78000
06.87000
05.37000
06.89000
06.95000
05.47000
05.45000
09.27000
09.59000
08.79000
09.41000
09.97000
06.87000
05.85000
06.76000
05.30000
09.94000
08.96000
08.71000
05.38000
08.91000
08.84000
08.28000
08.25000
4
9
1
11
14
5
4
7
8
6
2
5
10
3
5
13
12
719.6977
