11
3
2.01000
98.92000
53.34000
29.25000
68.30000
13.35000
26.46000
2.77000
67.55000
12.57000
7.36000
25.47000
13.70000
98.84000
96.90000
71.65000
42.87000
93.93000
46.75000
74.50000
83.36000
75.43000
64.18000
71.95000
99.01000
84.16000
80.25000
3.70000
9.41000
39.96000
93.02000
3.35000
35.79000
08.78000
07.69000
09.90000
05.39000
05.46000
06.84000
05.73000
09.07000
06.74000
09.48000
08.58000
05.12000
07.92000
06.56000
07.14000
08.57000
09.21000
08.10000
06.73000
08.66000
05.72000
05.53000
09.50000
06.27000
09.74000
08.35000
06.08000
07.92000
05.50000
07.95000
08.87000
06.86000
08.14000
5
4
3
11
8
1
2
9
2
4
5
7
10
6
100.6539
