14
3
158.28000
117.81000
160.87000
123.82000
183.22000
138.48000
104.13000
121.33000
122.82000
110.86000
132.33000
160.55000
118.03000
199.73000
129.42000
126.48000
154.47000
126.42000
180.00000
120.68000
152.72000
182.42000
103.05000
195.79000
106.03000
179.46000
167.28000
134.97000
161.06000
136.34000
101.90000
148.40000
150.91000
157.08000
166.09000
158.14000
158.66000
146.64000
141.51000
127.89000
102.62000
153.40000
04.81000
01.51000
01.65000
04.98000
02.64000
01.31000
02.07000
01.09000
03.78000
01.46000
04.36000
01.76000
01.31000
04.20000
04.41000
02.34000
01.81000
02.10000
01.78000
03.55000
04.48000
01.67000
04.01000
02.11000
01.11000
02.38000
04.87000
02.05000
02.89000
03.00000
03.56000
01.29000
03.03000
01.13000
02.06000
04.78000
03.08000
02.57000
04.28000
03.63000
02.85000
03.51000
5
8
13
2
10
7
5
11
4
6
1
9
4
5
14
12
3
612.5728
