11
3
164.46000
154.32000
147.82000
152.21000
120.99000
108.73000
145.05000
162.13000
135.08000
119.56000
196.10000
186.22000
141.60000
144.80000
109.51000
128.09000
165.15000
123.28000
190.48000
103.60000
187.12000
151.77000
132.57000
100.84000
134.97000
193.85000
107.33000
117.77000
171.97000
147.90000
125.52000
136.17000
149.84000
05.81000
07.25000
08.86000
09.97000
05.80000
06.72000
09.66000
06.47000
05.36000
07.81000
09.34000
07.22000
06.98000
05.94000
05.90000
07.21000
07.16000
07.66000
05.63000
05.98000
08.27000
09.46000
08.67000
09.75000
08.30000
05.29000
08.86000
05.59000
09.19000
09.04000
06.99000
07.53000
07.16000
3
1
8
10
4
3
4
9
7
4
6
11
5
2
526.4159
