14
4
123.79000
102.38000
181.48000
196.88000
173.44000
175.08000
154.77000
104.55000
105.54000
177.88000
130.82000
112.64000
160.70000
151.41000
100.49000
121.91000
138.57000
172.61000
147.70000
139.10000
123.59000
129.56000
186.93000
177.21000
183.44000
140.24000
183.81000
101.87000
183.46000
103.63000
196.70000
161.74000
111.89000
124.35000
190.38000
165.29000
118.48000
183.38000
107.52000
102.46000
193.84000
171.35000
114.48000
142.96000
168.19000
181.81000
102.03000
123.63000
167.96000
132.90000
142.92000
199.05000
128.88000
136.55000
152.78000
184.85000
03.99000
02.13000
02.27000
02.12000
04.70000
04.32000
04.64000
04.62000
04.51000
03.90000
03.68000
04.06000
02.55000
03.99000
02.25000
03.83000
04.54000
03.74000
04.56000
04.00000
02.82000
03.63000
04.83000
02.65000
01.11000
02.07000
03.18000
03.92000
04.48000
03.42000
04.66000
02.34000
04.86000
04.97000
01.71000
02.45000
04.86000
02.92000
04.94000
03.53000
01.60000
02.41000
03.45000
04.22000
04.93000
04.61000
03.05000
02.89000
03.56000
03.33000
01.24000
03.19000
03.85000
04.74000
04.16000
03.24000
4
2
11
12
9
4
1
7
8
14
3
4
10
5
3
6
13
3
474.5915
