14
4
127.64000
108.77000
181.72000
166.67000
172.83000
148.50000
131.03000
196.84000
111.40000
179.26000
194.03000
188.36000
183.99000
141.70000
185.64000
173.74000
178.87000
182.52000
167.76000
169.19000
123.01000
116.95000
140.32000
134.00000
140.41000
153.55000
168.97000
133.79000
105.09000
119.16000
102.14000
187.45000
122.62000
119.22000
102.88000
163.30000
104.24000
193.53000
113.03000
108.71000
140.58000
132.70000
106.62000
124.00000
102.09000
141.92000
171.06000
193.67000
140.47000
118.73000
162.28000
181.53000
113.44000
171.54000
195.91000
103.21000
02.52000
02.74000
01.99000
03.87000
01.27000
02.38000
04.74000
01.16000
01.80000
04.10000
02.84000
04.09000
03.25000
03.03000
03.00000
01.95000
01.42000
01.64000
02.62000
02.22000
02.10000
01.73000
04.39000
03.17000
02.99000
02.57000
04.43000
04.92000
04.57000
04.61000
03.44000
03.06000
03.76000
02.14000
01.14000
04.00000
04.25000
03.76000
02.72000
01.59000
03.18000
02.60000
04.55000
02.02000
03.77000
03.67000
04.42000
03.51000
03.26000
04.80000
02.07000
03.82000
03.61000
01.82000
03.64000
01.07000
3
6
4
2
3
8
10
13
4
7
12
5
9
4
14
11
3
1
450.2133
