11
4
174.23000
162.82000
125.95000
193.15000
183.04000
153.27000
150.58000
160.76000
158.66000
158.20000
162.35000
169.69000
118.63000
129.04000
166.79000
199.30000
145.56000
126.15000
113.16000
180.30000
152.79000
157.45000
143.32000
148.79000
123.05000
158.94000
163.33000
107.18000
175.50000
117.35000
195.87000
138.26000
185.78000
187.21000
120.86000
114.34000
103.05000
148.95000
190.57000
192.99000
197.87000
173.42000
164.41000
142.18000
03.83000
02.53000
02.34000
01.72000
04.44000
01.59000
01.54000
04.02000
02.03000
03.91000
03.30000
03.03000
01.06000
02.27000
04.77000
02.46000
03.05000
02.10000
04.93000
04.71000
04.41000
02.82000
03.07000
01.52000
02.77000
01.70000
03.46000
01.55000
03.77000
02.23000
03.35000
01.86000
02.83000
02.69000
02.58000
02.85000
01.27000
04.38000
01.57000
03.02000
01.74000
03.54000
01.06000
03.72000
2
9
5
3
2
7
8
3
10
6
1
3
4
3
11
395.8068
