14
3
144.59000
174.69000
112.80000
161.12000
130.95000
146.32000
113.68000
117.02000
122.61000
103.06000
114.77000
188.28000
116.01000
146.45000
138.87000
151.93000
181.83000
109.31000
159.40000
134.38000
140.86000
145.47000
118.25000
148.54000
142.30000
135.58000
183.35000
108.04000
140.05000
187.04000
188.18000
118.51000
114.21000
169.23000
179.17000
141.86000
148.87000
127.47000
117.35000
191.44000
155.31000
184.39000
01.74000
01.43000
01.19000
02.36000
01.42000
03.58000
04.41000
04.43000
02.52000
03.08000
04.67000
03.22000
03.49000
01.75000
02.82000
01.97000
04.42000
02.82000
02.76000
04.81000
03.27000
01.50000
04.67000
03.91000
02.60000
04.76000
02.38000
03.62000
03.27000
03.11000
04.30000
02.94000
04.01000
03.84000
02.81000
03.26000
04.55000
04.01000
01.71000
03.99000
01.54000
02.89000
5
2
3
10
13
7
5
8
1
4
14
9
4
11
12
6
5
648.6868
