14
4
45.72000
40.26000
86.55000
52.96000
94.03000
6.98000
73.19000
18.72000
53.80000
31.33000
90.40000
12.73000
64.25000
54.56000
36.14000
13.38000
51.09000
53.59000
25.77000
23.56000
5.44000
79.92000
60.09000
8.05000
86.46000
14.05000
6.06000
31.81000
81.89000
15.60000
13.95000
7.94000
41.52000
24.06000
76.84000
87.56000
56.86000
48.79000
42.30000
79.82000
19.63000
80.49000
48.10000
5.36000
89.53000
75.78000
62.57000
26.18000
68.15000
68.86000
33.96000
44.89000
11.41000
18.07000
76.71000
76.97000
03.81000
03.29000
02.56000
03.58000
01.62000
03.24000
04.35000
04.15000
03.16000
01.20000
03.43000
02.29000
03.55000
04.30000
03.50000
03.65000
03.05000
03.27000
01.73000
01.65000
02.06000
03.80000
03.55000
03.75000
02.71000
04.51000
01.07000
02.10000
01.70000
02.34000
02.21000
03.66000
03.38000
02.35000
03.87000
03.55000
03.31000
01.40000
02.35000
03.03000
02.61000
04.59000
04.55000
03.16000
01.95000
02.18000
01.90000
01.99000
04.15000
04.87000
01.47000
02.07000
03.63000
01.88000
01.39000
01.54000
2
1
8
4
14
5
7
10
4
6
13
3
4
4
9
12
11
2
72.33072
