11
3
154.33000
163.24000
189.78000
121.35000
191.80000
178.43000
130.67000
164.74000
183.76000
107.52000
121.52000
166.62000
105.14000
148.67000
182.25000
171.36000
135.17000
104.49000
173.83000
182.05000
180.87000
175.61000
100.43000
122.46000
106.22000
102.88000
150.35000
132.09000
198.69000
136.76000
194.52000
198.32000
119.55000
02.05000
02.84000
01.21000
02.01000
02.77000
04.06000
04.05000
01.13000
01.51000
01.68000
04.46000
01.84000
04.96000
04.71000
04.97000
04.22000
04.76000
03.74000
04.91000
02.95000
01.25000
01.00000
02.14000
04.22000
01.90000
03.89000
02.71000
01.71000
02.40000
02.24000
01.53000
03.46000
04.05000
4
10
4
7
11
3
9
5
2
4
6
8
3
1
498.028
