11
4
141.42000
193.61000
182.34000
134.04000
164.18000
127.30000
167.02000
165.99000
195.94000
167.67000
181.02000
181.99000
172.05000
181.68000
148.62000
112.18000
163.23000
194.20000
149.08000
173.44000
164.39000
120.61000
122.64000
116.85000
102.80000
120.21000
122.82000
128.45000
169.01000
140.42000
152.70000
179.93000
110.23000
118.08000
119.17000
186.62000
177.72000
176.30000
142.77000
164.08000
103.77000
151.92000
175.18000
166.77000
05.90000
08.32000
07.84000
07.98000
08.94000
05.03000
07.21000
05.58000
06.88000
07.00000
08.44000
07.62000
06.33000
05.31000
06.40000
06.19000
08.57000
07.16000
07.86000
06.35000
05.55000
08.16000
08.05000
08.89000
09.80000
07.32000
05.89000
05.33000
08.36000
08.09000
05.51000
07.03000
06.91000
08.70000
08.30000
07.39000
09.89000
05.72000
08.32000
07.15000
05.17000
06.38000
08.27000
09.37000
2
10
7
3
4
5
11
3
6
1
3
3
9
8
2
405.8298
