11
3
173.26000
118.43000
123.84000
160.50000
185.99000
161.02000
116.39000
154.66000
196.04000
102.74000
141.20000
147.09000
170.18000
153.62000
159.89000
193.17000
148.34000
113.41000
184.98000
180.83000
159.23000
179.22000
115.60000
122.56000
136.19000
129.71000
114.22000
179.43000
116.06000
154.32000
177.68000
196.47000
190.63000
06.51000
08.25000
05.79000
08.30000
09.76000
08.98000
07.10000
09.78000
07.86000
06.18000
06.77000
08.84000
05.70000
07.14000
07.04000
08.31000
08.11000
09.91000
08.70000
06.63000
07.57000
05.60000
05.45000
06.03000
08.35000
05.60000
08.12000
09.74000
06.99000
05.75000
06.76000
07.01000
05.88000
4
3
11
10
2
3
9
4
6
4
8
1
7
5
545.0176
