11
3
146.66000
111.91000
184.61000
135.18000
186.01000
125.27000
180.46000
161.21000
105.45000
188.56000
179.81000
119.75000
171.42000
144.25000
157.98000
162.52000
162.26000
178.34000
133.18000
166.63000
118.19000
134.49000
128.33000
123.22000
195.40000
196.14000
110.43000
176.20000
144.70000
141.15000
110.22000
155.61000
108.16000
03.57000
02.90000
02.30000
01.42000
01.93000
03.82000
02.65000
02.36000
03.73000
01.32000
02.65000
01.88000
03.06000
02.46000
02.55000
04.43000
02.93000
01.09000
02.07000
01.19000
02.04000
01.63000
01.56000
03.63000
03.21000
01.74000
04.88000
02.15000
01.75000
01.25000
04.13000
01.05000
03.64000
4
4
2
6
9
3
7
3
10
4
8
1
11
5
500.2605
