14
2
168.60000
126.28000
162.46000
190.27000
197.12000
190.10000
166.18000
107.65000
102.31000
188.88000
127.24000
193.79000
101.75000
146.45000
137.83000
160.51000
174.88000
111.49000
169.73000
125.66000
164.81000
139.99000
154.12000
168.01000
133.21000
149.80000
149.21000
102.02000
08.81000
08.67000
07.72000
05.53000
05.58000
08.35000
05.85000
07.33000
06.15000
08.08000
05.71000
09.12000
07.90000
09.32000
07.16000
07.86000
08.43000
08.33000
06.73000
06.28000
08.20000
08.65000
06.25000
05.93000
09.02000
09.59000
06.97000
09.64000
7
5
7
3
9
8
2
13
7
10
6
1
12
11
4
14
1153.569
