11
4
44.30000
26.30000
29.30000
2.12000
80.73000
43.79000
55.12000
20.21000
31.73000
23.02000
15.60000
37.60000
13.38000
69.91000
43.49000
68.92000
35.08000
30.38000
95.28000
73.78000
58.94000
46.37000
25.83000
57.70000
39.93000
82.97000
14.20000
21.42000
9.36000
45.15000
11.87000
54.00000
32.95000
9.55000
70.63000
22.14000
66.18000
35.17000
35.30000
1.07000
41.79000
95.04000
75.21000
21.99000
06.94000
09.75000
06.97000
08.83000
07.25000
08.25000
09.51000
07.86000
06.75000
08.79000
08.20000
06.81000
06.30000
06.75000
05.47000
09.54000
08.29000
05.83000
08.53000
07.52000
06.21000
07.76000
09.61000
07.10000
05.94000
06.89000
08.61000
05.15000
08.43000
05.80000
07.45000
09.01000
08.97000
07.48000
09.07000
06.73000
07.31000
08.72000
07.37000
05.67000
09.57000
06.03000
05.51000
09.50000
3
10
8
4
2
1
2
3
6
5
9
3
3
11
7
51.95776
