11
3
49.60000
43.20000
57.44000
69.18000
29.98000
65.06000
53.86000
61.70000
48.02000
73.00000
71.48000
91.55000
24.11000
24.25000
5.87000
14.24000
36.30000
86.64000
34.02000
43.93000
62.42000
58.39000
72.45000
20.00000
7.56000
62.91000
72.27000
52.66000
34.88000
86.11000
35.82000
77.70000
78.71000
05.46000
05.99000
06.05000
06.47000
09.68000
07.15000
05.38000
08.04000
07.64000
06.74000
09.70000
05.04000
05.07000
08.81000
05.05000
07.98000
08.46000
08.44000
09.81000
09.79000
06.68000
05.63000
07.67000
07.67000
07.16000
08.61000
08.75000
09.81000
09.74000
06.29000
06.03000
05.68000
09.27000
2
10
1
5
11
2
8
5
4
4
9
6
7
3
147.4328
