11
3
179.42000
118.43000
171.94000
188.86000
193.86000
148.10000
194.69000
198.25000
113.08000
139.15000
150.32000
147.65000
192.79000
135.14000
100.67000
159.91000
174.24000
104.99000
169.84000
155.87000
123.60000
161.44000
176.43000
179.78000
157.42000
116.44000
127.70000
141.99000
172.23000
101.01000
197.94000
156.13000
182.16000
04.75000
01.70000
03.12000
01.25000
03.47000
03.04000
03.62000
04.56000
02.68000
03.58000
04.24000
04.55000
04.74000
01.26000
01.85000
03.14000
03.10000
01.97000
01.47000
01.25000
04.38000
04.85000
01.96000
02.99000
03.13000
03.14000
04.35000
04.77000
03.18000
04.27000
02.53000
03.88000
04.88000
3
2
9
11
4
3
7
1
10
4
4
6
5
8
527.7887
