11
4
149.36000
157.15000
192.41000
103.43000
127.57000
141.23000
109.89000
138.11000
119.47000
186.66000
161.38000
150.07000
159.38000
106.53000
126.13000
154.36000
178.97000
189.25000
126.09000
131.92000
100.72000
128.06000
105.41000
141.71000
134.10000
194.18000
147.57000
183.97000
107.13000
184.89000
199.12000
195.78000
134.87000
194.09000
192.70000
136.88000
130.79000
105.12000
167.17000
150.76000
166.30000
150.75000
117.64000
107.05000
04.12000
03.26000
01.17000
02.04000
03.40000
02.09000
04.23000
03.29000
02.04000
02.55000
04.22000
01.13000
04.66000
02.22000
03.64000
02.59000
02.54000
02.77000
04.37000
04.26000
01.15000
01.59000
01.30000
02.80000
04.63000
03.40000
02.03000
03.77000
02.15000
03.05000
02.63000
01.39000
02.11000
04.98000
01.83000
04.77000
03.31000
03.75000
03.24000
03.70000
01.90000
03.38000
04.54000
02.55000
3
9
4
5
3
10
3
8
3
1
2
7
2
6
11
360.6542
