11
4
46.46000
44.45000
96.52000
46.27000
23.51000
97.69000
30.46000
18.12000
48.15000
47.70000
32.11000
65.95000
24.79000
64.99000
66.11000
8.30000
21.73000
40.12000
48.26000
32.46000
30.09000
80.06000
63.96000
79.63000
50.87000
81.97000
93.10000
67.88000
3.84000
60.95000
17.07000
10.52000
94.51000
83.11000
35.52000
24.34000
96.99000
30.20000
72.48000
3.63000
75.28000
70.32000
45.46000
83.70000
01.56000
03.63000
01.20000
03.24000
04.01000
01.09000
01.37000
03.06000
01.68000
04.06000
02.34000
04.48000
01.87000
03.96000
03.35000
04.44000
01.46000
04.45000
01.24000
03.49000
04.68000
02.08000
01.22000
02.92000
01.07000
01.03000
02.48000
01.39000
04.06000
01.12000
01.48000
02.38000
03.36000
04.40000
02.60000
03.95000
04.70000
01.92000
03.47000
02.06000
01.18000
01.15000
01.10000
04.96000
2
4
11
3
8
6
5
3
1
9
10
3
2
3
7
92.05074
