11
3
161.66000
116.34000
127.36000
194.96000
114.65000
121.10000
188.70000
123.08000
103.07000
157.42000
185.64000
128.12000
108.30000
154.32000
166.78000
166.21000
188.12000
187.88000
164.65000
138.87000
142.69000
107.55000
113.43000
177.66000
163.51000
162.34000
107.33000
129.14000
199.42000
146.52000
153.00000
168.96000
100.93000
09.42000
09.13000
06.56000
08.37000
09.71000
05.19000
06.27000
05.03000
05.39000
09.09000
05.08000
09.66000
07.59000
06.23000
05.62000
08.10000
06.59000
06.33000
08.83000
07.69000
07.58000
08.60000
05.01000
08.74000
09.55000
09.79000
08.34000
09.79000
05.38000
08.16000
05.86000
06.41000
07.06000
4
6
3
9
2
3
4
7
10
4
1
8
11
5
527.2512
