11
4
168.87000
104.65000
187.05000
126.84000
123.88000
117.10000
134.46000
143.01000
198.85000
197.15000
122.13000
167.06000
153.30000
149.63000
153.17000
162.62000
128.20000
101.74000
186.59000
187.69000
161.53000
166.17000
131.06000
184.60000
144.64000
185.24000
194.55000
124.76000
142.13000
176.98000
173.69000
140.72000
100.58000
178.80000
157.64000
135.58000
179.25000
181.87000
113.22000
169.62000
123.99000
175.79000
101.04000
102.33000
04.17000
02.45000
01.20000
01.12000
04.24000
03.87000
02.67000
02.60000
02.90000
02.18000
04.32000
04.61000
01.41000
03.56000
01.41000
01.12000
02.65000
01.78000
04.13000
03.08000
01.87000
03.53000
03.86000
01.79000
02.00000
01.61000
04.03000
01.01000
02.59000
03.14000
03.33000
04.14000
04.87000
01.58000
03.30000
04.69000
03.76000
03.31000
04.98000
03.21000
03.24000
03.14000
03.79000
02.88000
3
4
2
5
2
9
1
3
6
7
11
3
8
3
10
373.6717
