14
2
127.50000
141.27000
136.54000
115.68000
195.99000
105.07000
101.03000
117.90000
135.88000
176.68000
123.83000
167.98000
177.23000
192.44000
170.39000
193.21000
159.64000
103.54000
193.26000
189.42000
127.74000
126.87000
121.16000
118.49000
183.11000
143.42000
124.80000
107.39000
09.54000
06.03000
09.37000
05.78000
09.21000
07.11000
07.30000
06.25000
08.49000
07.33000
06.80000
09.86000
07.86000
06.24000
08.34000
09.38000
05.61000
06.02000
09.43000
05.79000
08.82000
09.77000
07.57000
05.09000
06.75000
07.35000
07.17000
08.22000
7
2
5
4
11
6
7
1
7
3
10
12
13
9
14
8
1122.538
