14
3
104.40000
160.70000
150.18000
121.01000
139.79000
184.63000
126.20000
180.96000
146.09000
150.42000
180.74000
167.90000
142.01000
191.20000
145.20000
178.64000
122.59000
184.09000
198.39000
167.02000
186.83000
129.43000
155.40000
172.64000
173.24000
108.21000
184.56000
193.90000
159.46000
151.02000
144.40000
163.82000
150.10000
102.92000
142.34000
123.78000
165.89000
175.70000
180.44000
100.29000
121.60000
154.86000
05.44000
07.09000
05.32000
08.98000
06.93000
06.64000
09.50000
05.35000
09.73000
08.74000
07.61000
05.26000
08.54000
05.92000
06.54000
06.08000
08.15000
06.19000
09.71000
06.10000
08.76000
07.70000
09.88000
07.99000
07.38000
07.41000
09.32000
09.48000
05.56000
06.59000
09.31000
05.51000
07.31000
08.32000
06.88000
06.38000
08.50000
06.99000
05.38000
08.59000
09.39000
07.28000
5
3
5
1
4
7
4
11
10
8
9
5
2
14
13
6
12
727.9254
