14
3
71.58000
39.51000
5.05000
57.26000
58.19000
3.09000
43.73000
85.20000
79.22000
82.63000
65.76000
73.82000
82.41000
1.96000
14.24000
12.14000
42.09000
99.69000
80.41000
51.26000
64.87000
94.71000
1.58000
60.46000
27.50000
97.68000
99.44000
29.25000
18.61000
53.97000
67.92000
93.42000
17.37000
45.18000
17.97000
17.18000
63.04000
5.31000
36.18000
3.23000
80.94000
37.97000
04.80000
04.34000
01.15000
04.51000
03.50000
01.29000
02.32000
03.19000
03.09000
02.74000
01.57000
04.19000
03.91000
04.17000
04.33000
04.47000
01.48000
04.73000
02.00000
04.49000
03.44000
03.88000
02.80000
03.20000
01.24000
04.13000
01.75000
03.88000
02.01000
03.68000
02.74000
02.77000
01.33000
03.62000
03.24000
02.91000
01.03000
02.89000
04.55000
02.07000
04.15000
02.93000
5
7
4
3
6
14
3
13
2
9
6
5
1
11
8
10
12
113.4796
