11
4
132.95000
193.08000
110.67000
105.87000
187.91000
105.08000
194.74000
133.30000
186.25000
158.11000
142.51000
189.71000
188.84000
195.63000
191.57000
159.71000
134.68000
152.66000
101.39000
170.17000
199.88000
132.95000
147.95000
161.34000
159.26000
175.14000
156.50000
114.92000
176.02000
129.51000
179.14000
192.73000
152.18000
148.63000
159.86000
172.42000
187.34000
132.21000
111.17000
154.94000
170.79000
192.57000
130.67000
122.05000
01.51000
04.24000
02.14000
02.79000
03.08000
03.22000
04.72000
04.41000
04.44000
02.27000
04.65000
03.13000
04.76000
04.04000
01.17000
04.21000
02.99000
03.17000
04.22000
01.43000
03.89000
04.51000
01.05000
01.17000
02.22000
02.16000
01.32000
04.28000
01.99000
01.68000
04.89000
01.48000
03.64000
02.13000
04.34000
01.95000
04.84000
03.70000
04.03000
04.15000
01.18000
01.06000
04.55000
01.20000
3
1
3
4
3
7
11
8
2
2
9
3
5
10
6
399.6172
