11
4
22.41000
47.90000
78.20000
57.48000
67.58000
80.51000
7.95000
47.76000
40.46000
13.75000
34.01000
56.16000
79.93000
38.72000
24.04000
79.44000
52.02000
37.94000
35.88000
95.59000
70.35000
62.51000
53.34000
99.53000
71.37000
99.43000
80.70000
25.09000
5.93000
11.47000
93.39000
20.28000
20.17000
90.53000
85.55000
45.68000
57.02000
83.45000
16.17000
20.15000
88.68000
92.84000
28.99000
68.31000
07.19000
08.81000
09.78000
06.05000
07.74000
06.57000
08.44000
05.86000
05.49000
05.64000
08.76000
06.43000
07.15000
08.43000
08.89000
09.43000
05.73000
05.71000
07.07000
09.77000
08.55000
05.39000
07.26000
09.22000
08.78000
08.64000
06.92000
09.61000
08.12000
06.70000
05.04000
05.70000
06.63000
06.58000
07.95000
06.56000
06.87000
06.84000
05.46000
05.24000
09.70000
05.86000
06.77000
09.01000
4
9
1
10
7
3
8
3
4
2
5
11
2
2
6
105.7962
