11
3
160.09000
137.69000
132.70000
110.21000
196.59000
147.15000
117.39000
197.17000
192.06000
161.40000
147.35000
140.77000
110.29000
124.88000
181.48000
190.70000
186.29000
166.32000
100.32000
161.92000
171.11000
155.77000
118.77000
134.14000
151.29000
141.36000
160.67000
136.40000
137.05000
137.00000
109.70000
108.62000
120.53000
02.46000
01.59000
02.04000
02.60000
02.94000
01.52000
01.02000
02.25000
04.40000
02.43000
01.62000
01.85000
04.49000
04.42000
01.34000
03.57000
04.92000
01.69000
01.90000
03.31000
02.35000
04.77000
03.13000
03.15000
03.19000
04.79000
03.55000
04.79000
01.13000
02.75000
04.18000
04.59000
03.41000
3
6
5
4
4
1
8
3
2
4
7
11
9
10
492.5301
