14
4
97.25000
15.16000
53.75000
47.36000
17.51000
24.37000
18.30000
87.33000
11.66000
6.15000
76.86000
70.48000
20.92000
99.72000
63.03000
99.31000
24.45000
30.49000
14.05000
21.77000
2.84000
56.50000
85.55000
43.82000
84.70000
16.60000
45.51000
32.45000
55.74000
31.98000
13.39000
45.47000
88.62000
67.67000
20.37000
47.91000
67.37000
59.29000
18.09000
1.65000
81.74000
96.57000
72.01000
71.73000
59.24000
47.92000
77.46000
65.35000
54.36000
64.07000
41.36000
8.90000
15.66000
87.40000
78.19000
16.87000
06.88000
07.38000
07.16000
08.85000
06.66000
09.00000
05.87000
06.43000
06.51000
06.02000
06.57000
08.88000
05.31000
07.36000
09.64000
06.67000
08.75000
09.27000
06.40000
05.58000
06.99000
08.11000
06.16000
05.64000
05.81000
08.19000
09.08000
07.03000
05.16000
06.54000
05.97000
09.05000
09.29000
05.56000
09.65000
08.73000
07.87000
07.50000
05.98000
07.04000
07.30000
08.78000
08.67000
08.78000
05.20000
08.39000
09.85000
09.57000
08.57000
06.39000
08.57000
09.18000
08.31000
09.54000
07.49000
05.29000
5
13
5
2
9
10
3
8
6
7
3
1
3
12
3
4
14
11
84.38402
