14
4
120.39000
112.15000
188.81000
186.15000
129.02000
181.34000
196.09000
165.30000
170.09000
130.62000
156.12000
194.88000
184.24000
100.64000
113.56000
153.63000
148.32000
119.76000
191.63000
139.18000
139.20000
120.07000
111.72000
195.65000
154.91000
124.11000
139.45000
188.67000
194.85000
182.89000
178.20000
179.87000
101.01000
118.84000
124.62000
173.65000
135.33000
143.11000
144.49000
151.05000
188.43000
146.31000
160.71000
100.03000
145.47000
188.67000
147.86000
117.81000
119.84000
151.88000
138.37000
180.34000
105.38000
117.64000
147.84000
103.24000
07.22000
07.92000
08.46000
05.98000
09.25000
06.18000
06.33000
08.38000
07.67000
08.68000
07.52000
09.46000
06.38000
09.32000
06.32000
05.50000
09.69000
08.06000
09.58000
05.45000
06.65000
06.43000
07.79000
06.01000
06.14000
05.48000
06.10000
07.34000
08.11000
06.60000
07.82000
09.42000
06.93000
06.25000
06.22000
06.03000
07.76000
08.91000
09.85000
06.34000
07.04000
05.98000
05.35000
09.68000
07.54000
07.70000
09.90000
07.45000
09.64000
09.28000
05.20000
09.76000
06.31000
06.73000
08.91000
09.26000
3
3
10
2
4
12
8
1
9
3
13
4
5
4
11
6
7
14
514.3829
