14
3
128.61000
163.08000
122.32000
156.55000
127.39000
182.19000
166.32000
157.67000
132.82000
199.20000
152.70000
144.95000
169.85000
103.52000
136.18000
151.27000
176.17000
136.37000
122.32000
158.69000
114.68000
114.73000
133.98000
187.85000
150.16000
159.14000
195.72000
143.40000
135.63000
165.16000
165.23000
126.21000
185.47000
151.00000
194.14000
145.79000
155.55000
198.15000
136.44000
175.48000
166.94000
148.36000
09.54000
07.97000
08.63000
05.04000
06.83000
06.06000
07.93000
08.06000
05.07000
08.29000
06.57000
05.72000
08.03000
08.75000
07.41000
06.35000
07.29000
05.91000
08.45000
08.82000
09.58000
07.79000
08.24000
07.49000
08.65000
07.96000
05.60000
09.16000
09.83000
09.93000
05.79000
09.27000
08.01000
09.38000
09.03000
09.01000
06.37000
09.70000
07.21000
06.05000
09.23000
07.15000
5
9
12
11
3
14
5
2
1
8
5
7
4
10
13
6
4
738.6498
