14
2
6.46000
54.07000
21.74000
6.87000
2.51000
66.04000
17.46000
53.55000
99.70000
77.54000
98.27000
86.80000
24.61000
19.33000
17.39000
75.84000
6.55000
5.38000
22.31000
90.99000
88.89000
17.36000
9.30000
64.71000
8.86000
69.32000
91.67000
67.01000
03.48000
01.03000
02.29000
04.70000
02.35000
01.54000
01.33000
03.12000
01.22000
02.35000
02.31000
03.43000
01.21000
03.86000
01.99000
02.83000
01.29000
04.89000
02.94000
02.61000
01.99000
04.18000
04.32000
01.65000
04.62000
04.87000
04.38000
03.49000
7
2
6
13
7
14
1
5
7
10
12
3
8
9
11
4
194.4614
