11
3
190.34000
168.62000
185.18000
170.37000
190.31000
159.11000
173.41000
178.53000
100.68000
104.47000
160.30000
121.59000
117.88000
119.00000
134.15000
156.75000
174.75000
181.35000
170.42000
126.15000
141.09000
122.24000
123.08000
165.63000
194.87000
116.92000
158.53000
159.78000
170.31000
108.49000
167.79000
179.82000
168.36000
04.61000
02.85000
02.10000
01.80000
01.37000
04.71000
02.06000
04.07000
03.96000
04.54000
04.24000
02.14000
02.33000
04.31000
02.84000
04.79000
01.95000
03.74000
03.72000
02.90000
01.51000
04.30000
02.49000
02.08000
04.68000
04.14000
04.10000
04.84000
01.76000
04.24000
04.91000
02.06000
03.20000
3
7
2
6
4
10
9
11
3
4
1
5
4
8
531.7178
