14
4
82.52000
52.64000
17.28000
92.31000
85.77000
42.36000
94.99000
19.20000
74.73000
64.98000
79.52000
48.60000
89.64000
61.71000
91.92000
47.45000
43.34000
33.42000
72.07000
66.72000
25.35000
6.97000
72.16000
35.54000
10.27000
61.56000
58.17000
18.89000
85.79000
22.16000
40.17000
21.36000
59.15000
13.41000
54.92000
21.90000
63.47000
95.17000
46.49000
9.32000
89.46000
60.17000
55.32000
36.51000
99.75000
69.71000
94.35000
1.44000
41.05000
44.03000
65.54000
38.53000
21.24000
48.74000
83.35000
64.22000
09.42000
09.97000
08.93000
06.25000
08.51000
06.42000
07.37000
07.85000
06.01000
09.14000
06.16000
05.16000
05.83000
07.02000
08.03000
09.02000
07.09000
06.75000
07.26000
05.13000
06.66000
05.42000
09.71000
05.14000
07.04000
08.05000
05.55000
09.19000
05.52000
08.41000
07.77000
09.03000
05.54000
06.04000
07.14000
05.87000
07.12000
06.20000
06.28000
05.95000
06.67000
05.30000
05.45000
07.59000
06.75000
07.00000
08.42000
09.60000
05.15000
08.21000
07.91000
06.92000
08.90000
06.06000
06.59000
07.21000
3
9
8
3
4
13
7
14
11
4
5
2
4
12
3
1
10
6
119.2649
