11
3
128.62000
149.82000
140.30000
158.15000
111.99000
143.94000
106.71000
169.26000
110.25000
183.83000
167.08000
188.41000
183.68000
105.07000
123.72000
128.14000
170.89000
162.41000
121.62000
117.44000
160.73000
131.01000
175.49000
123.12000
128.70000
168.39000
137.31000
169.26000
181.82000
131.10000
185.81000
154.67000
126.86000
05.14000
09.74000
05.59000
06.90000
08.14000
09.03000
05.54000
06.50000
07.11000
06.54000
08.36000
07.54000
06.97000
07.30000
09.22000
06.12000
09.63000
07.97000
05.94000
06.11000
07.60000
09.54000
07.99000
08.14000
07.89000
08.11000
09.65000
07.88000
08.39000
06.34000
07.77000
08.05000
08.32000
4
1
7
6
9
4
5
8
3
4
3
10
11
2
537.0046
