14
4
49.33000
11.41000
79.87000
76.66000
10.92000
29.47000
70.28000
11.01000
15.47000
88.16000
24.76000
55.60000
4.18000
29.70000
33.21000
46.27000
17.41000
27.31000
59.20000
48.34000
30.56000
92.72000
26.24000
69.58000
66.74000
11.78000
98.30000
75.95000
34.02000
73.57000
48.30000
90.32000
48.67000
33.80000
71.09000
51.34000
77.27000
18.03000
53.68000
31.71000
11.53000
16.97000
18.06000
67.85000
69.46000
23.90000
57.49000
75.33000
8.84000
63.21000
73.94000
51.33000
31.97000
29.25000
82.87000
11.29000
05.76000
08.94000
08.58000
09.16000
06.78000
06.72000
05.86000
05.24000
07.55000
09.59000
09.84000
05.88000
06.96000
06.47000
08.74000
08.67000
08.15000
07.47000
06.65000
08.02000
08.63000
07.84000
09.74000
05.71000
06.87000
06.64000
08.17000
06.90000
09.75000
05.92000
05.74000
06.69000
09.15000
08.87000
09.52000
05.15000
07.67000
09.44000
05.65000
06.92000
06.75000
09.02000
08.62000
05.53000
09.18000
06.94000
07.15000
06.71000
08.49000
08.92000
05.41000
08.91000
06.37000
08.25000
06.06000
09.79000
4
11
8
5
2
3
9
3
12
3
6
10
13
4
4
1
14
7
68.10669
