11
3
161.99000
147.01000
153.03000
182.27000
121.85000
151.80000
147.10000
108.34000
180.19000
142.21000
181.22000
137.18000
169.37000
193.06000
176.65000
115.32000
102.60000
149.35000
159.25000
195.36000
197.05000
131.75000
150.36000
192.76000
181.56000
168.27000
107.80000
103.09000
175.22000
143.21000
123.02000
180.03000
194.41000
03.45000
01.72000
04.78000
02.72000
01.67000
04.88000
02.43000
01.61000
02.64000
01.82000
04.83000
02.27000
01.64000
03.88000
01.87000
01.53000
03.24000
01.54000
02.08000
03.63000
02.06000
02.14000
04.25000
03.25000
01.31000
02.09000
03.11000
04.34000
01.85000
04.21000
02.59000
02.49000
01.89000
4
2
10
5
8
4
7
11
1
6
3
3
4
9
534.4899
