14
2
16.62000
21.79000
7.90000
41.59000
1.65000
94.14000
6.24000
64.83000
43.93000
75.72000
2.45000
40.03000
80.42000
8.67000
39.32000
94.83000
1.20000
73.59000
25.51000
40.83000
88.50000
54.03000
93.74000
23.72000
20.58000
59.95000
72.69000
26.86000
04.38000
01.86000
02.17000
02.47000
02.72000
03.17000
03.01000
03.86000
02.36000
03.74000
04.37000
03.32000
02.96000
02.45000
02.54000
04.77000
01.72000
02.43000
04.89000
02.05000
04.94000
02.67000
03.55000
01.12000
01.22000
02.06000
03.27000
03.97000
9
9
4
12
2
1
14
7
5
11
5
13
10
8
6
3
198.8765
