14
3
13.46000
57.07000
91.31000
92.83000
78.22000
58.13000
56.76000
57.43000
56.97000
39.83000
5.38000
7.86000
94.66000
53.14000
4.96000
18.46000
90.88000
72.44000
36.65000
65.42000
28.42000
83.63000
76.88000
3.02000
52.80000
81.72000
44.40000
92.24000
5.33000
32.21000
96.94000
87.41000
81.98000
98.63000
88.93000
87.08000
53.02000
62.47000
36.39000
9.08000
78.10000
94.60000
03.89000
01.40000
01.09000
03.37000
04.08000
02.02000
02.61000
02.44000
04.77000
04.55000
03.22000
01.79000
02.37000
04.81000
03.82000
02.40000
03.16000
02.59000
04.38000
03.44000
02.67000
02.25000
02.47000
01.80000
01.21000
02.56000
01.94000
03.84000
02.86000
04.59000
01.57000
04.50000
01.21000
01.13000
01.96000
01.66000
03.42000
02.67000
01.81000
03.80000
04.15000
02.49000
5
6
8
14
12
11
5
4
13
7
5
10
4
3
9
2
1
190.5919
