14
4
103.40000
157.84000
163.28000
158.64000
171.90000
170.10000
109.34000
184.79000
180.67000
120.28000
115.97000
119.16000
170.32000
149.00000
134.29000
169.67000
154.70000
139.62000
176.24000
167.93000
119.61000
187.79000
130.52000
157.42000
179.67000
160.01000
162.76000
103.77000
144.09000
171.22000
160.80000
165.04000
150.18000
146.55000
198.54000
114.59000
117.22000
193.00000
142.55000
130.58000
135.85000
101.18000
168.19000
190.57000
115.65000
113.21000
179.58000
187.66000
136.92000
103.38000
189.62000
174.81000
164.65000
141.42000
113.95000
167.65000
04.99000
03.15000
01.26000
04.64000
03.93000
01.09000
03.40000
01.41000
03.04000
03.49000
03.26000
02.20000
01.45000
01.46000
01.15000
03.18000
01.82000
01.03000
04.59000
02.12000
03.00000
02.47000
03.56000
03.10000
01.77000
02.03000
02.17000
02.27000
03.82000
01.04000
01.83000
01.93000
03.38000
04.54000
02.09000
01.02000
04.62000
04.51000
02.60000
01.14000
04.68000
02.06000
04.53000
02.15000
03.01000
04.73000
01.76000
03.35000
03.56000
03.26000
04.16000
02.74000
04.33000
01.05000
01.84000
02.45000
4
12
11
7
1
3
2
10
14
3
5
6
9
4
13
3
8
4
466.4412
