14
4
21.83000
92.68000
20.56000
51.29000
23.85000
13.88000
86.21000
47.34000
88.93000
45.32000
37.02000
25.23000
59.28000
29.22000
76.70000
60.11000
34.56000
34.34000
95.25000
7.18000
56.52000
85.74000
37.85000
5.90000
84.49000
23.27000
68.44000
22.24000
74.47000
76.08000
12.58000
93.42000
46.98000
61.07000
40.40000
52.12000
78.30000
65.42000
72.89000
25.55000
60.14000
79.85000
94.61000
81.35000
17.29000
5.55000
76.53000
39.44000
26.77000
48.83000
43.20000
23.28000
28.74000
76.09000
10.09000
48.32000
01.65000
01.13000
04.01000
02.48000
02.07000
03.60000
01.22000
04.37000
03.84000
01.70000
01.34000
01.47000
02.10000
02.57000
01.09000
03.75000
02.06000
01.86000
04.81000
02.39000
01.87000
04.36000
02.75000
03.77000
01.96000
01.65000
03.02000
04.02000
01.17000
02.83000
03.44000
03.62000
02.29000
02.69000
02.36000
03.17000
01.28000
01.20000
01.71000
01.93000
03.27000
03.49000
02.05000
04.34000
04.34000
03.57000
04.34000
03.77000
03.80000
01.18000
01.48000
01.08000
01.16000
01.73000
03.60000
02.39000
3
1
5
8
4
12
9
14
6
2
2
3
5
11
10
7
13
4
96.52164
