11
3
36.60000
31.59000
36.47000
71.34000
94.15000
14.85000
50.07000
66.68000
51.78000
10.75000
94.61000
37.54000
98.96000
29.22000
57.00000
12.88000
49.90000
74.49000
74.90000
94.33000
6.35000
67.29000
54.28000
31.17000
13.52000
16.08000
96.39000
9.19000
24.48000
22.77000
44.68000
52.17000
48.93000
02.35000
02.49000
02.25000
01.53000
02.03000
03.50000
02.78000
03.36000
04.38000
03.04000
01.13000
04.26000
03.61000
02.21000
01.42000
03.14000
04.40000
04.39000
02.63000
04.22000
01.08000
03.00000
01.49000
04.44000
04.85000
02.80000
03.38000
04.68000
04.55000
04.34000
04.21000
02.10000
01.18000
3
1
9
10
3
11
3
5
5
2
4
7
8
6
110.9921
