14
3
73.54000
48.82000
70.78000
84.42000
83.34000
27.08000
6.46000
47.22000
56.46000
44.69000
88.55000
18.41000
28.43000
64.87000
53.94000
95.34000
79.88000
30.77000
74.33000
92.57000
22.58000
69.83000
27.60000
88.17000
11.45000
76.10000
35.52000
48.06000
30.04000
55.28000
27.75000
67.92000
98.58000
83.25000
48.34000
22.19000
48.77000
62.52000
29.63000
92.86000
85.52000
82.37000
09.79000
05.80000
09.57000
09.27000
08.46000
06.22000
09.51000
05.51000
07.14000
07.00000
05.47000
05.55000
07.95000
06.23000
07.42000
05.21000
05.26000
07.29000
05.71000
09.77000
05.68000
06.80000
09.25000
06.53000
07.93000
06.98000
07.09000
08.15000
09.17000
05.72000
08.00000
06.95000
06.25000
08.73000
05.51000
07.72000
06.96000
06.69000
08.42000
07.19000
07.75000
08.58000
5
2
10
6
13
12
5
5
4
7
9
11
4
14
3
1
8
186.1209
