14
4
128.53000
132.11000
146.16000
150.23000
112.92000
141.89000
133.88000
124.68000
139.13000
141.16000
183.74000
158.91000
147.78000
170.52000
117.72000
101.58000
170.34000
139.87000
127.60000
102.53000
135.22000
147.77000
163.88000
158.79000
109.30000
143.78000
192.17000
135.96000
109.99000
129.67000
129.08000
151.05000
152.47000
154.27000
191.49000
163.17000
182.46000
126.56000
186.73000
118.28000
190.61000
137.16000
196.65000
158.18000
177.98000
141.44000
160.54000
123.79000
146.28000
119.66000
162.15000
168.52000
160.11000
134.81000
117.10000
108.00000
04.26000
03.15000
02.85000
03.81000
03.79000
03.89000
02.49000
01.29000
03.31000
02.89000
03.67000
04.59000
01.94000
03.28000
03.71000
03.54000
03.76000
04.44000
01.50000
04.66000
03.45000
01.22000
01.12000
04.13000
03.03000
04.42000
02.70000
02.10000
01.01000
03.75000
03.99000
02.58000
02.70000
03.84000
03.79000
04.67000
02.89000
03.20000
04.65000
02.59000
02.70000
02.97000
02.99000
01.54000
04.66000
04.10000
04.43000
01.02000
02.06000
02.56000
02.33000
04.00000
03.00000
01.60000
02.84000
04.61000
3
7
3
4
4
5
11
1
2
3
9
12
10
4
6
8
13
14
481.3509
