14
2
180.98000
157.54000
127.76000
192.15000
117.75000
158.39000
100.03000
131.09000
137.73000
124.18000
158.05000
140.64000
102.25000
122.50000
195.26000
171.46000
163.25000
187.79000
160.79000
179.30000
129.53000
119.67000
137.69000
134.16000
130.05000
149.56000
177.94000
144.25000
04.09000
03.82000
01.83000
03.31000
01.45000
03.05000
03.05000
04.09000
01.07000
02.74000
02.24000
04.65000
03.60000
02.77000
03.57000
04.70000
01.59000
03.45000
03.63000
01.75000
02.69000
04.74000
04.58000
03.40000
01.93000
04.51000
04.18000
04.68000
8
9
5
3
10
14
7
12
13
6
6
11
1
4
2
8
1047.535
