14
4
156.41000
104.34000
176.61000
121.52000
176.42000
117.71000
110.89000
160.49000
160.12000
142.44000
129.18000
181.13000
148.15000
119.14000
182.29000
152.84000
133.09000
157.67000
162.75000
136.09000
166.99000
196.31000
166.49000
171.52000
106.96000
119.93000
159.11000
124.74000
114.17000
101.54000
191.89000
196.79000
141.88000
116.85000
125.46000
135.54000
128.98000
151.71000
163.75000
189.17000
166.10000
196.75000
141.69000
199.97000
125.70000
123.02000
122.65000
131.87000
184.50000
190.96000
188.20000
189.76000
135.71000
142.71000
153.97000
189.27000
06.44000
09.34000
06.17000
07.18000
09.27000
08.48000
07.48000
08.10000
08.80000
07.16000
07.45000
08.02000
08.92000
09.30000
07.67000
07.90000
09.88000
05.91000
08.07000
05.70000
07.89000
06.03000
06.23000
06.92000
06.24000
09.64000
07.31000
06.72000
05.16000
09.37000
06.96000
08.70000
08.24000
09.62000
09.79000
06.06000
08.66000
08.19000
08.15000
07.44000
07.83000
06.48000
07.67000
09.78000
06.23000
08.89000
05.66000
07.94000
08.16000
07.26000
07.20000
08.45000
07.48000
09.32000
09.96000
08.96000
4
4
7
6
14
3
10
5
3
4
8
1
9
2
3
11
13
12
529.6437
