11
4
105.79000
132.59000
178.45000
197.92000
134.61000
171.18000
179.35000
169.93000
142.76000
136.75000
179.89000
199.00000
141.82000
146.89000
105.06000
108.79000
102.05000
130.41000
190.99000
182.47000
155.08000
160.65000
114.98000
115.29000
191.43000
161.23000
156.57000
173.39000
121.71000
175.60000
123.19000
116.68000
122.33000
102.43000
139.72000
100.12000
144.03000
158.41000
106.79000
179.26000
142.46000
189.61000
190.49000
141.43000
07.60000
06.48000
05.08000
07.72000
05.36000
08.09000
07.65000
09.94000
07.46000
06.89000
06.53000
07.25000
06.95000
05.52000
06.82000
09.50000
09.45000
07.33000
06.09000
08.42000
09.28000
08.39000
08.76000
08.84000
06.37000
06.19000
06.00000
08.92000
05.94000
08.46000
05.75000
07.48000
06.21000
07.05000
07.62000
09.18000
05.16000
05.03000
06.75000
09.31000
05.21000
07.98000
09.64000
08.24000
2
9
8
3
7
4
5
3
10
1
2
3
11
6
3
377.5307
