11
4
21.14000
88.75000
79.28000
26.62000
3.33000
71.14000
33.45000
78.83000
38.53000
29.97000
11.23000
79.69000
92.72000
95.78000
96.85000
55.95000
33.65000
42.56000
96.86000
63.75000
9.98000
53.37000
85.10000
90.31000
21.27000
48.77000
11.01000
57.12000
3.65000
77.07000
72.29000
95.10000
17.76000
43.23000
71.64000
66.04000
78.48000
38.82000
2.22000
99.64000
92.31000
15.30000
28.93000
72.35000
04.00000
04.82000
03.04000
04.55000
02.58000
03.62000
01.51000
03.39000
03.72000
02.27000
02.11000
01.17000
04.68000
01.96000
02.04000
03.77000
01.81000
04.63000
04.51000
03.55000
03.66000
04.55000
03.87000
01.03000
04.25000
02.84000
02.39000
02.84000
04.43000
01.69000
01.50000
01.03000
01.76000
04.19000
04.86000
03.22000
02.96000
02.57000
01.38000
01.50000
01.88000
04.28000
03.24000
04.16000
2
8
11
2
1
10
4
4
3
5
7
3
2
9
6
90.45406
