11
3
178.97000
155.64000
195.63000
166.29000
171.62000
139.95000
118.22000
107.27000
197.57000
189.63000
108.64000
159.30000
121.71000
137.91000
112.31000
141.89000
105.07000
110.21000
113.41000
139.72000
167.27000
158.65000
172.61000
136.24000
138.06000
103.70000
154.52000
107.03000
110.12000
104.55000
114.17000
103.07000
158.14000
09.52000
05.23000
05.74000
07.64000
09.80000
07.80000
07.20000
05.81000
05.79000
08.14000
07.93000
09.33000
08.59000
08.51000
08.53000
09.53000
08.00000
06.24000
07.19000
08.78000
08.79000
07.62000
05.24000
07.11000
06.70000
06.21000
06.31000
08.70000
08.04000
05.52000
07.67000
05.33000
08.68000
3
1
5
11
4
7
8
2
6
4
3
10
4
9
503.7527
