11
3
27.44000
67.36000
84.16000
83.06000
18.35000
16.63000
96.26000
35.57000
67.58000
34.42000
5.40000
87.66000
60.19000
79.29000
54.32000
91.97000
30.88000
84.07000
49.42000
17.91000
89.14000
93.40000
64.54000
49.09000
71.77000
57.53000
86.63000
66.39000
68.61000
54.72000
12.86000
70.53000
72.43000
07.69000
06.04000
08.25000
08.03000
07.09000
08.88000
08.55000
05.42000
05.23000
05.79000
05.77000
06.76000
09.28000
07.96000
06.95000
08.33000
05.11000
06.37000
09.43000
09.98000
07.74000
06.05000
05.26000
06.60000
06.04000
08.80000
06.93000
06.44000
08.76000
09.85000
06.95000
08.97000
08.00000
6
8
10
1
5
6
11
2
3
2
3
7
4
9
154.5837
