11
4
39.54000
6.86000
89.36000
6.89000
62.51000
3.93000
63.04000
15.38000
21.70000
83.40000
92.04000
20.69000
49.99000
17.55000
75.21000
79.34000
36.38000
53.31000
90.14000
9.44000
21.84000
42.49000
7.77000
14.03000
74.11000
69.50000
93.66000
6.44000
77.64000
46.45000
62.01000
39.87000
8.49000
64.67000
80.95000
27.70000
26.56000
27.52000
56.33000
66.06000
85.58000
71.02000
54.35000
93.82000
01.62000
02.40000
03.29000
04.23000
02.50000
02.67000
02.64000
03.61000
04.11000
01.95000
04.29000
02.93000
02.78000
04.67000
04.21000
04.80000
03.66000
01.82000
02.13000
03.25000
01.65000
01.61000
04.75000
02.59000
04.98000
04.26000
03.13000
04.55000
01.84000
04.60000
04.75000
02.54000
04.51000
01.11000
02.56000
04.01000
04.71000
04.71000
02.90000
02.96000
03.40000
03.54000
01.49000
04.20000
5
9
8
2
4
6
1
7
3
10
11
1
2
3
5
57.34782
