14
3
35.50000
13.08000
71.23000
71.28000
42.01000
71.46000
81.61000
14.96000
95.70000
61.02000
44.97000
79.69000
54.97000
21.56000
94.82000
9.67000
27.10000
85.77000
9.90000
21.00000
96.10000
62.61000
67.97000
96.76000
4.88000
80.07000
83.75000
100.00000
85.49000
21.81000
31.48000
43.64000
9.10000
51.37000
36.37000
30.41000
71.85000
82.25000
74.98000
51.72000
91.15000
69.91000
09.21000
08.60000
08.53000
09.17000
08.18000
09.50000
05.08000
09.05000
05.70000
08.40000
08.20000
06.92000
05.74000
06.78000
06.56000
07.19000
06.94000
07.70000
09.05000
08.17000
09.59000
08.32000
06.21000
07.59000
06.59000
09.73000
08.60000
08.70000
06.31000
09.30000
08.04000
06.85000
09.53000
09.05000
05.23000
07.81000
08.61000
07.44000
08.01000
06.12000
08.73000
08.70000
4
13
10
1
14
6
9
3
6
2
5
11
4
12
7
4
8
188.3248
