14
2
66.39000
4.93000
97.70000
67.73000
78.25000
10.28000
51.99000
25.81000
27.28000
98.69000
26.40000
53.98000
36.06000
2.92000
97.36000
40.45000
82.24000
19.46000
46.54000
94.99000
88.73000
25.98000
86.07000
67.90000
41.13000
32.26000
32.27000
29.15000
03.31000
01.58000
03.18000
02.92000
02.26000
04.89000
01.24000
02.08000
01.09000
02.38000
01.11000
05.00000
04.92000
02.45000
04.14000
02.46000
02.96000
01.53000
01.85000
03.46000
02.85000
03.48000
02.86000
04.61000
03.55000
03.71000
01.43000
01.42000
9
7
9
11
1
8
13
2
6
14
5
3
5
10
4
12
263.6946
