14
3
8.98000
63.21000
6.66000
55.17000
38.66000
79.95000
70.48000
31.33000
7.35000
48.38000
64.00000
56.03000
70.06000
23.39000
54.25000
4.40000
13.41000
30.04000
56.46000
20.76000
8.81000
47.79000
44.85000
13.87000
55.16000
72.43000
28.66000
81.53000
67.97000
74.24000
15.76000
97.93000
78.82000
2.92000
10.24000
71.56000
30.34000
59.58000
82.65000
97.92000
5.62000
35.32000
01.66000
02.96000
01.91000
02.44000
03.51000
02.84000
02.41000
02.77000
01.82000
03.13000
03.49000
02.77000
03.80000
03.19000
02.91000
02.80000
01.57000
04.26000
03.70000
01.96000
04.22000
03.03000
03.73000
03.00000
01.25000
03.02000
03.88000
04.06000
02.86000
01.78000
02.58000
01.96000
03.09000
04.67000
02.07000
01.43000
04.57000
03.61000
01.18000
01.08000
03.24000
01.93000
5
8
5
14
1
9
5
11
3
4
10
2
4
12
7
13
6
119.4242
