11
4
197.09000
134.38000
185.42000
190.69000
129.72000
171.12000
122.55000
180.75000
181.51000
149.67000
149.16000
111.24000
107.90000
118.91000
108.57000
192.74000
188.88000
165.95000
194.54000
196.74000
196.25000
168.30000
139.83000
159.11000
123.12000
110.62000
164.42000
141.43000
162.57000
162.87000
141.39000
111.27000
149.70000
158.80000
176.18000
136.74000
149.31000
199.30000
198.67000
135.94000
126.20000
161.11000
158.87000
114.26000
04.52000
03.30000
04.50000
01.26000
02.02000
04.56000
01.96000
04.61000
02.22000
01.80000
01.68000
04.90000
02.64000
03.21000
04.92000
03.84000
03.89000
02.80000
02.08000
01.09000
02.99000
04.74000
01.14000
02.87000
04.29000
01.95000
04.73000
03.78000
02.59000
02.97000
03.03000
03.18000
04.18000
04.91000
03.20000
01.86000
01.85000
02.90000
01.60000
01.31000
02.22000
03.34000
04.48000
04.26000
2
5
6
3
2
3
1
3
4
9
10
3
7
8
11
382.2204
