11
3
190.75000
190.14000
116.75000
146.98000
137.83000
106.78000
130.70000
198.43000
176.07000
169.68000
194.57000
171.27000
174.89000
138.61000
198.34000
178.10000
108.53000
117.59000
103.06000
120.93000
149.18000
111.44000
133.95000
198.95000
140.11000
116.73000
143.40000
156.63000
131.74000
134.57000
117.37000
193.12000
147.81000
02.83000
01.10000
02.66000
02.70000
04.96000
02.21000
02.29000
03.91000
02.72000
01.83000
01.50000
03.67000
01.93000
04.09000
04.91000
04.86000
01.86000
02.40000
02.84000
04.80000
01.52000
05.00000
03.62000
03.12000
01.37000
03.08000
04.60000
03.90000
04.53000
03.42000
01.41000
04.29000
03.31000
4
7
6
3
5
4
10
8
9
11
3
2
4
1
510.3591
