14
3
125.97000
197.07000
105.70000
192.15000
132.34000
179.04000
168.98000
155.45000
150.65000
187.14000
132.84000
118.89000
164.84000
110.40000
156.49000
132.30000
140.60000
104.91000
132.09000
182.80000
136.15000
182.75000
105.77000
134.16000
177.61000
177.44000
132.96000
187.50000
165.02000
120.54000
121.06000
126.57000
109.78000
190.21000
115.65000
100.10000
152.92000
158.22000
189.07000
165.88000
193.23000
134.65000
02.74000
02.88000
04.56000
04.53000
03.52000
03.29000
03.79000
01.21000
04.93000
04.13000
04.02000
04.44000
02.89000
04.71000
01.60000
01.60000
04.01000
04.36000
02.43000
03.77000
01.98000
01.54000
02.05000
01.90000
04.00000
03.75000
03.82000
01.86000
04.29000
02.48000
04.13000
03.11000
04.06000
04.21000
01.69000
04.91000
03.08000
02.71000
03.87000
03.20000
03.51000
02.75000
4
6
1
11
12
5
2
10
9
13
4
5
7
14
3
5
8
634.1971
