14
4
118.65000
185.24000
125.59000
144.23000
134.78000
129.89000
151.30000
159.79000
105.22000
176.51000
151.64000
147.64000
170.62000
165.74000
161.60000
162.58000
117.98000
168.69000
157.13000
177.30000
124.75000
146.61000
191.55000
159.82000
153.23000
125.14000
130.49000
175.77000
100.27000
123.97000
153.19000
155.76000
113.55000
172.51000
192.65000
198.05000
126.84000
181.22000
177.45000
195.84000
130.79000
140.74000
166.96000
114.75000
152.83000
191.62000
168.06000
195.69000
114.59000
141.41000
119.38000
168.25000
134.37000
140.65000
136.54000
148.07000
07.78000
08.19000
05.12000
05.39000
07.44000
08.89000
08.97000
06.07000
05.20000
05.54000
07.88000
07.16000
09.97000
07.05000
06.84000
05.32000
08.84000
08.76000
06.23000
09.64000
07.17000
09.23000
06.04000
05.05000
08.49000
05.86000
06.42000
06.69000
06.82000
05.90000
07.97000
05.37000
08.32000
07.41000
06.16000
08.45000
06.06000
06.16000
08.81000
09.46000
06.45000
08.53000
05.11000
06.60000
09.01000
08.26000
06.32000
08.65000
06.75000
05.60000
06.25000
08.21000
07.03000
06.78000
07.55000
07.92000
3
4
3
6
3
10
11
8
4
13
14
1
5
4
12
9
2
7
540.8228
