11
3
109.53000
187.59000
125.72000
138.04000
105.10000
109.53000
156.55000
188.52000
128.11000
109.24000
180.42000
132.72000
166.87000
108.24000
169.90000
125.13000
128.67000
100.82000
158.88000
105.16000
106.04000
121.40000
168.66000
110.58000
116.88000
178.63000
191.30000
145.91000
186.25000
191.39000
168.05000
162.08000
123.41000
07.56000
07.56000
08.84000
06.88000
07.54000
09.15000
07.01000
08.60000
09.73000
07.28000
06.29000
08.12000
07.19000
07.68000
06.19000
08.09000
06.85000
08.91000
06.49000
06.86000
07.99000
06.64000
05.37000
05.56000
08.63000
07.92000
06.41000
05.57000
09.26000
08.85000
06.91000
07.91000
06.04000
4
4
10
1
5
4
6
9
3
7
3
8
11
2
513.8906
