14
4
25.81000
29.14000
26.71000
13.71000
73.54000
31.25000
97.08000
24.92000
52.85000
61.62000
20.14000
35.00000
3.96000
61.46000
86.01000
24.89000
1.52000
71.82000
95.27000
81.39000
41.25000
36.97000
33.21000
45.68000
91.64000
41.40000
63.79000
81.73000
18.85000
34.30000
8.91000
50.04000
80.97000
88.40000
72.98000
98.74000
45.66000
55.13000
84.47000
55.42000
2.64000
24.20000
22.26000
3.68000
53.70000
49.59000
92.92000
64.05000
67.62000
86.09000
29.22000
80.55000
53.91000
36.96000
44.63000
68.65000
04.68000
01.22000
04.53000
01.17000
03.06000
01.38000
04.66000
04.73000
02.73000
03.11000
03.65000
01.42000
02.82000
01.55000
03.56000
03.50000
01.42000
04.55000
03.92000
04.38000
02.58000
05.00000
01.92000
01.43000
03.45000
01.69000
01.69000
02.79000
04.36000
03.22000
02.09000
01.95000
02.12000
02.20000
04.11000
02.09000
04.69000
04.77000
01.50000
02.38000
01.19000
04.06000
02.86000
03.67000
03.72000
03.90000
01.90000
02.20000
02.14000
01.83000
02.22000
03.05000
04.90000
03.14000
01.95000
04.35000
5
6
4
11
8
13
3
10
7
3
2
5
14
4
9
12
1
2
105.6942
