11
3
35.26000
40.99000
20.43000
71.10000
60.13000
59.76000
3.78000
34.13000
62.10000
63.22000
75.40000
62.95000
71.38000
65.34000
5.35000
17.92000
58.88000
87.56000
18.56000
29.76000
47.71000
28.57000
26.15000
60.16000
82.55000
95.23000
72.04000
96.52000
48.50000
61.30000
26.50000
11.72000
16.79000
02.09000
01.94000
03.48000
01.73000
01.89000
04.55000
01.33000
02.88000
02.02000
04.08000
01.06000
03.41000
02.26000
01.39000
03.19000
02.17000
03.77000
01.27000
03.62000
04.09000
04.68000
04.06000
02.96000
04.62000
02.51000
02.73000
01.05000
04.20000
01.82000
01.10000
04.79000
02.52000
02.41000
4
2
8
3
7
3
6
5
4
4
1
11
9
10
101.3594
