14
3
188.25000
197.26000
160.40000
176.88000
102.75000
119.42000
174.39000
103.73000
170.43000
178.29000
145.45000
147.14000
161.93000
180.84000
183.68000
122.14000
183.14000
195.50000
162.13000
176.54000
189.85000
112.42000
159.78000
176.95000
100.70000
144.06000
112.53000
186.20000
109.64000
122.30000
156.05000
193.70000
147.22000
106.81000
143.29000
123.58000
123.26000
145.92000
183.41000
176.60000
160.75000
105.21000
04.32000
02.44000
01.16000
03.67000
02.59000
01.74000
01.27000
04.95000
01.55000
01.21000
04.61000
03.80000
02.70000
01.99000
01.83000
01.03000
01.39000
03.32000
04.54000
04.20000
04.74000
01.77000
04.51000
02.91000
02.16000
02.52000
03.43000
03.63000
04.44000
04.18000
04.29000
01.45000
01.04000
01.35000
03.21000
02.20000
01.09000
01.53000
02.85000
04.74000
03.82000
02.85000
4
3
7
4
5
5
2
8
12
11
13
5
9
10
6
14
1
627.3991
