14
2
128.00000
172.13000
107.84000
144.14000
136.24000
180.85000
136.49000
168.83000
120.95000
108.72000
141.03000
165.21000
137.22000
117.06000
168.76000
180.45000
176.49000
150.52000
111.90000
143.51000
184.60000
138.56000
105.77000
141.39000
138.17000
134.27000
146.09000
126.04000
07.85000
05.49000
09.72000
05.75000
06.87000
05.14000
08.33000
08.17000
09.74000
07.23000
05.88000
05.14000
08.18000
07.57000
09.04000
08.07000
07.44000
07.16000
09.90000
07.27000
07.46000
09.02000
05.96000
09.06000
08.47000
07.54000
07.86000
05.64000
7
2
4
11
1
7
10
3
7
14
6
13
9
12
8
5
1129.966
