11
4
92.99000
55.27000
41.07000
54.89000
90.39000
80.91000
47.96000
51.73000
42.57000
9.51000
29.74000
30.71000
88.91000
52.50000
60.93000
57.22000
35.42000
90.14000
70.01000
23.24000
49.06000
50.27000
16.79000
60.36000
59.90000
82.54000
11.36000
89.85000
80.40000
6.85000
5.97000
79.91000
46.78000
8.94000
39.24000
10.43000
31.81000
40.97000
51.30000
3.50000
13.04000
23.71000
55.08000
54.03000
04.31000
01.21000
01.31000
02.08000
02.29000
04.01000
02.64000
04.88000
02.75000
03.58000
04.01000
04.26000
04.11000
01.99000
02.99000
04.03000
03.82000
04.90000
03.61000
04.12000
04.39000
02.21000
02.58000
03.40000
04.62000
04.10000
02.02000
02.86000
01.42000
04.82000
02.47000
04.11000
01.79000
02.16000
01.42000
03.40000
04.87000
03.38000
03.30000
01.84000
02.99000
03.57000
03.20000
02.32000
2
2
10
2
6
9
3
11
5
8
4
4
1
3
7
65.4657
