14
4
149.87000
125.48000
107.56000
110.02000
135.86000
127.09000
114.84000
169.27000
149.60000
154.13000
170.20000
124.25000
131.73000
147.20000
107.22000
183.11000
107.86000
106.72000
106.50000
185.56000
123.84000
152.84000
105.60000
166.75000
122.47000
110.51000
170.16000
192.30000
192.65000
134.31000
131.38000
111.08000
114.65000
147.43000
128.79000
142.18000
185.12000
119.17000
119.97000
127.21000
194.67000
140.15000
134.91000
138.03000
180.56000
107.29000
189.56000
175.25000
138.84000
131.35000
130.36000
190.04000
191.09000
190.78000
172.95000
198.02000
09.22000
07.51000
07.39000
09.30000
05.28000
06.53000
05.88000
05.31000
08.42000
07.99000
08.41000
08.20000
07.56000
05.80000
05.15000
05.36000
06.45000
07.12000
05.85000
08.40000
05.27000
09.23000
07.83000
05.88000
07.94000
05.86000
06.24000
07.96000
09.33000
07.43000
06.04000
08.59000
06.39000
06.13000
07.42000
05.23000
07.43000
07.30000
05.98000
05.02000
08.86000
07.32000
07.17000
05.84000
08.05000
09.57000
07.23000
06.32000
08.18000
07.66000
05.61000
06.42000
05.47000
06.68000
09.97000
08.78000
4
7
6
3
4
4
1
12
5
11
3
13
2
10
3
9
14
8
507.1723
