14
3
52.65000
10.01000
11.97000
72.88000
75.35000
58.43000
76.30000
81.95000
18.60000
29.09000
25.20000
61.75000
15.00000
59.61000
45.99000
69.02000
92.22000
8.14000
70.32000
22.48000
4.03000
97.73000
63.36000
34.03000
6.16000
38.47000
30.48000
55.27000
44.35000
2.34000
13.85000
50.91000
30.02000
93.50000
46.54000
38.39000
46.58000
5.12000
66.01000
13.55000
43.32000
93.70000
01.90000
03.25000
01.22000
03.68000
02.70000
01.63000
02.25000
04.86000
03.18000
05.00000
02.34000
04.15000
01.29000
02.67000
03.73000
01.54000
01.64000
03.40000
04.69000
01.41000
03.76000
01.06000
04.00000
02.31000
04.50000
03.81000
03.01000
04.09000
02.15000
03.60000
03.41000
02.06000
03.02000
04.64000
02.36000
04.20000
03.22000
04.01000
04.99000
03.40000
02.88000
04.49000
4
1
13
3
9
5
6
14
4
11
7
5
5
8
12
10
2
99.74708
