14
2
32.54000
56.31000
42.57000
17.16000
19.16000
71.52000
77.40000
38.27000
98.80000
22.44000
77.81000
68.76000
72.29000
13.10000
52.38000
54.12000
62.37000
25.12000
9.54000
36.48000
38.74000
42.03000
73.67000
96.14000
64.28000
7.26000
36.35000
80.36000
02.33000
03.71000
02.65000
01.28000
04.10000
01.57000
02.70000
04.55000
02.84000
03.48000
03.17000
02.94000
02.70000
04.82000
03.85000
04.00000
04.51000
02.92000
02.34000
03.51000
01.80000
01.36000
02.12000
03.89000
03.38000
04.31000
04.45000
03.66000
8
3
2
1
4
8
10
5
14
6
9
7
11
6
13
12
268.45
