14
4
109.54000
115.49000
112.09000
132.01000
196.97000
167.77000
194.26000
165.35000
159.03000
192.33000
171.37000
141.30000
136.35000
129.82000
161.07000
197.52000
140.45000
183.86000
123.31000
105.91000
180.34000
146.85000
107.25000
114.91000
124.75000
143.27000
178.53000
190.14000
128.46000
102.70000
150.92000
119.06000
167.13000
119.21000
113.43000
151.99000
151.15000
191.22000
166.60000
135.73000
171.12000
109.35000
117.69000
101.59000
191.90000
102.15000
172.42000
119.36000
186.19000
192.68000
185.17000
186.57000
146.32000
190.47000
171.59000
118.84000
05.97000
08.13000
09.28000
07.01000
05.56000
08.31000
05.29000
05.65000
05.20000
08.89000
08.30000
09.15000
08.81000
08.79000
08.31000
05.38000
09.67000
09.60000
08.32000
06.28000
08.66000
07.93000
06.33000
08.33000
08.22000
07.50000
07.48000
06.71000
05.12000
06.77000
06.15000
08.87000
08.43000
08.71000
06.51000
08.98000
06.19000
08.59000
09.52000
07.72000
09.80000
07.79000
05.21000
07.70000
08.68000
08.62000
09.01000
09.85000
07.16000
05.48000
05.35000
05.83000
07.02000
07.50000
06.89000
08.31000
3
8
11
3
4
9
6
5
10
4
1
7
2
14
3
12
13
4
503.5558
