14
3
100.77000
173.05000
108.49000
118.98000
155.69000
116.31000
177.56000
137.58000
177.37000
175.77000
137.39000
117.69000
154.82000
142.42000
121.86000
153.00000
108.30000
118.06000
128.91000
168.37000
137.99000
194.38000
102.44000
170.28000
100.16000
114.84000
143.57000
177.42000
132.89000
188.85000
163.28000
139.82000
111.45000
161.85000
103.51000
106.69000
178.96000
179.32000
176.61000
186.36000
145.53000
109.55000
08.83000
05.13000
06.49000
08.43000
08.40000
07.17000
06.47000
05.15000
07.41000
08.11000
06.05000
07.72000
05.01000
06.80000
05.59000
08.93000
09.48000
08.42000
09.82000
08.42000
08.17000
07.56000
09.16000
06.88000
05.81000
05.78000
05.94000
09.01000
09.53000
07.02000
09.16000
05.10000
05.36000
07.22000
06.41000
05.32000
08.55000
08.33000
08.17000
09.95000
05.09000
07.60000
4
2
10
6
1
5
12
11
4
3
9
5
13
5
8
7
14
641.0862
