14
2
76.17000
39.97000
96.69000
64.31000
74.15000
95.97000
81.86000
35.81000
9.09000
21.36000
6.51000
80.31000
40.72000
81.04000
82.83000
66.09000
66.53000
42.35000
98.82000
75.25000
47.70000
64.49000
5.43000
59.81000
41.11000
13.50000
52.09000
27.89000
04.48000
04.29000
02.35000
01.97000
04.49000
02.83000
04.04000
04.88000
04.40000
01.46000
01.32000
03.20000
04.84000
04.05000
03.12000
01.91000
04.27000
02.50000
03.10000
04.79000
01.61000
02.93000
02.60000
04.90000
03.71000
02.48000
03.37000
01.26000
7
1
5
10
2
13
8
11
7
7
14
4
6
3
12
9
321.0917
