11
4
102.45000
118.96000
183.75000
198.21000
152.84000
177.18000
189.82000
148.43000
199.74000
129.55000
112.70000
148.44000
167.47000
111.55000
193.40000
127.35000
179.25000
116.55000
158.23000
124.84000
188.52000
122.94000
175.31000
180.33000
126.32000
127.98000
114.06000
177.39000
124.85000
127.39000
170.02000
101.81000
185.90000
184.27000
132.69000
190.45000
189.82000
189.65000
125.33000
158.83000
128.67000
199.94000
114.29000
139.94000
08.27000
09.79000
06.65000
06.13000
07.17000
07.83000
07.82000
05.99000
07.84000
07.99000
07.71000
06.37000
09.48000
07.04000
09.64000
07.63000
08.62000
05.01000
06.45000
07.35000
09.39000
09.03000
08.55000
06.52000
07.17000
05.80000
05.60000
05.13000
05.88000
09.69000
06.32000
05.90000
06.46000
09.36000
05.60000
09.90000
09.91000
09.30000
05.27000
06.02000
08.27000
09.76000
06.74000
06.48000
3
11
1
2
3
7
9
3
3
4
5
10
2
6
8
374.7238
