14
2
32.82000
83.05000
69.50000
70.92000
53.96000
17.12000
60.29000
83.16000
3.28000
97.96000
83.86000
3.36000
46.67000
2.65000
99.12000
16.40000
38.04000
92.95000
91.60000
32.72000
35.77000
2.22000
93.52000
45.80000
93.39000
36.07000
13.98000
20.45000
09.37000
07.30000
08.36000
07.16000
05.33000
09.66000
06.57000
07.83000
07.49000
05.09000
05.14000
07.76000
05.71000
07.53000
08.76000
08.68000
08.90000
09.26000
07.38000
07.52000
05.64000
05.73000
07.39000
09.66000
06.11000
06.13000
07.55000
05.44000
8
5
4
13
1
6
9
12
14
6
11
7
10
3
2
8
259.1328
