14
4
43.36000
45.85000
56.86000
84.00000
25.02000
14.36000
76.62000
77.08000
68.19000
42.06000
79.00000
99.96000
15.09000
70.18000
40.62000
95.53000
19.96000
80.22000
49.16000
47.66000
99.19000
80.23000
66.81000
87.03000
71.51000
1.94000
59.54000
80.59000
56.62000
52.07000
76.68000
52.17000
13.21000
57.88000
1.19000
18.55000
2.31000
7.26000
3.06000
22.85000
14.65000
88.91000
22.66000
46.81000
76.55000
1.49000
34.58000
68.56000
22.45000
89.09000
91.59000
27.88000
21.17000
72.49000
11.14000
39.23000
01.25000
02.40000
04.57000
04.86000
01.64000
04.63000
04.84000
04.61000
03.57000
04.69000
04.22000
01.75000
02.17000
01.69000
01.39000
03.76000
04.51000
01.36000
03.84000
03.29000
02.88000
03.58000
02.17000
01.25000
03.22000
04.30000
04.53000
01.75000
02.74000
04.52000
01.82000
02.15000
03.29000
03.35000
02.76000
02.26000
04.90000
02.03000
03.33000
02.78000
04.69000
01.67000
01.39000
01.52000
04.53000
01.81000
01.54000
02.73000
01.19000
03.55000
01.24000
04.52000
04.45000
02.91000
02.59000
04.99000
2
2
6
3
1
3
12
6
8
5
10
11
9
7
3
14
13
4
62.92162
