11
3
34.73000
43.96000
47.21000
28.29000
55.34000
68.63000
49.35000
83.53000
58.25000
38.81000
24.50000
26.21000
66.31000
19.50000
23.22000
45.62000
55.03000
53.76000
59.73000
45.04000
63.80000
33.78000
50.71000
74.62000
8.65000
73.66000
18.44000
51.45000
55.92000
18.09000
69.15000
51.06000
26.42000
09.11000
05.05000
07.18000
05.56000
07.80000
08.70000
07.15000
08.99000
05.50000
08.80000
06.28000
06.32000
05.06000
09.48000
07.29000
09.71000
08.19000
06.90000
07.91000
08.07000
07.12000
08.24000
07.13000
05.60000
05.24000
09.56000
08.95000
06.92000
06.61000
08.33000
05.77000
09.24000
05.94000
3
2
10
1
3
7
9
4
5
6
11
8
5
3
135.3095
