14
3
88.32000
44.21000
57.79000
2.20000
81.75000
28.01000
69.13000
67.93000
80.53000
67.56000
79.21000
81.68000
3.77000
12.77000
37.66000
2.66000
97.95000
34.27000
89.46000
11.85000
21.62000
83.13000
81.06000
92.75000
73.21000
75.68000
76.61000
82.50000
74.77000
96.78000
68.71000
9.32000
53.95000
89.24000
53.38000
20.15000
1.85000
24.85000
66.31000
59.37000
99.80000
21.88000
03.13000
01.62000
04.41000
02.46000
02.85000
04.21000
01.24000
03.14000
03.98000
03.60000
03.28000
04.69000
02.33000
03.99000
02.70000
04.26000
03.59000
04.10000
02.70000
04.75000
04.65000
04.06000
04.56000
04.62000
03.77000
01.92000
02.51000
01.59000
04.07000
04.23000
04.56000
01.87000
03.11000
03.61000
04.71000
01.56000
01.00000
02.45000
03.50000
01.36000
01.77000
04.40000
4
5
3
13
4
5
11
1
7
6
2
5
12
8
10
14
9
151.8371
