11
4
113.16000
141.73000
118.23000
101.88000
190.98000
172.87000
173.98000
109.79000
134.83000
192.71000
166.09000
172.65000
178.32000
105.95000
188.59000
110.87000
158.98000
170.64000
185.18000
193.46000
187.91000
112.52000
143.75000
131.55000
132.64000
144.52000
128.77000
161.01000
180.95000
142.35000
163.03000
174.87000
173.82000
154.63000
176.22000
157.99000
177.51000
188.95000
173.00000
186.95000
114.64000
116.45000
179.37000
166.91000
01.15000
03.73000
04.62000
02.72000
04.22000
04.65000
02.84000
02.93000
04.37000
03.94000
01.70000
04.52000
01.93000
01.26000
04.56000
03.66000
02.22000
01.72000
03.44000
02.48000
01.73000
01.93000
03.60000
03.85000
03.57000
01.07000
02.93000
02.11000
03.82000
03.61000
01.36000
03.23000
03.71000
03.78000
02.31000
03.18000
03.08000
01.51000
02.80000
02.05000
03.23000
01.06000
03.13000
03.81000
3
2
4
3
3
6
11
5
2
10
7
3
9
1
8
393.1567
