14
2
55.02000
27.04000
62.21000
73.28000
45.00000
54.25000
17.92000
59.51000
9.46000
19.31000
12.51000
51.06000
33.87000
13.86000
41.92000
77.45000
10.87000
59.11000
97.35000
37.96000
36.30000
28.16000
83.99000
94.92000
77.45000
7.99000
78.03000
83.19000
02.70000
02.33000
04.81000
01.98000
04.94000
01.61000
03.32000
04.36000
02.51000
04.68000
01.37000
02.34000
01.08000
04.42000
01.01000
04.79000
03.59000
02.35000
03.47000
04.82000
02.80000
04.47000
04.52000
03.40000
02.37000
03.53000
02.91000
04.56000
8
13
2
11
5
7
10
9
14
6
1
4
6
8
3
12
193.3071
