14
4
179.57000
121.81000
126.96000
190.20000
195.75000
166.91000
116.01000
194.49000
142.83000
140.55000
156.26000
197.64000
161.41000
183.35000
163.96000
152.03000
196.98000
155.30000
185.04000
195.82000
198.83000
156.81000
134.07000
146.47000
111.45000
198.00000
176.68000
169.61000
108.38000
172.23000
163.58000
190.86000
176.59000
107.35000
183.76000
170.52000
146.40000
154.21000
150.84000
157.24000
108.41000
103.44000
122.13000
137.54000
140.99000
108.53000
142.72000
122.73000
154.27000
119.61000
127.60000
163.62000
139.65000
144.21000
192.38000
175.82000
02.89000
02.76000
01.16000
04.64000
01.11000
01.77000
03.13000
01.04000
04.62000
02.34000
03.97000
02.57000
04.56000
03.62000
04.94000
02.90000
04.59000
01.25000
03.89000
01.37000
02.35000
01.29000
04.48000
04.02000
03.81000
01.58000
02.85000
02.97000
02.27000
03.34000
04.17000
01.74000
03.37000
04.66000
03.53000
02.22000
01.29000
01.58000
02.27000
02.86000
01.13000
03.21000
01.53000
02.24000
03.94000
03.52000
02.66000
01.87000
02.45000
04.54000
01.08000
03.81000
01.31000
04.94000
02.90000
02.20000
3
5
3
7
3
12
2
11
4
10
13
14
6
4
9
1
4
8
489.7578
