11
4
79.99000
49.75000
21.56000
80.37000
3.27000
2.03000
79.62000
79.65000
32.91000
8.87000
66.16000
20.87000
59.72000
8.78000
38.47000
23.72000
88.53000
61.43000
20.02000
43.42000
63.81000
14.91000
1.32000
81.08000
61.31000
89.59000
30.43000
9.75000
68.40000
13.64000
62.67000
1.10000
24.46000
32.52000
4.89000
12.70000
97.19000
28.90000
50.14000
33.55000
26.54000
3.83000
15.94000
40.69000
08.54000
05.09000
08.90000
09.61000
08.50000
05.96000
09.06000
08.99000
08.58000
09.82000
06.30000
07.45000
09.26000
07.87000
09.96000
06.99000
07.67000
05.48000
06.17000
05.23000
05.45000
09.38000
06.28000
08.38000
09.40000
09.46000
06.60000
09.24000
08.69000
06.64000
07.70000
06.85000
06.96000
05.54000
07.45000
08.45000
09.78000
08.72000
06.04000
08.54000
06.55000
06.39000
07.91000
06.96000
4
3
10
5
6
1
4
3
11
8
1
3
7
2
9
43.42131
