14
2
171.22000
137.73000
150.07000
182.59000
182.39000
189.63000
182.87000
149.34000
180.28000
191.25000
167.44000
133.97000
151.23000
135.16000
172.47000
161.33000
185.34000
126.11000
120.05000
141.17000
108.88000
120.82000
110.66000
130.93000
160.80000
138.92000
121.25000
163.80000
04.83000
03.08000
02.35000
02.96000
04.51000
03.43000
03.56000
03.65000
02.03000
02.07000
02.80000
02.46000
03.04000
03.89000
02.40000
01.82000
03.67000
01.39000
01.87000
03.48000
03.14000
04.39000
02.42000
02.20000
01.46000
02.83000
02.83000
01.99000
6
3
11
6
2
1
14
8
4
5
10
12
9
13
7
8
1053.336
