14
3
111.90000
160.43000
154.64000
115.69000
141.85000
128.95000
185.00000
173.27000
143.32000
134.27000
159.71000
108.63000
121.73000
127.50000
123.17000
158.14000
156.76000
157.94000
157.03000
189.97000
164.68000
149.10000
150.22000
143.57000
137.37000
180.94000
151.52000
179.04000
154.71000
103.44000
197.86000
124.05000
138.68000
126.14000
181.13000
101.01000
197.23000
160.36000
137.98000
109.77000
169.36000
147.08000
08.61000
05.82000
09.08000
08.14000
08.99000
08.33000
08.82000
05.14000
06.86000
05.40000
08.86000
09.31000
08.88000
06.87000
05.94000
09.89000
05.35000
07.85000
09.78000
05.23000
07.81000
09.96000
08.55000
08.00000
08.13000
05.41000
07.44000
06.70000
08.63000
07.83000
09.72000
08.68000
06.34000
05.46000
05.08000
09.15000
07.32000
07.69000
07.60000
09.92000
08.22000
05.87000
5
14
4
13
1
12
4
3
7
10
9
5
6
5
11
2
8
690.0486
