11
3
12.30000
37.10000
59.79000
72.79000
96.83000
5.19000
56.70000
18.43000
30.56000
54.65000
18.41000
98.55000
38.64000
28.78000
61.01000
48.25000
23.97000
88.62000
37.73000
17.51000
14.59000
69.97000
1.86000
33.30000
47.40000
20.51000
70.73000
77.10000
88.17000
44.06000
34.17000
60.26000
81.49000
07.08000
07.68000
05.52000
08.75000
06.51000
08.14000
09.84000
05.15000
06.38000
05.72000
05.81000
08.96000
06.05000
07.82000
08.42000
06.78000
08.87000
08.36000
05.40000
09.83000
05.98000
07.75000
09.43000
05.50000
09.63000
06.78000
05.73000
09.29000
09.92000
09.31000
06.83000
07.97000
09.97000
4
7
8
11
6
3
5
3
10
4
2
9
4
1
105.1127
