14
4
163.31000
158.72000
147.32000
118.02000
148.81000
156.73000
147.87000
167.41000
149.57000
167.65000
183.99000
100.02000
106.21000
132.11000
195.42000
199.50000
132.92000
195.91000
190.30000
169.43000
188.26000
153.26000
172.51000
105.61000
113.74000
109.66000
107.67000
173.64000
191.10000
136.53000
161.61000
168.53000
173.55000
156.98000
113.22000
100.71000
191.96000
123.54000
146.09000
174.31000
136.96000
126.85000
163.08000
150.26000
194.82000
116.55000
161.77000
153.40000
140.89000
150.27000
134.12000
121.61000
168.43000
106.87000
195.76000
170.50000
02.99000
02.23000
04.36000
04.70000
03.89000
01.89000
03.96000
02.69000
03.96000
04.99000
04.29000
03.69000
02.33000
02.67000
04.50000
04.29000
03.12000
02.96000
01.60000
02.62000
01.45000
03.30000
01.21000
02.01000
04.37000
04.76000
03.46000
02.57000
02.37000
03.39000
01.92000
03.70000
04.76000
01.48000
04.52000
04.88000
03.84000
03.03000
02.36000
02.08000
04.73000
01.17000
02.83000
02.67000
03.19000
04.02000
01.59000
03.15000
04.77000
01.32000
04.50000
04.81000
01.56000
04.88000
01.71000
01.80000
3
2
1
4
4
3
13
11
12
4
14
10
7
8
3
5
6
9
488.2744
