14
3
18.26000
68.16000
52.61000
50.79000
10.66000
63.54000
50.17000
98.93000
62.97000
3.36000
69.34000
32.49000
43.28000
45.32000
48.07000
47.71000
41.01000
58.22000
99.78000
96.22000
97.46000
32.35000
87.47000
6.50000
91.61000
79.77000
11.88000
10.16000
95.43000
57.22000
57.22000
69.17000
58.36000
16.87000
82.90000
60.17000
54.65000
10.20000
8.88000
57.95000
90.82000
42.58000
01.64000
01.54000
04.77000
04.35000
01.42000
01.15000
04.21000
02.61000
02.00000
01.07000
04.08000
03.31000
01.37000
04.17000
03.60000
04.13000
04.12000
03.24000
03.05000
01.79000
01.52000
03.20000
02.82000
02.27000
02.04000
03.35000
04.82000
03.50000
04.99000
05.00000
04.59000
01.06000
04.94000
01.79000
03.71000
01.58000
01.90000
01.07000
02.98000
02.85000
01.09000
04.17000
5
7
4
1
5
10
5
2
8
3
14
13
4
9
12
6
11
150.8986
