14
2
156.02000
145.37000
117.51000
152.83000
188.86000
190.58000
145.72000
185.06000
127.77000
151.72000
188.78000
145.12000
146.56000
108.86000
143.38000
155.03000
109.39000
142.55000
104.80000
193.39000
110.34000
145.29000
183.28000
137.56000
107.45000
161.07000
143.25000
108.25000
02.27000
03.00000
01.81000
02.30000
01.22000
04.03000
01.44000
03.01000
03.70000
03.40000
03.54000
04.64000
04.84000
03.50000
02.43000
02.08000
04.75000
01.36000
01.11000
03.60000
03.82000
02.27000
04.00000
02.66000
01.59000
03.86000
03.35000
04.79000
7
1
4
3
2
9
14
12
7
5
11
8
6
10
13
7
1027.041
