11
4
105.21000
169.83000
125.58000
108.27000
142.74000
192.92000
111.77000
191.34000
112.73000
196.11000
150.71000
139.45000
135.18000
141.79000
181.39000
177.68000
105.88000
142.82000
116.86000
157.92000
147.51000
168.68000
190.31000
179.33000
181.87000
197.01000
137.89000
181.69000
119.69000
107.20000
113.61000
172.36000
130.97000
182.39000
130.50000
140.98000
105.48000
142.20000
145.94000
138.01000
116.34000
105.36000
106.12000
146.20000
07.31000
07.08000
05.76000
05.48000
05.01000
07.26000
06.79000
07.28000
09.09000
06.67000
06.15000
07.75000
08.58000
05.98000
09.13000
06.99000
05.76000
06.42000
07.22000
06.17000
08.55000
09.39000
06.61000
09.95000
05.08000
09.66000
09.21000
09.64000
09.77000
08.81000
08.83000
07.34000
09.69000
07.41000
05.42000
08.53000
05.49000
06.06000
08.54000
07.23000
09.92000
05.47000
06.21000
05.50000
3
3
4
1
3
6
8
2
2
5
7
3
11
9
10
384.4873
