14
2
90.23000
93.36000
34.39000
51.70000
92.73000
82.58000
18.38000
88.39000
23.89000
59.72000
38.72000
25.80000
55.79000
5.06000
6.08000
16.88000
60.48000
8.65000
93.72000
49.97000
61.95000
54.44000
96.14000
36.22000
56.52000
60.54000
77.15000
95.14000
01.14000
01.72000
01.83000
01.96000
01.74000
03.48000
04.79000
04.10000
03.23000
02.96000
03.59000
02.52000
04.75000
02.54000
01.74000
02.98000
04.39000
04.76000
03.17000
03.09000
01.39000
02.44000
01.18000
03.11000
01.47000
03.19000
04.03000
04.59000
7
5
3
11
12
9
7
14
7
8
13
6
10
2
1
4
263.4586
