14
2
45.92000
18.21000
12.33000
74.33000
97.97000
18.15000
28.91000
34.38000
15.36000
24.66000
9.23000
53.03000
50.60000
98.47000
44.49000
7.48000
28.46000
39.24000
86.23000
90.60000
29.33000
41.90000
66.82000
96.81000
62.83000
39.78000
81.02000
77.56000
07.59000
08.54000
06.52000
06.11000
09.96000
09.51000
06.92000
08.28000
08.05000
09.80000
08.13000
06.88000
08.59000
05.21000
08.86000
07.75000
05.85000
07.54000
09.86000
08.81000
06.95000
07.20000
07.94000
09.34000
05.92000
05.40000
08.75000
06.54000
8
14
13
7
10
3
9
6
11
6
5
12
8
4
1
2
301.1094
