11
3
155.40000
184.02000
134.81000
191.55000
162.05000
159.17000
154.04000
111.04000
138.68000
115.95000
178.37000
162.24000
108.41000
139.51000
145.48000
195.05000
164.74000
118.35000
121.15000
198.23000
171.36000
133.75000
184.64000
148.01000
143.88000
105.23000
136.45000
174.77000
105.30000
188.89000
187.26000
194.80000
111.40000
09.29000
05.40000
05.81000
06.82000
06.43000
09.71000
08.30000
07.65000
06.91000
07.48000
07.59000
06.19000
06.68000
08.03000
06.55000
09.55000
08.48000
09.52000
08.93000
06.81000
09.07000
08.73000
05.46000
06.43000
09.91000
09.20000
07.19000
09.68000
05.56000
05.20000
09.16000
05.89000
08.33000
4
3
9
10
8
3
1
6
2
4
7
5
11
4
551.1631
