14
3
134.20000
184.99000
170.18000
161.68000
109.49000
173.09000
109.48000
152.23000
140.91000
185.33000
173.85000
160.27000
188.59000
140.03000
181.72000
195.69000
127.97000
124.26000
195.53000
100.55000
138.22000
159.08000
130.25000
113.36000
139.66000
191.85000
126.82000
198.90000
102.92000
189.97000
120.84000
192.93000
153.30000
141.78000
122.01000
184.67000
132.40000
180.76000
134.51000
123.70000
108.93000
190.05000
05.20000
09.08000
05.24000
09.55000
09.02000
09.52000
05.12000
08.72000
05.12000
08.91000
05.70000
06.59000
06.99000
07.01000
06.56000
06.76000
06.07000
07.72000
05.52000
08.89000
06.54000
07.26000
07.67000
08.02000
08.41000
09.06000
09.38000
06.94000
06.06000
07.46000
08.86000
06.71000
07.79000
05.33000
06.77000
05.81000
07.18000
08.96000
08.68000
05.40000
06.40000
08.36000
4
14
2
8
5
5
3
9
4
10
6
5
12
7
1
13
11
688.1576
