14
2
26.29000
21.12000
77.29000
36.29000
51.37000
87.95000
42.72000
85.47000
35.74000
51.14000
53.49000
70.67000
9.20000
45.67000
71.82000
24.17000
43.67000
2.98000
6.87000
53.48000
17.32000
52.95000
33.52000
3.96000
64.98000
83.84000
23.78000
1.28000
07.18000
09.01000
05.64000
07.63000
08.33000
09.54000
08.48000
05.98000
05.95000
06.08000
09.76000
09.34000
05.55000
08.18000
09.26000
08.44000
09.18000
09.85000
08.62000
09.84000
06.60000
09.53000
06.91000
06.01000
05.61000
09.91000
08.53000
07.88000
5
12
9
11
1
2
9
8
6
3
13
7
5
10
4
14
249.0595
