14
3
183.26000
134.49000
135.30000
166.71000
167.31000
135.00000
172.80000
113.21000
180.50000
175.24000
190.38000
193.55000
134.51000
162.57000
107.15000
194.60000
155.74000
168.26000
190.48000
176.83000
190.38000
122.21000
151.70000
107.19000
111.46000
121.35000
195.83000
152.04000
186.77000
160.88000
146.10000
177.45000
178.46000
199.65000
132.31000
182.09000
111.72000
187.25000
187.22000
158.98000
131.80000
120.90000
06.72000
08.30000
09.70000
06.72000
09.31000
08.82000
08.69000
08.20000
05.72000
08.47000
07.61000
08.44000
06.72000
08.63000
07.70000
06.67000
05.02000
07.47000
06.94000
09.77000
06.29000
05.47000
08.32000
06.34000
07.17000
06.14000
08.59000
08.95000
08.10000
09.52000
08.18000
06.13000
09.97000
07.55000
08.41000
05.26000
05.06000
09.58000
06.54000
08.63000
09.08000
08.54000
4
1
4
5
2
5
8
12
6
10
11
5
9
3
7
13
14
749.0038
