14
2
118.54000
118.43000
131.12000
139.38000
170.56000
167.00000
181.25000
196.45000
171.62000
111.96000
164.19000
136.82000
145.53000
183.39000
151.02000
151.21000
164.36000
147.68000
160.04000
194.78000
137.52000
148.99000
172.83000
168.38000
168.55000
162.56000
103.83000
142.72000
01.13000
01.97000
03.29000
04.41000
03.29000
04.10000
01.80000
03.64000
03.80000
02.91000
04.61000
01.13000
03.83000
02.80000
02.82000
04.22000
02.21000
01.17000
01.29000
02.61000
02.11000
03.75000
01.55000
03.64000
01.31000
03.11000
01.88000
02.83000
7
12
1
2
9
6
3
10
7
11
4
5
7
13
14
8
1055.425
