14
3
16.42000
54.51000
66.13000
28.22000
69.81000
98.20000
35.00000
27.82000
28.10000
31.45000
24.37000
92.32000
79.57000
97.07000
98.46000
59.19000
48.71000
18.82000
64.98000
31.95000
54.21000
85.06000
57.25000
65.69000
86.42000
57.96000
86.83000
68.71000
62.92000
82.13000
90.58000
98.64000
85.19000
12.81000
38.33000
36.91000
57.71000
87.05000
93.34000
66.31000
84.48000
73.54000
04.41000
01.29000
02.90000
01.65000
03.74000
04.49000
01.75000
04.23000
04.65000
04.64000
03.18000
01.50000
02.33000
02.31000
04.43000
01.60000
01.09000
03.10000
04.64000
01.38000
04.11000
01.83000
04.30000
01.84000
01.45000
02.94000
03.99000
04.08000
03.39000
03.73000
01.72000
01.21000
02.08000
04.48000
01.23000
01.56000
01.86000
04.38000
01.79000
02.43000
04.13000
01.48000
6
2
7
11
10
9
1
4
3
14
5
4
4
12
8
13
6
207.4696
