14
2
79.77000
34.89000
36.64000
35.92000
41.78000
17.67000
99.68000
47.28000
6.01000
7.81000
90.12000
43.75000
76.51000
16.52000
60.22000
23.37000
69.70000
66.82000
9.30000
75.90000
18.51000
60.93000
40.33000
58.49000
68.80000
81.98000
99.54000
72.07000
07.39000
05.48000
09.33000
07.95000
06.53000
07.17000
05.82000
05.47000
05.65000
08.07000
08.62000
05.56000
08.98000
06.46000
05.86000
05.51000
08.05000
07.59000
09.03000
09.33000
05.16000
06.67000
07.59000
06.57000
09.72000
09.48000
09.70000
06.91000
8
13
12
4
3
14
6
9
10
6
1
8
11
2
7
5
284.9617
