11
4
122.64000
159.51000
142.46000
158.82000
135.03000
186.56000
167.95000
122.80000
133.78000
172.62000
150.11000
151.88000
113.53000
180.45000
138.80000
126.35000
182.39000
197.79000
165.00000
127.99000
132.32000
175.13000
102.33000
125.25000
111.16000
135.69000
138.54000
173.47000
158.31000
124.94000
169.30000
101.41000
195.33000
191.48000
110.32000
136.69000
151.31000
111.45000
100.95000
180.22000
136.20000
132.43000
159.00000
182.55000
02.72000
02.43000
04.67000
04.97000
02.14000
04.34000
03.02000
02.95000
04.21000
04.18000
03.58000
03.37000
01.19000
02.94000
04.27000
02.67000
03.40000
01.58000
04.10000
03.70000
04.89000
02.03000
03.84000
04.00000
01.67000
01.77000
01.53000
04.51000
02.55000
01.85000
04.88000
04.44000
01.65000
04.78000
04.77000
01.41000
03.02000
04.74000
02.49000
03.04000
01.94000
01.57000
01.13000
02.61000
2
11
4
3
2
5
10
3
3
7
1
3
9
8
6
378.9888
