14
3
27.69000
51.90000
58.50000
76.37000
26.18000
19.84000
78.71000
47.14000
7.57000
43.22000
1.16000
32.34000
36.78000
28.03000
34.31000
17.25000
14.32000
61.24000
73.59000
66.93000
95.91000
69.93000
23.95000
61.86000
6.20000
1.21000
73.68000
46.85000
24.36000
82.69000
40.25000
80.89000
61.84000
10.40000
70.32000
30.92000
81.77000
5.27000
83.76000
91.80000
95.69000
74.62000
09.68000
09.97000
09.81000
08.37000
09.05000
06.56000
07.17000
09.26000
07.96000
08.59000
05.05000
05.55000
09.08000
07.78000
06.87000
08.81000
05.54000
08.62000
08.16000
06.91000
07.02000
05.47000
05.50000
07.75000
05.79000
07.25000
07.87000
07.06000
08.33000
07.50000
09.21000
08.53000
07.84000
09.05000
09.26000
09.56000
08.22000
05.51000
08.78000
07.62000
05.21000
08.27000
4
13
14
5
1
6
4
9
3
2
11
12
4
7
8
6
10
135.2414
