14
2
10.45000
14.74000
1.70000
52.95000
73.12000
82.13000
37.39000
76.60000
92.38000
24.62000
78.60000
76.86000
23.76000
1.92000
77.19000
68.26000
61.92000
13.19000
65.92000
16.00000
86.35000
43.67000
22.90000
89.48000
24.31000
24.51000
42.87000
43.13000
08.33000
09.13000
07.88000
08.78000
07.85000
08.63000
09.13000
05.06000
09.25000
07.37000
09.87000
05.21000
09.28000
06.14000
07.24000
09.07000
08.49000
06.39000
05.03000
09.39000
09.78000
05.59000
05.44000
08.48000
06.97000
05.11000
09.12000
08.54000
8
8
7
10
13
2
1
14
3
6
5
12
9
11
4
6
216.625
