11
3
52.62000
25.00000
77.26000
47.75000
29.08000
39.97000
65.59000
79.74000
82.93000
17.04000
36.15000
9.62000
15.78000
82.94000
78.75000
43.20000
7.00000
57.87000
45.22000
21.54000
68.50000
61.65000
85.01000
8.40000
3.73000
91.08000
22.44000
23.23000
2.70000
64.20000
22.70000
17.87000
78.77000
01.65000
04.20000
04.16000
04.23000
04.52000
04.35000
03.37000
04.85000
01.07000
01.66000
02.80000
03.83000
02.89000
02.44000
02.35000
03.88000
01.66000
01.63000
02.90000
02.20000
04.97000
03.89000
04.42000
02.96000
03.69000
02.77000
01.11000
04.47000
01.20000
02.37000
02.25000
01.99000
04.43000
2
11
4
4
8
2
6
1
5
5
9
10
7
3
85.27551
