11
4
67.68000
43.96000
91.28000
82.65000
28.75000
28.44000
21.23000
34.84000
36.64000
82.15000
67.61000
49.20000
7.55000
1.94000
77.49000
33.34000
66.18000
27.76000
68.36000
92.33000
5.53000
61.91000
23.38000
6.68000
32.91000
12.97000
20.20000
42.85000
33.60000
58.05000
47.21000
45.02000
59.85000
15.99000
20.46000
55.50000
12.29000
55.82000
80.36000
55.99000
78.09000
20.84000
81.69000
38.91000
09.65000
06.38000
07.43000
09.53000
08.57000
07.06000
06.68000
05.73000
06.64000
08.51000
09.55000
06.37000
05.92000
05.71000
06.40000
05.93000
07.01000
09.58000
08.38000
05.40000
07.42000
08.44000
06.83000
08.47000
09.94000
07.23000
06.73000
07.73000
09.88000
05.76000
08.32000
08.39000
07.21000
08.09000
09.44000
08.10000
08.08000
06.87000
07.99000
08.47000
06.36000
08.23000
06.66000
07.75000
2
8
6
4
7
2
10
3
3
1
5
4
2
11
9
65.00867
