14
4
167.09000
169.78000
172.31000
126.08000
171.58000
188.35000
144.98000
149.15000
197.58000
126.07000
159.47000
161.69000
185.72000
123.59000
145.80000
140.47000
124.24000
159.86000
111.63000
195.42000
128.66000
180.35000
121.04000
172.85000
159.47000
156.13000
139.65000
138.39000
192.22000
177.95000
181.22000
166.71000
113.19000
163.48000
174.47000
167.10000
176.38000
101.38000
155.25000
115.17000
172.40000
182.28000
102.07000
176.91000
150.14000
104.06000
147.49000
165.84000
171.07000
151.70000
122.82000
176.09000
129.71000
178.46000
143.68000
123.27000
09.28000
05.37000
09.07000
05.15000
05.06000
09.35000
05.25000
09.09000
08.86000
06.71000
06.40000
05.85000
09.60000
06.35000
08.09000
07.36000
06.47000
08.50000
06.31000
05.03000
09.53000
06.96000
09.25000
05.57000
09.88000
08.38000
07.05000
09.15000
07.97000
06.33000
05.89000
09.45000
07.68000
06.67000
05.39000
08.19000
07.31000
05.41000
08.01000
06.03000
08.27000
08.95000
09.27000
09.05000
08.53000
07.85000
08.21000
09.27000
06.76000
09.90000
08.91000
07.55000
05.60000
06.32000
09.03000
06.54000
3
2
7
3
3
6
8
9
4
12
11
10
5
4
14
13
4
1
536.0928
