11
3
146.80000
183.85000
151.93000
189.18000
197.28000
179.85000
156.31000
135.43000
158.07000
143.42000
198.12000
162.25000
129.51000
106.67000
160.45000
191.86000
182.04000
116.64000
148.05000
179.94000
183.42000
179.21000
131.87000
191.11000
115.39000
116.19000
176.01000
161.10000
140.64000
147.13000
137.04000
136.28000
179.81000
07.54000
07.01000
05.74000
05.31000
05.59000
06.46000
08.25000
08.20000
06.55000
07.09000
08.34000
05.07000
09.01000
06.67000
08.77000
06.23000
05.74000
08.63000
09.03000
08.70000
07.09000
06.52000
09.52000
05.65000
08.84000
09.02000
08.33000
06.62000
06.14000
09.94000
05.30000
09.38000
05.81000
3
5
11
8
4
6
3
2
7
4
9
10
1
4
588.1368
