14
3
110.11000
145.30000
188.70000
175.21000
173.30000
197.61000
128.30000
171.29000
118.99000
195.75000
197.45000
159.65000
113.55000
114.27000
194.24000
195.89000
155.19000
184.74000
161.63000
141.19000
130.64000
131.77000
187.21000
189.54000
137.70000
150.00000
168.22000
112.01000
179.28000
108.56000
110.75000
185.30000
174.29000
186.80000
161.15000
149.46000
133.78000
108.25000
186.74000
120.09000
132.68000
112.33000
06.06000
09.56000
08.62000
09.70000
07.01000
08.17000
08.77000
05.85000
06.29000
07.49000
08.94000
09.49000
06.44000
08.83000
09.98000
07.43000
07.44000
08.25000
08.72000
08.80000
05.95000
06.27000
05.06000
07.91000
09.79000
05.57000
06.91000
06.60000
07.33000
05.91000
09.51000
09.25000
07.68000
07.63000
05.34000
05.30000
05.32000
06.70000
05.61000
07.97000
06.50000
09.70000
5
9
1
13
7
14
4
4
5
6
11
5
8
2
10
12
3
709.7739
