14
4
194.39000
160.24000
160.10000
164.13000
131.57000
160.71000
138.89000
192.54000
137.14000
127.22000
106.39000
157.31000
151.72000
100.39000
108.29000
158.84000
106.11000
181.59000
118.33000
100.97000
115.67000
100.19000
193.83000
187.46000
173.51000
195.97000
100.41000
183.93000
105.80000
181.94000
144.16000
175.91000
174.70000
102.11000
133.77000
109.38000
182.69000
171.53000
107.79000
187.40000
120.39000
180.82000
184.91000
160.83000
152.16000
109.90000
111.65000
111.56000
190.34000
105.27000
140.18000
155.47000
138.12000
151.64000
186.11000
108.20000
08.38000
08.43000
05.97000
07.95000
08.00000
08.88000
09.98000
09.83000
08.62000
05.67000
06.93000
07.51000
09.14000
07.71000
07.46000
09.28000
09.80000
06.79000
07.80000
07.62000
05.84000
09.29000
09.57000
05.56000
05.88000
06.45000
07.93000
08.24000
09.59000
07.83000
06.99000
07.04000
05.87000
06.73000
05.78000
09.57000
07.53000
09.49000
08.16000
06.66000
05.99000
07.52000
09.80000
05.36000
08.06000
07.75000
05.29000
05.06000
07.46000
06.38000
06.76000
07.04000
06.67000
08.62000
06.88000
08.95000
3
10
2
9
4
7
1
6
3
3
12
13
11
4
5
8
4
14
479.0267
