11
4
40.72000
68.69000
99.96000
49.33000
18.73000
49.79000
74.30000
62.73000
73.72000
6.56000
46.74000
88.39000
38.51000
9.16000
25.34000
14.58000
54.47000
26.15000
59.78000
89.11000
98.89000
75.45000
41.46000
46.64000
54.09000
90.74000
98.43000
82.44000
61.96000
20.59000
54.88000
27.78000
14.17000
38.21000
13.75000
49.96000
92.19000
13.04000
57.95000
3.63000
98.60000
23.66000
30.44000
99.82000
09.28000
09.66000
07.13000
07.08000
06.57000
06.80000
05.59000
09.94000
08.44000
08.86000
05.60000
05.33000
09.49000
08.73000
06.78000
07.11000
05.48000
07.38000
05.59000
07.67000
08.40000
07.38000
08.19000
06.75000
08.80000
07.75000
09.92000
07.00000
08.59000
09.68000
08.13000
07.21000
08.07000
06.62000
09.46000
07.55000
06.70000
08.68000
08.82000
08.45000
07.42000
06.57000
05.31000
09.00000
2
6
5
3
2
4
3
3
10
8
11
3
1
9
7
77.3634
