14
3
121.01000
199.98000
170.33000
161.60000
134.76000
166.38000
180.01000
134.20000
101.58000
198.30000
148.20000
191.24000
170.26000
155.84000
172.82000
117.50000
157.47000
194.46000
175.74000
151.33000
156.57000
104.42000
196.98000
190.44000
172.98000
139.94000
175.55000
175.78000
160.92000
118.65000
189.71000
112.99000
199.94000
149.20000
189.67000
111.52000
169.52000
167.86000
161.16000
130.75000
120.76000
143.32000
01.76000
01.64000
03.40000
04.59000
03.25000
01.76000
01.16000
04.51000
01.43000
02.59000
01.96000
01.85000
04.45000
02.90000
03.48000
01.33000
03.37000
03.25000
03.38000
02.10000
01.76000
03.66000
04.64000
03.29000
04.63000
01.07000
04.58000
02.00000
01.35000
02.33000
02.38000
01.41000
02.90000
02.10000
02.90000
04.05000
04.84000
04.86000
01.89000
04.77000
03.05000
04.37000
5
11
9
1
5
8
4
12
7
10
3
5
4
6
2
13
14
672.1644
