14
4
118.50000
192.73000
124.60000
115.53000
156.00000
175.55000
192.78000
165.36000
140.01000
102.53000
127.78000
129.66000
111.15000
114.31000
186.63000
125.10000
172.98000
143.02000
149.53000
158.36000
136.97000
104.33000
181.01000
139.12000
152.34000
145.93000
146.69000
132.98000
162.79000
142.72000
122.98000
118.29000
157.40000
133.13000
152.37000
186.06000
119.22000
100.92000
194.28000
126.52000
138.88000
136.69000
165.38000
187.92000
154.18000
196.43000
173.50000
120.80000
100.30000
150.51000
136.52000
200.00000
109.13000
108.72000
170.08000
141.13000
01.07000
03.36000
04.79000
03.20000
01.73000
02.83000
02.27000
03.14000
01.81000
02.01000
04.74000
02.33000
04.44000
04.01000
03.89000
04.05000
01.64000
01.13000
02.82000
04.78000
04.94000
03.00000
02.51000
04.82000
03.07000
04.24000
03.11000
04.28000
02.72000
04.10000
04.51000
04.18000
01.65000
03.79000
03.78000
03.09000
01.52000
03.20000
02.54000
02.27000
03.45000
03.44000
03.13000
03.23000
01.65000
04.51000
02.76000
02.14000
01.22000
01.37000
04.79000
04.49000
02.26000
02.74000
03.37000
04.40000
4
1
10
14
13
3
3
5
2
3
9
8
4
4
7
6
11
12
459.502
