14
3
72.00000
20.24000
31.50000
82.84000
60.81000
7.22000
52.70000
47.60000
12.98000
84.72000
34.15000
57.43000
95.90000
23.00000
54.58000
46.97000
28.98000
77.16000
10.58000
18.19000
61.51000
17.10000
73.05000
27.66000
23.95000
31.60000
65.57000
86.53000
17.57000
63.68000
65.33000
91.20000
33.36000
6.88000
22.79000
82.24000
82.24000
37.44000
57.80000
42.09000
61.69000
57.86000
04.51000
03.28000
01.63000
04.45000
03.81000
03.26000
03.80000
02.65000
04.63000
02.83000
02.84000
04.96000
04.65000
03.84000
01.23000
01.63000
04.29000
02.78000
04.12000
02.76000
02.94000
03.48000
03.67000
02.31000
02.65000
01.21000
03.26000
04.94000
02.20000
02.92000
02.05000
04.88000
02.33000
04.55000
02.54000
02.75000
04.52000
03.15000
02.68000
02.96000
03.18000
04.55000
6
3
11
2
14
9
6
4
4
12
8
5
4
13
10
7
1
143.8894
