14
2
159.38000
121.39000
175.74000
117.49000
170.68000
108.68000
199.50000
176.07000
131.59000
139.82000
100.40000
109.16000
153.44000
132.39000
179.40000
105.92000
136.16000
138.07000
140.64000
116.69000
190.73000
171.72000
110.91000
184.65000
102.20000
138.54000
192.19000
168.00000
04.16000
03.76000
03.80000
02.12000
01.08000
01.12000
03.35000
01.04000
04.29000
01.47000
01.88000
03.28000
04.43000
02.69000
02.76000
04.98000
02.38000
02.08000
03.84000
02.17000
01.39000
03.66000
02.08000
02.75000
03.81000
03.50000
01.26000
03.74000
7
8
6
10
4
1
13
12
7
7
3
9
14
5
11
2
1020.592
