11
3
95.08000
66.24000
41.24000
38.52000
96.92000
70.50000
20.79000
77.35000
48.08000
75.64000
96.98000
66.49000
38.22000
33.03000
29.76000
54.75000
18.06000
75.92000
68.64000
72.59000
70.82000
38.72000
46.23000
41.35000
42.62000
55.90000
81.65000
26.50000
94.77000
85.16000
2.69000
64.67000
85.12000
09.83000
05.06000
06.48000
09.52000
06.87000
06.99000
07.25000
07.50000
06.67000
05.74000
07.21000
06.43000
07.26000
05.46000
08.40000
09.11000
08.50000
08.02000
07.30000
08.00000
06.26000
07.17000
06.24000
09.63000
09.87000
08.68000
08.93000
05.51000
08.51000
07.29000
05.29000
06.56000
06.59000
3
8
3
7
4
5
11
4
6
4
10
1
2
9
164.7414
