11
3
99.77000
81.91000
88.47000
9.18000
73.51000
73.88000
71.22000
18.03000
16.06000
79.48000
80.79000
76.81000
51.74000
95.87000
44.31000
79.71000
77.27000
14.44000
43.78000
40.22000
42.85000
65.99000
49.54000
5.85000
21.25000
21.05000
51.11000
26.24000
51.34000
87.00000
33.23000
42.40000
6.64000
03.67000
02.51000
02.73000
02.80000
04.25000
03.82000
01.99000
02.60000
03.66000
04.05000
04.06000
01.33000
01.40000
04.20000
03.58000
01.48000
01.38000
04.60000
03.50000
02.33000
01.69000
03.44000
03.52000
01.04000
03.55000
04.72000
03.81000
02.25000
02.67000
03.44000
02.52000
01.54000
01.92000
3
5
8
4
3
10
9
7
5
1
6
3
2
11
113.0775
