11
3
179.77000
179.93000
106.86000
161.60000
117.23000
178.04000
185.95000
183.49000
167.91000
195.58000
121.21000
190.74000
163.59000
150.33000
196.05000
157.01000
132.85000
124.11000
199.64000
183.01000
192.53000
194.12000
123.79000
172.53000
102.03000
141.42000
183.01000
171.91000
124.14000
132.61000
145.43000
125.80000
127.93000
02.11000
03.20000
03.92000
01.25000
03.76000
02.52000
04.35000
02.25000
02.88000
04.07000
04.10000
03.98000
04.20000
04.39000
04.96000
03.28000
03.72000
04.81000
01.14000
02.97000
01.45000
04.25000
01.71000
03.52000
02.30000
03.15000
03.84000
02.03000
03.17000
01.68000
01.64000
03.56000
01.29000
4
4
5
11
3
3
9
2
6
4
8
1
7
10
525.1013
