11
3
159.07000
147.30000
104.52000
137.60000
183.08000
176.01000
175.55000
181.46000
101.11000
151.13000
103.28000
103.23000
147.87000
172.17000
136.49000
130.50000
193.25000
142.96000
126.08000
119.70000
146.96000
189.70000
175.38000
182.24000
135.09000
163.17000
121.94000
173.69000
156.08000
122.87000
166.36000
155.82000
151.27000
02.19000
04.18000
04.83000
04.67000
02.90000
03.15000
04.43000
01.11000
04.89000
02.62000
04.79000
03.81000
02.67000
02.44000
03.98000
04.86000
03.00000
03.05000
04.54000
03.55000
04.90000
02.61000
02.42000
02.54000
03.40000
02.33000
03.76000
03.58000
02.85000
04.96000
02.93000
04.80000
01.95000
4
10
4
3
11
4
2
9
8
1
3
7
6
5
521.9228
