14
3
100.26000
161.62000
162.98000
191.17000
136.78000
123.22000
186.15000
187.74000
174.92000
116.36000
177.14000
115.82000
113.08000
166.39000
139.31000
139.35000
167.59000
128.90000
124.52000
113.57000
128.04000
100.64000
189.97000
112.31000
114.41000
146.68000
121.18000
163.66000
188.54000
169.36000
117.46000
187.52000
164.28000
115.74000
128.16000
156.92000
152.89000
148.47000
112.84000
110.69000
123.87000
120.24000
07.05000
07.76000
06.07000
08.76000
09.85000
08.77000
05.91000
08.00000
06.86000
06.38000
08.79000
07.60000
05.83000
09.29000
06.32000
09.29000
05.41000
07.21000
08.05000
05.42000
06.21000
05.00000
07.82000
09.82000
06.94000
07.35000
05.30000
05.79000
06.29000
09.69000
09.50000
06.68000
05.51000
08.11000
06.64000
08.24000
08.51000
06.14000
07.14000
08.47000
07.35000
08.40000
5
13
10
12
1
5
5
6
7
8
4
11
4
9
2
14
3
671.7345
