11
4
179.88000
109.28000
104.43000
138.62000
174.20000
112.60000
144.28000
198.78000
194.73000
189.76000
130.63000
107.60000
161.37000
197.51000
175.63000
156.91000
154.10000
181.50000
104.99000
191.99000
161.50000
134.08000
168.52000
154.93000
198.24000
135.00000
115.85000
155.49000
182.69000
190.25000
185.08000
138.11000
134.35000
169.85000
169.56000
121.87000
155.94000
127.46000
168.73000
138.58000
172.41000
132.18000
156.41000
110.20000
01.24000
02.79000
02.50000
01.60000
02.59000
03.30000
02.89000
03.79000
01.79000
03.96000
02.69000
01.26000
04.45000
04.33000
03.73000
01.32000
01.55000
04.73000
04.94000
04.08000
01.89000
01.90000
01.01000
01.49000
02.21000
04.78000
01.12000
03.47000
02.37000
04.69000
03.60000
04.59000
03.46000
01.42000
03.13000
02.10000
04.82000
02.60000
01.58000
04.70000
01.69000
03.14000
02.41000
01.70000
3
4
2
6
3
5
1
8
2
7
10
3
11
3
9
373.7014
