14
2
189.04000
107.10000
165.11000
192.20000
173.08000
193.33000
109.70000
145.48000
110.75000
147.73000
101.08000
113.22000
144.61000
119.13000
145.40000
102.10000
153.55000
174.42000
139.51000
131.52000
173.85000
188.48000
178.69000
136.96000
177.71000
195.17000
146.15000
157.89000
07.22000
05.60000
05.20000
08.20000
08.46000
09.72000
05.02000
07.42000
06.98000
08.93000
08.13000
09.78000
06.38000
05.90000
09.25000
08.05000
07.51000
05.48000
09.80000
07.14000
08.04000
08.28000
06.41000
07.64000
08.86000
09.99000
06.59000
08.63000
8
3
13
7
14
2
9
11
12
6
4
8
6
10
1
5
1187.545
