11
4
27.98000
92.94000
44.09000
76.18000
26.66000
19.11000
17.83000
75.26000
84.52000
26.91000
21.38000
21.35000
35.31000
5.65000
2.24000
46.96000
64.26000
29.63000
19.12000
60.80000
85.31000
74.32000
65.04000
4.38000
61.66000
73.56000
39.14000
70.43000
45.83000
55.70000
55.81000
15.84000
67.92000
52.20000
7.49000
74.55000
70.32000
85.55000
39.25000
25.25000
64.68000
56.46000
24.82000
69.75000
05.39000
09.94000
06.80000
08.99000
08.61000
09.45000
09.43000
08.08000
09.11000
07.85000
08.78000
08.13000
05.50000
05.18000
09.09000
06.41000
06.09000
09.33000
07.13000
07.72000
09.12000
06.59000
08.37000
07.92000
05.94000
09.65000
06.72000
07.65000
08.38000
07.72000
09.86000
06.91000
06.34000
08.27000
08.32000
08.38000
08.70000
08.03000
06.13000
06.29000
07.81000
08.50000
07.20000
06.24000
3
11
6
7
4
8
1
3
4
3
5
10
2
1
9
63.91539
