14
4
22.85000
74.53000
68.53000
83.58000
88.60000
91.18000
88.08000
15.74000
96.76000
97.41000
70.15000
7.10000
87.54000
34.45000
72.33000
93.66000
81.49000
51.52000
21.01000
58.26000
35.12000
72.49000
94.82000
77.60000
96.86000
81.69000
61.73000
18.65000
12.33000
70.67000
40.89000
64.38000
98.46000
64.87000
97.26000
95.71000
73.24000
7.27000
87.13000
70.61000
26.39000
86.59000
22.94000
37.65000
91.47000
70.97000
86.97000
29.12000
11.36000
25.42000
89.34000
98.93000
75.33000
16.45000
45.52000
64.54000
04.28000
01.34000
03.45000
03.07000
01.98000
01.24000
03.25000
01.71000
03.65000
03.39000
04.58000
02.17000
04.43000
02.94000
02.44000
01.75000
03.69000
04.35000
03.63000
03.27000
04.79000
03.53000
02.66000
03.15000
01.78000
01.14000
03.65000
01.52000
04.09000
02.12000
01.89000
04.27000
04.43000
01.86000
02.35000
04.02000
03.28000
04.88000
03.87000
03.60000
01.75000
04.30000
01.18000
01.33000
04.30000
01.84000
02.52000
01.71000
03.61000
03.21000
04.33000
01.60000
02.46000
01.15000
04.75000
03.12000
4
11
8
1
12
3
14
4
5
3
9
3
10
4
2
6
13
7
126.3963
