11
4
198.97000
174.80000
108.46000
182.62000
169.02000
178.44000
110.74000
104.83000
188.70000
129.38000
182.97000
137.84000
103.15000
179.63000
111.27000
143.64000
173.84000
100.57000
174.07000
146.14000
120.15000
101.03000
166.30000
100.26000
150.38000
112.62000
196.97000
177.52000
142.39000
143.79000
147.98000
185.27000
100.05000
180.19000
101.54000
108.99000
166.06000
162.84000
165.98000
168.70000
140.77000
178.53000
154.87000
169.26000
05.29000
09.47000
07.56000
09.65000
07.48000
06.94000
05.55000
09.96000
08.49000
08.57000
09.29000
06.41000
06.64000
08.40000
07.60000
09.88000
08.19000
05.23000
05.96000
05.10000
09.66000
06.38000
05.93000
06.12000
07.71000
08.82000
05.44000
08.95000
08.65000
09.19000
08.15000
08.46000
05.99000
09.20000
08.57000
09.48000
09.89000
08.80000
08.72000
08.14000
09.12000
09.70000
06.45000
06.94000
3
10
3
8
3
1
7
4
3
9
11
2
2
6
5
373.0189
