14
2
164.63000
100.88000
120.40000
117.16000
128.20000
178.95000
153.51000
190.00000
100.87000
118.15000
163.87000
145.28000
175.19000
117.32000
101.87000
116.10000
114.87000
156.46000
186.74000
147.02000
106.80000
121.63000
115.90000
190.68000
156.49000
191.15000
122.56000
136.55000
05.25000
05.12000
07.20000
08.98000
06.44000
07.34000
05.62000
07.14000
06.58000
05.70000
07.76000
08.24000
06.78000
05.38000
05.06000
08.21000
06.04000
08.87000
08.88000
08.95000
07.70000
05.88000
08.87000
05.59000
08.51000
05.04000
05.04000
09.71000
7
14
10
2
5
12
9
4
7
13
8
1
3
11
6
7
1058.635
