11
4
57.78000
80.26000
85.85000
97.61000
28.76000
29.21000
40.03000
40.96000
99.93000
26.52000
15.50000
76.94000
70.57000
1.89000
78.40000
14.19000
69.37000
10.60000
51.59000
11.60000
57.94000
62.45000
38.00000
82.12000
75.83000
5.82000
70.74000
37.62000
83.45000
52.60000
1.41000
49.61000
33.85000
12.28000
35.15000
40.48000
7.64000
41.28000
24.86000
66.11000
51.60000
92.16000
77.43000
22.35000
08.92000
09.35000
09.92000
09.64000
09.14000
08.23000
08.32000
09.99000
05.44000
06.03000
09.74000
07.06000
07.59000
05.77000
07.64000
09.04000
08.06000
07.54000
07.61000
08.16000
06.32000
09.03000
08.67000
08.05000
08.90000
05.73000
05.94000
07.34000
05.61000
06.81000
09.93000
09.32000
07.23000
05.15000
06.29000
09.53000
05.52000
05.88000
05.78000
06.40000
07.42000
09.55000
07.01000
05.03000
2
6
5
3
8
7
3
3
10
4
9
3
2
11
1
72.79849
