8
4
175.83000
175.94000
116.85000
192.16000
134.54000
165.71000
146.47000
126.67000
102.87000
196.17000
147.27000
198.60000
144.16000
179.50000
151.75000
109.58000
111.63000
181.87000
187.95000
111.75000
199.23000
110.39000
169.30000
114.11000
128.68000
135.90000
106.32000
176.91000
161.18000
199.22000
107.69000
129.79000
07.73000
05.69000
07.62000
06.96000
06.32000
09.93000
06.19000
05.11000
07.40000
05.23000
05.10000
08.14000
07.74000
07.08000
06.59000
06.46000
05.87000
06.79000
08.67000
06.71000
06.53000
06.63000
05.89000
06.09000
07.64000
09.67000
09.18000
08.11000
06.95000
07.18000
08.79000
07.81000
2
8
3
2
5
1
2
6
4
2
2
7
255.6601
