8
4
25.63000
19.90000
41.89000
63.61000
95.76000
39.17000
31.39000
1.11000
29.63000
50.82000
15.24000
67.01000
5.26000
26.69000
82.05000
24.62000
8.11000
61.99000
16.48000
79.49000
27.36000
46.34000
89.10000
23.25000
39.44000
85.10000
68.51000
78.86000
83.13000
74.61000
23.37000
24.78000
06.33000
05.34000
05.22000
07.73000
08.73000
05.75000
05.46000
06.15000
07.15000
07.18000
06.50000
05.80000
08.00000
05.80000
09.16000
07.82000
09.45000
05.41000
07.74000
07.46000
05.96000
07.51000
06.79000
06.35000
07.35000
07.46000
08.95000
05.81000
05.54000
06.67000
06.23000
07.25000
2
4
8
2
2
5
2
6
3
2
1
7
64.81299
