8
4
14.70000
28.70000
38.32000
27.96000
20.67000
28.69000
3.90000
85.39000
55.74000
81.29000
58.20000
43.94000
48.04000
81.57000
8.65000
90.94000
76.80000
95.69000
88.28000
76.86000
48.14000
2.75000
4.72000
33.05000
52.02000
5.56000
59.65000
18.87000
60.57000
91.41000
93.83000
76.60000
05.28000
06.92000
09.30000
07.29000
09.89000
07.75000
05.66000
05.04000
08.76000
08.75000
06.81000
06.74000
09.59000
06.18000
09.60000
07.71000
09.14000
06.02000
08.21000
09.84000
05.41000
07.34000
08.42000
09.34000
06.32000
06.01000
07.42000
07.65000
07.34000
08.13000
05.18000
09.66000
2
3
1
1
5
3
8
7
6
2
4
2
54.52728
