8
4
17.42000
15.17000
65.44000
61.36000
83.22000
51.97000
75.77000
4.40000
86.10000
42.77000
66.87000
87.47000
35.22000
89.79000
36.40000
8.33000
7.14000
3.24000
27.61000
36.03000
97.19000
46.21000
29.11000
57.36000
1.82000
75.03000
46.98000
14.60000
2.09000
10.48000
67.08000
77.00000
02.52000
02.61000
02.40000
04.85000
02.21000
02.07000
01.32000
04.16000
02.97000
02.62000
04.67000
03.69000
02.11000
04.15000
01.84000
01.01000
04.54000
02.62000
04.33000
01.04000
02.42000
02.45000
01.44000
03.99000
02.19000
03.75000
01.14000
04.63000
01.26000
04.93000
02.31000
02.91000
2
1
8
1
7
2
3
2
3
4
6
5
36.4
