8
4
69.99000
67.87000
37.40000
86.72000
65.62000
11.11000
97.82000
93.58000
16.63000
45.59000
8.12000
85.44000
14.83000
30.12000
20.16000
73.36000
41.95000
42.01000
53.68000
24.98000
66.37000
5.24000
29.38000
43.52000
18.39000
49.97000
28.20000
79.38000
9.63000
47.36000
1.76000
5.34000
09.75000
05.08000
09.79000
09.99000
05.93000
09.51000
06.78000
05.40000
05.35000
06.07000
07.56000
09.86000
05.28000
05.89000
06.02000
09.79000
05.40000
06.38000
06.93000
07.42000
08.62000
09.19000
08.16000
07.48000
05.21000
09.32000
08.47000
06.02000
08.85000
09.84000
05.42000
07.99000
1
3
1
2
2
4
6
4
1
5
8
7
45.59
