8
4
62.96000
28.21000
53.28000
97.81000
61.11000
29.65000
29.59000
76.25000
43.06000
75.36000
42.77000
77.02000
63.89000
88.69000
89.80000
7.13000
97.30000
28.38000
83.99000
63.65000
28.33000
52.91000
77.68000
56.86000
61.76000
66.52000
44.21000
71.66000
4.47000
21.56000
80.62000
66.64000
08.39000
06.17000
09.96000
08.38000
09.19000
06.78000
09.69000
08.11000
09.55000
07.27000
05.52000
06.84000
06.05000
07.72000
08.67000
05.53000
05.84000
09.77000
06.17000
07.89000
08.22000
08.29000
09.67000
06.78000
08.09000
08.77000
05.50000
09.15000
09.08000
05.71000
07.92000
05.66000
2
2
7
2
1
8
1
4
3
3
6
5
72.04142
