8
4
85.81000
7.32000
84.95000
43.21000
41.27000
29.50000
95.92000
20.73000
73.12000
33.54000
3.72000
78.25000
6.78000
35.52000
65.69000
99.09000
74.64000
76.65000
82.91000
53.84000
13.26000
97.94000
13.03000
71.66000
90.64000
65.48000
19.84000
92.40000
2.65000
90.37000
78.14000
11.83000
08.08000
05.61000
09.56000
09.18000
07.84000
05.58000
06.54000
06.54000
08.30000
05.03000
05.98000
09.33000
05.50000
09.70000
09.38000
06.77000
08.98000
05.29000
07.29000
08.46000
07.71000
06.80000
07.92000
06.12000
06.08000
09.41000
07.81000
07.74000
09.22000
08.27000
09.41000
08.20000
3
6
8
2
1
1
2
4
7
2
3
5
73.12
