8
4
148.26000
150.69000
108.77000
191.08000
105.31000
148.18000
155.48000
152.06000
103.20000
167.38000
122.94000
187.34000
129.55000
120.14000
181.23000
136.50000
150.56000
108.66000
104.95000
196.30000
103.68000
162.08000
170.58000
142.32000
102.43000
150.45000
182.77000
111.33000
124.68000
137.89000
142.62000
157.09000
09.80000
06.16000
09.26000
06.30000
08.63000
09.24000
05.27000
05.48000
08.72000
09.67000
07.62000
07.44000
06.30000
06.10000
06.03000
05.04000
07.34000
08.83000
05.92000
07.58000
08.17000
09.93000
05.50000
05.42000
07.32000
06.98000
05.95000
09.94000
08.17000
05.87000
06.79000
05.71000
2
5
3
2
6
1
2
8
2
2
7
4
262.06
