8
4
176.16000
131.88000
146.81000
172.36000
149.01000
156.30000
162.84000
176.28000
121.15000
193.07000
188.46000
170.07000
102.21000
100.75000
183.11000
118.30000
114.12000
195.07000
102.93000
102.39000
172.21000
155.22000
108.29000
152.39000
193.00000
124.77000
139.31000
118.91000
172.40000
185.18000
169.22000
113.03000
04.71000
03.22000
04.69000
04.94000
01.13000
01.70000
04.43000
02.39000
02.81000
04.95000
02.84000
02.95000
03.56000
04.76000
02.46000
02.39000
04.12000
03.38000
02.48000
03.65000
03.44000
02.71000
04.63000
04.69000
03.88000
04.87000
03.50000
03.88000
02.95000
04.47000
01.01000
03.93000
2
5
2
2
1
6
2
3
7
2
4
8
282.3973
