8
4
2.89000
17.41000
70.48000
84.61000
21.00000
27.98000
94.59000
1.04000
32.20000
37.68000
83.85000
67.31000
34.71000
34.24000
66.16000
33.24000
15.80000
27.28000
24.45000
66.73000
78.94000
98.84000
29.60000
85.32000
68.38000
29.50000
1.06000
22.77000
12.11000
11.85000
41.58000
48.16000
07.20000
05.64000
08.31000
09.47000
07.48000
07.37000
08.30000
06.08000
08.56000
08.46000
07.91000
05.05000
05.34000
08.95000
08.37000
05.81000
09.46000
09.34000
07.71000
08.07000
09.32000
08.23000
06.98000
05.62000
08.51000
08.93000
09.71000
07.35000
06.85000
09.23000
09.01000
06.76000
3
2
1
8
1
5
1
7
3
4
6
3
36.8205
