8
4
180.03000
183.66000
153.15000
102.39000
134.38000
191.14000
103.79000
142.50000
172.41000
100.55000
111.92000
131.78000
186.93000
155.74000
118.14000
105.63000
123.15000
135.02000
111.69000
180.35000
182.27000
122.75000
121.20000
161.06000
103.18000
138.23000
197.08000
124.49000
191.81000
146.94000
164.34000
195.03000
02.14000
01.40000
02.82000
02.73000
02.78000
03.91000
04.40000
01.83000
01.67000
03.57000
02.04000
04.06000
04.41000
03.67000
02.27000
02.43000
04.18000
02.23000
03.57000
02.94000
01.37000
04.24000
03.22000
02.29000
04.92000
04.02000
03.83000
04.97000
04.89000
03.83000
02.86000
01.86000
2
5
7
2
8
2
2
3
6
2
4
1
241.1379
