8
4
73.28000
70.54000
55.31000
98.60000
13.08000
95.62000
87.74000
17.14000
56.27000
5.43000
30.86000
78.66000
46.98000
33.52000
88.00000
63.74000
93.22000
92.86000
2.39000
29.73000
50.21000
52.08000
87.01000
22.61000
7.26000
59.78000
34.59000
20.86000
84.59000
21.06000
97.34000
12.80000
05.83000
09.39000
09.91000
09.14000
07.97000
08.92000
08.64000
05.44000
08.58000
09.52000
09.60000
09.50000
07.15000
05.24000
08.73000
07.36000
05.78000
09.95000
09.09000
09.22000
06.72000
05.86000
06.32000
05.66000
05.19000
09.26000
07.05000
07.56000
08.29000
07.75000
07.99000
07.04000
1
1
3
5
3
2
1
7
3
4
6
8
87.01
