8
4
53.32000
27.76000
83.72000
2.96000
51.39000
38.60000
60.35000
53.08000
55.74000
74.85000
26.43000
25.17000
88.34000
86.24000
88.72000
18.68000
17.71000
56.04000
95.96000
80.88000
67.10000
75.37000
41.34000
63.10000
77.56000
11.15000
98.33000
27.64000
8.94000
30.85000
9.32000
35.08000
03.21000
01.63000
04.24000
03.47000
01.11000
02.23000
01.23000
03.81000
04.07000
03.66000
01.99000
03.17000
03.10000
03.50000
01.92000
01.68000
04.06000
04.52000
03.84000
02.90000
04.86000
01.21000
01.75000
04.59000
04.18000
02.16000
01.09000
04.72000
01.60000
03.13000
01.48000
03.67000
2
6
4
2
3
8
1
1
3
7
5
2
45.48928
