8
4
54.91000
79.36000
67.34000
15.61000
58.61000
22.94000
70.87000
56.85000
47.14000
92.52000
97.38000
32.57000
19.00000
80.09000
92.36000
32.82000
31.11000
55.23000
27.15000
80.52000
16.43000
45.87000
47.28000
12.00000
25.25000
50.63000
42.38000
15.44000
60.53000
96.70000
19.76000
48.85000
06.47000
07.15000
08.44000
08.32000
08.93000
09.03000
06.55000
06.03000
05.63000
08.24000
07.69000
05.90000
07.05000
05.09000
06.24000
06.46000
06.16000
07.87000
08.82000
06.25000
07.81000
09.03000
05.82000
07.00000
06.26000
05.69000
07.16000
05.93000
05.73000
06.33000
06.03000
09.11000
2
6
4
2
1
5
2
2
8
2
3
7
68.25507
