8
4
138.27000
164.29000
156.88000
134.66000
155.29000
165.49000
151.06000
186.85000
122.70000
199.12000
165.38000
188.91000
188.69000
185.29000
150.82000
158.97000
110.37000
178.78000
171.30000
194.84000
120.33000
132.78000
181.27000
128.94000
100.12000
140.87000
139.35000
157.51000
133.89000
133.58000
198.23000
196.04000
08.72000
09.04000
09.46000
09.68000
08.56000
06.57000
08.36000
05.19000
07.59000
09.21000
08.05000
06.50000
09.22000
05.63000
07.39000
05.97000
09.54000
06.98000
07.14000
06.47000
06.84000
07.99000
05.07000
06.10000
08.21000
06.46000
08.01000
06.06000
07.33000
09.56000
09.00000
07.91000
2
7
4
2
8
1
2
5
6
2
2
3
298.0046
