8
4
134.88000
172.28000
189.16000
166.60000
124.79000
172.94000
159.35000
121.38000
171.04000
174.97000
184.74000
130.30000
193.14000
156.30000
154.41000
123.66000
155.59000
196.52000
105.71000
152.54000
170.48000
107.02000
173.73000
196.26000
198.50000
116.94000
190.38000
143.27000
176.65000
118.10000
171.77000
168.37000
09.40000
06.15000
06.05000
09.44000
05.81000
06.25000
06.04000
07.06000
06.92000
07.54000
07.98000
06.25000
07.64000
07.18000
07.18000
09.72000
06.99000
06.69000
07.47000
06.43000
06.06000
06.72000
09.19000
07.11000
06.60000
06.32000
09.75000
05.72000
06.56000
05.65000
09.86000
07.08000
2
5
1
2
7
8
2
4
3
2
6
2
287.6356
