8
4
69.23000
60.77000
45.28000
89.13000
49.86000
21.69000
87.99000
73.84000
55.90000
6.17000
81.87000
88.33000
30.45000
63.14000
45.89000
87.21000
18.44000
6.39000
49.68000
79.35000
40.33000
39.98000
1.59000
10.86000
77.19000
27.59000
21.36000
31.69000
58.02000
76.64000
90.09000
77.75000
03.58000
03.43000
02.19000
01.82000
01.59000
04.08000
01.18000
04.09000
04.73000
04.15000
02.94000
02.68000
04.79000
04.47000
04.78000
02.55000
02.02000
04.08000
02.50000
03.63000
04.15000
01.05000
01.62000
01.47000
02.65000
02.09000
03.84000
01.15000
04.07000
01.50000
03.11000
01.42000
1
6
2
5
2
3
1
8
7
2
4
3
53.2985
