8
4
193.37000
149.89000
170.69000
119.69000
149.86000
153.26000
110.98000
143.19000
176.86000
180.92000
154.15000
171.81000
110.70000
199.19000
167.21000
196.25000
122.51000
117.73000
151.18000
100.06000
155.64000
173.23000
122.22000
136.05000
131.72000
116.92000
186.85000
136.28000
186.56000
135.59000
107.82000
104.28000
01.97000
04.89000
02.15000
04.09000
02.36000
03.90000
04.98000
01.19000
02.08000
04.86000
01.91000
02.19000
02.49000
01.40000
01.32000
02.49000
04.69000
02.74000
03.27000
03.01000
01.00000
04.62000
03.53000
03.73000
01.43000
04.52000
04.99000
01.49000
01.45000
03.13000
01.58000
02.69000
2
2
7
2
3
5
2
4
1
2
6
8
267.0055
