8
4
94.53000
44.39000
96.66000
8.33000
20.58000
17.24000
69.32000
88.51000
41.47000
86.86000
54.65000
34.81000
19.84000
53.29000
81.27000
1.93000
85.78000
14.07000
51.46000
17.59000
43.04000
24.80000
71.76000
59.27000
82.33000
65.01000
79.85000
87.64000
75.49000
7.27000
71.18000
36.20000
02.81000
03.21000
01.26000
04.41000
01.44000
04.42000
02.74000
01.11000
03.15000
02.55000
01.91000
04.34000
04.75000
03.84000
02.16000
02.05000
03.90000
04.70000
03.33000
03.66000
03.87000
02.44000
04.16000
02.15000
04.45000
03.48000
02.18000
03.29000
02.38000
01.83000
04.83000
01.37000
2
2
6
3
1
5
8
2
3
4
1
7
71.18
