8
4
83.49000
95.10000
10.35000
56.48000
53.92000
59.74000
21.21000
23.26000
33.37000
90.05000
62.17000
14.94000
15.12000
81.52000
36.48000
50.41000
42.30000
22.67000
49.49000
16.67000
30.01000
60.75000
94.06000
79.52000
54.45000
60.40000
29.68000
96.33000
24.69000
50.91000
41.42000
37.45000
04.87000
04.78000
02.44000
04.30000
02.12000
02.98000
03.29000
02.74000
02.60000
03.63000
01.47000
02.22000
03.79000
01.89000
04.06000
03.65000
03.39000
04.87000
03.79000
03.00000
03.67000
03.30000
01.67000
02.92000
03.80000
03.01000
02.22000
03.20000
04.51000
03.51000
02.40000
02.19000
3
8
7
3
2
1
4
2
5
2
1
6
56.07113
