8
4
72.86000
59.80000
30.04000
87.07000
26.57000
78.87000
67.48000
52.59000
41.40000
24.48000
45.98000
47.36000
70.62000
10.83000
61.58000
71.52000
57.33000
18.82000
44.56000
3.69000
76.27000
10.79000
64.67000
63.74000
70.63000
55.20000
64.19000
8.90000
24.93000
26.66000
53.78000
23.78000
04.13000
02.03000
04.02000
03.56000
03.40000
01.63000
01.65000
02.15000
03.34000
04.29000
03.15000
01.01000
02.78000
03.18000
04.74000
03.81000
01.04000
03.81000
01.85000
01.04000
01.53000
03.82000
02.71000
01.30000
01.05000
01.86000
03.26000
02.02000
03.70000
04.67000
02.12000
04.07000
2
5
3
2
1
2
1
7
3
8
6
4
66.72588
