8
4
51.18000
87.42000
26.53000
70.99000
16.48000
93.34000
26.07000
72.86000
31.85000
62.69000
2.01000
88.27000
66.48000
29.70000
72.52000
43.60000
57.97000
53.31000
32.44000
62.53000
26.64000
69.26000
51.78000
97.06000
64.08000
56.18000
41.78000
31.16000
60.91000
45.43000
24.41000
14.33000
01.50000
01.43000
03.20000
04.26000
03.37000
02.63000
01.42000
02.44000
01.25000
04.41000
01.23000
04.80000
04.03000
01.64000
04.16000
03.94000
03.71000
02.38000
02.07000
04.65000
02.30000
03.48000
03.02000
04.01000
02.60000
02.49000
02.73000
04.07000
04.08000
03.14000
02.43000
01.96000
2
7
5
3
1
6
3
1
2
2
4
8
63.99533
