8
4
24.76000
17.75000
30.35000
22.19000
90.58000
24.99000
49.59000
80.68000
89.04000
74.06000
28.22000
83.26000
25.95000
40.61000
65.59000
40.83000
59.44000
60.03000
95.43000
64.17000
27.20000
59.42000
2.11000
7.49000
11.79000
48.16000
42.00000
70.12000
87.15000
73.97000
87.30000
12.13000
05.90000
09.47000
05.16000
06.56000
06.45000
09.21000
08.38000
09.15000
08.05000
07.93000
08.19000
06.37000
07.27000
05.47000
07.81000
05.89000
05.80000
09.20000
08.65000
07.03000
07.61000
06.53000
05.34000
08.48000
08.63000
09.52000
08.80000
07.35000
09.53000
05.73000
09.88000
06.89000
2
4
2
1
6
3
5
8
7
2
3
1
54.92763
