8
4
18.55000
16.16000
5.96000
29.58000
18.81000
43.11000
62.11000
74.13000
87.06000
42.43000
17.26000
89.16000
40.24000
99.69000
3.23000
32.64000
31.22000
15.56000
91.61000
66.63000
58.81000
51.77000
43.03000
93.57000
60.72000
28.20000
69.23000
33.22000
92.89000
1.74000
34.61000
47.09000
02.44000
04.56000
01.68000
02.76000
02.08000
01.20000
03.03000
01.77000
03.42000
01.23000
03.24000
02.05000
02.07000
01.51000
02.42000
04.63000
02.69000
04.19000
01.64000
04.39000
04.13000
04.84000
04.81000
02.67000
04.62000
04.99000
04.01000
01.93000
03.82000
01.55000
03.81000
02.10000
3
5
3
2
2
8
7
1
1
2
4
6
41.68186
