8
4
69.63000
67.43000
38.87000
25.55000
58.28000
8.52000
33.91000
33.75000
64.13000
21.23000
28.75000
65.26000
11.89000
97.83000
58.80000
77.57000
35.21000
35.22000
9.37000
61.92000
14.08000
47.45000
60.56000
15.38000
10.04000
19.49000
34.41000
3.23000
98.67000
74.24000
6.75000
48.81000
01.50000
03.59000
02.94000
04.50000
02.54000
02.65000
03.70000
03.92000
01.45000
03.05000
01.10000
04.20000
04.76000
04.99000
02.93000
02.43000
03.45000
03.05000
04.85000
02.21000
02.80000
02.61000
03.94000
01.39000
02.01000
01.29000
03.48000
04.82000
02.37000
04.01000
02.43000
01.14000
1
6
2
2
5
2
8
3
3
1
7
4
33.49405
