8
4
102.33000
169.59000
107.32000
159.15000
107.72000
124.79000
121.12000
196.59000
138.30000
135.85000
158.38000
198.34000
199.71000
108.05000
120.48000
135.69000
102.37000
110.84000
159.84000
181.25000
171.02000
139.17000
159.75000
120.91000
192.21000
143.52000
100.23000
149.28000
154.20000
105.08000
168.58000
137.90000
09.61000
05.01000
09.91000
05.27000
06.20000
09.43000
05.85000
07.98000
09.82000
09.52000
06.17000
08.41000
07.14000
08.03000
09.01000
07.78000
06.87000
09.56000
07.49000
08.40000
05.37000
09.42000
06.93000
07.18000
09.59000
07.51000
06.58000
06.24000
09.48000
05.28000
06.14000
05.58000
2
5
1
2
6
7
2
8
2
2
4
3
256.1806
