8
4
8.35000
44.85000
82.40000
80.62000
37.82000
40.49000
15.78000
78.01000
52.77000
33.34000
13.99000
27.46000
58.51000
93.47000
70.70000
29.11000
42.36000
2.92000
78.73000
69.32000
35.65000
52.58000
60.43000
13.42000
68.43000
41.56000
3.11000
29.89000
76.49000
24.84000
30.62000
77.85000
09.95000
06.93000
08.83000
09.27000
06.00000
08.42000
05.07000
06.12000
07.61000
08.16000
09.41000
08.88000
06.40000
06.52000
06.10000
06.73000
09.95000
09.41000
07.74000
07.81000
07.89000
09.12000
08.06000
09.15000
09.11000
09.58000
08.76000
07.51000
05.20000
07.24000
07.53000
05.99000
2
6
1
2
4
3
3
5
8
2
1
7
53.70894
