8
4
76.26000
54.21000
54.47000
73.80000
48.64000
3.58000
1.92000
96.09000
35.11000
57.97000
74.33000
55.06000
22.05000
97.75000
59.64000
82.77000
65.18000
84.56000
61.02000
29.22000
87.23000
50.06000
93.14000
9.81000
28.64000
11.39000
44.03000
42.52000
97.57000
29.23000
30.31000
22.95000
09.95000
07.68000
07.11000
06.22000
07.16000
08.68000
08.71000
06.80000
07.92000
08.94000
06.65000
07.96000
07.06000
07.89000
06.66000
09.36000
05.22000
07.65000
07.91000
08.25000
06.30000
07.61000
08.09000
06.55000
08.71000
09.60000
09.88000
09.79000
08.08000
09.52000
07.40000
06.01000
3
5
6
7
1
1
2
4
8
2
3
2
56.6687
