8
4
133.85000
147.55000
191.56000
192.28000
165.20000
164.85000
134.84000
157.83000
151.32000
195.09000
102.18000
110.33000
158.85000
138.61000
142.04000
113.14000
184.11000
161.71000
124.82000
113.12000
180.38000
144.41000
137.12000
154.43000
108.80000
160.47000
122.26000
151.44000
131.86000
123.91000
114.56000
167.34000
04.38000
02.93000
03.91000
02.15000
01.78000
02.27000
04.38000
04.20000
02.53000
03.05000
02.54000
02.46000
04.10000
02.56000
04.73000
03.35000
01.81000
04.48000
03.95000
01.46000
04.55000
01.10000
01.26000
03.54000
04.82000
02.43000
02.39000
03.82000
02.66000
01.67000
04.41000
01.26000
2
7
1
2
3
8
2
4
2
2
6
5
277.226
