8
4
126.47000
128.57000
106.67000
199.68000
135.60000
181.45000
193.35000
166.45000
191.93000
156.22000
195.16000
158.98000
199.51000
120.10000
125.69000
172.78000
112.87000
100.15000
174.89000
189.28000
109.58000
166.11000
103.25000
129.46000
137.16000
100.95000
192.44000
181.40000
164.17000
113.66000
129.33000
187.19000
03.22000
03.66000
01.05000
04.71000
01.29000
04.73000
02.31000
04.61000
03.23000
01.80000
01.96000
03.70000
02.80000
04.86000
03.27000
01.27000
04.57000
02.57000
01.14000
04.02000
01.25000
03.20000
02.53000
04.24000
01.25000
01.90000
02.79000
01.55000
04.61000
01.23000
01.47000
02.21000
2
3
1
2
4
6
2
5
8
2
7
2
283.6944
