8
4
159.99000
145.58000
159.09000
131.60000
133.30000
123.39000
100.19000
151.03000
181.39000
119.06000
198.51000
199.69000
154.07000
194.73000
106.27000
174.88000
108.11000
152.70000
188.99000
136.37000
178.28000
112.23000
199.79000
116.61000
105.60000
157.00000
174.34000
132.06000
181.21000
199.37000
140.69000
185.87000
09.93000
06.95000
09.86000
06.49000
08.83000
05.48000
09.21000
09.41000
09.04000
07.09000
09.58000
07.02000
07.17000
07.59000
08.08000
08.21000
07.16000
08.81000
08.02000
09.41000
07.94000
06.49000
08.33000
09.61000
07.95000
05.24000
09.58000
07.32000
08.30000
08.38000
06.94000
09.38000
2
3
7
2
5
2
2
6
8
2
4
1
282.326
