8
4
105.55000
188.80000
107.43000
100.35000
195.55000
160.05000
149.97000
160.48000
197.46000
192.12000
195.80000
158.75000
132.77000
121.23000
129.07000
112.78000
106.36000
166.98000
124.44000
130.91000
152.68000
120.05000
177.41000
133.21000
172.33000
196.17000
132.09000
149.86000
145.82000
192.87000
190.47000
114.64000
03.10000
01.81000
02.34000
02.01000
03.47000
04.68000
04.89000
02.71000
02.95000
01.86000
02.26000
04.11000
03.19000
01.10000
03.24000
04.85000
04.72000
01.93000
02.57000
02.40000
03.45000
04.10000
01.01000
03.16000
03.41000
04.85000
04.41000
03.71000
01.19000
02.10000
04.51000
01.29000
2
4
3
2
6
7
2
2
1
2
5
8
275.4331
