8
4
111.52000
105.69000
142.61000
128.38000
108.17000
116.21000
125.79000
199.27000
193.63000
158.43000
198.60000
169.09000
176.38000
128.53000
185.16000
107.46000
154.26000
192.97000
125.72000
146.90000
114.96000
102.40000
145.80000
195.79000
144.39000
192.84000
128.32000
100.28000
134.76000
184.33000
178.16000
171.96000
05.13000
09.61000
07.76000
06.15000
05.53000
08.24000
05.80000
06.35000
08.57000
06.31000
08.44000
09.22000
05.19000
07.64000
05.11000
05.94000
07.54000
08.82000
07.32000
06.38000
09.74000
09.02000
06.23000
06.28000
07.88000
09.35000
09.73000
09.08000
06.01000
05.13000
09.56000
08.46000
2
7
2
2
8
6
2
3
5
2
1
4
253.248
