8
4
197.58000
163.52000
114.05000
163.10000
113.64000
107.71000
176.42000
189.93000
117.84000
106.72000
147.58000
165.68000
187.82000
192.38000
159.27000
120.00000
119.51000
178.06000
120.16000
173.00000
177.84000
140.01000
178.89000
177.93000
157.88000
113.05000
160.77000
145.80000
139.49000
189.73000
171.00000
134.31000
02.78000
02.56000
02.26000
02.20000
04.02000
04.67000
02.44000
02.89000
04.97000
03.58000
02.51000
04.74000
01.05000
04.03000
02.09000
01.45000
03.36000
03.82000
01.31000
02.57000
04.65000
04.92000
03.05000
03.02000
03.11000
03.79000
04.94000
03.16000
03.92000
03.44000
02.81000
01.90000
2
4
6
2
7
2
2
3
1
2
8
5
276.5016
