8
4
76.88000
56.33000
87.48000
18.59000
33.60000
8.60000
56.39000
80.90000
37.61000
73.95000
71.31000
50.06000
81.59000
40.83000
51.79000
42.00000
59.78000
2.55000
6.03000
55.39000
1.20000
4.98000
93.64000
11.04000
26.47000
12.65000
90.49000
27.44000
62.72000
65.87000
81.22000
80.38000
05.72000
05.72000
07.97000
07.95000
05.29000
06.28000
06.32000
07.46000
05.28000
06.76000
09.84000
08.95000
05.77000
06.74000
05.59000
05.77000
05.65000
07.18000
05.85000
06.39000
08.95000
06.55000
07.62000
08.47000
05.53000
08.39000
09.33000
06.06000
09.85000
07.96000
06.17000
06.29000
2
4
6
1
7
4
8
3
2
5
1
1
51.79
