Ni_50_7-1_2_1	50	7	127.221000	0.000000	1461340756
1	151.218716	6	0	457	0	0
2	153.104660	6	0	387	0	0
Ni_50_7-1_2_1	50	7	127.221000	0.000000	1461340965
1	139.561037	1	189	28269	0	0
Ni_50_7-1_2_1	50	7	127.221000	0.000000	1461341037
Ni_50_7-1_2_1	50	7	127.221000	0.000000	1461341079
1	126.656591	5	113	59282	2	2
Ni_50_7-1_2_1	50	7	127.221000	0.000000	1461341239
1	127.221000	6	69	84	1	1
2	127.221000	6	185	202	1	1
3	127.221000	6	180	180	1	1
4	127.221000	6	179	172	1	1
5	127.221000	6	31	40	1	1
6	127.604062	5	197	185	0	0
7	127.221000	6	157	129	1	1
8	127.221000	6	54	52	1	1
9	127.407320	7	150	113	0	0
10	127.221000	6	175	141	1	1
11	127.221000	6	127	120	1	1
12	127.221000	6	20	28	1	1
13	127.407320	7	170	118	0	0
14	127.407320	7	87	72	0	0
15	127.407320	7	61	55	0	0
16	127.989747	7	21	24	0	0
17	127.221000	6	36	32	1	1
18	127.407320	7	26	19	0	0
19	127.221000	6	158	127	1	1
20	127.407320	7	192	131	0	0
Ni_50_7-1_2_1	50	7	127.221000	0.000000	1461341264
1	127.407320	7	107	97	0	0
2	127.221000	6	76	80	1	1
3	126.656591	5	181	177	2	2
4	127.604062	5	193	133	0	0
5	127.221000	6	136	113	1	1
6	127.221000	6	35	35	1	1
7	126.656591	5	97	63	2	2
8	127.221000	6	50	41	1	1
9	127.221000	6	18	21	1	1
10	127.407320	7	198	138	0	0
11	127.221000	6	34	34	1	1
12	127.221000	6	57	46	1	1
13	127.221000	6	75	52	1	1
14	127.221000	6	16	14	1	1
15	127.221000	6	127	95	1	1
16	127.498126	5	42	38	0	0
17	127.221000	6	89	64	1	1
18	127.275268	2	143	97	0	0
19	127.221000	6	61	42	1	1
20	127.221000	6	102	73	1	1
