14
3
174.43000
158.03000
132.72000
159.29000
155.82000
186.11000
123.47000
174.33000
170.96000
167.70000
100.10000
191.31000
115.12000
150.03000
170.34000
181.51000
143.10000
125.75000
178.12000
122.76000
130.47000
132.55000
155.32000
186.30000
106.37000
147.34000
159.30000
197.06000
139.08000
118.49000
127.70000
113.32000
186.78000
186.96000
149.47000
116.96000
149.81000
121.57000
108.62000
108.21000
144.51000
146.88000
07.06000
07.68000
08.55000
07.84000
07.98000
09.81000
05.59000
07.91000
08.28000
05.25000
07.96000
07.76000
06.19000
09.40000
06.90000
07.38000
05.50000
06.40000
08.84000
08.30000
08.35000
06.28000
05.44000
07.83000
06.75000
05.66000
05.60000
09.73000
05.86000
07.09000
05.66000
06.25000
06.63000
05.79000
05.99000
08.77000
05.81000
07.14000
05.16000
09.47000
08.44000
09.96000
4
1
5
13
14
5
8
4
11
7
6
5
9
3
10
2
12
711.2267
