11
3
156.82000
184.06000
167.56000
191.89000
186.11000
163.28000
188.64000
135.57000
113.91000
179.81000
161.72000
105.30000
113.77000
129.43000
124.59000
134.03000
111.36000
142.09000
147.69000
139.99000
110.44000
163.42000
145.08000
140.60000
109.65000
101.46000
189.87000
180.93000
130.18000
179.16000
145.41000
125.30000
194.24000
08.20000
08.06000
07.82000
05.51000
07.85000
06.73000
06.55000
08.29000
07.79000
06.74000
06.31000
09.34000
07.38000
09.28000
05.86000
06.39000
07.64000
09.41000
06.39000
07.56000
05.26000
07.69000
05.30000
08.58000
05.18000
07.82000
05.86000
06.63000
05.36000
07.18000
06.14000
07.28000
09.09000
3
11
8
9
4
5
2
6
1
4
7
3
10
4
515.5042
