14
3
6.52000
71.69000
43.84000
27.85000
32.12000
43.83000
79.68000
97.88000
77.60000
2.83000
7.56000
72.77000
76.40000
32.55000
58.10000
28.33000
33.33000
50.01000
41.28000
38.56000
5.00000
33.28000
70.37000
69.69000
10.57000
41.87000
41.28000
84.54000
88.51000
65.76000
84.61000
47.17000
88.30000
31.29000
38.04000
12.91000
95.92000
51.86000
39.69000
24.00000
65.67000
89.91000
07.33000
07.96000
07.84000
08.39000
08.45000
05.40000
09.95000
06.98000
06.01000
06.16000
06.61000
05.06000
07.60000
05.04000
08.28000
06.03000
09.98000
09.34000
05.80000
08.47000
07.10000
09.65000
06.45000
09.68000
07.91000
06.82000
08.49000
07.82000
08.72000
05.15000
08.34000
09.79000
08.55000
06.21000
05.86000
09.92000
07.90000
06.51000
05.53000
09.50000
06.19000
09.24000
6
14
5
4
11
1
10
4
9
2
3
7
4
13
6
12
8
144.8858
