11
4
115.00000
183.85000
140.91000
103.21000
176.88000
107.06000
127.99000
112.96000
124.33000
163.50000
120.96000
123.28000
169.57000
100.38000
169.07000
130.57000
191.38000
159.55000
194.70000
158.01000
162.23000
121.66000
106.10000
162.72000
195.57000
184.96000
125.28000
174.98000
106.56000
156.60000
175.74000
178.66000
194.14000
176.44000
145.53000
141.24000
186.48000
130.71000
199.95000
146.80000
100.39000
116.45000
127.25000
191.63000
06.71000
07.41000
07.45000
06.79000
07.00000
08.82000
09.60000
05.85000
05.72000
06.49000
07.11000
08.00000
05.31000
08.14000
05.99000
08.13000
06.07000
06.11000
06.81000
06.48000
05.72000
09.89000
09.64000
09.40000
06.56000
06.56000
07.75000
08.86000
06.52000
07.73000
07.42000
05.86000
06.24000
06.91000
05.83000
05.22000
09.13000
07.64000
09.36000
08.89000
09.36000
09.91000
08.20000
07.91000
3
11
4
6
2
2
3
3
7
5
1
3
10
9
8
375.4886
