14
3
103.00000
134.37000
120.24000
141.36000
114.70000
161.20000
177.00000
167.57000
129.11000
186.59000
122.78000
157.74000
162.99000
119.85000
164.49000
117.86000
150.26000
199.30000
191.18000
150.30000
140.33000
171.46000
132.91000
135.31000
172.17000
134.83000
140.39000
156.82000
169.79000
139.70000
117.25000
139.20000
102.51000
149.97000
140.70000
114.73000
186.11000
123.95000
105.64000
151.79000
177.19000
117.06000
03.06000
01.74000
01.29000
02.61000
02.51000
03.58000
03.61000
01.56000
01.70000
03.16000
02.32000
01.39000
04.62000
01.35000
02.75000
01.33000
01.12000
04.95000
03.27000
02.99000
04.56000
03.12000
02.54000
04.39000
02.55000
03.40000
04.48000
01.48000
02.75000
02.24000
01.03000
04.80000
04.28000
02.91000
02.44000
01.18000
04.76000
02.50000
02.95000
03.73000
03.41000
04.35000
5
14
2
9
5
1
4
6
12
13
7
5
3
8
10
11
4
621.1078
