14
2
98.28000
89.03000
77.37000
2.43000
6.84000
85.60000
56.70000
51.45000
39.63000
72.31000
54.49000
37.44000
40.82000
97.51000
9.06000
93.27000
91.64000
62.64000
15.36000
16.18000
23.33000
43.06000
13.69000
11.27000
84.14000
13.10000
86.42000
18.60000
05.17000
09.54000
06.48000
06.77000
05.38000
09.61000
08.62000
09.06000
07.07000
06.49000
08.27000
06.20000
08.87000
07.86000
08.86000
05.29000
09.58000
06.95000
05.08000
07.97000
06.01000
07.33000
05.32000
07.53000
05.69000
07.09000
07.10000
08.04000
5
3
11
8
13
4
9
2
7
5
9
14
6
12
10
1
251.3527
