14
2
147.51000
114.75000
175.14000
113.67000
139.66000
132.03000
109.67000
126.71000
192.84000
118.65000
185.90000
142.87000
124.65000
198.44000
108.95000
192.65000
199.88000
108.05000
113.45000
139.00000
167.10000
197.45000
129.82000
171.93000
172.18000
177.52000
116.27000
105.89000
06.47000
09.27000
09.06000
09.64000
06.19000
08.42000
05.07000
09.58000
07.06000
07.49000
05.15000
09.37000
06.46000
07.88000
06.92000
07.85000
08.86000
07.40000
08.10000
06.58000
09.54000
06.09000
05.32000
05.14000
07.36000
08.98000
09.84000
06.36000
7
11
7
13
10
12
8
2
7
9
3
6
14
1
4
5
1123.353
