11
3
147.56000
198.15000
154.22000
196.53000
193.77000
178.81000
184.85000
150.60000
129.03000
159.02000
184.21000
149.00000
125.00000
154.36000
150.00000
178.40000
146.52000
126.45000
102.55000
150.01000
179.60000
107.71000
181.40000
101.53000
138.76000
182.86000
168.20000
155.59000
155.07000
149.07000
100.43000
154.45000
169.52000
05.40000
08.79000
06.32000
05.99000
07.94000
05.48000
07.17000
08.58000
08.45000
05.44000
07.79000
07.63000
08.74000
06.54000
05.15000
08.45000
09.59000
09.75000
08.57000
09.90000
07.54000
07.28000
06.00000
09.33000
07.33000
06.03000
05.07000
07.94000
06.08000
07.85000
09.90000
09.28000
06.43000
3
10
1
5
4
4
11
7
8
4
6
3
2
9
555.1624
