14
4
92.85000
70.78000
28.82000
30.24000
28.51000
15.73000
72.19000
19.87000
65.90000
60.08000
39.41000
79.52000
47.24000
46.07000
28.47000
23.31000
27.85000
17.58000
68.56000
10.85000
72.10000
35.98000
83.72000
51.59000
74.41000
41.06000
39.93000
12.50000
86.94000
98.54000
14.97000
11.64000
79.91000
76.53000
70.21000
94.06000
96.10000
87.81000
94.54000
7.12000
27.25000
24.08000
66.98000
1.37000
10.37000
88.80000
59.79000
20.24000
93.40000
82.26000
14.14000
91.15000
46.70000
85.99000
44.51000
31.57000
08.34000
08.80000
09.86000
09.42000
07.04000
06.41000
07.87000
05.88000
06.58000
05.21000
08.66000
07.99000
05.86000
09.10000
06.99000
06.87000
08.48000
08.03000
06.51000
07.16000
07.99000
09.28000
06.06000
05.65000
05.11000
08.79000
05.79000
07.48000
09.50000
09.59000
07.93000
05.44000
05.93000
08.60000
05.55000
09.25000
05.08000
08.81000
09.10000
09.97000
08.38000
06.64000
06.09000
07.66000
07.38000
08.54000
05.43000
05.86000
08.68000
06.22000
06.84000
07.43000
05.88000
08.59000
08.00000
05.03000
3
11
5
8
3
10
1
14
3
7
4
12
5
13
6
9
3
2
97.52203
