14
4
103.20000
199.05000
115.92000
120.86000
169.96000
158.40000
170.39000
129.24000
147.30000
175.97000
155.75000
166.16000
175.82000
192.40000
145.23000
134.55000
103.69000
156.02000
196.47000
181.55000
169.30000
169.34000
192.86000
102.59000
162.86000
189.52000
100.01000
163.31000
156.83000
100.61000
178.43000
120.60000
171.52000
139.62000
147.42000
181.50000
142.48000
195.06000
118.01000
154.14000
160.34000
157.56000
111.12000
164.63000
165.08000
185.37000
124.96000
159.87000
192.70000
102.60000
195.27000
152.99000
184.61000
175.52000
137.68000
159.62000
05.74000
09.89000
08.47000
08.91000
05.31000
05.88000
05.50000
08.17000
09.54000
09.39000
09.15000
09.40000
07.34000
09.32000
05.10000
08.45000
08.03000
05.84000
08.63000
05.43000
05.04000
08.50000
06.64000
07.56000
09.10000
06.38000
09.29000
09.98000
05.55000
09.73000
07.64000
07.23000
09.33000
05.18000
08.90000
05.02000
05.92000
09.41000
06.18000
07.29000
06.73000
08.84000
08.35000
07.11000
08.28000
08.44000
05.15000
09.51000
08.64000
08.17000
09.73000
08.48000
05.61000
05.79000
09.74000
06.68000
3
5
1
9
4
7
10
3
13
4
6
11
4
2
3
12
14
8
521.5529
