11
3
82.13000
99.49000
9.36000
72.76000
42.61000
13.90000
49.08000
48.29000
71.64000
58.58000
92.17000
47.43000
33.68000
91.43000
68.56000
53.97000
9.97000
64.01000
33.53000
49.51000
10.97000
82.41000
9.06000
87.93000
62.58000
10.23000
61.22000
60.43000
14.80000
74.18000
5.14000
23.33000
23.69000
07.95000
06.23000
09.55000
06.92000
07.14000
07.49000
08.02000
08.65000
07.89000
07.85000
06.68000
08.50000
07.53000
09.51000
09.50000
06.32000
05.80000
09.07000
07.03000
08.38000
09.79000
08.02000
08.25000
07.51000
06.71000
07.08000
09.60000
08.85000
07.62000
07.41000
05.56000
06.71000
06.90000
3
5
6
3
3
8
2
10
5
11
7
4
1
9
82.5171
