14
3
72.50000
90.44000
98.02000
32.94000
44.44000
78.20000
43.10000
49.60000
35.93000
4.15000
33.80000
57.77000
3.59000
37.21000
87.80000
96.23000
72.83000
24.39000
42.84000
33.61000
28.96000
56.26000
40.74000
48.79000
15.15000
2.52000
87.24000
78.28000
30.72000
66.31000
70.17000
64.55000
9.22000
28.98000
66.14000
81.02000
67.13000
63.75000
75.95000
35.37000
58.23000
94.39000
08.34000
08.05000
07.15000
06.14000
06.26000
09.92000
07.93000
05.86000
08.17000
09.99000
07.50000
09.44000
08.14000
05.15000
07.76000
07.14000
06.69000
09.88000
07.60000
06.78000
05.46000
05.25000
08.52000
09.08000
06.01000
06.79000
07.16000
06.18000
08.35000
07.57000
09.81000
07.12000
08.84000
09.61000
09.56000
06.36000
05.49000
05.81000
09.16000
08.84000
07.97000
05.21000
5
8
14
9
13
10
5
3
7
11
4
12
4
2
1
6
5
153.8289
