11
4
171.66000
125.54000
119.34000
181.03000
177.67000
165.35000
139.23000
183.55000
121.60000
165.73000
167.35000
194.04000
115.00000
185.86000
158.42000
136.04000
123.67000
177.78000
156.45000
169.29000
127.47000
193.75000
190.51000
103.53000
181.20000
189.78000
159.59000
135.01000
124.51000
150.57000
199.78000
172.77000
134.25000
164.16000
100.18000
158.67000
135.98000
104.99000
165.19000
192.59000
189.77000
135.90000
136.67000
174.38000
08.12000
08.48000
07.94000
09.79000
06.48000
07.09000
09.85000
09.62000
05.41000
07.87000
06.78000
06.57000
09.47000
05.60000
09.67000
08.68000
09.40000
05.84000
06.81000
08.35000
06.30000
08.73000
09.66000
07.13000
06.24000
09.53000
09.97000
08.40000
06.04000
07.03000
05.87000
09.97000
07.13000
07.90000
07.33000
05.35000
09.99000
07.84000
06.45000
06.95000
06.42000
05.51000
05.86000
07.62000
3
9
3
7
2
1
8
3
11
6
2
3
10
5
4
407.6538
