11
3
83.12000
93.72000
43.95000
90.60000
81.53000
97.70000
20.87000
67.11000
92.34000
55.43000
88.67000
4.26000
76.37000
70.29000
71.25000
20.40000
38.23000
98.74000
78.25000
39.86000
44.83000
94.32000
92.20000
86.71000
97.68000
49.24000
16.55000
67.79000
4.37000
97.84000
85.30000
46.24000
76.32000
03.67000
02.13000
03.43000
02.18000
02.66000
03.14000
02.31000
04.56000
02.21000
01.33000
03.23000
01.94000
01.86000
03.07000
01.59000
01.14000
03.96000
04.31000
04.50000
02.50000
04.71000
03.09000
02.69000
04.27000
02.21000
02.79000
02.24000
03.91000
03.69000
02.77000
03.36000
04.42000
03.20000
3
10
8
3
4
2
9
6
1
4
11
4
5
7
170.1152
