11
4
97.85000
37.57000
39.59000
99.10000
2.50000
69.85000
16.37000
90.97000
36.73000
31.38000
43.84000
29.03000
88.38000
6.03000
35.92000
37.52000
20.36000
94.49000
25.05000
73.69000
58.12000
94.61000
87.70000
98.32000
37.16000
11.58000
43.86000
21.71000
44.77000
78.07000
1.59000
55.73000
98.80000
35.57000
72.48000
97.56000
87.07000
43.58000
45.45000
98.33000
85.68000
16.24000
73.56000
71.48000
09.62000
09.94000
08.39000
08.22000
09.27000
05.56000
07.74000
05.59000
05.54000
08.16000
05.66000
05.28000
06.94000
08.28000
08.31000
05.83000
06.91000
07.34000
05.24000
08.45000
07.09000
06.05000
09.71000
09.01000
08.01000
07.96000
07.96000
07.54000
09.10000
05.43000
07.23000
05.56000
09.40000
08.74000
06.35000
05.20000
06.39000
07.03000
07.76000
05.21000
09.54000
06.93000
07.06000
05.65000
3
10
2
5
3
1
8
3
4
7
6
4
9
1
11
84.48696
