11
4
103.07000
160.22000
128.18000
128.69000
122.54000
159.58000
128.72000
107.94000
114.29000
153.88000
171.85000
160.79000
148.64000
124.48000
183.84000
173.86000
143.22000
192.15000
122.47000
187.55000
142.31000
193.26000
147.12000
199.64000
159.57000
186.94000
105.82000
154.34000
134.69000
163.15000
120.02000
199.69000
160.62000
176.39000
105.37000
141.79000
125.73000
173.84000
129.34000
112.01000
168.17000
120.73000
119.16000
189.48000
09.37000
06.44000
06.96000
05.17000
09.47000
09.86000
05.52000
07.24000
09.97000
05.30000
08.94000
05.26000
07.82000
07.88000
08.62000
05.46000
08.60000
05.51000
08.42000
06.81000
09.96000
09.38000
09.48000
08.22000
07.17000
09.83000
05.10000
09.75000
05.95000
08.76000
08.64000
08.93000
08.36000
05.86000
06.03000
07.05000
05.39000
06.05000
05.06000
06.95000
07.27000
05.08000
05.47000
07.02000
3
4
3
1
2
11
8
3
7
5
9
3
6
10
2
381.6756
