14
3
124.64000
140.24000
113.54000
184.64000
171.00000
165.61000
119.97000
121.17000
197.54000
112.11000
128.42000
157.91000
123.34000
197.66000
127.29000
155.55000
119.72000
166.65000
101.85000
173.22000
117.67000
155.05000
138.62000
196.69000
124.50000
110.95000
109.44000
187.26000
147.17000
142.30000
109.99000
145.41000
134.07000
105.48000
152.82000
178.01000
146.58000
161.59000
191.15000
108.80000
131.14000
162.16000
04.84000
03.97000
03.39000
04.40000
03.23000
01.33000
01.35000
03.95000
01.06000
02.72000
03.13000
01.04000
02.04000
03.98000
04.63000
01.22000
02.50000
01.70000
03.25000
02.74000
03.34000
02.51000
03.96000
02.62000
03.68000
01.29000
04.15000
03.52000
04.24000
03.63000
03.34000
01.56000
01.85000
04.79000
03.53000
04.42000
02.46000
02.37000
01.31000
02.07000
02.48000
04.17000
5
7
10
3
8
1
5
12
9
11
5
13
4
4
2
14
6
622.5834
