14
4
82.29000
71.23000
90.94000
93.32000
19.45000
47.07000
46.09000
24.12000
76.90000
41.88000
42.65000
43.50000
96.87000
95.88000
93.55000
63.72000
4.54000
77.11000
48.12000
32.27000
46.81000
61.04000
45.83000
23.07000
16.20000
99.72000
52.66000
2.11000
34.56000
96.43000
8.59000
33.09000
49.91000
2.44000
45.99000
3.31000
8.05000
59.30000
71.05000
20.73000
97.70000
59.72000
89.80000
55.80000
1.66000
8.82000
86.04000
20.87000
23.14000
81.50000
12.89000
7.04000
81.97000
34.52000
83.82000
29.77000
01.87000
04.41000
01.28000
04.31000
02.65000
04.75000
04.38000
02.61000
01.85000
03.79000
03.46000
03.18000
02.60000
04.66000
03.00000
01.39000
01.90000
03.01000
02.98000
01.93000
03.76000
02.18000
02.74000
04.77000
03.44000
03.72000
02.39000
02.04000
01.62000
03.10000
01.79000
03.92000
02.05000
01.03000
04.04000
02.57000
02.41000
01.68000
04.80000
04.50000
03.83000
02.17000
03.15000
04.08000
03.01000
04.07000
04.21000
03.16000
01.51000
02.61000
02.67000
04.69000
04.48000
04.66000
04.68000
02.79000
2
7
5
3
13
11
14
5
1
12
9
6
8
4
2
4
10
3
74.53881
