11
4
60.19000
64.79000
9.82000
80.74000
6.72000
1.08000
18.81000
4.09000
38.74000
94.79000
83.91000
24.51000
95.41000
16.83000
72.09000
1.56000
42.15000
85.82000
26.09000
5.50000
69.15000
16.20000
86.79000
99.23000
68.84000
70.50000
44.51000
44.10000
86.90000
6.49000
95.85000
67.89000
94.94000
87.98000
14.40000
90.59000
99.46000
97.70000
69.32000
74.12000
99.19000
9.41000
91.98000
16.88000
08.76000
08.23000
06.81000
08.89000
08.00000
09.34000
07.21000
07.58000
05.54000
07.85000
05.37000
06.88000
07.65000
06.78000
08.83000
05.64000
08.82000
07.23000
09.52000
06.57000
09.07000
09.94000
08.09000
09.85000
09.42000
07.97000
07.04000
06.06000
09.86000
06.16000
08.06000
06.57000
08.07000
09.96000
08.91000
07.13000
10.00000
06.43000
06.34000
08.19000
06.41000
08.99000
09.91000
06.68000
4
1
7
8
6
3
10
3
5
1
4
3
11
2
9
89.49913
