14
3
102.77000
144.79000
116.13000
183.78000
102.56000
155.95000
178.43000
193.93000
129.69000
189.80000
197.91000
143.54000
191.14000
136.51000
127.96000
148.90000
104.99000
197.57000
181.10000
130.12000
140.95000
177.55000
195.86000
106.11000
157.26000
153.24000
135.09000
188.53000
180.98000
104.16000
185.34000
122.43000
154.06000
162.01000
186.61000
139.39000
122.37000
188.36000
101.64000
183.42000
151.49000
188.25000
05.50000
05.82000
09.48000
05.62000
07.99000
06.39000
05.76000
07.94000
07.08000
06.14000
07.91000
05.67000
09.23000
09.03000
09.94000
05.16000
09.75000
06.15000
09.10000
08.17000
09.96000
08.76000
05.34000
05.16000
08.20000
08.96000
06.73000
06.90000
07.20000
07.68000
06.34000
07.05000
05.38000
05.74000
06.58000
05.97000
06.22000
07.35000
05.46000
08.40000
07.40000
09.26000
5
12
1
14
5
3
4
10
8
6
7
5
13
9
11
4
2
687.7413
