14
2
172.19000
174.00000
123.30000
178.25000
172.86000
187.32000
143.35000
124.49000
121.37000
102.11000
107.55000
171.61000
166.58000
173.45000
162.21000
145.28000
103.55000
172.74000
171.48000
134.12000
168.56000
139.05000
173.97000
198.70000
193.40000
175.82000
109.13000
134.72000
01.84000
02.01000
03.50000
04.57000
02.41000
04.62000
01.86000
01.36000
01.48000
03.30000
03.18000
02.28000
01.20000
03.45000
01.78000
01.30000
02.94000
01.65000
02.47000
04.50000
02.06000
02.68000
02.22000
04.86000
04.26000
01.51000
04.30000
02.91000
7
8
9
7
12
5
11
10
7
2
4
1
14
3
6
13
1017.021
