11
4
136.20000
157.70000
116.87000
107.32000
161.71000
101.77000
188.29000
171.13000
139.19000
170.47000
182.00000
114.98000
100.76000
116.21000
103.77000
157.44000
172.76000
196.86000
178.43000
117.69000
116.47000
128.13000
139.34000
141.90000
127.18000
177.06000
137.48000
168.47000
194.08000
152.46000
145.80000
190.37000
166.48000
146.79000
144.93000
128.15000
133.40000
174.21000
190.67000
199.43000
143.70000
143.26000
144.44000
170.15000
02.81000
02.62000
01.97000
03.62000
01.67000
03.50000
03.81000
02.63000
03.28000
02.42000
03.98000
03.34000
02.51000
02.68000
04.76000
03.47000
01.35000
02.73000
03.78000
02.47000
04.58000
01.71000
03.25000
04.11000
04.10000
03.41000
02.51000
04.21000
03.61000
02.15000
01.55000
01.87000
03.46000
04.81000
03.53000
01.60000
04.59000
04.87000
03.64000
04.90000
01.45000
04.94000
03.79000
01.26000
3
2
1
6
3
9
5
10
2
7
11
3
8
3
4
411.2993
