11
3
146.24000
191.33000
113.25000
166.10000
107.44000
114.09000
179.53000
127.30000
199.88000
107.19000
144.40000
145.78000
131.85000
180.66000
177.53000
101.53000
167.44000
102.44000
166.96000
154.06000
126.70000
177.21000
180.42000
127.28000
180.42000
193.63000
127.02000
124.46000
104.03000
145.63000
185.24000
150.30000
195.30000
05.43000
07.47000
08.23000
08.78000
07.45000
05.05000
07.67000
07.19000
05.50000
09.66000
06.76000
05.28000
05.41000
08.28000
08.72000
07.79000
09.01000
09.37000
08.66000
07.11000
07.27000
07.59000
09.36000
08.47000
06.03000
07.50000
05.26000
09.38000
06.66000
09.92000
06.36000
09.82000
07.85000
4
11
8
3
10
4
1
2
5
7
3
9
4
6
546.7757
