11
3
30.29000
14.02000
66.33000
90.83000
35.79000
30.05000
45.90000
88.40000
53.92000
9.91000
88.35000
11.65000
17.89000
8.18000
41.51000
46.77000
55.75000
40.44000
32.29000
37.67000
80.56000
35.22000
49.54000
44.79000
38.21000
88.86000
37.97000
21.52000
95.23000
20.89000
89.41000
20.01000
28.45000
07.49000
09.81000
06.24000
05.25000
08.86000
09.53000
08.77000
05.93000
07.15000
05.43000
09.35000
07.85000
09.40000
08.83000
07.03000
07.37000
07.98000
08.83000
06.22000
08.04000
09.86000
07.70000
06.22000
08.12000
09.55000
09.83000
06.54000
05.47000
09.84000
05.24000
07.40000
06.47000
07.71000
3
7
5
2
4
4
9
1
3
4
8
6
11
10
106.0378
