14
4
179.43000
182.49000
132.75000
184.74000
182.08000
107.41000
132.48000
168.08000
114.05000
109.31000
181.85000
198.70000
115.97000
128.81000
142.97000
172.22000
116.83000
167.69000
117.21000
109.40000
189.82000
155.57000
105.35000
189.39000
159.50000
119.06000
172.99000
177.79000
141.98000
120.13000
152.23000
156.11000
163.65000
170.81000
187.58000
188.05000
160.35000
156.67000
143.28000
150.49000
122.69000
168.34000
126.72000
164.50000
128.51000
179.16000
103.41000
164.78000
153.36000
135.80000
105.31000
131.68000
111.23000
116.87000
148.06000
180.83000
04.37000
02.32000
04.68000
02.88000
01.71000
01.25000
02.87000
03.30000
04.54000
03.93000
04.11000
03.04000
03.98000
01.51000
04.64000
02.04000
04.15000
02.07000
02.71000
02.80000
02.86000
01.25000
04.11000
03.43000
02.98000
04.36000
04.97000
04.05000
04.89000
03.62000
02.93000
02.69000
01.08000
04.57000
01.98000
02.40000
01.26000
02.31000
03.58000
03.44000
02.57000
01.95000
04.85000
01.25000
02.06000
02.04000
04.75000
04.57000
04.68000
03.10000
02.62000
04.89000
04.34000
02.22000
04.59000
04.34000
4
6
14
13
10
3
8
1
3
3
7
4
2
4
12
9
11
5
474.1383
