11
3
44.86000
44.38000
28.17000
19.55000
44.63000
51.18000
13.65000
10.58000
85.99000
27.48000
11.10000
28.47000
13.53000
66.77000
74.86000
11.25000
97.47000
64.74000
49.30000
37.26000
46.12000
86.98000
14.18000
31.31000
75.12000
77.20000
19.54000
1.21000
27.00000
46.96000
8.80000
6.49000
39.51000
02.41000
04.79000
04.33000
03.05000
04.87000
03.48000
03.56000
01.43000
03.86000
04.93000
01.90000
04.92000
02.62000
01.35000
02.43000
04.92000
04.07000
02.80000
01.18000
01.75000
01.48000
02.37000
04.33000
04.32000
04.64000
01.92000
04.96000
04.57000
01.28000
02.48000
02.10000
04.60000
04.14000
4
8
3
4
11
3
1
2
5
4
7
9
10
6
72.03097
