14
4
145.74000
137.11000
105.86000
159.64000
195.18000
148.28000
143.78000
145.62000
106.75000
119.23000
164.16000
161.70000
121.08000
190.60000
154.05000
109.32000
151.55000
149.72000
174.39000
147.69000
193.29000
186.44000
103.94000
174.17000
127.05000
144.08000
108.32000
154.39000
169.97000
163.62000
155.46000
166.45000
131.59000
149.96000
134.68000
162.96000
126.05000
179.29000
192.04000
197.77000
143.98000
142.24000
133.47000
142.05000
175.01000
120.87000
194.73000
188.23000
119.59000
183.58000
101.53000
171.36000
117.51000
141.03000
169.49000
107.04000
01.65000
04.13000
03.39000
04.51000
01.88000
01.21000
01.50000
01.11000
03.66000
04.10000
02.72000
03.09000
02.10000
03.95000
02.46000
04.85000
03.37000
03.74000
03.50000
01.98000
02.34000
01.56000
04.43000
01.52000
03.27000
01.87000
01.38000
03.63000
01.83000
03.82000
01.09000
01.13000
01.73000
01.00000
03.38000
01.59000
02.68000
02.02000
01.28000
02.45000
01.82000
04.01000
02.75000
04.77000
03.44000
02.12000
05.00000
03.08000
04.19000
02.94000
02.78000
01.96000
03.54000
01.40000
02.23000
03.53000
3
6
1
3
4
13
12
9
2
3
8
10
5
4
4
11
14
7
485.5959
