14
4
13.32000
59.27000
55.36000
71.06000
65.99000
38.47000
74.98000
3.66000
37.86000
33.54000
33.90000
21.76000
68.14000
84.72000
27.79000
3.68000
16.54000
97.54000
81.43000
51.96000
94.46000
48.29000
51.37000
94.66000
71.66000
25.93000
2.58000
97.74000
81.13000
83.12000
37.31000
26.30000
47.64000
63.27000
49.07000
44.36000
3.34000
42.66000
94.89000
57.02000
37.95000
12.02000
18.22000
26.97000
41.68000
13.86000
20.33000
15.70000
79.87000
71.54000
73.71000
47.19000
78.05000
31.20000
94.82000
37.90000
07.70000
05.67000
08.78000
08.99000
09.92000
09.34000
06.63000
05.34000
05.64000
06.85000
09.94000
09.99000
08.76000
07.12000
07.93000
05.99000
06.65000
07.69000
06.64000
08.33000
07.31000
05.43000
09.29000
07.77000
09.49000
05.35000
06.03000
09.46000
07.85000
07.21000
07.64000
09.12000
09.54000
07.14000
08.09000
08.94000
09.11000
08.44000
09.64000
05.82000
07.98000
07.50000
05.71000
06.33000
05.50000
08.07000
09.89000
05.35000
09.84000
07.27000
07.56000
09.14000
06.49000
07.57000
06.36000
05.37000
3
10
11
8
4
12
3
2
13
3
7
14
9
4
1
6
5
4
74.88533
