14
3
5.03000
4.45000
58.51000
82.95000
52.25000
80.20000
61.60000
96.95000
76.16000
88.60000
84.86000
12.24000
86.77000
97.26000
88.78000
16.07000
47.81000
18.13000
54.64000
16.77000
32.59000
64.73000
24.18000
94.95000
65.87000
55.17000
87.46000
67.25000
68.83000
44.39000
48.36000
58.81000
84.43000
58.71000
19.11000
60.83000
74.33000
92.80000
21.19000
18.41000
57.04000
80.49000
08.23000
09.20000
09.32000
08.03000
08.69000
08.87000
07.13000
06.16000
08.39000
06.33000
06.33000
05.57000
08.30000
08.82000
07.16000
09.85000
08.56000
08.53000
05.86000
05.09000
05.38000
08.74000
05.34000
06.80000
09.92000
09.40000
09.44000
05.25000
05.98000
08.52000
08.33000
09.78000
05.41000
09.50000
08.35000
09.84000
05.69000
06.30000
09.32000
09.21000
06.51000
06.47000
5
10
5
12
1
2
5
14
3
9
6
4
4
13
8
7
11
189.3577
