14
4
49.69000
22.77000
73.61000
98.41000
81.58000
46.15000
4.37000
7.14000
94.53000
48.29000
35.32000
63.24000
29.78000
69.39000
47.32000
10.86000
70.92000
85.44000
12.88000
60.78000
42.20000
19.26000
55.63000
68.00000
73.65000
41.87000
42.51000
97.48000
60.48000
99.81000
33.33000
67.40000
26.30000
94.75000
75.36000
32.18000
43.20000
51.81000
15.31000
53.45000
2.89000
60.71000
44.24000
42.57000
19.80000
51.17000
40.26000
65.43000
33.33000
25.41000
50.43000
93.92000
68.74000
62.52000
90.20000
44.51000
08.95000
09.21000
05.27000
05.35000
09.32000
06.18000
06.59000
05.32000
08.81000
07.63000
08.98000
09.22000
06.33000
07.45000
05.79000
06.97000
06.73000
09.09000
07.85000
09.06000
08.55000
09.40000
09.47000
08.88000
07.51000
07.51000
05.80000
06.57000
08.36000
08.31000
08.13000
09.03000
05.15000
06.01000
08.99000
06.92000
05.45000
05.69000
06.58000
07.49000
05.67000
08.76000
08.21000
06.66000
07.76000
07.61000
08.32000
05.51000
05.84000
09.45000
07.53000
09.76000
06.85000
08.02000
08.50000
07.06000
4
6
10
8
7
3
9
12
2
4
4
5
11
13
3
14
1
3
117.6394
