14
2
175.76000
139.71000
155.69000
168.64000
144.72000
166.57000
153.66000
107.57000
182.34000
179.77000
169.70000
135.37000
143.70000
140.62000
154.14000
181.69000
137.64000
139.05000
193.73000
158.00000
119.54000
105.19000
113.75000
173.83000
126.60000
133.69000
109.90000
181.11000
06.06000
05.41000
07.28000
06.51000
09.72000
06.09000
09.25000
05.54000
08.40000
09.14000
08.83000
06.55000
08.83000
05.34000
09.57000
08.41000
05.98000
08.79000
09.71000
09.37000
08.68000
07.68000
05.60000
07.22000
05.42000
05.03000
07.88000
09.16000
7
6
14
2
12
8
13
5
7
10
11
3
9
1
4
7
1186.432
