14
4
135.60000
195.35000
195.06000
183.04000
196.62000
112.24000
195.36000
150.52000
171.34000
190.48000
129.66000
149.68000
100.38000
170.70000
151.25000
128.15000
155.37000
167.55000
100.86000
143.04000
183.41000
162.83000
123.73000
160.11000
167.52000
193.09000
185.49000
144.97000
141.07000
185.57000
198.67000
191.95000
191.04000
185.64000
179.51000
140.47000
150.40000
155.26000
115.06000
153.86000
109.80000
185.07000
140.00000
112.44000
142.95000
135.68000
121.35000
107.22000
127.14000
191.51000
137.29000
178.00000
153.74000
181.15000
103.45000
140.41000
02.28000
03.18000
01.35000
04.99000
03.62000
02.07000
02.48000
02.30000
04.31000
02.59000
04.52000
04.82000
03.49000
03.88000
01.49000
04.91000
04.86000
03.17000
01.51000
03.35000
03.97000
04.46000
01.74000
02.53000
01.35000
02.56000
02.31000
02.57000
01.52000
02.04000
01.38000
04.17000
01.32000
04.07000
01.97000
04.88000
04.98000
02.75000
04.99000
02.81000
01.64000
03.21000
03.97000
03.96000
04.54000
03.22000
02.31000
02.93000
03.04000
03.37000
01.50000
01.79000
01.45000
04.46000
03.66000
02.65000
3
3
1
12
4
9
5
14
2
3
10
4
8
4
11
7
6
13
512.0869
