14
4
5.22000
93.87000
4.94000
39.93000
93.51000
99.01000
77.96000
90.52000
87.07000
56.61000
76.36000
64.18000
26.12000
6.89000
1.90000
9.34000
92.33000
93.32000
54.32000
68.39000
32.13000
91.18000
95.74000
46.06000
42.92000
40.15000
92.14000
7.32000
73.03000
55.79000
40.92000
95.57000
3.80000
9.09000
71.86000
17.95000
83.09000
71.47000
98.19000
44.76000
4.63000
35.65000
88.17000
66.16000
6.70000
19.09000
40.92000
85.57000
93.75000
81.92000
92.88000
47.20000
89.75000
45.20000
61.53000
65.50000
01.82000
03.40000
04.57000
02.77000
04.79000
04.69000
01.88000
03.05000
04.23000
04.75000
01.24000
01.66000
03.28000
02.69000
01.63000
03.63000
03.03000
04.94000
02.25000
01.70000
01.81000
02.92000
01.21000
02.63000
04.98000
03.84000
02.62000
02.55000
04.63000
04.83000
03.80000
03.40000
03.82000
01.53000
03.33000
04.35000
01.99000
02.00000
04.43000
01.64000
04.29000
03.39000
04.43000
02.03000
03.73000
02.28000
03.26000
03.03000
02.78000
02.52000
03.06000
04.03000
01.87000
03.82000
01.96000
03.16000
2
9
1
4
7
11
14
2
5
12
6
8
13
5
3
10
4
3
93.95948
