14
3
101.25000
148.43000
109.95000
188.74000
154.16000
113.30000
145.06000
181.57000
146.25000
182.81000
134.74000
159.49000
186.83000
155.74000
176.08000
110.21000
172.89000
163.78000
143.19000
173.24000
125.04000
111.27000
128.49000
118.64000
184.02000
115.14000
115.92000
135.45000
169.92000
113.07000
107.85000
112.14000
192.20000
193.06000
103.20000
147.60000
168.81000
180.16000
100.71000
106.16000
155.18000
175.49000
07.92000
06.91000
06.25000
09.07000
06.31000
08.60000
08.60000
06.29000
05.78000
08.43000
08.47000
08.33000
07.42000
09.07000
09.97000
08.19000
09.68000
06.47000
06.83000
06.55000
05.39000
09.70000
08.54000
07.00000
06.41000
07.67000
05.02000
08.70000
06.54000
08.94000
06.49000
08.43000
05.58000
07.23000
08.98000
06.26000
09.67000
09.54000
08.10000
09.44000
08.01000
08.18000
4
5
14
6
1
5
13
10
9
2
8
5
3
4
11
7
12
672.7305
