14
4
114.26000
115.57000
122.87000
146.94000
187.64000
183.88000
163.64000
193.97000
130.96000
169.79000
194.67000
128.91000
184.86000
113.92000
169.37000
145.35000
165.80000
127.84000
130.16000
122.99000
158.14000
138.99000
170.46000
109.05000
112.81000
191.37000
155.91000
169.16000
195.54000
156.80000
133.93000
101.00000
146.15000
121.57000
193.53000
192.34000
162.40000
112.14000
164.09000
104.80000
134.92000
119.15000
152.93000
101.21000
132.95000
114.81000
139.99000
178.26000
125.98000
156.04000
167.89000
137.57000
167.67000
137.33000
152.26000
194.75000
08.88000
06.90000
06.59000
08.86000
06.20000
05.29000
09.43000
06.07000
09.28000
07.30000
09.98000
06.35000
07.03000
06.82000
09.63000
07.17000
06.24000
09.78000
05.48000
08.31000
07.99000
06.52000
05.66000
09.43000
06.63000
08.32000
05.31000
05.70000
08.13000
09.38000
07.08000
07.62000
05.27000
09.71000
08.50000
09.59000
08.82000
07.43000
09.53000
09.65000
05.18000
08.92000
07.57000
09.31000
07.97000
06.08000
07.14000
08.19000
07.27000
05.96000
06.83000
05.98000
05.52000
06.08000
09.30000
05.34000
4
3
2
14
1
3
5
8
6
4
13
10
4
12
3
11
9
7
518.592
