11
3
108.82000
160.79000
178.47000
123.60000
182.52000
173.78000
165.41000
111.46000
141.97000
165.81000
170.88000
107.77000
199.27000
161.30000
135.40000
147.14000
174.26000
102.64000
154.61000
198.83000
176.25000
101.38000
177.12000
164.85000
199.28000
127.66000
116.12000
162.68000
101.28000
156.28000
131.61000
144.15000
135.61000
04.59000
04.44000
03.89000
03.60000
01.57000
02.17000
04.06000
01.87000
01.33000
04.96000
02.07000
03.61000
02.45000
04.08000
04.36000
03.32000
02.96000
02.59000
01.35000
03.11000
03.30000
02.77000
02.30000
03.17000
03.72000
01.88000
01.54000
01.06000
02.68000
04.10000
01.67000
04.46000
02.83000
3
3
2
10
4
8
11
4
1
4
6
9
5
7
526.3048
