14
4
121.47000
117.24000
128.45000
106.54000
191.98000
164.31000
192.14000
183.13000
134.00000
180.56000
147.65000
199.18000
188.15000
106.59000
191.52000
123.79000
185.78000
140.25000
151.49000
135.37000
109.34000
142.37000
105.04000
119.45000
109.29000
149.80000
117.79000
141.63000
109.93000
134.04000
141.31000
196.44000
178.17000
129.34000
106.83000
131.59000
138.63000
127.01000
109.88000
164.43000
181.92000
117.67000
117.76000
138.00000
147.28000
127.85000
188.57000
114.83000
118.59000
188.38000
139.29000
162.97000
177.62000
178.04000
185.54000
198.04000
03.52000
01.23000
03.14000
01.09000
04.22000
04.99000
01.16000
01.82000
01.35000
01.46000
01.17000
02.80000
02.01000
01.75000
04.61000
03.52000
01.41000
04.78000
03.89000
02.85000
01.56000
01.75000
04.94000
02.49000
01.55000
03.09000
03.89000
02.55000
04.87000
02.96000
02.13000
04.61000
02.97000
02.06000
01.05000
03.44000
03.01000
01.88000
04.48000
03.53000
02.10000
03.54000
03.16000
01.53000
04.79000
01.05000
03.26000
03.17000
01.33000
01.14000
02.78000
01.24000
04.35000
02.73000
03.83000
01.88000
4
4
2
14
1
4
11
7
13
9
3
10
5
8
3
12
6
3
460.7313
