14
2
107.26000
167.61000
193.37000
125.30000
189.39000
117.23000
191.27000
115.15000
109.03000
129.85000
116.72000
161.17000
102.49000
148.04000
186.33000
176.00000
177.02000
168.69000
197.55000
160.29000
111.46000
196.37000
108.83000
174.03000
156.31000
191.97000
147.11000
100.43000
02.58000
03.19000
04.47000
02.78000
04.24000
02.32000
04.37000
03.20000
01.65000
02.14000
01.21000
01.14000
02.46000
01.53000
03.37000
01.32000
02.55000
04.79000
01.70000
04.94000
03.21000
02.33000
02.27000
03.28000
04.88000
01.97000
01.86000
02.35000
8
11
9
10
6
4
13
1
8
6
2
5
12
3
14
7
991.8052
