11
4
104.45000
165.70000
134.06000
187.51000
143.08000
106.88000
124.07000
128.89000
194.62000
183.63000
197.31000
161.05000
148.37000
190.27000
188.56000
196.61000
169.34000
113.25000
136.40000
198.40000
160.45000
135.27000
140.47000
150.70000
167.77000
107.94000
151.53000
192.93000
190.58000
116.98000
108.72000
116.43000
154.81000
135.63000
146.60000
159.74000
121.37000
154.40000
108.30000
109.08000
109.34000
138.23000
151.46000
181.30000
01.75000
03.16000
03.77000
04.25000
04.52000
01.88000
04.89000
03.44000
02.75000
01.33000
01.01000
01.90000
02.26000
04.64000
02.80000
04.36000
04.72000
01.10000
02.54000
03.87000
03.77000
02.69000
03.92000
04.23000
04.79000
01.63000
03.13000
03.96000
03.09000
01.84000
01.81000
02.92000
01.42000
01.43000
01.98000
03.84000
03.43000
04.03000
01.68000
03.27000
04.48000
03.82000
04.60000
04.95000
3
1
3
7
2
11
5
3
4
9
10
3
2
6
8
372.125
