14
3
68.37000
76.76000
98.38000
23.45000
97.00000
97.57000
94.16000
43.48000
68.05000
14.03000
79.71000
73.99000
36.38000
25.26000
7.55000
56.57000
78.59000
24.74000
31.94000
60.77000
74.97000
79.16000
48.55000
7.63000
44.22000
70.23000
56.17000
6.15000
9.84000
63.87000
46.05000
47.03000
10.75000
38.54000
25.39000
97.84000
80.84000
7.59000
48.17000
39.37000
11.24000
61.10000
06.20000
08.80000
07.29000
06.23000
09.24000
05.94000
09.72000
06.34000
09.21000
08.96000
05.66000
08.68000
05.30000
05.21000
07.56000
08.70000
10.00000
05.21000
05.29000
05.68000
06.69000
05.25000
08.02000
07.05000
05.08000
09.33000
08.45000
08.80000
07.76000
05.46000
08.59000
05.71000
05.43000
07.83000
07.07000
07.52000
07.08000
07.38000
07.17000
05.97000
06.84000
07.97000
4
12
8
4
10
4
11
2
9
14
6
3
6
7
5
13
1
167.5551
