14
4
110.72000
121.40000
103.00000
181.95000
173.71000
132.83000
102.92000
166.63000
195.71000
100.93000
182.15000
178.30000
117.34000
166.32000
149.41000
165.93000
111.40000
123.55000
141.70000
156.72000
161.03000
198.63000
115.08000
107.49000
174.55000
166.50000
135.15000
183.87000
123.14000
155.53000
164.04000
188.38000
182.30000
163.62000
164.23000
180.08000
121.17000
161.58000
189.44000
156.95000
130.38000
140.03000
166.31000
111.04000
181.52000
135.03000
155.39000
103.01000
164.85000
104.44000
111.87000
153.78000
123.39000
190.48000
151.38000
178.99000
05.98000
09.62000
05.20000
06.27000
07.98000
09.67000
07.30000
05.96000
07.39000
07.48000
08.74000
07.85000
08.10000
06.94000
06.73000
06.47000
05.07000
09.38000
05.98000
08.76000
06.35000
09.65000
09.32000
08.30000
09.29000
07.25000
06.91000
05.26000
05.95000
06.06000
08.58000
05.06000
09.93000
08.02000
07.04000
05.11000
08.21000
07.75000
08.00000
08.62000
07.19000
06.66000
08.19000
06.23000
09.87000
08.01000
05.58000
06.00000
08.75000
06.79000
09.11000
08.20000
07.60000
09.32000
06.43000
05.49000
4
3
1
7
10
3
5
11
4
3
14
13
12
4
2
6
8
9
475.5452
