11
4
19.02000
6.09000
29.30000
94.69000
48.96000
25.02000
95.41000
24.87000
12.80000
49.77000
66.03000
91.37000
91.13000
10.82000
3.84000
76.61000
39.10000
49.34000
68.90000
11.40000
88.99000
69.90000
70.91000
24.73000
65.47000
88.56000
52.88000
30.20000
56.73000
83.60000
26.36000
12.48000
34.86000
29.77000
10.25000
21.20000
12.58000
10.17000
66.02000
10.99000
98.24000
62.72000
61.68000
31.17000
06.32000
06.88000
07.05000
08.40000
06.67000
09.22000
07.55000
09.81000
08.29000
06.92000
08.77000
08.61000
06.10000
06.43000
08.84000
09.88000
05.83000
05.25000
06.46000
05.04000
06.37000
08.04000
07.28000
06.36000
08.60000
07.34000
06.31000
07.14000
06.84000
05.32000
07.88000
07.69000
08.33000
09.87000
06.57000
05.60000
07.06000
09.52000
07.62000
09.46000
09.20000
09.50000
09.03000
09.97000
3
8
9
2
3
6
3
4
2
11
10
3
1
7
5
54.94781
