14
2
81.89000
54.58000
88.27000
22.62000
60.09000
93.12000
45.93000
43.19000
9.30000
84.59000
76.11000
22.28000
89.22000
95.88000
21.37000
59.83000
26.32000
73.96000
57.43000
10.93000
56.94000
42.68000
92.38000
95.22000
10.08000
96.06000
78.66000
23.80000
03.88000
02.11000
02.46000
01.62000
04.29000
04.77000
01.49000
04.58000
04.47000
01.39000
03.97000
04.82000
01.05000
03.85000
03.41000
03.02000
04.99000
02.02000
02.96000
02.93000
02.33000
02.92000
04.90000
04.95000
03.31000
03.81000
02.99000
04.10000
6
13
10
7
4
12
9
8
2
5
8
1
14
3
6
11
279.2058
