14
2
67.65000
41.62000
60.18000
10.83000
12.42000
14.51000
15.50000
8.43000
50.69000
61.28000
38.98000
8.17000
88.49000
94.13000
6.06000
76.95000
14.74000
7.27000
47.54000
90.01000
33.53000
26.11000
2.36000
37.77000
34.69000
27.02000
14.75000
21.16000
07.10000
07.02000
08.01000
08.69000
07.60000
08.96000
09.57000
07.04000
09.25000
05.02000
06.11000
05.39000
06.28000
08.51000
09.90000
05.42000
06.59000
09.02000
07.82000
08.97000
06.85000
08.10000
06.69000
05.23000
07.60000
07.71000
09.64000
08.91000
7
2
5
6
7
12
4
8
7
10
11
14
3
13
1
9
149.7057
