14
3
15.84000
53.21000
45.78000
42.05000
29.98000
87.12000
79.56000
32.55000
43.57000
19.59000
39.50000
89.03000
18.67000
6.41000
71.17000
12.81000
73.52000
44.81000
26.97000
97.84000
77.79000
93.34000
92.36000
52.63000
76.38000
82.96000
24.82000
91.38000
63.81000
95.02000
57.27000
89.64000
4.30000
67.04000
70.45000
50.30000
80.29000
70.37000
23.24000
40.71000
89.11000
52.78000
07.98000
05.95000
07.98000
09.65000
08.53000
08.91000
09.97000
07.05000
07.36000
07.33000
05.10000
08.27000
07.74000
05.08000
07.28000
07.59000
05.29000
08.33000
08.22000
07.63000
08.60000
09.57000
06.37000
08.11000
05.36000
09.19000
06.00000
09.08000
08.87000
06.05000
07.58000
09.71000
06.01000
06.63000
06.25000
07.99000
07.07000
08.80000
07.27000
06.85000
05.26000
07.97000
6
11
9
8
10
1
14
4
7
4
13
2
4
6
3
12
5
180.9028
