14
4
71.63000
37.03000
85.50000
48.30000
42.83000
27.18000
47.63000
90.09000
30.68000
81.18000
46.52000
67.33000
75.41000
41.22000
38.00000
74.76000
57.90000
52.63000
26.71000
97.94000
88.67000
70.31000
16.79000
52.11000
4.81000
51.47000
73.23000
2.25000
96.27000
95.40000
23.42000
71.22000
47.63000
22.89000
81.14000
72.97000
60.90000
71.83000
47.62000
92.54000
27.78000
34.94000
57.62000
34.38000
5.40000
5.72000
96.70000
19.47000
36.47000
89.93000
49.38000
58.15000
87.86000
86.95000
30.11000
66.88000
08.20000
05.09000
06.98000
06.92000
09.64000
08.98000
05.42000
08.61000
09.81000
09.44000
09.54000
06.32000
07.61000
05.38000
05.36000
09.66000
05.30000
09.88000
05.79000
07.68000
09.98000
09.36000
07.26000
07.41000
08.28000
05.62000
09.93000
09.00000
06.37000
05.38000
09.00000
05.79000
07.23000
05.17000
09.36000
09.95000
09.96000
07.80000
09.80000
07.66000
05.96000
09.69000
07.08000
05.51000
09.27000
05.54000
07.53000
06.96000
06.57000
07.60000
07.33000
06.54000
07.03000
09.12000
09.13000
06.91000
3
2
5
6
5
12
1
9
11
14
2
8
13
4
10
7
4
3
119.2981
