14
3
27.91000
52.83000
22.16000
63.29000
65.39000
92.20000
37.22000
15.57000
41.67000
41.31000
83.86000
51.79000
68.47000
60.21000
15.44000
51.39000
24.18000
76.41000
50.62000
36.29000
38.54000
40.17000
70.25000
16.31000
30.94000
32.28000
89.74000
45.93000
13.75000
77.55000
42.66000
77.05000
86.24000
81.94000
71.61000
22.65000
83.74000
82.62000
17.42000
16.14000
46.02000
74.91000
02.11000
03.27000
02.90000
03.64000
01.27000
04.66000
03.56000
03.11000
04.91000
03.54000
04.45000
01.96000
01.48000
02.53000
04.29000
04.60000
02.07000
02.25000
01.34000
01.82000
02.67000
01.82000
01.83000
02.69000
02.50000
04.01000
01.91000
02.62000
03.55000
04.80000
03.56000
01.04000
02.56000
02.77000
01.13000
04.17000
04.72000
04.75000
01.83000
04.05000
03.21000
01.31000
4
14
2
9
8
5
5
6
7
3
10
5
4
13
11
12
1
175.975
