14
4
31.29000
49.46000
62.73000
32.27000
7.45000
76.28000
18.98000
50.40000
77.60000
46.28000
89.34000
81.32000
83.97000
98.68000
7.93000
36.99000
12.62000
80.47000
90.74000
43.66000
40.04000
33.69000
79.01000
83.42000
54.91000
52.49000
37.73000
23.24000
50.39000
91.56000
63.35000
88.61000
7.10000
18.97000
41.34000
54.71000
53.54000
95.68000
54.93000
66.47000
81.45000
15.41000
82.85000
54.32000
35.71000
43.52000
21.51000
88.26000
91.65000
54.36000
25.35000
30.38000
22.52000
30.62000
10.85000
94.14000
04.20000
02.57000
03.60000
01.99000
01.76000
02.24000
04.07000
03.21000
04.92000
01.79000
03.70000
03.87000
04.81000
04.35000
02.75000
04.38000
03.05000
03.10000
04.69000
01.80000
04.20000
03.49000
03.09000
04.20000
03.87000
04.94000
02.07000
03.72000
04.04000
01.41000
02.24000
01.66000
01.08000
02.24000
01.20000
02.31000
04.24000
01.98000
04.84000
02.42000
02.64000
01.75000
03.05000
03.69000
02.69000
04.05000
04.59000
03.93000
02.51000
03.59000
03.22000
04.29000
02.49000
04.32000
01.08000
02.92000
3
10
4
5
4
8
2
3
1
3
7
14
6
4
13
11
9
12
94.55646
