11
4
125.59000
175.95000
176.25000
118.51000
183.85000
192.43000
153.47000
115.27000
115.19000
129.63000
124.08000
135.76000
165.73000
135.67000
173.97000
110.54000
126.89000
106.07000
182.70000
192.96000
124.60000
166.92000
173.17000
132.80000
167.87000
133.70000
199.68000
199.25000
179.93000
153.29000
144.96000
144.63000
156.08000
172.26000
118.38000
184.09000
167.29000
192.45000
160.60000
199.31000
112.75000
131.61000
163.19000
141.32000
09.14000
06.36000
08.68000
09.77000
09.98000
08.79000
07.30000
05.77000
06.11000
09.35000
08.16000
07.34000
05.84000
06.55000
07.72000
07.34000
05.70000
07.84000
06.07000
07.45000
06.33000
06.81000
05.48000
08.54000
09.11000
06.40000
07.49000
09.87000
08.91000
05.38000
07.93000
05.61000
05.35000
05.62000
06.74000
09.38000
06.34000
06.47000
07.10000
06.60000
06.84000
05.72000
09.65000
06.05000
3
9
1
4
3
3
5
7
2
10
6
3
11
2
8
396.0072
