14
4
126.91000
120.58000
136.36000
188.14000
178.91000
150.72000
134.66000
100.90000
108.67000
156.27000
131.03000
159.39000
156.82000
177.86000
156.84000
195.33000
123.30000
166.01000
150.26000
154.42000
158.43000
193.77000
193.51000
142.26000
126.20000
183.08000
152.21000
124.45000
145.52000
150.56000
176.64000
150.96000
114.79000
173.44000
146.31000
116.83000
182.52000
104.95000
159.75000
186.63000
139.33000
135.70000
167.00000
140.53000
144.10000
122.50000
147.04000
165.65000
152.77000
159.44000
163.24000
118.33000
105.41000
181.76000
131.22000
114.19000
04.76000
01.22000
01.08000
04.69000
01.68000
01.01000
04.95000
03.07000
02.28000
04.76000
02.05000
04.97000
01.66000
03.59000
01.79000
02.45000
02.93000
02.20000
03.06000
02.08000
03.69000
02.10000
03.34000
03.27000
01.53000
03.61000
02.78000
02.13000
01.74000
04.62000
04.03000
02.71000
01.72000
02.41000
04.46000
03.85000
02.88000
04.17000
04.63000
01.51000
02.35000
03.02000
03.51000
02.00000
04.44000
03.46000
04.51000
03.83000
02.50000
04.38000
02.17000
03.36000
04.28000
04.05000
02.61000
02.71000
4
2
9
8
1
3
6
5
3
3
12
13
7
4
14
4
10
11
482.2188
