14
4
107.61000
148.51000
178.80000
103.01000
114.75000
146.68000
120.52000
197.09000
126.21000
196.82000
186.88000
113.45000
182.62000
139.56000
118.46000
188.28000
153.16000
153.96000
133.12000
184.64000
104.07000
138.52000
136.69000
198.80000
126.68000
173.69000
194.76000
196.39000
118.18000
161.51000
175.99000
129.43000
103.72000
144.81000
112.71000
131.49000
139.28000
138.29000
144.77000
139.04000
115.50000
132.58000
184.41000
108.85000
114.23000
110.92000
135.90000
102.68000
151.37000
198.61000
187.60000
138.14000
196.55000
185.73000
155.16000
130.84000
02.17000
01.59000
04.34000
03.88000
02.98000
03.72000
01.49000
03.00000
04.27000
04.62000
04.70000
04.46000
01.16000
03.40000
02.27000
04.80000
02.47000
04.40000
03.49000
02.46000
03.84000
03.98000
03.04000
02.99000
01.60000
02.49000
01.05000
02.50000
03.93000
04.84000
04.27000
04.08000
04.46000
01.88000
03.15000
03.37000
03.98000
02.70000
03.59000
03.01000
03.62000
04.43000
03.62000
03.61000
01.46000
01.92000
02.54000
03.71000
02.61000
03.25000
02.43000
03.80000
03.79000
01.64000
01.43000
02.03000
4
7
1
5
4
3
11
9
8
3
10
12
13
4
3
14
2
6
470.104
