14
3
87.31000
48.80000
61.61000
73.74000
93.59000
17.31000
41.13000
34.65000
37.54000
7.93000
44.53000
52.25000
23.91000
56.19000
63.44000
72.59000
6.30000
50.82000
8.10000
18.43000
14.85000
22.62000
75.49000
30.20000
80.54000
25.12000
20.37000
31.64000
26.04000
92.65000
89.30000
56.96000
6.27000
84.33000
21.07000
42.45000
17.48000
65.94000
37.17000
47.43000
30.63000
44.40000
03.02000
02.21000
03.46000
04.68000
04.68000
02.15000
03.64000
01.57000
03.95000
02.97000
02.00000
02.15000
02.15000
02.37000
01.47000
02.05000
02.34000
04.11000
01.95000
01.72000
04.61000
04.91000
02.13000
01.46000
01.52000
01.06000
01.71000
04.52000
03.00000
01.12000
02.83000
02.24000
01.41000
04.10000
04.89000
04.50000
03.12000
04.86000
02.80000
03.95000
01.67000
04.56000
4
11
2
6
10
6
12
13
14
8
5
3
4
4
1
9
7
124.9651
