11
3
119.26000
183.23000
121.43000
147.10000
108.10000
181.60000
194.15000
151.48000
187.53000
166.89000
100.20000
170.27000
145.42000
194.27000
159.43000
157.63000
131.82000
131.82000
182.76000
125.92000
141.09000
185.04000
106.85000
127.70000
162.84000
106.67000
183.20000
115.00000
148.72000
171.63000
178.58000
173.71000
116.29000
07.87000
07.76000
07.30000
06.81000
09.23000
08.41000
08.62000
07.54000
06.45000
07.35000
08.13000
09.68000
07.51000
06.37000
05.60000
08.74000
08.22000
05.75000
09.55000
05.74000
07.45000
06.62000
05.57000
08.16000
07.29000
05.48000
08.61000
08.09000
09.57000
07.86000
09.49000
09.89000
09.04000
4
8
3
11
5
3
9
2
10
4
4
1
7
6
537.0012
