14
2
20.21000
5.36000
84.98000
28.03000
54.50000
88.22000
24.52000
22.58000
30.49000
28.19000
97.01000
19.06000
89.35000
71.61000
38.09000
96.69000
50.31000
10.02000
86.98000
4.18000
19.95000
94.13000
69.11000
73.58000
59.93000
59.57000
66.87000
46.92000
05.01000
05.85000
09.58000
07.78000
08.67000
05.35000
05.25000
05.81000
06.47000
06.81000
06.09000
08.87000
07.03000
07.91000
06.53000
07.46000
09.17000
08.87000
08.80000
09.98000
07.35000
06.03000
08.99000
05.78000
07.68000
08.99000
09.63000
08.95000
8
5
7
9
10
1
8
12
2
6
11
13
3
14
4
6
275.7523
