14
4
104.12000
137.85000
120.04000
133.37000
149.55000
179.38000
122.72000
118.47000
194.62000
118.21000
145.34000
171.18000
179.95000
194.95000
190.37000
176.87000
190.17000
174.25000
174.68000
188.58000
114.63000
103.06000
105.70000
125.90000
168.60000
190.30000
149.04000
154.45000
195.32000
120.00000
101.47000
135.68000
132.63000
166.40000
125.12000
160.99000
140.28000
193.29000
164.42000
162.12000
108.88000
191.30000
147.61000
185.46000
175.04000
179.87000
190.03000
172.18000
119.52000
101.85000
115.48000
133.33000
154.85000
156.07000
139.59000
184.54000
01.24000
01.64000
02.28000
03.26000
01.95000
03.07000
04.63000
03.96000
03.70000
01.82000
01.58000
01.55000
01.63000
01.03000
01.45000
03.09000
04.08000
01.14000
02.80000
03.41000
01.12000
03.91000
03.56000
01.66000
03.62000
04.67000
03.83000
01.96000
04.88000
02.15000
03.66000
03.91000
03.70000
04.12000
04.62000
04.91000
03.07000
01.43000
04.69000
01.82000
04.12000
03.21000
03.89000
01.41000
04.28000
02.88000
04.41000
02.85000
01.04000
04.60000
03.95000
04.37000
03.90000
03.44000
04.66000
04.07000
4
1
10
4
8
3
7
6
11
4
2
5
3
13
3
12
14
9
487.6606
