14
3
34.63000
56.52000
49.45000
36.25000
11.52000
72.88000
66.90000
45.91000
84.89000
12.04000
27.68000
42.74000
47.81000
86.63000
14.63000
49.61000
1.22000
61.02000
30.43000
6.89000
68.08000
27.66000
63.84000
76.75000
11.56000
42.67000
34.37000
94.02000
48.82000
43.57000
91.84000
10.33000
27.31000
28.29000
79.73000
12.78000
31.26000
76.49000
61.73000
45.24000
29.29000
87.58000
01.04000
01.73000
03.40000
03.38000
02.67000
04.02000
04.89000
04.02000
01.66000
02.24000
01.32000
03.78000
01.11000
04.60000
02.11000
02.94000
03.13000
04.30000
01.63000
02.63000
03.49000
04.64000
04.57000
03.74000
03.37000
01.18000
02.71000
04.28000
02.73000
04.01000
02.09000
02.78000
02.26000
04.49000
03.76000
01.14000
04.76000
04.83000
03.21000
02.42000
04.05000
03.24000
4
7
12
10
5
5
14
1
11
6
3
5
8
2
13
9
4
137.8703
