14
3
111.66000
161.13000
176.69000
157.06000
110.38000
106.72000
143.44000
107.85000
146.51000
175.50000
191.13000
165.41000
135.64000
122.51000
167.79000
100.67000
102.80000
136.05000
109.67000
152.66000
102.26000
167.72000
153.91000
154.03000
145.87000
150.90000
140.71000
100.05000
177.80000
112.71000
140.65000
179.37000
135.43000
155.95000
124.39000
135.00000
105.02000
109.22000
146.03000
169.79000
148.24000
129.89000
07.21000
09.37000
08.50000
08.34000
09.04000
06.77000
06.42000
09.68000
07.21000
09.52000
07.89000
07.59000
06.89000
06.86000
08.85000
08.91000
05.50000
06.33000
07.32000
09.23000
06.92000
07.24000
08.00000
06.60000
08.06000
08.63000
07.38000
09.23000
09.18000
07.58000
09.29000
09.59000
08.23000
09.20000
08.84000
07.20000
08.69000
09.39000
09.65000
06.76000
08.80000
07.04000
5
14
6
1
5
8
5
4
3
13
7
2
4
12
11
9
10
661.4069
