14
4
8.68000
9.91000
26.54000
50.69000
63.65000
85.39000
26.04000
32.40000
42.47000
32.89000
68.48000
54.74000
84.34000
90.62000
32.21000
20.21000
38.51000
16.19000
81.88000
19.27000
9.58000
87.09000
89.61000
5.01000
20.71000
78.16000
21.38000
42.41000
41.91000
22.92000
94.09000
13.18000
46.88000
30.32000
10.51000
97.93000
20.94000
66.35000
39.88000
8.68000
53.80000
22.75000
42.49000
78.96000
76.05000
31.67000
69.05000
90.20000
23.44000
70.87000
64.89000
12.72000
46.85000
78.57000
45.49000
59.98000
06.35000
05.94000
05.77000
09.55000
07.60000
09.39000
06.06000
07.84000
06.64000
08.49000
06.08000
06.22000
07.37000
07.14000
08.75000
08.57000
07.00000
07.29000
07.45000
07.75000
08.23000
06.21000
08.75000
05.19000
09.64000
08.47000
07.81000
06.06000
07.28000
07.17000
07.22000
06.64000
07.52000
07.34000
06.49000
05.72000
08.68000
09.43000
09.90000
07.42000
07.19000
09.84000
08.45000
05.97000
08.90000
05.07000
08.31000
05.95000
06.37000
06.45000
09.06000
05.63000
08.58000
08.84000
08.38000
07.66000
4
3
8
2
1
4
13
6
11
7
4
9
14
4
12
2
5
10
82.96176
