14
4
79.40000
75.22000
66.61000
17.86000
80.41000
48.39000
2.09000
60.47000
34.66000
71.48000
9.91000
24.59000
81.36000
85.70000
62.13000
19.94000
27.67000
60.81000
96.41000
63.56000
90.87000
61.03000
56.28000
11.87000
62.63000
97.44000
6.69000
28.85000
99.06000
74.41000
19.55000
10.91000
39.82000
62.07000
47.34000
28.74000
53.31000
33.51000
93.71000
25.72000
31.25000
78.45000
33.78000
37.89000
8.31000
38.88000
51.73000
44.77000
42.22000
45.10000
80.72000
54.19000
94.91000
12.09000
37.23000
81.61000
02.92000
01.13000
01.93000
03.66000
01.96000
03.79000
01.42000
02.41000
03.67000
01.41000
01.13000
03.67000
03.18000
01.10000
01.14000
01.53000
02.43000
04.81000
01.46000
02.97000
03.74000
04.01000
03.80000
04.96000
01.14000
03.83000
04.29000
03.63000
02.76000
03.22000
02.41000
01.06000
02.23000
01.26000
03.83000
03.94000
01.88000
02.26000
04.00000
02.35000
02.84000
03.35000
02.52000
03.33000
03.78000
02.51000
02.94000
03.34000
02.77000
03.10000
03.03000
04.05000
04.49000
01.46000
04.90000
03.58000
4
9
11
12
7
4
2
14
10
13
3
5
4
8
3
1
6
3
88.52676
