14
4
94.86000
95.76000
70.29000
60.07000
95.89000
49.23000
77.71000
80.64000
45.51000
97.46000
53.83000
67.60000
82.94000
82.69000
93.23000
78.18000
14.54000
78.89000
53.37000
68.15000
56.96000
4.58000
95.32000
69.55000
65.19000
73.19000
86.06000
48.36000
99.12000
52.72000
79.46000
85.61000
90.36000
77.32000
44.03000
51.44000
75.44000
56.32000
47.30000
66.03000
45.07000
79.42000
90.18000
77.98000
71.24000
18.41000
92.19000
46.10000
55.96000
76.36000
88.23000
49.25000
42.43000
28.57000
93.76000
3.89000
02.44000
04.16000
03.13000
04.32000
01.98000
01.71000
02.39000
02.24000
04.75000
04.78000
02.45000
01.23000
01.88000
04.48000
01.92000
04.14000
02.82000
02.55000
03.73000
04.59000
03.16000
03.28000
04.62000
04.64000
04.63000
03.69000
04.72000
04.44000
03.71000
04.93000
04.36000
03.34000
01.56000
02.99000
01.94000
01.02000
01.15000
03.58000
03.84000
01.79000
03.62000
03.81000
04.29000
02.20000
03.02000
02.98000
03.15000
03.42000
04.47000
01.80000
03.73000
01.39000
02.71000
02.45000
04.16000
02.24000
2
1
9
4
6
5
3
8
3
7
13
2
5
10
11
12
4
14
146.0136
