14
4
41.73000
88.20000
28.74000
68.92000
7.53000
77.98000
7.89000
58.53000
84.34000
77.46000
19.17000
28.43000
15.39000
27.84000
69.22000
25.04000
8.15000
86.88000
34.06000
69.60000
18.93000
55.56000
57.51000
52.88000
71.30000
94.45000
6.55000
39.87000
10.85000
5.43000
63.20000
6.88000
69.15000
51.08000
64.67000
87.34000
11.46000
89.78000
94.00000
57.23000
26.50000
13.27000
50.05000
66.38000
97.56000
33.23000
86.34000
50.61000
43.08000
58.57000
19.21000
21.92000
90.91000
29.21000
62.12000
94.76000
08.53000
08.30000
06.70000
05.07000
06.42000
07.87000
08.19000
05.29000
08.74000
07.21000
06.06000
09.74000
09.39000
05.25000
07.88000
05.85000
07.90000
06.16000
07.55000
06.26000
06.23000
08.69000
09.59000
07.20000
09.52000
06.83000
09.16000
08.83000
09.57000
06.93000
08.54000
08.77000
09.85000
09.44000
08.06000
06.62000
08.95000
09.25000
09.60000
07.49000
08.29000
07.76000
05.55000
06.90000
05.45000
05.42000
07.06000
09.10000
06.33000
07.02000
05.48000
09.52000
07.96000
08.16000
08.48000
05.79000
4
11
12
5
7
3
8
3
13
5
14
9
1
2
4
2
6
10
74.72441
