14
4
11.10000
22.72000
71.69000
72.78000
28.94000
80.79000
61.12000
39.40000
74.26000
65.01000
98.13000
1.78000
88.28000
15.61000
63.09000
64.16000
95.05000
81.74000
50.77000
79.74000
49.77000
91.05000
38.29000
74.27000
86.31000
12.79000
90.60000
13.71000
5.60000
73.33000
28.86000
97.13000
21.97000
6.65000
70.38000
97.75000
86.31000
97.01000
6.73000
52.77000
90.35000
38.12000
55.79000
99.29000
64.26000
94.01000
61.17000
13.17000
23.72000
44.34000
52.84000
3.83000
76.22000
29.70000
46.28000
86.75000
09.24000
07.10000
06.88000
08.99000
05.49000
07.57000
08.06000
08.94000
08.83000
05.48000
08.28000
05.78000
08.16000
09.73000
08.39000
09.82000
09.94000
07.45000
05.85000
05.87000
08.02000
05.08000
09.59000
06.35000
09.95000
07.22000
09.76000
06.44000
06.59000
05.68000
05.59000
09.75000
09.47000
06.45000
05.29000
05.96000
06.33000
09.69000
07.17000
05.32000
08.58000
06.78000
05.67000
08.21000
07.11000
08.14000
08.11000
07.33000
07.13000
07.35000
08.87000
06.06000
09.30000
07.51000
05.62000
07.06000
3
4
2
12
3
7
9
14
5
3
5
6
11
1
3
13
8
10
107.8851
