14
2
132.13000
120.25000
165.55000
176.09000
127.96000
110.64000
197.32000
140.17000
190.68000
144.99000
114.15000
119.49000
112.89000
122.11000
128.94000
172.42000
165.77000
193.84000
154.06000
164.30000
195.62000
130.13000
143.80000
114.24000
153.54000
166.08000
131.34000
111.69000
06.62000
09.03000
07.56000
07.58000
09.23000
05.65000
07.43000
08.30000
07.11000
05.99000
09.85000
07.05000
06.38000
05.23000
09.54000
06.11000
07.56000
05.23000
08.57000
08.95000
09.79000
07.82000
05.72000
05.90000
05.62000
08.27000
06.01000
08.53000
7
7
3
6
13
12
5
2
7
4
11
9
10
8
1
14
1174.055
