11
4
124.81000
155.78000
120.03000
183.03000
149.33000
112.53000
105.30000
149.37000
105.52000
123.61000
192.55000
156.05000
145.81000
125.69000
185.00000
164.61000
106.96000
106.04000
157.40000
108.16000
107.01000
154.18000
101.01000
108.11000
141.97000
106.34000
169.06000
112.01000
181.12000
136.43000
101.98000
115.93000
180.46000
129.76000
187.49000
126.69000
181.18000
161.37000
104.21000
123.25000
158.56000
126.79000
171.16000
111.44000
07.78000
08.46000
09.23000
07.76000
05.87000
07.03000
08.83000
05.51000
05.46000
08.70000
09.38000
06.00000
05.46000
07.10000
05.03000
05.62000
05.01000
06.58000
08.52000
06.25000
09.97000
07.14000
06.66000
06.90000
09.45000
06.25000
09.63000
09.80000
07.37000
05.85000
09.11000
08.95000
07.52000
05.22000
08.28000
06.06000
06.00000
09.05000
07.14000
05.77000
06.40000
09.05000
09.73000
07.98000
2
5
2
3
3
9
10
3
8
4
1
3
7
6
11
364.9839
