14
4
146.61000
117.81000
152.21000
166.86000
167.87000
100.39000
198.67000
135.98000
174.69000
116.21000
151.01000
108.65000
107.71000
105.88000
157.82000
125.21000
152.12000
191.90000
199.49000
181.39000
145.66000
151.90000
161.31000
186.62000
142.15000
193.76000
108.89000
106.52000
167.01000
113.48000
111.17000
140.41000
195.57000
135.11000
131.54000
121.42000
155.40000
148.17000
128.49000
189.18000
137.13000
143.28000
174.66000
152.34000
131.65000
135.48000
113.31000
191.14000
121.58000
133.77000
183.42000
102.82000
150.79000
162.74000
100.63000
102.99000
05.71000
06.06000
09.51000
05.99000
07.11000
08.57000
07.74000
06.14000
06.91000
07.34000
06.35000
07.01000
09.04000
06.28000
06.57000
05.71000
09.13000
06.32000
06.54000
06.32000
06.94000
06.97000
09.74000
05.81000
05.56000
06.60000
06.32000
09.36000
09.25000
05.54000
07.97000
06.99000
05.95000
08.59000
06.52000
06.76000
09.22000
09.18000
09.84000
09.77000
05.44000
08.71000
05.92000
08.56000
05.41000
05.53000
09.00000
09.43000
06.42000
08.10000
08.61000
05.62000
07.79000
07.32000
07.41000
09.78000
4
2
14
12
6
3
11
1
3
3
4
8
9
4
7
10
13
5
483.9518
