11
4
172.09000
168.60000
192.81000
194.59000
162.86000
175.58000
149.80000
191.63000
146.23000
147.82000
169.71000
163.38000
186.71000
150.07000
102.14000
143.16000
174.95000
150.86000
125.84000
106.37000
100.52000
167.90000
103.43000
106.49000
185.42000
178.37000
187.53000
129.17000
183.60000
145.21000
172.44000
137.82000
177.90000
180.25000
145.34000
133.98000
189.39000
131.33000
106.14000
136.73000
172.56000
139.66000
190.60000
154.55000
01.67000
04.73000
04.52000
01.06000
01.69000
03.05000
01.09000
01.08000
03.60000
02.55000
03.12000
02.01000
02.92000
03.60000
04.19000
02.66000
04.81000
02.23000
02.32000
02.30000
03.22000
03.91000
03.85000
04.90000
01.90000
04.29000
01.79000
02.46000
02.66000
01.06000
04.64000
02.71000
04.88000
03.40000
04.33000
04.00000
03.22000
01.62000
03.64000
04.52000
04.34000
01.97000
01.10000
04.24000
2
4
11
3
7
9
10
3
8
1
2
3
5
3
6
379.8993
