14
4
187.35000
116.09000
176.41000
122.84000
198.98000
187.50000
160.13000
127.66000
189.94000
185.88000
143.48000
129.76000
100.84000
151.87000
158.00000
118.40000
153.54000
154.29000
113.10000
173.94000
182.38000
135.53000
132.09000
122.28000
157.93000
142.39000
180.60000
129.05000
170.95000
129.46000
176.31000
129.31000
120.35000
145.38000
114.40000
101.49000
194.78000
146.47000
122.83000
154.16000
184.86000
123.38000
131.15000
192.27000
189.00000
181.74000
157.45000
179.65000
138.45000
100.48000
158.96000
183.66000
170.93000
193.66000
151.32000
119.92000
05.99000
09.58000
06.01000
09.61000
06.33000
06.26000
06.16000
06.90000
06.01000
05.15000
07.61000
05.86000
08.96000
05.14000
09.02000
06.09000
05.14000
05.06000
09.48000
09.29000
05.16000
05.03000
06.60000
09.82000
09.43000
07.42000
05.54000
07.84000
05.99000
07.34000
09.27000
06.60000
07.06000
08.75000
07.67000
05.20000
05.63000
08.63000
06.76000
07.97000
08.11000
08.40000
08.37000
05.36000
06.47000
05.13000
05.80000
06.45000
06.06000
07.14000
08.20000
06.28000
09.44000
09.22000
08.22000
07.53000
4
12
4
2
13
3
3
6
1
4
8
11
5
7
3
10
9
14
527.7346
