11
4
103.17000
108.04000
166.64000
155.40000
139.79000
124.35000
102.69000
107.47000
160.42000
122.34000
143.06000
109.60000
173.83000
112.31000
112.79000
164.59000
108.56000
187.13000
194.32000
125.66000
128.27000
150.85000
117.96000
179.69000
125.37000
144.67000
141.38000
183.29000
152.31000
194.38000
169.50000
101.76000
129.28000
197.81000
106.66000
111.56000
119.80000
165.21000
158.19000
135.71000
111.28000
125.01000
193.53000
160.07000
02.50000
04.11000
01.34000
03.01000
03.27000
03.57000
02.68000
02.68000
02.96000
02.22000
04.50000
01.47000
01.54000
03.26000
02.10000
01.35000
02.10000
01.26000
01.55000
01.50000
01.46000
01.59000
03.19000
01.76000
01.32000
01.11000
02.67000
03.87000
04.88000
02.18000
02.58000
01.19000
03.43000
03.08000
03.83000
04.61000
02.55000
03.60000
04.49000
02.81000
02.92000
02.02000
04.10000
01.99000
3
10
8
7
3
9
1
6
2
5
11
3
4
2
3
348.7865
