11
3
157.34000
149.54000
106.13000
129.08000
135.61000
140.72000
149.59000
168.98000
172.27000
177.36000
121.73000
158.52000
149.57000
199.29000
111.32000
188.98000
178.34000
199.30000
148.77000
185.66000
131.77000
148.12000
160.42000
181.64000
142.77000
150.05000
169.22000
113.52000
122.78000
192.81000
139.66000
107.96000
157.76000
07.09000
05.56000
06.22000
08.87000
06.38000
09.73000
06.71000
07.65000
08.24000
05.29000
07.97000
09.59000
05.40000
08.97000
05.82000
09.32000
06.72000
07.05000
08.07000
06.06000
08.18000
08.52000
09.64000
05.39000
09.26000
09.81000
06.97000
06.39000
05.01000
09.21000
07.63000
07.45000
08.84000
4
5
3
11
4
3
2
8
1
4
7
9
6
10
547.3758
