14
3
30.04000
3.67000
57.23000
28.13000
56.35000
69.44000
78.58000
32.46000
80.08000
38.71000
56.54000
28.82000
4.52000
82.74000
81.18000
50.88000
61.90000
84.82000
4.22000
32.94000
9.96000
66.11000
18.58000
28.14000
28.43000
15.84000
45.70000
92.88000
84.11000
41.49000
9.69000
56.67000
32.95000
33.43000
18.21000
61.77000
51.85000
60.08000
57.14000
45.86000
27.83000
35.16000
06.82000
06.05000
06.38000
07.87000
07.55000
09.97000
09.78000
06.45000
06.89000
08.59000
06.71000
05.06000
06.97000
08.45000
09.69000
05.16000
08.23000
07.25000
08.87000
07.83000
05.85000
08.21000
08.04000
09.22000
05.37000
08.40000
06.60000
08.28000
06.08000
09.17000
05.47000
09.49000
06.49000
05.02000
06.87000
06.82000
05.73000
06.94000
06.87000
07.41000
08.43000
05.49000
5
8
1
4
13
2
5
11
10
9
12
5
4
6
14
7
3
107.3819
