14
3
131.93000
106.57000
160.11000
178.95000
109.17000
186.74000
171.28000
142.68000
144.98000
186.95000
133.58000
148.10000
168.61000
129.01000
164.71000
113.82000
111.47000
146.24000
106.26000
151.25000
116.20000
181.01000
165.57000
134.62000
121.68000
106.60000
105.88000
160.34000
130.33000
118.18000
189.22000
139.02000
121.75000
198.38000
169.62000
103.04000
188.67000
182.53000
122.36000
125.08000
100.17000
138.54000
03.32000
03.43000
04.49000
02.71000
03.41000
03.37000
04.78000
01.65000
04.53000
02.47000
02.01000
04.16000
01.18000
04.11000
04.34000
03.05000
01.64000
04.80000
03.57000
04.61000
03.82000
03.96000
01.23000
02.71000
01.47000
01.27000
03.73000
03.79000
01.97000
03.93000
03.12000
02.18000
04.95000
04.71000
02.21000
04.44000
03.94000
03.58000
04.67000
01.29000
04.63000
02.39000
4
6
9
14
2
5
11
3
10
7
5
5
12
1
4
8
13
620.3801
