14
4
167.24000
148.40000
171.58000
138.20000
138.73000
102.71000
148.74000
134.51000
106.72000
151.18000
142.73000
195.29000
111.85000
134.43000
169.03000
169.91000
139.57000
190.76000
137.79000
146.53000
184.41000
170.43000
125.13000
120.64000
130.65000
180.39000
196.67000
157.87000
198.20000
139.75000
116.01000
141.69000
145.54000
120.40000
173.13000
174.70000
110.10000
128.41000
192.78000
130.38000
182.49000
154.43000
127.82000
104.95000
135.17000
150.76000
110.55000
149.94000
130.90000
191.95000
198.18000
191.24000
139.34000
187.27000
106.34000
144.48000
05.74000
07.56000
05.66000
07.32000
06.47000
06.18000
06.17000
05.27000
08.98000
06.93000
05.40000
09.79000
07.16000
08.71000
07.97000
08.80000
07.53000
09.72000
05.75000
08.22000
09.52000
09.31000
06.99000
09.26000
07.56000
05.60000
06.86000
07.09000
07.30000
09.79000
05.91000
05.93000
08.06000
05.87000
05.82000
09.78000
07.49000
09.09000
07.61000
06.48000
06.99000
05.86000
07.51000
09.45000
07.88000
05.46000
05.86000
06.27000
09.90000
08.47000
09.71000
09.89000
06.26000
09.61000
06.74000
07.97000
3
1
7
4
3
8
11
10
4
6
12
3
9
4
5
14
13
2
523.621
