11
3
172.67000
174.45000
171.79000
148.42000
192.65000
130.73000
138.74000
192.32000
138.68000
100.31000
144.61000
145.22000
133.87000
108.59000
133.77000
177.68000
112.59000
121.57000
146.29000
135.22000
176.58000
125.43000
179.73000
181.31000
191.23000
187.56000
145.59000
139.23000
102.07000
157.57000
152.85000
155.30000
196.47000
07.51000
06.12000
06.84000
07.86000
06.99000
09.16000
07.13000
06.55000
07.64000
07.16000
05.41000
08.55000
08.87000
09.33000
06.95000
05.99000
05.40000
05.35000
07.51000
05.36000
06.72000
07.19000
06.95000
08.00000
05.26000
07.14000
07.79000
09.34000
05.33000
08.59000
08.75000
05.17000
07.94000
4
11
7
10
6
4
9
4
2
3
3
1
5
8
565.7687
