11
3
105.29000
181.53000
199.29000
174.36000
189.47000
121.03000
109.96000
111.02000
180.13000
183.85000
140.56000
191.41000
166.42000
142.60000
110.54000
125.84000
149.55000
185.76000
125.95000
134.25000
133.15000
173.96000
118.56000
143.17000
126.29000
118.97000
120.14000
140.07000
139.19000
126.67000
128.13000
156.89000
148.12000
06.03000
09.17000
05.85000
06.63000
09.85000
05.10000
05.11000
05.84000
05.90000
07.61000
08.33000
08.62000
07.27000
08.67000
05.62000
06.44000
06.48000
09.91000
05.65000
06.99000
06.31000
06.97000
05.33000
09.48000
06.27000
05.34000
06.96000
05.04000
08.74000
05.25000
07.09000
08.94000
05.02000
4
6
7
8
11
3
2
10
9
4
4
1
3
5
528.1749
