11
3
75.24000
94.92000
25.49000
75.66000
7.85000
52.19000
23.37000
15.75000
37.63000
29.60000
53.42000
23.38000
2.85000
87.82000
63.64000
18.13000
53.24000
58.94000
28.97000
36.58000
3.41000
13.33000
84.82000
51.84000
27.23000
32.89000
3.81000
63.95000
75.46000
5.06000
3.07000
6.41000
87.52000
02.52000
04.38000
02.27000
04.97000
03.64000
02.97000
02.26000
01.17000
02.04000
01.67000
02.41000
02.67000
02.38000
04.31000
01.33000
03.86000
04.91000
01.41000
01.95000
03.75000
02.65000
01.09000
04.96000
03.01000
03.08000
04.11000
03.82000
03.29000
03.56000
03.26000
03.02000
03.57000
01.48000
2
6
7
5
11
1
5
10
2
4
3
4
8
9
76.27534
