14
2
59.96000
78.20000
99.96000
93.58000
91.65000
87.45000
55.00000
92.93000
98.12000
58.04000
70.85000
93.25000
10.14000
25.93000
66.99000
56.77000
88.37000
87.03000
61.64000
62.92000
67.48000
84.46000
89.11000
79.96000
61.82000
53.53000
21.42000
35.56000
08.84000
07.75000
05.21000
07.58000
06.48000
09.50000
07.12000
05.98000
08.26000
07.41000
05.14000
09.55000
09.66000
06.05000
05.81000
09.95000
09.48000
09.81000
08.64000
07.36000
08.57000
09.95000
09.31000
05.93000
08.16000
07.20000
07.21000
06.63000
7
3
11
4
10
7
1
14
7
9
6
8
12
5
2
13
543.8012
