11
3
8.20000
89.86000
7.80000
46.74000
17.02000
17.36000
3.88000
80.20000
82.71000
29.25000
54.69000
66.23000
32.08000
61.62000
92.04000
11.24000
87.61000
60.61000
69.41000
87.70000
2.28000
23.18000
98.61000
47.62000
47.95000
64.96000
78.15000
88.32000
50.78000
16.28000
92.84000
64.63000
13.52000
01.88000
02.08000
04.43000
04.78000
02.71000
03.10000
02.34000
03.24000
03.22000
01.95000
03.18000
01.56000
03.56000
02.68000
03.64000
01.36000
02.92000
03.72000
01.00000
04.30000
03.91000
03.24000
03.07000
04.97000
04.27000
03.02000
03.80000
02.86000
04.20000
04.53000
03.83000
01.62000
03.56000
5
4
6
1
3
7
3
9
5
10
3
2
11
8
101.8603
