14
4
16.47000
49.94000
57.62000
25.45000
27.53000
77.63000
79.72000
75.39000
95.46000
11.38000
79.79000
2.00000
62.48000
89.39000
61.74000
79.99000
54.87000
57.78000
62.66000
94.50000
80.84000
99.27000
30.92000
5.96000
57.14000
70.21000
31.49000
77.36000
41.19000
34.62000
49.17000
34.44000
52.91000
32.52000
14.11000
2.95000
18.24000
43.58000
76.52000
79.00000
26.91000
58.54000
13.98000
1.33000
21.03000
15.33000
51.73000
75.59000
58.51000
47.92000
18.55000
20.90000
32.78000
8.81000
28.89000
50.73000
01.41000
02.92000
01.63000
01.22000
02.73000
02.48000
02.11000
02.58000
02.16000
02.42000
02.27000
03.89000
02.82000
01.88000
02.88000
02.82000
02.58000
03.50000
02.75000
03.29000
03.91000
01.20000
03.57000
01.25000
04.26000
04.45000
01.48000
04.82000
01.06000
01.21000
01.87000
03.13000
03.43000
01.51000
02.40000
03.49000
04.42000
01.21000
04.13000
03.81000
01.16000
01.43000
02.55000
02.27000
01.62000
01.62000
04.08000
01.62000
03.68000
02.52000
03.20000
01.60000
02.40000
01.12000
02.05000
04.34000
4
4
1
5
12
2
14
10
4
13
6
7
8
4
11
3
9
2
83.62182
