14
4
87.25000
92.96000
33.83000
81.41000
99.42000
89.29000
41.56000
84.51000
38.53000
59.72000
95.34000
32.33000
43.79000
44.49000
60.70000
2.37000
44.14000
47.03000
71.62000
31.52000
39.89000
62.95000
68.45000
75.20000
4.54000
26.88000
17.16000
99.37000
31.05000
3.49000
1.30000
60.70000
33.82000
34.20000
90.32000
96.07000
58.27000
47.16000
47.88000
10.04000
95.12000
33.06000
14.72000
85.40000
28.71000
71.52000
70.99000
59.06000
93.98000
12.81000
74.88000
21.33000
15.61000
98.94000
41.86000
86.70000
01.12000
01.50000
03.81000
01.24000
04.31000
02.86000
04.03000
02.28000
01.36000
04.36000
03.68000
03.01000
03.38000
01.12000
01.68000
02.40000
01.55000
01.98000
02.34000
03.10000
04.54000
04.78000
01.70000
03.03000
04.31000
02.87000
03.89000
02.33000
02.34000
04.53000
02.72000
02.49000
03.79000
02.85000
02.21000
04.75000
03.62000
04.32000
02.65000
02.71000
02.94000
02.07000
02.89000
04.00000
04.12000
01.73000
04.17000
01.54000
04.81000
03.70000
04.80000
01.47000
03.91000
01.11000
02.90000
01.90000
2
9
7
4
4
6
11
2
4
14
5
12
3
4
10
13
1
8
92.9882
