14
4
54.95000
97.86000
2.16000
41.50000
82.70000
31.26000
78.84000
59.79000
94.61000
45.50000
60.80000
30.54000
31.92000
81.81000
34.68000
45.09000
85.70000
45.38000
12.55000
27.65000
33.71000
24.77000
95.43000
94.35000
69.72000
21.77000
51.31000
13.16000
1.24000
78.79000
47.63000
95.55000
28.29000
11.97000
28.67000
24.88000
60.00000
58.87000
59.24000
63.28000
87.10000
12.21000
1.84000
59.51000
69.98000
40.43000
4.36000
71.09000
79.18000
42.05000
98.37000
66.63000
88.61000
84.89000
2.33000
61.62000
02.59000
03.59000
03.45000
03.00000
04.39000
01.07000
03.82000
02.70000
01.11000
01.76000
04.67000
01.16000
03.87000
04.77000
02.79000
01.31000
02.72000
02.51000
03.95000
04.15000
04.00000
02.24000
01.38000
01.79000
03.61000
04.82000
03.21000
02.36000
03.57000
04.14000
04.96000
01.26000
02.58000
02.78000
02.05000
04.86000
02.02000
04.64000
02.13000
04.25000
03.03000
02.83000
02.97000
01.78000
01.88000
04.40000
03.26000
03.23000
01.87000
03.55000
01.47000
03.62000
02.83000
02.71000
03.71000
01.08000
3
10
4
3
4
2
8
14
12
4
9
7
6
1
3
11
5
13
106.9388
