14
4
50.62000
94.13000
57.33000
12.77000
22.19000
86.97000
98.71000
86.64000
69.19000
4.43000
37.63000
55.74000
33.84000
84.72000
71.32000
56.20000
1.97000
66.64000
13.79000
54.03000
3.53000
26.49000
90.67000
16.88000
23.47000
82.84000
69.93000
9.73000
21.44000
85.82000
11.61000
33.01000
2.17000
32.62000
53.84000
58.72000
54.08000
11.15000
14.10000
12.51000
68.88000
12.14000
70.54000
77.70000
65.77000
63.63000
27.42000
88.10000
6.91000
16.90000
80.42000
37.61000
51.90000
65.53000
47.02000
40.71000
08.67000
08.42000
07.92000
08.66000
08.81000
05.65000
08.10000
09.24000
08.77000
05.55000
05.06000
06.94000
07.46000
07.03000
05.96000
05.32000
08.80000
09.97000
07.15000
05.93000
06.66000
06.96000
09.22000
08.09000
07.98000
05.58000
07.34000
06.96000
08.60000
07.41000
06.05000
06.53000
08.76000
08.02000
07.51000
05.81000
09.38000
05.07000
07.65000
07.23000
06.87000
09.97000
08.12000
09.14000
07.50000
06.33000
09.78000
05.50000
07.17000
06.98000
08.13000
07.34000
07.35000
09.42000
05.81000
07.31000
3
9
4
10
5
2
5
14
7
3
4
6
1
11
12
2
13
8
88.81438
