11
4
107.32000
108.70000
188.96000
185.46000
174.60000
121.88000
131.84000
198.07000
153.24000
119.08000
156.38000
142.20000
184.37000
127.11000
106.61000
110.61000
128.42000
100.90000
170.50000
131.19000
178.55000
159.68000
168.30000
115.87000
184.25000
199.06000
150.01000
140.85000
139.41000
127.57000
151.28000
170.54000
109.44000
163.26000
104.03000
172.64000
199.81000
192.81000
185.48000
188.23000
138.01000
148.36000
159.35000
187.64000
06.71000
09.17000
09.88000
05.73000
07.76000
08.65000
05.21000
05.92000
08.36000
06.77000
09.55000
09.81000
07.50000
05.81000
06.81000
09.83000
08.99000
05.65000
05.95000
08.28000
05.82000
08.99000
07.17000
06.18000
08.39000
07.47000
07.46000
05.29000
08.29000
06.68000
06.07000
09.95000
07.21000
05.60000
09.79000
06.76000
09.40000
09.11000
08.33000
07.99000
05.04000
09.97000
09.25000
07.89000
3
10
1
6
3
3
4
5
3
8
2
11
2
7
9
376.733
