11
4
55.31000
52.07000
25.76000
98.43000
84.30000
34.28000
87.44000
25.54000
15.48000
64.85000
71.42000
91.82000
52.01000
92.18000
23.87000
56.14000
53.12000
78.46000
48.88000
80.62000
44.01000
8.88000
11.07000
51.13000
34.59000
47.15000
89.44000
27.51000
38.34000
65.31000
65.75000
60.38000
83.88000
5.02000
90.35000
3.45000
20.69000
48.72000
70.00000
93.27000
5.09000
15.29000
13.52000
14.71000
02.18000
01.65000
01.97000
02.36000
03.33000
04.72000
03.66000
04.61000
01.34000
02.93000
03.77000
04.60000
01.07000
02.42000
01.47000
02.90000
01.17000
02.56000
03.17000
02.91000
03.50000
02.47000
04.95000
04.95000
02.87000
02.32000
01.24000
01.85000
04.70000
02.66000
02.90000
04.90000
02.47000
01.75000
03.09000
04.87000
03.58000
04.55000
03.91000
02.58000
04.32000
01.71000
02.10000
01.70000
1
2
2
5
11
2
6
7
6
9
10
4
1
8
3
66.57265
