11
4
126.25000
197.97000
193.79000
160.44000
183.70000
138.44000
138.56000
187.05000
125.95000
186.35000
138.44000
102.18000
171.21000
147.76000
152.36000
157.15000
135.81000
113.58000
117.26000
125.23000
117.42000
125.32000
114.99000
148.09000
164.40000
148.93000
150.74000
132.97000
122.82000
161.55000
154.48000
121.00000
144.55000
144.99000
149.29000
143.06000
191.38000
135.90000
144.85000
162.98000
161.65000
188.75000
118.75000
102.66000
05.62000
06.75000
09.34000
08.89000
05.02000
09.01000
06.27000
08.85000
07.95000
06.40000
06.18000
06.59000
08.22000
09.43000
09.63000
05.50000
08.50000
07.34000
05.49000
08.70000
07.48000
09.61000
07.15000
05.05000
06.79000
07.14000
06.21000
07.05000
08.08000
05.60000
06.32000
09.84000
06.12000
06.23000
06.36000
05.02000
09.95000
07.41000
09.65000
07.47000
07.66000
05.54000
07.44000
08.21000
2
2
4
3
8
7
9
3
6
1
10
3
3
5
11
402.8788
