11
4
77.08000
43.81000
57.55000
94.95000
22.84000
43.72000
52.24000
80.76000
51.77000
25.47000
51.21000
11.08000
28.83000
64.42000
6.70000
43.09000
16.04000
66.57000
89.73000
81.11000
87.38000
57.72000
61.07000
6.75000
29.35000
19.65000
80.39000
80.70000
2.65000
89.74000
5.37000
70.36000
25.49000
20.58000
79.42000
78.67000
25.53000
52.50000
70.88000
18.26000
7.04000
76.90000
46.32000
57.08000
08.01000
05.80000
09.04000
08.78000
07.68000
07.58000
06.92000
08.32000
06.00000
08.36000
05.41000
05.19000
07.22000
09.75000
07.12000
08.44000
05.07000
08.15000
06.08000
07.02000
06.42000
09.46000
08.52000
09.22000
07.10000
06.20000
08.45000
06.19000
09.63000
09.38000
08.93000
07.18000
05.91000
08.99000
07.34000
09.16000
05.88000
09.91000
07.20000
09.69000
07.87000
08.22000
05.73000
06.44000
2
10
5
3
2
6
1
3
11
3
9
3
4
7
8
62.82703
