14
4
98.06000
43.48000
67.81000
54.90000
75.75000
42.06000
52.67000
47.11000
53.08000
37.96000
57.28000
7.25000
70.27000
71.39000
48.73000
35.56000
30.35000
76.67000
21.60000
60.30000
92.47000
68.84000
40.70000
11.40000
84.80000
19.85000
72.01000
52.81000
29.13000
55.30000
69.63000
68.11000
60.65000
21.57000
38.13000
63.01000
62.80000
67.53000
22.12000
33.96000
26.31000
84.89000
58.32000
12.45000
98.23000
81.55000
51.58000
74.32000
44.05000
29.83000
28.05000
11.88000
79.79000
10.04000
3.19000
38.61000
01.22000
04.28000
03.84000
03.98000
02.08000
02.87000
04.34000
03.84000
04.00000
02.78000
03.45000
04.58000
02.08000
03.14000
03.75000
01.38000
04.60000
02.13000
02.52000
04.10000
01.04000
01.31000
04.68000
04.76000
02.95000
02.47000
02.36000
03.46000
04.16000
01.22000
02.77000
03.31000
03.63000
04.85000
02.38000
03.97000
03.66000
03.81000
01.11000
04.53000
01.37000
03.25000
03.91000
03.53000
02.75000
03.95000
02.33000
03.88000
03.42000
02.57000
03.78000
04.30000
02.19000
02.32000
02.40000
02.91000
3
6
4
12
4
2
5
3
10
3
11
7
1
4
14
8
9
13
106.3558
