14
3
46.04000
37.40000
36.64000
37.50000
6.25000
81.02000
38.28000
15.74000
50.76000
77.01000
66.97000
32.37000
15.94000
33.84000
4.80000
9.37000
88.96000
74.20000
6.57000
51.10000
50.62000
92.12000
15.32000
75.66000
48.43000
25.57000
43.37000
60.20000
36.51000
76.30000
35.73000
47.34000
24.91000
66.14000
5.01000
53.46000
42.05000
40.76000
18.08000
82.04000
99.87000
91.39000
04.41000
04.49000
01.58000
04.55000
01.81000
03.23000
02.74000
04.75000
02.06000
02.31000
04.69000
01.85000
02.98000
02.70000
02.12000
03.82000
02.19000
02.59000
03.09000
03.03000
03.05000
02.46000
04.78000
03.38000
04.10000
02.64000
03.69000
01.64000
01.61000
04.12000
04.15000
01.24000
01.68000
03.72000
01.83000
02.91000
04.34000
04.73000
03.26000
04.41000
02.12000
02.09000
5
3
14
13
5
8
5
6
12
9
2
1
4
4
10
11
7
113.3319
