11
4
172.42000
167.29000
159.40000
123.61000
173.83000
113.04000
183.29000
115.67000
180.35000
136.56000
182.59000
161.66000
120.27000
144.69000
108.60000
137.25000
157.44000
147.54000
187.48000
108.76000
144.44000
179.12000
145.81000
116.37000
194.85000
144.36000
192.13000
179.39000
111.48000
107.78000
151.74000
140.87000
136.74000
182.01000
104.65000
139.12000
153.63000
192.95000
128.44000
107.98000
106.04000
173.65000
188.39000
104.41000
05.83000
06.14000
06.95000
09.52000
09.26000
08.23000
07.63000
05.29000
08.18000
09.91000
08.26000
06.87000
08.97000
06.90000
07.11000
08.32000
08.99000
09.88000
06.50000
06.62000
07.79000
09.81000
05.36000
07.80000
05.38000
06.13000
08.47000
08.71000
08.56000
07.60000
05.82000
06.10000
06.69000
06.21000
09.99000
08.96000
05.37000
05.01000
09.68000
09.69000
06.38000
09.59000
05.19000
07.54000
2
1
3
3
9
5
4
3
10
8
7
3
11
6
2
384.1387
