11
4
92.45000
61.29000
28.75000
38.00000
71.88000
3.40000
41.25000
86.28000
78.01000
44.15000
51.07000
30.63000
39.51000
26.73000
83.78000
56.23000
88.18000
77.76000
23.69000
74.70000
84.07000
55.16000
58.70000
69.89000
99.54000
80.23000
7.94000
90.58000
5.48000
37.90000
41.51000
81.91000
90.11000
76.89000
53.93000
39.39000
20.37000
59.76000
48.74000
53.31000
66.73000
59.09000
26.76000
41.92000
04.01000
04.17000
04.57000
01.95000
04.42000
01.35000
01.46000
02.77000
02.59000
03.58000
03.69000
04.99000
03.37000
04.95000
04.62000
03.11000
04.95000
04.49000
03.88000
03.10000
01.92000
01.95000
03.91000
01.72000
02.36000
03.99000
01.10000
02.50000
01.30000
04.91000
01.07000
03.84000
03.58000
03.66000
02.94000
02.76000
02.69000
01.09000
01.17000
04.93000
03.17000
01.53000
02.44000
03.16000
2
2
6
3
8
1
3
3
9
5
7
3
11
10
4
91.11399
