14
2
102.59000
141.55000
106.55000
138.94000
112.17000
102.17000
182.59000
145.16000
145.00000
170.90000
140.66000
121.42000
174.90000
127.82000
130.54000
126.13000
153.76000
198.01000
132.57000
153.13000
135.16000
116.74000
106.33000
115.64000
117.40000
128.20000
116.28000
134.35000
04.23000
02.75000
02.17000
02.76000
04.97000
04.94000
03.06000
01.60000
03.18000
02.40000
02.36000
04.28000
01.98000
01.52000
03.89000
03.23000
02.85000
03.88000
04.70000
01.10000
03.26000
01.87000
03.15000
04.96000
01.82000
02.98000
03.51000
04.33000
7
14
4
3
12
1
5
6
7
11
8
7
2
9
13
10
900.1301
