11
4
85.12000
65.91000
15.40000
3.06000
87.52000
69.09000
34.24000
9.14000
9.11000
88.14000
91.40000
67.64000
51.07000
40.53000
67.20000
64.82000
18.14000
12.49000
85.24000
77.30000
78.63000
81.73000
31.41000
2.27000
42.89000
37.87000
83.76000
43.51000
91.00000
67.53000
26.32000
84.01000
74.17000
53.33000
78.90000
79.50000
6.63000
36.11000
23.55000
48.85000
69.72000
70.15000
10.95000
77.20000
01.21000
03.48000
03.61000
03.18000
01.08000
03.51000
01.99000
03.36000
03.75000
02.62000
04.73000
03.26000
04.79000
04.16000
03.58000
01.08000
04.51000
01.53000
01.62000
02.04000
01.91000
04.12000
04.06000
03.32000
01.19000
01.65000
03.00000
03.86000
01.14000
04.09000
04.25000
01.49000
01.97000
02.06000
04.52000
01.57000
01.08000
03.75000
01.08000
01.38000
03.78000
04.23000
01.46000
03.05000
5
7
3
8
9
4
1
1
2
11
2
3
6
5
10
76.48562
