11
4
174.92000
177.34000
155.32000
164.97000
101.45000
148.99000
130.89000
159.49000
186.21000
151.53000
135.00000
192.35000
131.41000
141.16000
126.54000
144.03000
151.71000
159.17000
177.61000
169.77000
199.96000
184.04000
195.81000
102.93000
161.90000
117.11000
177.01000
164.11000
164.98000
180.26000
174.64000
126.88000
179.81000
196.45000
160.58000
132.04000
110.30000
171.39000
117.89000
128.95000
110.30000
144.19000
139.48000
181.56000
07.89000
08.63000
08.12000
05.43000
08.80000
08.09000
07.30000
07.08000
07.23000
09.16000
08.45000
09.15000
08.25000
07.44000
08.50000
05.43000
07.05000
09.40000
08.31000
06.86000
07.91000
06.58000
09.83000
08.34000
05.41000
06.86000
08.95000
05.78000
06.87000
09.63000
06.85000
09.22000
07.82000
06.71000
08.33000
05.81000
06.72000
07.16000
09.24000
08.59000
06.85000
09.18000
06.75000
09.26000
3
7
11
5
2
9
1
3
4
10
2
3
3
8
6
396.0612
