11
3
189.60000
185.15000
192.14000
148.45000
109.98000
159.38000
177.72000
163.34000
107.42000
160.52000
149.52000
168.87000
132.12000
147.76000
130.12000
118.20000
154.41000
129.19000
151.12000
126.73000
159.47000
102.22000
183.98000
132.87000
198.07000
169.30000
121.19000
121.26000
131.99000
141.47000
181.88000
120.26000
130.95000
09.69000
05.64000
08.63000
06.54000
07.33000
05.31000
07.79000
09.83000
05.37000
09.76000
09.71000
06.22000
08.05000
05.81000
09.36000
05.13000
06.89000
06.51000
05.93000
07.73000
07.77000
09.79000
06.02000
09.27000
09.22000
05.35000
07.19000
05.68000
05.31000
07.04000
08.05000
05.57000
08.58000
3
3
9
1
4
8
5
4
11
4
7
10
6
2
552.1542
