14
2
170.50000
112.08000
191.14000
188.56000
181.43000
138.33000
139.67000
122.97000
153.21000
118.10000
148.46000
163.44000
140.90000
112.73000
162.27000
125.99000
187.16000
186.27000
129.57000
146.81000
174.12000
161.76000
106.99000
111.83000
165.92000
154.30000
190.22000
173.00000
07.22000
09.61000
06.71000
07.96000
08.34000
09.13000
09.85000
06.41000
05.64000
05.94000
09.26000
09.27000
05.87000
05.84000
06.69000
07.30000
06.27000
06.61000
06.43000
05.33000
06.96000
07.85000
07.45000
09.55000
09.74000
09.34000
05.42000
07.15000
7
13
4
14
8
11
7
2
7
3
6
1
5
12
9
10
1206.674
