14
3
115.96000
132.66000
199.03000
160.58000
134.18000
169.57000
164.36000
191.89000
126.39000
174.76000
149.37000
141.26000
178.10000
176.30000
115.93000
146.60000
137.91000
110.17000
188.73000
157.24000
192.55000
115.70000
118.17000
147.98000
164.93000
199.36000
173.72000
171.51000
145.60000
195.64000
112.74000
178.13000
180.83000
197.13000
104.82000
141.47000
141.35000
110.19000
122.16000
148.57000
152.52000
108.98000
04.61000
02.98000
01.31000
04.72000
02.03000
04.36000
01.36000
03.80000
02.63000
03.11000
02.11000
01.28000
02.16000
01.87000
04.49000
03.24000
03.89000
03.37000
04.22000
02.25000
04.33000
04.28000
01.72000
01.72000
02.21000
04.88000
02.65000
01.32000
04.88000
03.69000
01.17000
01.67000
04.86000
02.16000
01.10000
04.26000
02.86000
01.81000
02.07000
03.15000
01.84000
03.74000
4
12
5
2
6
5
9
3
4
8
1
5
7
13
10
11
14
634.5831
