14
3
70.12000
67.79000
13.99000
69.58000
32.75000
15.86000
95.69000
10.34000
1.28000
62.50000
31.49000
11.74000
46.84000
70.37000
67.71000
87.10000
88.22000
7.52000
44.10000
19.90000
92.15000
5.96000
39.67000
88.03000
85.43000
45.91000
1.37000
45.46000
60.03000
53.56000
25.96000
59.49000
88.43000
80.22000
12.82000
78.22000
82.06000
3.70000
43.19000
90.04000
58.67000
84.99000
05.35000
08.18000
05.06000
05.17000
05.47000
05.59000
08.42000
08.42000
06.64000
06.90000
09.59000
05.06000
05.59000
05.42000
05.70000
08.77000
05.89000
08.71000
09.34000
09.88000
06.96000
07.42000
07.64000
09.95000
05.96000
08.04000
06.16000
08.74000
07.99000
06.75000
05.35000
09.26000
09.19000
06.12000
07.26000
07.69000
08.87000
06.21000
09.53000
06.00000
06.82000
09.96000
5
1
6
3
12
9
5
14
5
4
8
13
4
2
11
7
10
119.8017
