14
3
104.07000
158.22000
144.52000
182.20000
121.55000
143.67000
182.50000
178.49000
198.26000
179.69000
186.71000
183.34000
161.11000
179.52000
177.15000
175.07000
172.68000
178.96000
144.96000
161.57000
157.72000
183.34000
186.47000
118.87000
129.51000
130.36000
143.81000
166.06000
111.42000
137.42000
153.74000
164.75000
115.76000
173.20000
108.41000
144.25000
148.98000
186.83000
159.53000
198.25000
190.34000
150.13000
01.41000
04.43000
02.18000
03.46000
01.58000
04.39000
01.67000
04.65000
01.70000
02.85000
03.27000
04.38000
04.54000
04.21000
01.55000
02.42000
02.70000
01.17000
01.78000
03.99000
04.90000
03.37000
04.74000
02.13000
03.25000
04.53000
03.36000
04.54000
02.60000
04.04000
01.06000
03.72000
01.43000
03.31000
02.14000
02.78000
04.87000
02.80000
02.71000
01.45000
01.39000
03.89000
4
3
4
8
6
5
5
10
13
11
12
5
7
1
14
2
9
700.0377
