14
4
150.25000
161.77000
179.56000
136.29000
153.70000
192.56000
102.74000
173.15000
181.77000
145.65000
170.87000
102.62000
175.11000
161.64000
183.74000
170.29000
103.94000
178.70000
190.12000
185.32000
112.97000
173.33000
168.21000
150.96000
176.52000
151.39000
183.62000
132.83000
138.75000
163.87000
128.59000
178.86000
174.69000
140.15000
113.38000
196.56000
105.97000
121.92000
138.81000
115.07000
123.21000
199.81000
166.59000
108.40000
147.24000
196.65000
196.70000
164.05000
141.92000
150.07000
134.85000
119.15000
152.44000
160.75000
196.65000
189.31000
02.51000
03.58000
01.95000
03.72000
04.26000
02.30000
01.84000
02.21000
04.06000
03.34000
01.32000
02.59000
01.02000
01.84000
03.55000
03.19000
03.74000
03.92000
02.26000
03.12000
02.64000
02.79000
01.37000
01.97000
03.99000
04.65000
05.00000
03.87000
03.48000
02.70000
04.22000
04.54000
02.46000
01.08000
01.84000
02.46000
03.00000
03.81000
03.58000
01.28000
02.22000
04.00000
03.93000
02.97000
01.93000
01.18000
01.92000
04.14000
04.67000
03.12000
03.94000
02.38000
02.51000
03.19000
04.13000
03.81000
4
1
7
12
4
3
5
2
3
4
6
13
9
10
3
11
14
8
509.0766
