11
4
5.96000
97.47000
89.13000
47.32000
27.58000
25.12000
24.33000
48.27000
10.17000
59.92000
39.61000
43.34000
2.31000
43.40000
70.94000
89.82000
56.96000
29.85000
18.00000
32.48000
36.42000
93.47000
66.25000
33.51000
62.31000
83.66000
42.51000
46.22000
18.08000
43.79000
24.98000
25.70000
24.92000
74.39000
36.59000
97.84000
33.34000
40.53000
95.69000
3.38000
39.95000
13.07000
4.19000
22.05000
05.63000
05.29000
07.66000
05.18000
06.93000
06.14000
07.68000
05.55000
05.40000
07.01000
06.82000
06.87000
09.84000
08.57000
05.05000
06.05000
05.59000
07.47000
07.73000
07.21000
08.99000
05.92000
06.84000
07.55000
07.77000
05.45000
06.42000
06.93000
06.09000
08.41000
06.32000
07.59000
07.91000
07.80000
05.32000
07.28000
05.25000
06.81000
08.05000
06.09000
06.56000
06.09000
09.85000
09.02000
3
6
5
1
2
3
8
2
2
11
4
4
9
7
10
63.08719
