11
3
93.35000
22.70000
66.42000
67.47000
1.22000
65.02000
71.87000
38.88000
24.10000
62.95000
89.44000
82.46000
15.38000
35.13000
50.71000
37.09000
48.51000
9.47000
59.73000
76.95000
93.64000
83.52000
77.17000
88.47000
20.68000
67.85000
89.83000
28.89000
8.11000
71.22000
43.59000
18.44000
17.43000
07.95000
09.18000
06.01000
08.61000
07.39000
06.94000
05.40000
07.79000
08.24000
07.14000
05.53000
07.25000
05.89000
07.77000
09.01000
08.50000
08.46000
08.57000
06.21000
06.29000
05.55000
07.47000
08.22000
06.47000
09.41000
08.38000
05.65000
08.86000
08.52000
05.01000
07.09000
05.75000
08.14000
3
1
9
5
3
8
4
2
5
10
6
3
11
7
131.8197
