14
2
13.68000
87.93000
80.20000
47.74000
99.75000
95.68000
61.37000
35.91000
42.25000
82.54000
59.27000
18.09000
19.47000
35.00000
35.29000
27.98000
84.87000
40.71000
98.52000
94.79000
76.48000
11.78000
20.55000
35.58000
82.56000
89.84000
19.89000
25.54000
06.78000
06.42000
05.07000
05.61000
08.06000
05.27000
09.90000
07.58000
06.40000
07.60000
07.51000
05.77000
09.80000
05.45000
08.97000
05.63000
06.80000
06.58000
08.28000
05.72000
05.87000
07.59000
06.79000
07.73000
05.56000
05.20000
06.41000
05.09000
7
3
4
11
7
12
1
13
7
6
5
14
2
10
9
8
355.2928
