11
3
33.70000
49.92000
69.35000
11.38000
45.77000
51.66000
33.14000
64.83000
49.16000
86.62000
7.97000
20.00000
34.53000
23.11000
13.83000
72.47000
87.59000
44.86000
32.66000
37.58000
9.62000
8.04000
23.09000
9.83000
62.45000
85.87000
88.82000
32.07000
20.32000
55.28000
76.78000
53.82000
10.99000
04.56000
04.40000
04.88000
01.37000
03.14000
04.93000
02.59000
01.67000
04.84000
01.01000
04.03000
02.12000
03.58000
01.50000
02.82000
04.16000
03.88000
02.80000
01.55000
03.36000
04.13000
04.76000
01.83000
03.42000
04.88000
02.81000
01.51000
01.32000
01.40000
03.64000
01.67000
03.84000
04.02000
2
5
9
5
8
3
4
10
11
4
6
7
1
2
96.52367
