14
3
140.35000
133.80000
174.15000
172.67000
193.64000
150.25000
178.90000
151.54000
110.10000
132.73000
165.93000
182.15000
147.09000
106.19000
106.70000
126.59000
144.63000
173.08000
163.97000
171.82000
122.86000
125.36000
180.32000
176.94000
182.20000
158.98000
172.09000
166.51000
104.12000
143.11000
149.22000
131.16000
118.33000
124.68000
172.28000
183.99000
179.80000
135.88000
191.01000
109.60000
135.76000
197.76000
01.87000
02.38000
01.42000
02.24000
01.96000
02.09000
01.62000
01.49000
02.53000
03.44000
03.00000
03.10000
02.70000
01.44000
03.32000
01.45000
01.25000
02.58000
02.79000
03.20000
02.73000
02.76000
03.74000
03.81000
02.05000
02.23000
02.19000
02.36000
01.36000
04.34000
04.23000
04.09000
04.74000
03.08000
03.32000
03.81000
03.50000
04.83000
03.00000
04.36000
01.98000
01.06000
5
8
14
2
9
10
4
3
11
4
7
5
1
13
6
12
5
656.9813
