14
3
118.31000
125.61000
195.98000
152.68000
148.72000
142.48000
164.21000
132.97000
108.36000
186.38000
173.75000
100.21000
153.04000
143.17000
190.03000
140.10000
115.05000
185.03000
150.78000
123.54000
123.93000
134.52000
165.19000
115.74000
145.22000
182.21000
135.54000
189.70000
189.79000
149.56000
148.33000
165.78000
119.67000
184.37000
181.62000
152.93000
148.04000
188.69000
192.27000
164.46000
195.55000
119.52000
04.97000
03.12000
01.98000
02.36000
01.74000
03.21000
01.49000
02.88000
01.07000
03.63000
01.11000
03.53000
02.25000
04.06000
01.42000
01.60000
01.36000
04.63000
01.91000
02.70000
01.61000
02.08000
02.52000
02.80000
01.93000
02.81000
04.98000
03.16000
03.95000
03.47000
01.42000
03.32000
02.37000
03.26000
01.22000
03.36000
04.05000
03.27000
01.80000
04.03000
04.48000
02.67000
5
9
13
2
12
1
5
3
7
8
6
10
4
11
5
4
14
634.4601
