14
2
21.49000
16.00000
77.79000
27.04000
76.20000
33.29000
15.04000
95.71000
79.77000
91.19000
98.57000
59.01000
86.74000
52.41000
33.42000
72.68000
83.88000
45.25000
99.08000
14.98000
63.81000
35.48000
63.39000
87.66000
36.17000
30.22000
21.07000
45.15000
07.03000
08.99000
06.09000
07.14000
06.50000
09.84000
06.02000
05.35000
09.03000
09.84000
09.09000
09.84000
06.36000
09.80000
07.21000
08.93000
07.88000
06.44000
07.09000
08.83000
09.66000
05.48000
05.14000
06.78000
05.39000
06.65000
07.01000
05.01000
7
3
5
14
4
1
7
2
7
10
9
11
8
12
13
6
328.8761
