14
2
194.58000
115.95000
131.63000
143.89000
162.14000
173.23000
136.75000
105.37000
170.14000
130.80000
191.09000
179.06000
192.40000
168.75000
126.39000
101.22000
122.46000
123.09000
100.27000
148.12000
115.55000
189.06000
100.57000
160.21000
114.17000
127.45000
191.74000
158.20000
04.74000
01.12000
02.21000
04.97000
01.52000
02.71000
02.61000
04.17000
01.71000
04.50000
01.36000
02.16000
04.43000
04.91000
04.31000
03.89000
02.03000
02.04000
03.50000
02.37000
04.03000
01.36000
01.76000
03.28000
03.63000
02.24000
03.37000
04.14000
6
6
7
13
14
10
8
8
4
3
9
12
11
1
5
2
995.6077
