14
4
71.35000
66.57000
98.06000
34.21000
29.55000
79.30000
68.84000
21.24000
47.72000
1.18000
20.70000
86.02000
67.07000
70.42000
13.12000
95.45000
99.02000
27.18000
82.80000
24.80000
9.68000
46.94000
48.66000
76.96000
96.50000
23.99000
74.69000
19.90000
66.48000
55.01000
43.20000
61.07000
53.57000
29.05000
9.80000
81.53000
46.87000
68.86000
27.47000
64.11000
37.09000
66.15000
51.71000
7.33000
99.14000
3.30000
16.30000
15.38000
3.12000
57.87000
86.29000
70.83000
20.25000
19.07000
79.16000
90.15000
07.59000
06.85000
08.18000
09.04000
08.51000
09.81000
07.81000
06.52000
06.58000
07.79000
06.56000
08.47000
05.73000
09.69000
08.33000
07.60000
07.01000
08.56000
08.99000
07.34000
07.40000
05.22000
06.63000
09.72000
07.34000
09.61000
06.41000
09.90000
08.68000
06.17000
07.54000
05.75000
06.62000
06.40000
09.22000
09.57000
09.87000
07.92000
09.40000
05.38000
09.84000
07.13000
08.11000
06.62000
08.96000
06.67000
07.35000
07.09000
08.01000
05.72000
06.87000
06.63000
06.16000
05.16000
09.33000
07.89000
3
9
5
10
3
8
14
1
2
3
13
6
12
11
6
2
4
7
83.31464
