14
2
171.39000
125.87000
108.87000
135.47000
151.31000
177.89000
182.93000
175.64000
127.04000
115.28000
195.97000
197.45000
141.15000
186.85000
167.02000
189.00000
102.89000
156.81000
173.99000
160.57000
138.40000
102.88000
105.73000
162.87000
187.16000
146.26000
145.43000
135.33000
05.86000
08.47000
09.00000
06.77000
06.48000
06.47000
08.15000
06.70000
08.03000
06.98000
06.77000
09.71000
09.14000
07.68000
09.97000
06.17000
08.45000
08.65000
07.35000
07.69000
05.45000
05.40000
08.82000
07.41000
08.28000
05.36000
06.91000
09.41000
7
1
5
4
10
13
2
3
7
12
7
11
6
8
14
9
1184.764
