14
4
95.09000
58.93000
31.50000
1.82000
47.09000
85.19000
23.15000
4.69000
63.70000
74.73000
99.51000
40.46000
86.13000
67.77000
37.86000
54.37000
41.14000
97.42000
26.99000
80.68000
15.88000
37.02000
53.07000
24.06000
10.56000
25.18000
82.09000
48.49000
73.92000
33.15000
37.19000
88.22000
4.34000
63.06000
60.82000
55.49000
19.86000
89.12000
16.41000
14.28000
12.20000
3.06000
62.74000
70.25000
26.29000
49.45000
86.58000
61.37000
22.79000
95.59000
34.85000
67.41000
50.44000
15.89000
22.00000
4.83000
09.75000
08.60000
08.71000
09.23000
05.98000
08.89000
09.56000
08.69000
08.67000
06.00000
08.81000
09.42000
06.73000
08.82000
06.39000
09.23000
09.78000
05.51000
08.63000
08.65000
09.83000
08.69000
06.53000
06.89000
08.11000
05.77000
05.23000
09.10000
08.86000
08.13000
09.45000
09.97000
09.76000
09.27000
06.85000
06.23000
09.02000
07.25000
05.82000
05.02000
08.04000
08.46000
08.17000
09.92000
08.91000
09.70000
07.81000
07.33000
08.32000
09.39000
05.15000
08.73000
09.26000
09.41000
07.85000
06.77000
4
3
7
8
4
3
1
10
11
5
2
9
13
5
14
2
6
12
79.42178
