11
3
63.05000
5.79000
67.17000
83.26000
90.34000
54.76000
26.97000
85.64000
56.22000
3.39000
46.38000
46.82000
58.14000
98.76000
90.00000
35.17000
62.95000
31.96000
17.39000
55.52000
21.67000
46.82000
9.33000
49.97000
16.37000
90.12000
64.15000
30.86000
89.91000
74.95000
26.36000
82.65000
72.35000
04.93000
03.91000
04.17000
02.17000
02.36000
03.91000
04.05000
02.85000
03.29000
01.64000
03.78000
02.25000
04.21000
03.56000
03.18000
02.26000
01.05000
02.78000
04.68000
02.95000
01.53000
03.66000
01.97000
02.01000
03.52000
04.58000
02.65000
01.10000
02.71000
04.73000
03.62000
02.17000
01.01000
4
4
7
10
2
3
5
11
8
4
6
9
1
3
120.7108
