14
2
177.22000
187.19000
182.30000
181.42000
138.69000
163.81000
167.36000
131.10000
103.30000
119.06000
145.59000
152.55000
107.36000
195.50000
130.00000
191.26000
141.42000
162.88000
155.33000
118.57000
160.28000
128.89000
171.35000
115.96000
180.18000
103.45000
104.99000
166.62000
04.09000
03.25000
04.71000
03.45000
02.23000
01.13000
04.14000
02.70000
04.25000
01.84000
04.65000
01.58000
01.78000
04.25000
03.29000
01.15000
04.98000
04.14000
01.92000
01.61000
01.51000
03.08000
03.93000
03.91000
04.18000
03.25000
02.07000
02.07000
7
10
5
13
4
7
11
9
7
2
14
6
8
1
12
3
1039.628
