14
2
44.32000
90.00000
62.17000
77.56000
12.45000
67.28000
69.03000
85.30000
73.20000
47.95000
78.20000
9.22000
2.67000
12.28000
52.28000
74.79000
27.43000
82.06000
28.59000
99.42000
36.69000
65.24000
9.41000
18.44000
29.76000
48.96000
58.53000
50.33000
03.62000
03.53000
04.37000
01.23000
02.37000
04.74000
02.56000
04.88000
02.15000
01.79000
04.71000
02.93000
02.10000
01.07000
04.30000
04.62000
01.55000
01.51000
01.22000
03.75000
03.61000
04.79000
03.84000
01.93000
01.87000
02.25000
04.44000
04.67000
7
4
8
6
14
5
12
13
7
3
11
2
1
7
10
9
277.1659
