11
4
72.14000
60.28000
76.53000
55.78000
70.58000
83.67000
96.44000
99.48000
23.02000
83.49000
40.97000
6.61000
96.40000
33.91000
25.12000
30.04000
10.26000
77.37000
47.56000
85.02000
58.52000
85.86000
83.22000
86.30000
21.33000
59.07000
37.75000
7.48000
81.82000
91.24000
28.64000
98.83000
75.05000
88.19000
97.46000
29.40000
35.07000
44.34000
13.35000
73.06000
83.71000
80.37000
25.36000
55.83000
08.84000
06.90000
05.78000
07.84000
09.59000
09.18000
08.90000
07.67000
08.57000
06.29000
09.70000
06.60000
09.35000
05.88000
07.48000
07.70000
09.87000
09.58000
07.18000
05.28000
06.28000
09.83000
06.69000
08.46000
06.87000
08.55000
05.50000
07.64000
05.25000
06.53000
05.05000
07.28000
05.08000
07.48000
06.23000
08.64000
09.34000
06.44000
09.10000
09.97000
07.72000
09.55000
08.66000
06.77000
2
2
11
4
8
4
6
1
3
5
9
3
2
7
10
104.2864
