14
2
101.61000
125.74000
130.57000
179.50000
133.70000
172.39000
138.20000
107.41000
185.33000
126.58000
180.41000
161.01000
142.82000
180.86000
102.99000
172.97000
191.85000
142.84000
188.88000
155.56000
138.86000
137.96000
113.11000
168.39000
159.55000
126.79000
152.63000
144.65000
02.14000
01.72000
02.14000
01.03000
04.31000
03.71000
03.37000
03.39000
04.38000
01.04000
04.70000
02.91000
04.00000
02.60000
03.32000
03.25000
03.96000
02.71000
03.19000
01.58000
01.62000
02.66000
04.71000
02.53000
04.69000
01.61000
02.64000
02.12000
7
4
10
2
3
13
8
5
7
6
7
12
14
11
1
9
998.0618
