11
3
65.38000
62.16000
27.62000
79.74000
35.08000
24.15000
64.64000
86.74000
48.44000
1.88000
95.02000
48.39000
96.38000
83.08000
16.95000
27.39000
62.38000
7.43000
12.11000
43.47000
86.58000
60.70000
47.05000
32.82000
66.60000
49.83000
43.91000
24.87000
62.11000
89.26000
43.55000
85.96000
45.28000
02.62000
02.74000
04.50000
02.71000
04.93000
02.94000
02.44000
01.98000
01.01000
01.79000
03.24000
01.74000
04.51000
03.34000
03.04000
04.03000
04.96000
02.29000
04.74000
01.39000
03.41000
04.17000
04.47000
02.48000
04.33000
02.56000
02.58000
02.38000
04.89000
03.75000
04.42000
03.47000
02.00000
3
1
3
10
5
9
5
4
7
8
3
11
2
6
110.761
