14
3
23.10000
93.35000
29.02000
91.52000
26.66000
4.15000
26.06000
41.06000
55.92000
55.63000
63.07000
1.12000
34.64000
15.72000
86.54000
74.51000
3.14000
57.86000
3.68000
17.60000
17.73000
97.40000
43.78000
4.79000
36.35000
49.16000
15.76000
26.39000
99.47000
83.00000
98.05000
29.92000
2.13000
46.72000
6.90000
77.48000
36.95000
2.16000
16.96000
68.21000
68.15000
59.88000
02.42000
03.16000
03.12000
01.22000
03.10000
01.28000
04.87000
03.68000
04.72000
03.92000
04.84000
01.42000
02.53000
01.19000
03.24000
03.00000
04.14000
03.53000
03.25000
03.69000
02.87000
01.81000
04.92000
01.10000
04.67000
03.80000
01.41000
02.40000
03.25000
04.93000
02.51000
03.99000
04.75000
01.48000
02.04000
01.92000
03.29000
01.60000
01.37000
04.29000
01.33000
01.88000
5
14
8
1
6
12
4
2
13
5
3
5
11
9
4
7
10
97.99921
