14
2
71.67000
38.13000
33.10000
92.76000
5.14000
47.91000
68.08000
71.27000
43.89000
96.96000
40.71000
72.99000
7.34000
10.85000
12.96000
48.75000
29.42000
95.05000
33.11000
78.23000
53.65000
22.50000
72.74000
27.90000
73.59000
22.72000
90.48000
11.07000
07.99000
08.77000
06.19000
06.32000
07.86000
05.28000
08.33000
07.73000
07.09000
06.15000
05.24000
05.93000
08.04000
07.82000
07.33000
05.70000
06.04000
06.18000
07.39000
08.17000
09.38000
05.51000
07.30000
05.55000
06.19000
06.64000
08.35000
05.66000
8
6
11
9
3
2
14
13
5
6
4
7
10
8
12
1
263.0754
