11
3
102.65000
173.34000
148.36000
180.03000
100.81000
183.28000
116.03000
155.00000
134.54000
147.67000
129.79000
117.26000
161.25000
164.02000
157.18000
156.47000
101.00000
136.56000
177.49000
106.47000
196.50000
164.58000
148.28000
164.30000
186.86000
148.89000
103.09000
174.74000
111.91000
142.19000
170.54000
177.45000
101.92000
05.91000
08.89000
09.39000
06.55000
07.81000
07.40000
07.46000
07.84000
06.94000
07.19000
09.94000
08.83000
08.21000
07.29000
09.27000
07.51000
07.22000
05.39000
09.05000
07.79000
07.95000
07.12000
06.40000
06.55000
07.41000
05.39000
09.29000
09.79000
09.49000
06.86000
09.11000
09.88000
09.40000
3
10
2
3
4
7
6
9
1
4
4
8
5
11
543.6753
