14
2
134.94000
167.79000
169.78000
129.51000
148.96000
113.81000
188.74000
137.74000
169.44000
107.40000
185.45000
167.96000
195.20000
153.63000
160.87000
142.16000
193.32000
124.30000
165.44000
100.32000
123.55000
123.60000
190.57000
149.06000
115.95000
183.21000
125.72000
134.09000
02.08000
04.40000
03.44000
01.82000
04.55000
02.59000
01.44000
02.66000
02.48000
03.32000
02.35000
01.12000
04.04000
01.97000
03.90000
04.51000
01.87000
02.05000
04.65000
02.89000
04.67000
02.62000
01.19000
04.66000
02.26000
02.21000
02.77000
04.32000
7
12
4
1
3
6
10
5
7
9
11
8
13
2
14
7
1032.958
