14
4
181.34000
157.56000
179.23000
169.62000
141.09000
145.06000
122.00000
151.46000
102.04000
181.41000
186.29000
152.47000
104.81000
107.23000
117.59000
192.80000
167.56000
151.49000
155.77000
143.14000
177.92000
175.97000
154.71000
183.16000
131.86000
122.93000
180.05000
178.48000
130.30000
109.64000
100.55000
189.60000
177.44000
128.75000
122.30000
100.92000
121.47000
104.92000
186.27000
164.60000
153.03000
128.77000
172.78000
108.77000
189.55000
194.27000
128.64000
174.94000
142.00000
115.24000
106.59000
104.61000
124.36000
157.51000
122.27000
113.40000
08.44000
05.85000
09.02000
06.96000
05.31000
08.87000
09.06000
06.45000
08.25000
05.81000
07.12000
09.32000
06.16000
05.58000
09.06000
07.34000
08.89000
09.77000
05.80000
05.07000
05.43000
07.01000
09.68000
05.60000
06.69000
07.12000
05.85000
09.09000
07.85000
07.02000
08.28000
06.14000
08.02000
06.70000
07.88000
07.62000
09.90000
09.08000
07.39000
07.49000
09.90000
05.55000
09.07000
08.27000
05.21000
05.51000
05.81000
06.28000
08.09000
05.93000
05.50000
06.02000
07.74000
09.40000
05.77000
05.14000
4
14
13
7
9
3
6
4
1
4
2
8
3
10
3
5
12
11
482.5636
