11
3
3.49000
92.00000
76.66000
96.63000
50.49000
66.65000
89.29000
98.94000
36.48000
8.94000
93.67000
66.09000
61.96000
47.59000
85.93000
17.57000
31.31000
6.86000
15.03000
29.38000
96.11000
55.82000
81.61000
15.43000
59.12000
72.32000
54.35000
32.18000
84.95000
93.50000
16.28000
32.55000
17.77000
02.50000
01.41000
01.35000
02.80000
01.64000
02.15000
01.20000
03.47000
04.75000
04.88000
01.60000
02.02000
04.29000
03.79000
04.96000
03.47000
03.04000
01.08000
02.11000
02.68000
04.78000
03.57000
01.09000
04.12000
01.59000
03.35000
04.58000
01.35000
01.67000
01.82000
02.94000
03.63000
01.60000
3
3
10
1
5
9
6
8
7
5
3
4
11
2
106.9303
