11
3
6.19000
11.06000
44.02000
41.87000
38.47000
36.11000
84.57000
82.08000
25.30000
74.05000
19.32000
41.02000
15.53000
73.76000
28.87000
35.53000
26.26000
26.72000
47.61000
57.33000
69.52000
8.28000
55.02000
43.91000
55.60000
65.15000
15.24000
88.94000
82.63000
16.73000
87.91000
71.01000
85.60000
01.25000
01.38000
04.57000
02.59000
03.67000
02.12000
02.77000
03.03000
04.65000
03.86000
01.84000
01.80000
02.33000
02.98000
03.22000
03.40000
03.05000
04.64000
04.74000
03.25000
02.88000
03.41000
03.99000
01.36000
04.25000
03.28000
01.24000
02.03000
04.68000
03.30000
02.91000
01.89000
01.08000
4
3
2
9
1
4
4
6
7
11
3
10
5
8
103.81
