14
4
188.33000
140.26000
192.12000
135.95000
152.85000
162.99000
175.59000
138.96000
190.43000
106.44000
152.45000
133.01000
141.72000
111.24000
100.46000
144.49000
178.49000
130.85000
131.49000
161.90000
105.14000
195.83000
170.16000
115.86000
122.24000
130.17000
182.09000
171.99000
155.45000
141.64000
153.27000
145.66000
188.20000
114.34000
171.58000
171.50000
139.73000
165.97000
153.98000
171.58000
100.66000
187.16000
112.74000
197.92000
152.69000
174.96000
189.18000
196.39000
124.17000
176.66000
184.59000
155.23000
122.42000
196.55000
114.60000
190.08000
02.78000
04.37000
04.04000
04.72000
02.71000
01.56000
02.18000
04.78000
02.86000
01.26000
02.12000
02.91000
02.37000
02.60000
01.11000
02.22000
03.11000
02.35000
02.36000
03.36000
01.38000
02.28000
03.70000
01.11000
01.81000
02.88000
01.24000
03.60000
01.51000
04.77000
04.04000
02.68000
02.37000
01.08000
03.13000
01.12000
01.97000
04.93000
03.53000
03.65000
01.45000
01.42000
02.64000
02.85000
02.27000
03.15000
04.57000
04.38000
01.29000
04.80000
01.22000
03.67000
02.10000
01.27000
02.72000
02.84000
4
10
12
14
4
4
1
7
2
5
3
8
6
3
3
9
11
13
502.7805
