11
4
126.71000
185.35000
141.87000
135.18000
193.26000
183.16000
160.97000
121.87000
150.08000
168.88000
190.65000
112.85000
186.03000
130.72000
197.19000
137.23000
154.21000
153.06000
190.28000
123.93000
163.62000
120.54000
169.90000
137.16000
163.76000
101.87000
117.78000
141.79000
118.29000
155.73000
176.62000
167.53000
129.10000
169.16000
152.78000
110.96000
113.50000
156.72000
113.54000
183.40000
142.34000
192.94000
114.36000
112.30000
03.07000
04.73000
04.70000
04.33000
02.24000
04.40000
02.07000
01.84000
03.59000
02.53000
03.18000
03.60000
01.09000
04.57000
01.99000
01.15000
03.64000
02.86000
02.05000
04.22000
02.24000
04.74000
03.60000
04.01000
04.35000
04.38000
02.14000
03.99000
02.60000
02.96000
04.37000
02.44000
03.09000
02.28000
04.56000
01.44000
02.57000
02.38000
02.12000
03.85000
04.46000
01.63000
03.87000
04.49000
2
8
2
3
1
9
11
3
5
7
4
3
3
6
10
371.9588
