11
3
123.39000
141.31000
133.13000
102.61000
116.19000
137.15000
107.02000
183.56000
169.87000
193.82000
122.24000
147.33000
117.58000
125.80000
141.68000
161.72000
116.40000
102.78000
126.79000
164.74000
178.31000
142.39000
109.60000
172.50000
132.81000
141.13000
151.91000
187.97000
133.69000
115.99000
157.56000
111.85000
113.93000
08.48000
06.86000
05.22000
09.36000
05.98000
05.10000
05.29000
05.49000
08.18000
09.92000
06.73000
07.94000
05.79000
07.48000
09.87000
08.59000
09.50000
06.29000
06.61000
05.40000
05.07000
08.90000
07.27000
07.10000
08.15000
08.56000
06.22000
06.58000
06.16000
07.91000
05.74000
06.74000
06.09000
4
3
7
5
4
3
9
2
6
4
11
10
1
8
500.9968
