11
4
55.35000
61.60000
33.71000
42.67000
99.18000
5.08000
95.91000
3.37000
90.82000
17.81000
76.55000
74.33000
5.41000
15.86000
51.77000
11.29000
91.12000
43.99000
20.21000
23.10000
57.54000
80.47000
88.68000
24.61000
96.27000
16.59000
56.88000
7.41000
18.86000
57.80000
55.28000
55.21000
65.98000
46.83000
20.94000
68.94000
81.99000
27.10000
95.53000
59.37000
13.99000
31.56000
12.55000
32.23000
03.97000
01.72000
03.67000
03.22000
01.07000
03.23000
03.04000
03.15000
01.49000
01.35000
01.31000
02.80000
01.74000
03.63000
04.99000
04.17000
03.33000
02.44000
01.29000
01.47000
04.38000
01.25000
04.30000
03.35000
03.02000
04.10000
03.69000
01.23000
04.44000
03.39000
04.42000
04.22000
03.77000
03.48000
04.24000
01.61000
02.77000
01.73000
01.30000
03.12000
01.61000
02.04000
02.46000
03.76000
2
1
8
4
9
3
2
5
3
6
7
4
2
11
10
58.85932
