11
3
23.02000
42.36000
42.50000
25.51000
23.13000
79.07000
58.54000
61.40000
62.26000
98.57000
75.50000
29.86000
23.89000
98.16000
96.66000
92.99000
33.58000
3.11000
81.99000
77.29000
27.61000
30.70000
25.82000
84.21000
73.73000
86.08000
64.42000
57.17000
33.00000
82.75000
77.38000
53.27000
47.25000
01.39000
04.51000
03.58000
04.21000
02.63000
01.89000
04.92000
02.46000
02.69000
02.41000
04.70000
03.75000
04.64000
02.46000
04.72000
03.33000
03.90000
03.49000
01.96000
04.53000
02.62000
04.73000
01.97000
03.35000
01.01000
01.20000
02.38000
02.54000
03.57000
04.80000
02.47000
01.00000
03.03000
4
8
1
5
4
5
10
6
11
2
7
2
3
9
151.8995
