11
4
26.55000
86.29000
55.76000
22.99000
65.17000
1.17000
35.04000
13.49000
69.40000
77.34000
99.03000
14.94000
3.61000
61.54000
89.98000
90.70000
17.55000
23.91000
17.20000
5.41000
47.56000
6.21000
65.70000
71.34000
22.79000
21.22000
82.74000
88.87000
34.04000
75.12000
85.89000
3.56000
76.26000
87.78000
17.95000
94.65000
40.45000
99.25000
95.69000
78.77000
74.23000
35.14000
89.36000
94.04000
01.11000
04.57000
01.03000
01.82000
03.59000
02.30000
03.20000
02.89000
03.24000
01.48000
04.11000
04.89000
02.54000
02.35000
02.31000
04.18000
03.58000
03.89000
02.36000
04.00000
03.66000
04.01000
01.08000
02.88000
02.30000
01.10000
03.30000
01.29000
01.73000
03.60000
04.21000
01.17000
02.40000
04.50000
03.27000
03.85000
01.85000
01.71000
02.70000
04.87000
03.10000
01.09000
01.32000
03.12000
1
5
5
8
6
1
11
9
3
7
3
10
2
4
2
65.17
