11
4
185.56000
137.10000
181.04000
181.31000
190.88000
101.80000
195.17000
191.14000
198.97000
166.92000
132.36000
187.82000
147.06000
128.59000
107.68000
161.12000
117.29000
106.11000
109.07000
109.25000
141.25000
141.26000
152.44000
144.24000
152.40000
154.12000
140.65000
167.32000
103.52000
182.68000
152.33000
124.02000
123.41000
182.38000
136.82000
179.11000
104.03000
132.93000
163.69000
120.78000
105.24000
144.63000
143.13000
131.43000
05.04000
09.43000
07.54000
07.28000
08.20000
09.00000
05.00000
05.70000
07.19000
09.75000
05.25000
08.61000
08.81000
08.88000
05.02000
08.21000
06.69000
08.48000
08.84000
07.83000
07.75000
05.67000
05.28000
08.36000
07.81000
09.56000
07.41000
05.57000
06.13000
06.57000
07.27000
08.99000
05.38000
09.35000
07.82000
07.56000
06.86000
05.02000
09.85000
05.19000
08.37000
07.77000
05.25000
08.72000
2
1
2
3
6
3
9
3
11
7
10
3
5
4
8
383.5925
