11
4
28.58000
67.95000
5.45000
52.85000
15.10000
32.82000
37.80000
99.52000
78.59000
72.34000
68.25000
16.26000
69.05000
86.69000
94.17000
19.02000
37.84000
31.75000
31.93000
71.12000
35.07000
9.12000
23.42000
61.66000
95.99000
54.33000
76.53000
68.85000
50.49000
5.07000
29.11000
84.57000
48.34000
12.01000
87.12000
68.23000
98.66000
51.03000
71.77000
36.59000
95.01000
26.85000
83.70000
48.48000
03.65000
02.57000
03.91000
03.98000
04.44000
02.24000
03.65000
02.24000
04.91000
01.87000
04.62000
01.76000
04.64000
02.34000
01.83000
01.90000
03.15000
01.97000
04.60000
01.06000
03.21000
02.69000
03.49000
02.33000
04.71000
01.36000
01.34000
02.00000
03.01000
04.37000
04.38000
01.63000
01.06000
01.22000
03.42000
04.58000
01.32000
03.09000
02.13000
03.52000
03.12000
01.62000
02.54000
02.18000
3
4
5
3
3
6
10
11
2
2
8
3
9
7
1
83.77956
