11
3
69.67000
61.93000
76.64000
94.03000
97.30000
68.55000
62.40000
20.13000
1.82000
53.91000
42.99000
92.91000
2.30000
90.06000
89.89000
22.38000
59.06000
95.96000
60.82000
22.71000
88.49000
95.54000
5.38000
41.18000
82.32000
7.49000
62.37000
31.83000
55.26000
25.38000
79.54000
64.19000
36.29000
07.36000
08.19000
05.82000
08.98000
06.28000
09.29000
08.93000
06.07000
08.93000
05.57000
06.65000
05.61000
09.98000
09.14000
05.09000
09.22000
05.35000
06.83000
07.56000
07.80000
07.43000
09.94000
06.03000
05.18000
09.73000
08.18000
08.74000
07.26000
06.15000
08.05000
08.82000
06.22000
06.42000
3
10
7
9
3
3
5
2
5
11
6
8
4
1
122.107
