11
4
144.65000
198.63000
168.22000
165.77000
142.69000
139.46000
135.61000
199.77000
139.58000
151.79000
172.17000
145.29000
110.96000
107.69000
146.63000
190.55000
103.75000
102.09000
103.00000
175.49000
190.11000
168.97000
100.77000
109.94000
114.14000
113.98000
174.18000
173.50000
154.75000
174.81000
154.65000
129.26000
197.72000
197.73000
142.87000
183.82000
126.29000
152.57000
171.49000
168.45000
155.42000
120.91000
180.03000
124.40000
08.88000
07.20000
08.26000
07.70000
05.32000
07.53000
09.92000
09.68000
08.18000
08.39000
07.45000
09.31000
07.22000
06.18000
07.02000
07.80000
06.40000
07.93000
07.28000
06.60000
07.79000
05.06000
06.94000
05.46000
06.06000
06.13000
08.48000
08.79000
08.14000
05.49000
05.21000
09.54000
06.12000
07.27000
09.55000
09.42000
08.51000
06.98000
06.01000
05.29000
05.52000
05.92000
06.73000
06.71000
2
5
1
3
6
8
7
3
2
3
10
3
9
11
4
397.0299
