14
2
34.63000
68.61000
86.14000
65.68000
70.11000
68.82000
81.54000
50.03000
31.35000
20.01000
91.85000
77.61000
53.30000
63.35000
45.98000
1.86000
30.09000
48.28000
40.66000
41.03000
41.57000
25.22000
23.01000
96.99000
50.97000
57.03000
19.72000
54.09000
03.25000
04.98000
01.23000
03.85000
02.46000
02.04000
01.43000
04.95000
02.93000
01.29000
04.08000
01.07000
04.29000
01.62000
03.16000
03.21000
03.14000
04.17000
03.48000
04.20000
02.55000
03.83000
03.54000
01.41000
04.46000
03.09000
04.12000
04.85000
6
14
6
4
10
9
1
8
12
7
5
11
3
8
13
2
296.3274
