11
4
35.59000
59.25000
51.28000
39.36000
89.88000
60.38000
45.06000
28.32000
33.21000
71.97000
96.49000
45.40000
96.03000
50.65000
59.54000
27.04000
57.04000
7.46000
34.77000
49.51000
62.74000
37.58000
79.25000
64.00000
91.10000
28.15000
4.16000
63.08000
15.26000
80.99000
48.98000
18.86000
54.68000
42.74000
23.20000
28.99000
56.51000
78.92000
95.68000
83.07000
43.64000
55.76000
26.07000
36.04000
02.02000
01.92000
01.71000
04.03000
02.86000
01.44000
02.37000
01.54000
02.14000
04.70000
01.05000
03.29000
01.99000
04.89000
03.77000
04.24000
03.69000
01.35000
04.25000
01.24000
04.97000
01.93000
02.23000
03.62000
04.94000
04.23000
03.87000
04.52000
03.17000
03.12000
03.98000
03.67000
04.43000
03.08000
01.32000
02.05000
03.71000
03.55000
03.64000
04.85000
04.87000
04.21000
04.17000
04.90000
2
9
4
3
1
8
7
3
6
10
5
3
2
3
11
89.86425
