14
3
77.03000
47.75000
91.25000
75.64000
45.14000
11.36000
85.39000
93.49000
22.36000
90.48000
58.65000
91.08000
57.40000
32.53000
93.62000
72.71000
90.65000
97.30000
6.39000
94.30000
10.31000
70.22000
16.75000
57.20000
5.12000
99.08000
67.82000
64.23000
65.53000
31.58000
48.20000
95.71000
88.95000
1.94000
67.17000
44.08000
40.99000
53.51000
60.16000
65.90000
3.58000
22.66000
07.32000
05.86000
06.89000
08.33000
09.22000
08.85000
09.26000
05.96000
07.94000
09.42000
06.75000
05.48000
08.61000
08.33000
06.40000
05.25000
09.90000
09.31000
08.23000
09.28000
05.41000
06.38000
09.10000
07.91000
07.11000
09.42000
05.13000
08.05000
06.28000
06.30000
08.82000
09.12000
05.23000
06.51000
05.98000
08.64000
09.45000
05.75000
05.28000
07.11000
09.02000
06.30000
3
1
4
9
5
3
10
7
5
11
6
12
2
8
14
13
6
186.7053
