11
3
4.81000
17.59000
71.45000
86.76000
47.06000
14.99000
15.73000
44.42000
83.34000
39.04000
29.43000
16.03000
55.28000
62.94000
75.82000
67.84000
94.04000
32.79000
49.22000
56.65000
41.61000
73.62000
14.43000
31.80000
14.88000
45.88000
98.93000
49.13000
25.35000
27.19000
27.92000
28.45000
46.59000
05.84000
05.69000
09.35000
05.90000
05.12000
07.64000
05.08000
06.41000
07.88000
05.01000
06.61000
05.11000
08.97000
08.01000
09.58000
08.39000
07.13000
08.12000
05.51000
09.42000
09.20000
09.43000
05.31000
09.68000
07.81000
08.61000
07.68000
08.42000
06.13000
08.47000
07.44000
08.62000
05.39000
5
5
11
7
6
1
2
4
10
4
9
2
8
3
121.8386
