14
3
102.52000
176.05000
144.07000
154.25000
157.46000
145.87000
181.94000
177.91000
109.99000
176.69000
135.73000
178.76000
128.40000
166.90000
112.82000
165.17000
175.20000
132.76000
119.29000
150.09000
135.84000
197.60000
194.64000
149.62000
180.39000
172.75000
153.68000
149.29000
178.47000
115.06000
135.75000
197.74000
144.78000
188.16000
159.96000
147.99000
146.70000
183.52000
104.90000
131.60000
117.37000
170.61000
03.10000
03.92000
04.69000
03.28000
01.43000
02.17000
04.35000
03.09000
02.11000
04.65000
03.16000
04.21000
02.94000
01.58000
04.79000
04.33000
02.50000
04.89000
04.30000
01.74000
01.04000
04.99000
02.10000
01.47000
03.06000
02.93000
02.42000
03.24000
04.29000
03.22000
02.16000
01.34000
02.84000
02.92000
03.55000
02.31000
04.19000
04.50000
04.52000
02.83000
02.35000
01.65000
5
5
6
9
13
1
4
7
10
14
4
5
8
3
12
2
11
667.4248
