14
4
111.35000
181.86000
131.20000
176.42000
123.62000
117.96000
193.68000
124.06000
171.46000
137.29000
112.04000
125.24000
195.50000
180.48000
196.70000
157.94000
119.32000
134.20000
157.52000
195.76000
157.00000
100.84000
188.47000
132.63000
147.63000
199.34000
155.19000
134.17000
123.20000
114.30000
122.25000
127.36000
124.03000
170.70000
139.88000
168.14000
106.12000
168.52000
184.09000
145.67000
160.12000
198.40000
136.64000
115.98000
187.57000
174.32000
125.67000
167.67000
152.89000
110.49000
196.18000
142.24000
107.49000
127.36000
163.78000
155.30000
03.43000
03.79000
04.75000
02.27000
01.62000
03.37000
01.42000
04.97000
04.54000
01.96000
04.38000
02.24000
03.32000
02.70000
04.21000
04.26000
02.86000
03.60000
01.89000
02.95000
03.82000
03.33000
04.15000
02.76000
03.42000
04.24000
03.12000
03.80000
01.28000
04.96000
01.67000
03.78000
01.97000
03.23000
04.84000
04.43000
01.91000
01.53000
01.82000
01.66000
02.22000
04.98000
02.93000
04.84000
03.24000
01.39000
03.34000
03.99000
03.00000
02.90000
02.98000
01.39000
01.05000
03.73000
03.97000
03.17000
4
5
6
1
11
3
10
7
8
4
3
9
4
2
3
14
13
12
485.3775
