11
3
39.56000
48.74000
53.34000
50.37000
34.39000
75.74000
52.74000
12.22000
78.77000
45.80000
92.98000
96.97000
53.66000
36.63000
42.17000
7.35000
19.29000
82.59000
97.39000
32.75000
7.65000
16.56000
91.65000
4.27000
67.71000
61.53000
85.85000
69.57000
52.44000
86.97000
17.01000
8.44000
59.37000
06.17000
07.82000
08.76000
09.25000
07.73000
06.48000
09.67000
06.26000
06.24000
05.10000
07.59000
06.97000
09.63000
05.70000
08.98000
07.56000
09.60000
06.10000
06.67000
05.80000
08.08000
07.29000
09.51000
06.40000
06.93000
08.68000
08.47000
09.37000
05.49000
09.29000
07.69000
09.08000
05.14000
3
1
4
8
5
3
11
6
5
10
3
7
9
2
107.5932
