11
4
16.18000
26.05000
44.69000
81.24000
84.51000
91.49000
78.81000
12.31000
94.48000
21.99000
25.17000
2.55000
40.40000
48.95000
11.42000
61.08000
35.76000
22.32000
10.17000
39.78000
54.15000
47.34000
88.49000
69.60000
99.44000
27.04000
61.87000
31.29000
24.10000
44.04000
59.24000
51.77000
67.12000
16.49000
75.53000
19.34000
73.23000
43.31000
59.00000
28.48000
84.26000
38.64000
27.21000
63.36000
04.82000
03.64000
01.45000
03.15000
04.95000
04.37000
02.23000
04.67000
01.16000
02.46000
02.64000
04.49000
03.99000
03.60000
03.36000
01.12000
02.53000
03.06000
01.99000
04.43000
03.27000
01.25000
01.18000
04.26000
02.50000
04.19000
01.95000
02.69000
01.67000
04.42000
04.80000
03.00000
03.49000
02.90000
02.86000
02.35000
04.06000
01.50000
04.96000
03.60000
03.33000
04.91000
01.92000
02.72000
3
11
10
2
4
9
8
4
1
2
7
6
2
5
3
75.18745
