11
3
18.26000
14.20000
30.86000
15.07000
20.50000
59.69000
46.17000
83.51000
95.77000
95.58000
35.09000
65.35000
99.90000
80.63000
84.33000
23.18000
95.08000
64.84000
83.42000
34.90000
68.77000
49.73000
10.68000
21.34000
57.51000
66.20000
59.96000
11.50000
17.73000
49.78000
15.71000
96.00000
49.14000
03.86000
04.12000
04.16000
02.01000
03.01000
03.73000
01.00000
02.86000
03.36000
04.06000
02.11000
01.46000
02.21000
02.05000
04.01000
01.35000
04.90000
04.27000
02.51000
01.27000
02.26000
03.98000
02.83000
04.99000
01.15000
04.84000
01.87000
01.15000
04.77000
04.33000
03.31000
02.43000
01.82000
4
11
4
3
2
2
10
5
5
8
6
9
1
7
110.047
