14
3
121.58000
137.54000
126.37000
191.33000
175.10000
173.65000
109.83000
176.05000
180.57000
156.58000
118.65000
175.73000
135.21000
157.37000
162.82000
120.86000
188.92000
182.08000
133.03000
116.48000
111.39000
185.49000
111.46000
149.07000
152.80000
189.13000
173.05000
158.02000
134.65000
136.89000
116.22000
181.74000
163.72000
132.93000
160.93000
180.75000
132.36000
102.28000
191.68000
172.38000
115.14000
199.58000
01.46000
03.70000
02.16000
04.56000
02.11000
01.89000
04.00000
02.45000
01.59000
01.03000
02.87000
04.12000
02.24000
02.59000
02.59000
04.01000
04.98000
04.53000
01.85000
03.29000
05.00000
04.67000
01.68000
01.21000
03.31000
02.84000
03.10000
03.02000
01.67000
03.86000
03.59000
03.35000
03.36000
01.21000
02.67000
04.37000
02.35000
01.33000
04.50000
04.84000
03.71000
03.65000
5
1
13
3
11
2
5
5
9
14
6
7
4
10
4
8
12
666.1001
