14
2
102.29000
146.86000
172.57000
128.97000
153.99000
144.22000
150.30000
197.15000
129.33000
181.34000
172.95000
129.48000
127.13000
163.29000
185.01000
109.22000
111.40000
149.94000
178.62000
179.47000
120.52000
138.67000
147.48000
169.98000
196.48000
167.40000
181.05000
126.47000
04.55000
01.21000
01.16000
03.68000
01.49000
04.24000
03.10000
04.33000
03.84000
02.74000
03.90000
01.54000
03.75000
04.11000
03.92000
01.13000
02.13000
03.15000
04.99000
01.07000
02.46000
03.99000
03.28000
04.82000
01.02000
02.28000
04.05000
02.90000
7
5
12
11
4
13
9
1
7
6
2
3
7
14
10
8
1016.471
