11
3
35.08000
41.50000
53.10000
80.85000
98.63000
35.21000
97.71000
49.74000
52.27000
57.00000
13.82000
25.80000
80.91000
25.73000
44.24000
48.20000
1.40000
58.63000
8.94000
12.50000
91.03000
14.65000
15.76000
41.63000
39.62000
55.14000
22.68000
10.81000
86.92000
58.72000
66.75000
57.48000
51.86000
09.09000
06.78000
05.85000
07.24000
07.84000
09.18000
05.94000
07.81000
09.57000
05.52000
05.58000
06.65000
05.07000
09.58000
05.86000
08.64000
05.10000
06.27000
08.92000
06.39000
08.33000
05.31000
09.79000
05.55000
09.95000
08.10000
07.24000
07.09000
07.88000
06.97000
06.64000
06.35000
09.61000
3
10
2
11
5
7
3
9
8
6
3
4
5
1
116.6159
