14
4
174.79000
161.17000
182.92000
178.97000
177.28000
144.91000
137.96000
151.59000
170.03000
116.58000
103.58000
182.45000
193.67000
116.78000
120.60000
143.39000
175.19000
166.27000
168.41000
185.00000
120.97000
132.80000
178.55000
167.86000
111.88000
173.38000
116.65000
157.57000
114.66000
128.41000
138.99000
198.59000
173.48000
193.97000
104.46000
113.38000
143.26000
180.65000
126.20000
144.61000
114.62000
179.07000
147.03000
149.00000
163.05000
158.95000
133.03000
158.20000
133.92000
136.22000
167.69000
107.46000
161.27000
111.37000
166.62000
112.41000
07.24000
05.16000
05.35000
09.47000
05.83000
06.86000
06.67000
08.47000
07.12000
06.63000
07.66000
09.98000
05.03000
08.37000
08.96000
08.39000
09.66000
07.75000
07.39000
05.55000
09.02000
06.81000
07.71000
07.78000
07.85000
06.00000
05.09000
05.24000
08.41000
06.94000
09.78000
06.60000
09.95000
07.78000
05.95000
05.68000
06.09000
06.71000
09.92000
08.54000
08.25000
05.12000
06.80000
06.89000
09.62000
07.02000
07.15000
06.57000
07.86000
07.12000
06.46000
06.50000
08.89000
08.79000
07.37000
09.32000
3
3
2
6
3
9
4
1
4
8
7
13
11
4
5
10
12
14
519.0107
