14
3
37.51000
22.45000
13.61000
30.96000
17.76000
53.08000
97.49000
23.71000
15.86000
59.57000
41.82000
24.57000
82.45000
10.90000
59.07000
72.74000
44.47000
65.56000
94.26000
85.80000
79.61000
79.51000
82.93000
45.42000
86.96000
82.92000
84.59000
68.73000
21.40000
52.18000
11.16000
25.60000
76.94000
82.61000
86.38000
71.76000
26.32000
18.81000
75.53000
63.31000
9.11000
23.94000
03.73000
01.47000
03.11000
02.84000
04.36000
01.19000
01.46000
02.18000
02.88000
01.40000
03.78000
01.11000
03.17000
03.86000
02.10000
02.64000
02.22000
03.09000
01.92000
03.98000
02.58000
03.60000
03.95000
01.86000
01.87000
02.45000
02.97000
04.08000
04.46000
03.57000
04.85000
04.98000
02.55000
02.16000
01.34000
03.20000
02.57000
02.73000
04.33000
01.59000
01.61000
03.52000
7
12
2
11
9
3
5
14
2
7
8
5
6
10
13
4
1
162.7995
