14
3
163.74000
152.39000
174.49000
198.14000
121.02000
103.79000
181.86000
115.27000
160.61000
174.73000
184.41000
181.42000
127.37000
177.67000
127.35000
197.79000
195.31000
143.69000
195.55000
132.56000
172.16000
115.39000
195.09000
108.86000
146.14000
143.83000
129.82000
138.75000
181.45000
119.10000
134.26000
139.32000
168.98000
181.52000
119.90000
141.95000
154.18000
108.34000
145.35000
195.86000
171.74000
108.09000
02.33000
04.79000
04.40000
01.57000
01.44000
03.81000
03.78000
03.73000
02.73000
02.04000
02.80000
04.58000
02.83000
04.00000
02.24000
02.67000
02.31000
03.62000
03.89000
01.17000
03.46000
04.97000
02.35000
04.75000
04.52000
04.57000
03.15000
01.96000
04.60000
03.11000
02.29000
04.75000
02.67000
03.65000
01.37000
02.00000
02.09000
03.02000
03.74000
02.65000
04.68000
02.21000
5
5
13
2
8
6
4
9
1
4
12
5
7
3
14
11
10
654.022
