14
4
17.02000
66.25000
66.77000
75.69000
40.25000
45.40000
66.23000
17.53000
1.24000
58.99000
23.56000
63.42000
39.21000
48.24000
23.21000
3.82000
31.85000
27.09000
9.90000
51.67000
27.35000
60.93000
79.95000
62.99000
89.20000
90.73000
1.33000
3.77000
94.83000
15.60000
81.54000
65.88000
52.78000
90.83000
44.53000
39.80000
18.49000
84.87000
60.13000
26.89000
81.67000
87.44000
41.77000
86.76000
92.47000
97.03000
65.88000
40.25000
87.68000
54.49000
11.31000
5.56000
11.96000
81.01000
91.54000
97.16000
01.63000
03.11000
04.56000
01.05000
04.98000
04.05000
03.29000
03.01000
04.87000
01.82000
04.13000
01.37000
04.44000
03.54000
02.19000
03.57000
01.76000
04.49000
03.28000
03.49000
02.28000
02.61000
03.27000
04.85000
03.76000
02.22000
02.27000
03.75000
02.29000
03.12000
01.42000
02.67000
02.68000
01.54000
01.70000
01.88000
03.12000
02.81000
04.60000
04.48000
04.75000
04.03000
04.76000
04.36000
04.29000
01.92000
03.44000
01.85000
02.97000
03.43000
04.65000
02.91000
03.25000
01.56000
02.53000
01.66000
3
1
5
8
5
3
4
2
14
13
2
7
12
4
6
11
9
10
76.69139
