14
2
25.36000
48.93000
85.04000
79.76000
46.56000
12.16000
86.13000
60.24000
22.61000
6.53000
60.06000
43.45000
45.18000
30.87000
80.19000
45.26000
58.94000
44.33000
36.03000
88.85000
13.26000
26.69000
43.46000
78.54000
82.01000
95.35000
36.35000
3.89000
05.10000
09.65000
07.00000
06.90000
08.86000
05.40000
06.47000
05.20000
09.78000
06.75000
05.37000
08.39000
08.96000
08.86000
07.98000
08.86000
09.74000
06.34000
07.46000
08.88000
08.37000
07.04000
06.95000
09.88000
07.47000
07.48000
06.45000
08.44000
7
11
12
1
2
6
9
10
7
4
3
13
5
8
7
14
258.0169
