11
3
14.64000
77.54000
57.19000
48.50000
19.54000
26.32000
65.96000
72.62000
90.08000
85.93000
84.66000
25.98000
57.17000
73.34000
23.74000
64.93000
18.77000
31.14000
40.00000
41.92000
3.33000
69.08000
90.06000
61.51000
70.58000
30.02000
97.49000
54.20000
85.51000
52.09000
8.26000
95.78000
45.15000
04.84000
04.40000
01.78000
03.55000
03.95000
04.77000
03.20000
02.32000
04.16000
02.26000
03.47000
01.14000
01.03000
04.23000
03.76000
01.73000
01.07000
03.69000
04.96000
03.39000
01.39000
02.00000
01.42000
04.87000
01.30000
02.87000
04.32000
04.26000
04.57000
04.72000
04.99000
01.28000
03.60000
4
3
6
5
1
4
2
7
4
10
3
11
8
9
121.1732
