11
3
49.48000
43.55000
35.75000
32.58000
88.65000
70.13000
80.70000
98.94000
74.01000
68.07000
58.86000
56.21000
89.24000
95.61000
82.75000
57.91000
77.40000
20.91000
90.14000
85.75000
95.51000
4.05000
39.95000
75.41000
79.15000
54.63000
65.55000
85.10000
43.69000
59.59000
69.76000
82.90000
24.51000
07.22000
06.87000
09.39000
09.21000
06.32000
09.54000
09.53000
06.21000
06.78000
06.63000
06.74000
08.62000
06.13000
05.93000
05.76000
08.69000
08.20000
09.80000
08.07000
08.63000
06.43000
07.49000
09.09000
05.12000
05.17000
08.54000
08.18000
06.09000
08.55000
08.70000
09.96000
05.19000
07.66000
4
10
2
3
4
4
6
5
7
11
3
9
8
1
197.1756
