14
2
151.86000
143.56000
171.23000
120.15000
123.36000
181.97000
110.45000
106.99000
148.77000
112.27000
118.63000
103.90000
114.42000
127.05000
141.26000
194.33000
193.77000
119.64000
181.79000
102.66000
125.10000
145.18000
170.03000
100.59000
139.49000
123.81000
182.93000
121.33000
02.20000
01.18000
02.35000
04.75000
01.64000
02.15000
01.79000
02.03000
02.86000
04.35000
01.21000
02.36000
03.50000
04.65000
01.57000
03.04000
01.58000
02.84000
04.88000
04.27000
03.12000
01.13000
04.72000
01.01000
04.94000
03.31000
03.85000
01.26000
7
2
11
5
3
7
8
13
7
10
14
1
4
12
9
6
931.8226
