20
4
167.15000
115.26000
153.82000
134.25000
197.04000
121.71000
176.88000
170.21000
198.43000
197.33000
191.76000
145.64000
111.96000
182.74000
139.09000
101.18000
178.24000
118.56000
159.49000
177.45000
152.63000
155.99000
164.08000
139.64000
146.97000
101.95000
122.01000
176.14000
134.90000
120.40000
156.33000
117.94000
182.02000
176.96000
132.67000
130.66000
153.98000
137.25000
116.65000
179.93000
109.91000
173.86000
195.98000
140.94000
187.52000
178.54000
170.87000
185.47000
157.35000
185.58000
183.29000
127.68000
110.02000
185.61000
123.86000
158.20000
136.14000
169.27000
183.20000
167.64000
167.54000
146.38000
189.25000
178.42000
122.73000
107.58000
144.93000
123.32000
157.82000
140.09000
188.34000
197.35000
188.45000
159.54000
135.09000
116.13000
130.23000
181.56000
100.82000
195.28000
05.05000
09.33000
07.62000
09.71000
07.02000
05.13000
06.24000
06.71000
09.52000
06.81000
07.34000
09.04000
06.44000
08.26000
09.82000
05.60000
06.71000
08.41000
07.59000
05.30000
09.10000
07.06000
07.52000
08.57000
08.04000
06.08000
07.55000
09.62000
09.20000
05.47000
07.38000
06.14000
07.73000
05.39000
07.15000
08.26000
08.78000
06.01000
07.02000
06.15000
08.59000
05.22000
06.96000
06.59000
09.81000
07.70000
09.21000
08.71000
08.45000
06.06000
07.08000
07.43000
05.91000
06.73000
06.98000
09.15000
08.60000
06.11000
05.32000
05.28000
08.98000
08.16000
07.19000
06.23000
06.45000
07.55000
05.22000
08.69000
08.19000
07.48000
06.33000
08.02000
06.85000
05.63000
08.20000
06.89000
05.08000
09.64000
08.46000
07.96000
5
3
16
18
4
2
5
10
11
6
7
9
5
20
13
15
12
1
5
14
17
5
8
19
728.04320
