20
4
163.80000
117.31000
135.89000
108.45000
112.97000
166.49000
175.11000
184.01000
127.40000
178.58000
199.91000
192.79000
147.71000
194.21000
150.90000
175.43000
114.53000
154.01000
168.71000
172.54000
118.53000
145.56000
148.81000
128.50000
186.46000
176.05000
152.20000
121.40000
191.72000
122.77000
175.73000
163.35000
199.93000
151.35000
185.03000
119.97000
176.72000
127.41000
145.72000
156.88000
167.90000
119.88000
173.38000
130.59000
107.77000
185.25000
157.40000
182.69000
133.61000
146.73000
172.70000
126.21000
136.03000
194.96000
109.90000
151.80000
105.66000
120.56000
159.63000
150.06000
173.06000
119.13000
119.45000
193.81000
188.55000
126.57000
157.32000
106.83000
127.70000
149.07000
126.65000
192.73000
106.13000
102.26000
143.08000
167.12000
139.47000
101.77000
122.23000
145.64000
09.75000
05.10000
08.26000
08.40000
06.33000
06.99000
06.96000
06.96000
09.37000
05.69000
09.07000
06.79000
07.78000
05.11000
08.50000
06.78000
05.46000
09.16000
09.16000
05.86000
07.01000
08.30000
06.36000
08.65000
07.41000
07.13000
07.07000
08.75000
08.47000
09.78000
06.01000
07.74000
05.33000
06.40000
08.34000
05.78000
08.16000
07.15000
09.20000
08.03000
05.03000
05.33000
09.23000
08.91000
09.41000
06.20000
07.62000
07.39000
07.15000
08.90000
07.56000
08.41000
09.65000
09.84000
05.46000
08.37000
08.31000
05.43000
07.74000
08.68000
09.38000
05.35000
07.64000
05.78000
05.31000
05.30000
05.84000
05.51000
08.94000
09.24000
05.57000
05.57000
07.93000
09.83000
09.48000
08.60000
09.93000
09.72000
05.23000
07.26000
5
17
8
7
3
9
5
2
13
4
20
5
5
19
15
14
12
11
5
16
6
18
10
1
723.23600
