20
4
45.91000
58.67000
91.27000
5.90000
49.91000
14.34000
75.37000
51.88000
48.91000
12.18000
74.57000
11.64000
83.12000
92.42000
30.10000
24.41000
93.77000
97.27000
81.17000
31.40000
90.04000
70.37000
22.02000
90.65000
27.44000
30.64000
3.03000
96.46000
68.30000
23.99000
70.50000
68.85000
79.61000
16.40000
91.39000
72.78000
27.33000
72.84000
31.67000
74.22000
46.84000
45.46000
98.47000
31.69000
80.89000
50.22000
54.80000
75.14000
6.68000
6.28000
46.73000
65.24000
12.93000
3.35000
64.98000
91.71000
90.36000
32.16000
1.28000
46.29000
1.37000
84.99000
5.28000
75.73000
42.12000
23.03000
64.32000
89.67000
49.06000
67.24000
97.27000
69.03000
37.65000
35.10000
20.62000
29.26000
23.36000
41.07000
47.82000
84.84000
08.04000
06.82000
05.18000
06.48000
05.76000
07.18000
06.54000
08.78000
05.50000
07.40000
06.87000
05.40000
06.14000
06.39000
05.06000
05.23000
06.61000
08.04000
05.03000
07.19000
06.00000
05.42000
07.38000
07.33000
05.45000
09.22000
05.86000
09.86000
05.48000
09.26000
07.48000
08.70000
06.24000
05.69000
07.41000
09.01000
07.88000
08.67000
05.80000
05.95000
05.59000
08.74000
07.48000
05.70000
05.17000
08.07000
09.46000
09.79000
07.40000
06.03000
07.29000
08.21000
08.69000
09.02000
07.39000
07.37000
05.44000
08.45000
06.15000
08.68000
06.16000
09.96000
07.97000
05.18000
07.61000
09.79000
07.28000
09.13000
05.44000
09.78000
06.79000
09.58000
07.29000
07.59000
09.15000
09.17000
05.83000
05.88000
07.03000
05.56000
4
8
20
12
4
3
11
5
7
7
2
18
13
10
9
14
19
6
17
16
6
15
3
1
120.89200
