20
7
117.67000
161.36000
120.23000
156.64000
177.85000
113.67000
178.94000
192.58000
150.26000
172.34000
174.17000
130.47000
130.76000
147.68000
165.06000
137.63000
179.25000
101.55000
149.80000
107.96000
162.81000
143.79000
199.83000
159.46000
117.61000
134.80000
199.21000
198.46000
173.13000
148.69000
167.94000
170.57000
192.01000
178.18000
138.19000
181.80000
113.48000
180.06000
193.72000
177.20000
101.22000
169.98000
160.55000
134.36000
113.05000
171.01000
193.91000
125.14000
147.00000
168.57000
117.05000
154.51000
166.88000
197.17000
119.56000
176.52000
125.59000
167.90000
155.11000
196.78000
186.32000
114.37000
155.33000
104.26000
160.63000
161.08000
106.31000
179.00000
174.65000
192.12000
155.87000
166.67000
102.75000
118.18000
110.39000
153.72000
120.85000
139.02000
152.85000
190.70000
156.63000
142.35000
193.64000
145.81000
136.26000
199.37000
108.63000
137.95000
138.91000
155.96000
126.41000
136.97000
133.86000
108.37000
104.54000
121.13000
104.48000
154.40000
189.66000
145.27000
179.21000
100.09000
155.94000
181.60000
193.38000
142.87000
196.26000
185.78000
105.39000
147.45000
102.27000
167.45000
138.82000
179.98000
192.08000
131.05000
143.83000
120.68000
185.37000
170.09000
140.28000
123.66000
124.22000
110.32000
145.84000
174.98000
135.43000
122.02000
147.60000
173.08000
103.45000
171.77000
157.80000
113.39000
191.33000
199.57000
127.77000
117.96000
176.15000
146.96000
02.11000
04.20000
04.87000
04.88000
01.80000
02.78000
03.02000
01.46000
02.08000
02.17000
01.85000
02.37000
01.46000
03.12000
04.26000
01.53000
02.74000
04.21000
04.47000
01.68000
01.23000
04.49000
02.44000
01.62000
04.86000
01.36000
01.26000
01.01000
02.97000
01.54000
01.31000
01.49000
02.04000
03.91000
04.75000
04.34000
03.36000
03.66000
03.51000
02.14000
02.44000
02.04000
04.25000
03.41000
04.90000
04.00000
04.91000
01.14000
03.77000
04.94000
04.86000
03.79000
01.39000
02.72000
03.34000
02.89000
01.41000
02.00000
03.93000
03.76000
01.61000
03.94000
03.73000
01.03000
03.62000
01.09000
03.57000
01.59000
04.43000
03.19000
02.14000
02.67000
01.11000
02.94000
04.68000
03.89000
02.56000
02.38000
03.23000
01.18000
02.66000
02.63000
01.76000
03.04000
03.46000
04.59000
01.59000
01.82000
01.55000
02.16000
04.15000
02.34000
02.63000
01.80000
04.53000
01.20000
02.69000
01.77000
03.14000
01.82000
02.32000
03.09000
02.99000
02.79000
01.76000
01.18000
04.82000
02.79000
02.03000
03.92000
02.34000
04.56000
02.29000
01.37000
03.37000
01.56000
02.52000
01.89000
03.54000
04.57000
01.26000
03.78000
02.09000
04.70000
02.91000
02.64000
04.84000
03.85000
02.08000
04.46000
04.84000
01.99000
03.30000
03.77000
04.52000
04.33000
02.41000
03.93000
04.63000
03.89000
3
20
12
18
2
10
19
3
8
1
5
3
4
13
7
3
16
17
15
3
6
9
2
3
3
14
11
352.90230
