20
7
190.14000
121.85000
177.80000
198.29000
191.80000
151.61000
144.95000
146.04000
110.32000
111.51000
188.42000
173.41000
199.38000
107.17000
100.15000
118.05000
126.70000
145.76000
161.16000
194.18000
147.36000
124.45000
126.84000
134.64000
103.56000
115.63000
180.33000
132.96000
102.22000
143.70000
161.32000
163.57000
126.32000
159.19000
197.30000
165.26000
185.37000
126.72000
117.33000
165.94000
153.10000
121.97000
183.57000
113.62000
130.65000
152.63000
107.05000
116.42000
106.05000
105.93000
143.68000
150.33000
125.93000
136.71000
140.89000
164.73000
175.99000
126.37000
160.14000
110.55000
171.49000
116.97000
182.38000
141.33000
115.39000
183.40000
172.45000
127.38000
180.59000
169.27000
171.60000
159.10000
186.77000
168.08000
106.53000
180.79000
105.17000
112.40000
130.51000
150.80000
187.52000
177.72000
115.51000
193.03000
196.56000
190.36000
135.48000
114.99000
162.95000
118.55000
152.71000
138.70000
163.78000
103.83000
107.60000
162.74000
140.23000
139.32000
179.58000
112.25000
136.37000
126.57000
158.51000
128.80000
143.39000
173.08000
121.74000
154.45000
157.20000
125.08000
101.00000
111.46000
171.67000
156.56000
159.71000
187.07000
157.28000
105.54000
112.87000
107.60000
167.54000
134.88000
199.22000
134.58000
161.92000
147.91000
119.72000
117.72000
132.91000
101.02000
150.12000
123.64000
125.58000
159.97000
161.25000
137.62000
174.06000
167.11000
188.04000
196.54000
02.86000
03.03000
01.57000
02.87000
01.39000
01.64000
01.52000
02.35000
01.95000
04.19000
03.37000
02.84000
04.12000
04.01000
02.10000
01.82000
01.75000
02.25000
01.97000
03.58000
04.14000
01.64000
03.67000
03.58000
01.92000
02.30000
01.30000
02.67000
03.16000
02.59000
03.20000
04.94000
03.92000
02.46000
04.06000
03.74000
01.04000
04.14000
02.40000
01.73000
01.76000
01.24000
01.69000
04.74000
01.15000
01.96000
03.35000
02.34000
01.85000
04.52000
03.49000
03.76000
04.29000
04.35000
02.42000
01.08000
04.16000
01.67000
02.77000
02.20000
01.30000
04.55000
02.29000
02.15000
02.27000
04.15000
03.75000
01.18000
02.25000
02.47000
04.69000
02.78000
04.87000
02.31000
03.89000
03.65000
03.59000
01.75000
04.98000
02.79000
04.09000
02.66000
03.43000
03.56000
03.17000
01.26000
03.48000
01.07000
01.43000
03.56000
04.92000
02.94000
03.62000
02.56000
04.90000
03.33000
02.79000
01.11000
03.89000
01.22000
01.70000
02.43000
01.33000
04.79000
02.32000
01.88000
03.73000
03.03000
04.69000
02.74000
01.78000
02.57000
03.53000
02.13000
01.85000
02.95000
04.41000
01.47000
04.14000
02.99000
02.22000
01.06000
04.98000
02.82000
04.03000
04.83000
04.43000
04.70000
03.70000
02.35000
04.76000
01.42000
01.84000
03.74000
03.46000
04.73000
04.34000
01.90000
02.34000
04.22000
3
16
15
14
3
5
6
19
3
9
7
13
3
18
17
2
2
1
3
3
11
20
4
3
12
10
8
348.40470
