20
7
82.96000
6.97000
48.69000
44.60000
88.35000
38.04000
50.99000
14.47000
22.43000
14.32000
82.40000
9.28000
86.44000
43.07000
66.51000
99.95000
62.41000
96.98000
76.92000
99.06000
1.33000
20.56000
93.13000
38.99000
74.52000
40.98000
59.59000
60.82000
16.37000
54.00000
56.05000
50.37000
54.03000
35.01000
87.68000
51.87000
7.82000
35.19000
25.06000
61.60000
52.84000
69.52000
25.89000
26.16000
42.40000
98.55000
27.90000
87.92000
78.15000
76.39000
92.58000
23.15000
26.41000
78.59000
68.51000
31.94000
52.08000
70.88000
78.02000
80.77000
18.01000
97.49000
17.16000
1.89000
40.02000
54.67000
96.96000
38.64000
47.62000
86.35000
63.41000
16.37000
25.84000
80.53000
38.47000
52.76000
72.69000
25.76000
34.26000
44.34000
20.79000
50.37000
10.03000
59.65000
74.23000
96.43000
96.27000
74.79000
87.54000
86.01000
93.54000
69.10000
25.28000
1.08000
10.47000
12.95000
76.32000
35.52000
55.27000
63.88000
70.73000
55.44000
44.64000
46.09000
41.13000
96.36000
82.85000
14.48000
61.81000
15.64000
78.20000
33.59000
11.86000
47.01000
9.58000
34.72000
7.07000
54.50000
67.78000
49.75000
1.50000
53.26000
7.19000
24.42000
90.04000
28.52000
45.45000
10.49000
77.27000
13.55000
84.75000
23.02000
63.12000
32.84000
34.00000
37.81000
99.54000
50.60000
26.35000
44.55000
09.63000
09.28000
05.41000
07.74000
07.35000
08.84000
06.77000
09.42000
09.08000
09.28000
05.67000
08.65000
06.84000
06.84000
06.19000
07.18000
06.13000
08.17000
09.68000
05.92000
07.98000
07.11000
06.88000
09.21000
08.77000
07.40000
07.32000
09.95000
08.29000
07.02000
05.79000
07.54000
09.63000
07.19000
09.02000
07.76000
07.49000
07.66000
09.10000
08.70000
05.31000
09.94000
07.15000
07.99000
08.83000
06.02000
05.08000
05.08000
09.81000
08.68000
06.71000
08.93000
05.99000
08.98000
07.49000
06.70000
09.91000
09.61000
06.39000
05.99000
08.03000
09.15000
05.47000
09.44000
07.16000
09.93000
07.45000
06.95000
08.56000
08.86000
05.43000
06.60000
06.98000
05.44000
08.44000
08.07000
05.09000
08.88000
07.13000
09.52000
05.83000
08.62000
05.83000
06.95000
09.95000
05.20000
09.39000
07.32000
05.85000
05.42000
05.89000
09.67000
06.41000
09.51000
06.51000
06.00000
05.50000
05.58000
07.21000
09.93000
08.57000
05.02000
05.29000
06.60000
07.99000
05.88000
09.16000
05.36000
06.11000
05.87000
09.60000
05.89000
08.76000
07.08000
07.31000
06.10000
05.90000
07.62000
05.88000
08.65000
08.04000
06.16000
09.58000
09.47000
08.99000
08.44000
05.69000
07.33000
07.24000
05.56000
07.34000
06.26000
05.15000
06.31000
05.84000
07.43000
07.36000
08.63000
08.51000
09.89000
6
2
6
4
5
17
10
1
16
4
12
11
14
13
1
7
3
20
1
19
3
3
15
8
2
18
9
65.05226
