20
10
18.83000
11.06000
56.70000
10.82000
88.25000
73.11000
38.11000
98.60000
92.36000
76.14000
54.97000
33.21000
90.34000
85.50000
79.80000
90.36000
67.11000
92.31000
10.92000
75.55000
42.18000
48.70000
44.70000
74.80000
55.32000
85.23000
88.78000
76.96000
37.63000
48.48000
18.69000
49.35000
26.61000
31.66000
82.32000
97.54000
84.54000
53.70000
57.29000
54.86000
91.95000
46.49000
40.11000
41.29000
51.87000
34.35000
61.93000
97.29000
93.15000
18.60000
9.07000
46.22000
58.40000
46.01000
33.52000
46.26000
12.98000
89.15000
15.00000
82.31000
37.07000
76.40000
87.64000
47.05000
33.11000
67.14000
77.73000
87.97000
31.28000
87.17000
51.59000
19.16000
1.04000
62.64000
90.04000
76.13000
35.57000
43.43000
1.65000
24.15000
17.44000
51.42000
77.77000
43.79000
24.51000
75.73000
12.79000
6.15000
13.65000
29.61000
61.57000
32.86000
6.91000
40.30000
60.51000
65.52000
51.08000
61.77000
68.79000
70.49000
99.36000
99.57000
59.63000
62.26000
52.60000
99.64000
88.38000
30.77000
5.36000
22.76000
14.75000
46.27000
57.03000
24.00000
49.51000
78.21000
34.75000
85.19000
32.16000
21.79000
45.92000
68.91000
87.14000
15.93000
17.41000
81.35000
26.66000
22.74000
46.48000
57.10000
96.65000
19.35000
37.61000
5.83000
15.97000
27.81000
19.02000
60.97000
23.23000
94.91000
22.02000
23.04000
22.24000
12.30000
29.36000
43.11000
69.75000
12.65000
22.79000
91.90000
66.42000
82.13000
33.62000
58.42000
55.93000
23.13000
18.94000
54.43000
7.75000
58.78000
9.69000
46.97000
40.71000
86.14000
75.17000
93.97000
53.19000
36.09000
77.29000
65.31000
65.92000
76.11000
99.95000
51.12000
76.19000
11.67000
53.84000
67.24000
7.04000
69.00000
90.06000
84.36000
37.13000
75.35000
80.18000
96.80000
76.17000
37.37000
56.86000
84.30000
80.31000
79.84000
82.37000
65.81000
25.19000
36.07000
45.72000
85.03000
10.20000
61.15000
04.06000
03.99000
02.08000
04.16000
04.43000
01.32000
02.25000
01.49000
02.97000
04.05000
04.36000
03.64000
04.50000
04.26000
03.76000
01.19000
02.85000
03.03000
04.77000
01.71000
03.73000
03.81000
02.92000
01.93000
01.20000
03.01000
02.77000
01.42000
02.66000
03.34000
04.71000
04.77000
03.56000
01.51000
02.69000
03.18000
04.36000
03.22000
03.66000
04.86000
01.17000
04.49000
02.97000
04.67000
01.62000
02.62000
03.04000
03.67000
02.46000
03.44000
02.42000
01.89000
02.77000
01.28000
02.68000
04.17000
02.63000
03.46000
02.40000
04.34000
04.04000
01.59000
01.57000
01.09000
04.90000
04.66000
03.27000
04.20000
01.75000
04.42000
03.20000
04.86000
02.29000
01.84000
03.54000
02.52000
03.24000
02.86000
03.51000
01.63000
01.43000
04.20000
03.04000
04.58000
03.98000
02.73000
03.45000
01.74000
02.96000
04.04000
04.32000
01.35000
03.68000
04.72000
01.49000
02.49000
04.49000
02.34000
03.77000
01.24000
03.57000
03.57000
04.70000
03.19000
03.93000
04.82000
02.03000
04.39000
04.60000
03.64000
04.03000
04.14000
01.53000
01.24000
01.13000
02.14000
03.67000
03.83000
04.80000
03.11000
03.72000
03.16000
01.56000
01.44000
03.40000
04.93000
04.24000
01.02000
02.35000
01.41000
01.35000
04.09000
04.15000
03.41000
02.98000
03.98000
01.37000
02.76000
04.19000
03.01000
02.67000
04.52000
04.12000
04.58000
03.78000
03.66000
04.49000
04.23000
02.84000
03.56000
03.27000
03.75000
04.03000
01.69000
03.17000
03.09000
04.56000
04.49000
03.89000
03.21000
01.63000
04.91000
03.10000
04.93000
03.72000
01.31000
04.75000
04.21000
03.75000
01.13000
04.62000
02.84000
03.54000
01.45000
03.03000
04.37000
01.92000
04.34000
01.33000
01.39000
02.04000
02.91000
03.58000
02.91000
01.55000
04.28000
03.29000
02.52000
02.95000
04.92000
03.48000
04.62000
02.67000
02.54000
03.10000
01.43000
02.18000
03.84000
02.11000
02.15000
2
12
2
1
3
1
6
2
18
13
2
10
7
3
20
11
9
3
15
5
14
2
17
4
3
1
19
16
1
8
44.70000
