20
7
165.02000
144.20000
187.33000
156.51000
128.94000
168.85000
180.84000
141.98000
134.10000
123.48000
159.59000
189.92000
112.65000
114.09000
162.79000
157.14000
148.35000
185.77000
156.22000
114.46000
165.94000
165.75000
159.31000
135.07000
180.26000
127.33000
135.15000
176.87000
131.23000
199.38000
193.81000
171.58000
108.45000
135.94000
188.16000
130.30000
165.58000
142.63000
110.15000
190.67000
172.61000
105.55000
145.74000
156.37000
152.21000
117.50000
136.81000
185.55000
152.25000
189.25000
113.83000
106.63000
179.14000
107.26000
152.73000
119.36000
115.83000
122.07000
181.00000
162.56000
167.93000
126.18000
120.95000
125.68000
140.44000
153.18000
117.05000
165.58000
112.61000
108.94000
152.34000
173.16000
142.02000
171.71000
110.17000
146.24000
175.28000
196.34000
137.94000
134.18000
193.29000
123.67000
124.33000
198.46000
151.29000
141.61000
177.46000
152.74000
146.85000
133.92000
173.88000
181.85000
198.08000
105.04000
163.75000
166.02000
124.67000
148.48000
173.78000
149.53000
179.13000
157.63000
143.18000
144.02000
149.42000
193.26000
114.95000
189.48000
123.40000
138.81000
192.05000
199.04000
164.10000
134.28000
125.79000
194.71000
148.63000
121.22000
156.56000
175.10000
119.53000
122.40000
158.44000
119.05000
187.21000
110.15000
147.29000
140.55000
178.71000
152.85000
124.68000
154.58000
161.35000
110.42000
152.47000
159.34000
129.05000
156.84000
194.09000
142.08000
06.87000
09.16000
06.71000
05.79000
05.71000
05.55000
08.65000
05.28000
05.31000
08.77000
08.50000
05.48000
08.36000
05.42000
07.89000
05.36000
09.79000
06.24000
09.45000
06.81000
06.85000
08.15000
09.03000
06.49000
05.53000
09.68000
06.33000
06.03000
06.29000
06.60000
07.54000
08.33000
08.19000
08.29000
07.22000
09.24000
05.68000
06.41000
09.09000
05.60000
08.16000
08.43000
05.36000
06.92000
08.67000
08.56000
09.81000
09.81000
09.31000
07.30000
08.32000
05.25000
06.64000
09.17000
07.01000
05.77000
05.69000
09.11000
09.24000
08.05000
05.90000
07.84000
08.96000
05.38000
07.06000
06.09000
07.56000
09.85000
07.11000
08.22000
07.86000
06.13000
09.89000
05.00000
09.86000
07.03000
05.92000
05.71000
08.94000
07.65000
06.72000
07.02000
08.65000
05.48000
06.37000
09.96000
07.82000
06.45000
09.84000
05.57000
08.70000
08.77000
06.91000
05.69000
06.26000
07.91000
07.12000
08.80000
09.00000
09.73000
06.72000
07.37000
08.88000
09.04000
06.30000
07.72000
07.34000
09.21000
05.41000
06.03000
08.83000
07.95000
07.08000
08.80000
08.15000
09.49000
07.26000
07.31000
06.75000
06.52000
07.75000
07.91000
05.36000
07.61000
08.72000
05.97000
05.07000
07.20000
06.82000
05.86000
05.95000
06.74000
09.45000
06.10000
06.22000
09.00000
05.03000
08.09000
08.87000
08.40000
3
5
20
13
2
8
19
3
16
12
17
3
4
10
15
3
14
2
3
3
9
18
7
3
11
6
1
382.66160
