20
7
18.39000
69.21000
30.14000
66.65000
11.26000
27.86000
76.08000
4.02000
43.61000
22.41000
85.59000
4.43000
13.49000
5.42000
75.06000
83.11000
92.76000
91.91000
12.90000
95.95000
64.10000
83.04000
93.61000
5.76000
61.68000
82.82000
94.00000
69.30000
34.07000
99.36000
29.44000
47.38000
53.74000
2.87000
47.43000
77.06000
83.33000
36.35000
61.87000
49.42000
76.71000
13.48000
52.23000
18.24000
16.91000
91.81000
99.71000
96.53000
67.69000
39.47000
48.43000
64.72000
89.18000
74.35000
37.74000
67.21000
42.09000
7.46000
84.80000
14.81000
16.68000
66.85000
56.55000
76.38000
27.57000
9.85000
87.82000
2.00000
9.54000
5.13000
37.63000
16.50000
89.95000
33.48000
71.27000
33.41000
14.10000
77.27000
46.17000
42.04000
43.24000
78.15000
71.06000
62.22000
33.69000
33.81000
54.57000
5.23000
51.49000
29.86000
38.24000
70.70000
55.01000
91.59000
24.53000
74.29000
28.95000
60.19000
17.46000
18.86000
87.53000
67.65000
31.15000
97.46000
23.12000
25.08000
72.93000
47.81000
22.33000
39.73000
82.10000
51.39000
7.57000
42.15000
80.86000
33.33000
38.93000
88.15000
6.31000
19.30000
69.56000
2.69000
68.72000
47.78000
79.93000
55.67000
77.24000
7.64000
10.07000
45.14000
80.05000
16.59000
52.71000
38.91000
78.83000
93.73000
55.62000
44.47000
2.58000
74.07000
06.49000
09.04000
07.64000
07.18000
08.30000
09.26000
09.57000
08.47000
07.33000
06.62000
08.98000
06.54000
06.53000
05.80000
05.88000
06.58000
07.36000
06.88000
07.55000
07.92000
07.19000
05.35000
06.62000
09.29000
09.13000
05.96000
06.61000
05.90000
08.71000
07.23000
09.01000
07.41000
07.45000
06.33000
08.99000
05.56000
08.53000
08.94000
07.08000
09.34000
05.18000
07.78000
06.49000
09.63000
08.37000
06.07000
09.71000
08.90000
09.26000
07.99000
06.10000
07.44000
06.53000
08.03000
07.05000
05.86000
08.66000
07.31000
07.44000
05.17000
09.61000
07.91000
09.48000
07.11000
05.11000
08.02000
08.50000
08.64000
05.08000
09.66000
08.69000
09.91000
07.71000
08.24000
07.50000
06.52000
09.09000
08.94000
09.05000
07.58000
09.83000
06.41000
06.32000
07.16000
05.67000
06.38000
07.63000
08.14000
08.08000
05.30000
08.38000
09.40000
05.86000
06.86000
05.67000
06.37000
08.82000
07.60000
06.42000
06.10000
07.56000
06.19000
09.96000
09.18000
06.93000
06.89000
07.98000
07.86000
08.00000
09.61000
06.01000
07.93000
05.01000
07.40000
08.19000
08.23000
06.36000
09.29000
06.57000
07.38000
06.53000
05.99000
08.90000
09.19000
06.51000
06.17000
06.70000
05.71000
05.60000
07.30000
06.07000
09.86000
07.09000
06.61000
09.25000
06.27000
06.56000
05.46000
09.50000
07.42000
3
3
13
5
3
11
4
14
2
15
18
4
1
17
6
10
1
7
2
16
20
5
9
12
8
2
19
57.78903
