20
10
37.24000
99.64000
56.01000
89.83000
96.23000
5.21000
30.72000
53.48000
18.48000
60.29000
59.15000
13.70000
42.58000
14.69000
95.27000
29.67000
35.90000
38.95000
18.81000
86.29000
32.69000
40.42000
1.02000
43.89000
78.88000
32.97000
12.65000
95.12000
45.22000
47.08000
74.56000
78.39000
99.16000
8.90000
69.57000
31.22000
36.89000
67.30000
4.26000
15.86000
14.35000
48.59000
2.78000
14.50000
27.29000
39.71000
82.12000
20.25000
76.45000
88.80000
81.86000
70.23000
84.86000
26.08000
36.40000
7.06000
99.32000
3.54000
4.92000
94.08000
2.69000
91.86000
83.17000
88.72000
58.29000
40.76000
74.28000
2.19000
6.68000
78.23000
4.79000
78.67000
46.24000
62.34000
85.45000
89.61000
4.12000
73.91000
56.76000
29.20000
41.37000
60.66000
50.73000
92.40000
92.60000
58.08000
97.05000
49.40000
32.79000
23.47000
55.74000
50.34000
63.44000
65.47000
41.65000
18.26000
14.77000
20.52000
95.38000
98.98000
48.37000
3.68000
34.02000
37.74000
30.84000
37.16000
3.30000
35.26000
65.91000
42.13000
37.74000
94.18000
85.90000
6.60000
82.05000
16.88000
47.90000
42.32000
6.68000
26.50000
60.44000
69.94000
34.64000
91.55000
50.58000
89.16000
85.48000
65.55000
81.00000
12.63000
91.71000
60.01000
37.61000
29.45000
50.62000
78.40000
29.07000
56.47000
83.25000
49.95000
57.19000
86.12000
62.20000
92.32000
12.76000
96.11000
99.96000
23.29000
95.67000
98.19000
95.09000
2.21000
71.18000
12.29000
23.22000
60.42000
26.29000
80.12000
82.75000
55.98000
60.93000
9.86000
62.46000
54.59000
59.63000
18.80000
89.22000
26.68000
78.20000
18.33000
91.19000
96.28000
83.00000
79.98000
47.10000
50.30000
65.13000
3.04000
59.42000
96.41000
45.07000
49.30000
62.40000
54.84000
55.95000
93.65000
59.80000
95.42000
10.58000
16.09000
93.95000
85.44000
2.14000
64.52000
72.41000
87.17000
49.58000
16.55000
26.52000
88.61000
08.55000
09.80000
06.98000
07.60000
07.86000
08.69000
07.97000
09.09000
05.70000
07.73000
08.63000
08.91000
05.92000
09.84000
05.93000
08.10000
08.62000
09.18000
08.11000
08.94000
09.99000
07.66000
06.24000
08.93000
07.22000
09.96000
08.86000
05.00000
06.85000
09.32000
09.17000
06.68000
08.53000
06.90000
09.93000
08.29000
08.12000
05.17000
05.14000
05.39000
05.75000
07.61000
05.53000
08.97000
06.80000
09.55000
07.93000
07.60000
05.18000
05.52000
05.20000
07.33000
07.54000
06.23000
07.13000
07.03000
06.80000
08.68000
09.76000
06.78000
05.58000
08.04000
05.65000
09.26000
09.27000
06.09000
06.77000
07.84000
09.51000
06.05000
07.38000
07.04000
06.26000
09.40000
05.56000
06.48000
05.69000
08.90000
05.61000
07.04000
08.53000
06.82000
07.52000
08.71000
09.79000
05.06000
08.44000
09.49000
05.69000
05.98000
05.44000
06.42000
05.71000
08.09000
06.14000
06.17000
05.55000
06.20000
09.37000
06.64000
08.00000
08.18000
08.89000
08.33000
06.91000
08.81000
09.95000
07.07000
08.16000
09.08000
06.46000
06.82000
07.01000
05.80000
06.78000
07.52000
09.97000
07.03000
05.55000
05.37000
07.22000
08.96000
09.54000
08.52000
05.00000
07.42000
09.54000
07.74000
09.50000
08.20000
09.11000
06.67000
07.99000
07.65000
08.66000
09.79000
09.02000
08.37000
09.86000
07.81000
08.37000
05.15000
08.39000
09.72000
06.74000
05.98000
06.97000
07.68000
06.14000
08.33000
07.33000
08.69000
07.12000
09.32000
08.14000
08.00000
06.51000
07.33000
09.36000
07.12000
09.99000
05.70000
06.81000
08.51000
10.00000
05.48000
06.47000
05.28000
09.80000
09.50000
07.70000
05.10000
09.51000
06.92000
08.72000
05.23000
05.47000
08.16000
09.01000
09.23000
08.34000
06.92000
09.19000
07.42000
09.97000
05.44000
08.02000
09.16000
05.45000
07.75000
06.61000
08.88000
05.64000
06.27000
08.94000
07.14000
07.67000
09.72000
05.27000
05.75000
2
6
11
2
16
2
2
15
1
3
10
13
20
1
12
1
9
4
17
4
8
7
1
14
2
3
19
2
18
5
30.84000
