20
10
134.36000
161.69000
110.19000
116.87000
141.50000
118.17000
131.86000
119.96000
198.89000
115.62000
124.28000
187.65000
103.79000
157.57000
197.23000
135.97000
178.47000
172.51000
185.47000
105.92000
109.75000
181.37000
122.37000
128.42000
199.96000
106.29000
174.60000
104.07000
104.93000
162.46000
126.15000
123.68000
100.03000
181.53000
164.91000
131.38000
185.68000
120.14000
103.78000
196.31000
194.20000
169.49000
179.39000
147.36000
139.91000
143.17000
164.48000
158.92000
180.89000
160.67000
105.97000
128.54000
195.65000
106.73000
194.89000
153.49000
187.71000
191.13000
147.23000
156.03000
158.15000
112.11000
169.08000
102.55000
173.61000
120.02000
170.24000
182.53000
109.01000
184.67000
141.52000
147.58000
170.97000
168.96000
102.07000
173.09000
191.14000
160.78000
196.03000
159.44000
118.15000
191.53000
114.66000
111.46000
194.24000
165.26000
143.28000
115.10000
112.19000
112.20000
165.50000
146.83000
131.76000
198.34000
153.60000
185.15000
137.71000
114.72000
104.84000
133.58000
168.60000
118.78000
120.53000
151.74000
185.71000
105.21000
141.54000
138.61000
141.98000
112.94000
167.55000
140.73000
175.32000
136.10000
148.93000
164.73000
148.59000
193.84000
161.08000
142.25000
166.96000
125.81000
183.99000
104.99000
110.97000
109.38000
144.44000
173.79000
169.98000
147.10000
112.27000
142.25000
185.01000
186.24000
140.99000
170.14000
122.05000
199.07000
109.12000
142.23000
100.56000
195.69000
101.21000
150.97000
107.03000
198.75000
186.83000
152.38000
110.97000
151.73000
101.37000
113.27000
181.52000
180.00000
126.46000
171.52000
112.81000
133.97000
168.74000
190.04000
188.24000
133.68000
120.33000
115.28000
139.64000
120.07000
165.37000
168.01000
130.75000
118.14000
133.12000
118.55000
183.83000
156.40000
158.34000
107.91000
146.14000
188.37000
100.81000
102.12000
194.83000
107.57000
120.09000
198.75000
195.96000
114.21000
195.15000
133.67000
116.92000
188.43000
137.11000
111.36000
158.11000
186.88000
158.86000
100.97000
144.90000
191.19000
198.30000
196.65000
04.29000
04.34000
03.99000
03.05000
02.60000
02.79000
01.68000
03.03000
01.12000
02.57000
01.12000
01.50000
04.19000
03.26000
01.15000
04.55000
01.14000
01.44000
01.60000
03.26000
03.29000
02.66000
04.97000
04.98000
04.91000
02.67000
01.26000
03.03000
01.00000
03.18000
01.89000
04.06000
02.53000
04.40000
04.31000
02.76000
01.44000
03.52000
02.96000
02.85000
02.55000
03.17000
01.03000
01.56000
01.03000
01.36000
01.92000
04.33000
02.34000
04.55000
02.28000
02.39000
01.04000
02.56000
03.21000
04.06000
04.72000
02.21000
02.78000
02.66000
04.39000
02.83000
01.43000
01.61000
02.29000
01.20000
01.17000
01.45000
02.05000
01.01000
04.74000
03.34000
02.87000
02.71000
01.85000
02.22000
04.95000
03.76000
03.21000
02.05000
03.87000
01.30000
01.40000
01.55000
04.53000
02.30000
04.88000
02.09000
02.41000
04.77000
03.37000
01.51000
02.35000
04.78000
04.21000
02.38000
02.17000
03.41000
03.72000
04.29000
02.94000
03.04000
02.71000
02.87000
04.95000
01.29000
02.38000
01.19000
02.52000
01.25000
01.70000
01.94000
03.08000
03.60000
02.63000
04.32000
03.11000
02.05000
04.11000
04.52000
02.23000
04.23000
02.21000
04.78000
01.55000
03.87000
02.67000
03.31000
01.31000
03.25000
04.51000
04.13000
04.61000
04.71000
01.28000
04.07000
03.51000
03.58000
03.58000
04.95000
03.05000
03.20000
01.13000
03.01000
03.65000
01.78000
04.36000
03.91000
04.81000
02.61000
04.37000
01.92000
02.22000
02.66000
03.36000
04.49000
04.59000
03.88000
04.54000
04.09000
01.16000
01.85000
04.73000
02.01000
03.40000
01.95000
04.86000
01.28000
03.13000
02.91000
04.52000
03.06000
01.67000
01.29000
03.53000
02.44000
01.35000
02.68000
02.72000
03.48000
03.07000
02.81000
02.85000
01.47000
02.62000
04.27000
03.66000
03.66000
04.05000
01.87000
04.69000
04.96000
03.30000
04.81000
04.40000
01.09000
01.33000
03.30000
02.23000
04.74000
2
17
12
2
3
19
2
11
4
2
18
8
2
9
5
2
10
15
2
2
20
2
13
16
2
6
14
2
7
1
237.42350
