20
7
150.56000
163.83000
156.02000
160.38000
191.17000
107.27000
173.11000
188.65000
185.46000
110.64000
145.52000
131.02000
196.48000
113.92000
124.57000
109.51000
101.32000
158.67000
150.65000
122.71000
162.45000
178.21000
174.02000
166.26000
162.94000
136.27000
170.68000
133.08000
137.25000
199.28000
105.88000
142.43000
152.71000
127.17000
141.48000
192.50000
103.22000
193.90000
140.92000
170.55000
130.48000
189.63000
196.69000
153.90000
150.44000
115.95000
152.47000
166.86000
150.38000
177.51000
120.73000
103.23000
136.31000
113.52000
158.26000
146.74000
153.30000
189.76000
135.90000
182.70000
142.26000
179.97000
196.74000
104.82000
161.66000
151.12000
171.35000
126.11000
141.52000
155.09000
148.88000
123.64000
135.89000
144.75000
140.41000
151.07000
150.39000
112.05000
183.59000
176.15000
194.17000
131.63000
111.40000
173.25000
126.44000
180.51000
135.89000
106.11000
168.49000
165.34000
102.29000
115.81000
106.82000
162.06000
110.33000
185.31000
191.94000
198.14000
198.84000
124.14000
123.78000
193.95000
120.95000
129.85000
133.60000
110.36000
118.65000
197.33000
122.17000
115.97000
134.05000
172.05000
167.76000
194.10000
164.94000
100.62000
125.20000
192.19000
160.69000
168.74000
102.13000
181.31000
155.83000
155.93000
165.39000
117.25000
130.43000
109.30000
153.01000
146.49000
129.85000
168.34000
169.45000
119.17000
134.33000
152.75000
108.20000
162.01000
188.15000
133.75000
03.80000
04.15000
04.57000
04.27000
03.03000
03.49000
01.90000
02.46000
03.88000
03.20000
03.65000
01.53000
04.78000
04.49000
01.67000
04.82000
02.49000
04.36000
01.11000
02.50000
04.05000
02.63000
01.42000
03.42000
04.89000
04.64000
04.25000
01.66000
01.43000
02.11000
02.01000
01.85000
03.60000
01.87000
01.29000
02.23000
02.12000
01.02000
04.48000
02.30000
03.98000
04.09000
02.81000
04.57000
01.65000
01.71000
01.96000
03.32000
02.79000
03.65000
03.68000
02.82000
04.67000
03.23000
03.16000
03.03000
03.89000
02.54000
01.88000
03.70000
04.34000
03.74000
04.79000
04.48000
02.63000
02.15000
04.48000
04.65000
03.22000
01.68000
04.39000
03.73000
01.64000
01.99000
01.18000
01.29000
03.20000
02.04000
04.33000
03.19000
03.11000
04.98000
01.93000
03.41000
04.78000
01.60000
04.81000
03.99000
03.33000
03.48000
03.72000
03.91000
02.39000
03.49000
04.70000
03.21000
01.90000
04.33000
01.08000
02.76000
01.56000
01.41000
03.87000
01.92000
02.22000
01.85000
04.51000
02.52000
03.99000
01.65000
04.59000
03.31000
03.48000
04.81000
02.38000
04.70000
04.10000
03.64000
01.94000
02.40000
03.20000
03.08000
04.50000
03.54000
04.11000
04.48000
02.84000
03.38000
01.17000
01.24000
04.26000
04.09000
03.83000
01.36000
01.13000
01.33000
02.87000
03.61000
02.15000
04.54000
3
20
6
14
3
9
11
17
2
19
2
3
18
12
4
3
13
5
15
3
10
3
16
3
7
8
1
355.06150
