20
4
104.81000
119.45000
157.90000
145.01000
144.70000
109.93000
132.76000
194.29000
114.69000
103.17000
108.04000
166.64000
155.40000
139.79000
124.35000
102.69000
107.47000
160.42000
122.34000
143.06000
118.77000
155.36000
196.82000
166.83000
140.65000
195.06000
158.45000
160.75000
183.45000
109.60000
173.83000
112.31000
112.79000
164.59000
108.56000
187.13000
194.32000
125.66000
128.27000
150.85000
150.39000
122.76000
154.60000
159.05000
113.31000
108.63000
100.34000
157.82000
114.52000
117.96000
179.69000
125.37000
144.67000
141.38000
183.29000
152.31000
194.38000
169.50000
101.76000
129.28000
138.85000
177.75000
192.54000
101.43000
199.21000
107.20000
123.31000
172.01000
154.31000
197.81000
106.66000
111.56000
119.80000
165.21000
158.19000
135.71000
111.28000
125.01000
193.53000
160.07000
01.34000
01.22000
02.30000
03.61000
03.47000
01.52000
04.73000
01.36000
02.98000
02.50000
04.11000
01.34000
03.01000
03.27000
03.57000
02.68000
02.68000
02.96000
02.22000
04.50000
03.71000
02.03000
04.33000
01.77000
03.31000
01.74000
03.66000
03.47000
01.40000
01.47000
01.54000
03.26000
02.10000
01.35000
02.10000
01.26000
01.55000
01.50000
01.46000
01.59000
01.30000
01.04000
02.69000
02.70000
01.79000
03.02000
01.74000
03.64000
02.69000
03.19000
01.76000
01.32000
01.11000
02.67000
03.87000
04.88000
02.18000
02.58000
01.19000
03.43000
04.21000
03.29000
02.82000
02.62000
01.32000
02.35000
03.98000
01.25000
04.06000
03.08000
03.83000
04.61000
02.55000
03.60000
04.49000
02.81000
02.92000
02.02000
04.10000
01.99000
5
2
1
3
9
16
5
18
10
13
15
12
5
19
5
7
14
20
5
8
6
4
17
11
621.25990
