20
4
96.18000
26.01000
78.55000
41.74000
88.68000
35.14000
82.08000
73.12000
39.05000
49.33000
63.60000
80.16000
86.51000
9.78000
63.31000
4.08000
73.27000
55.72000
22.44000
83.10000
86.15000
62.64000
45.25000
6.39000
19.00000
9.08000
3.16000
78.82000
18.20000
50.49000
10.39000
80.70000
49.72000
53.82000
32.93000
76.99000
79.52000
84.06000
36.73000
33.67000
62.90000
76.44000
61.60000
66.97000
56.05000
55.77000
7.97000
16.92000
2.82000
48.27000
51.82000
74.41000
91.93000
44.67000
84.86000
32.15000
17.09000
35.68000
97.82000
78.85000
11.32000
80.66000
33.84000
11.12000
80.01000
86.85000
3.26000
74.66000
77.76000
63.10000
8.47000
66.48000
20.05000
24.86000
64.94000
2.06000
21.33000
86.62000
89.14000
94.87000
05.93000
08.53000
05.11000
05.31000
05.40000
05.79000
08.53000
09.82000
07.50000
08.53000
06.54000
09.27000
06.14000
05.67000
08.04000
07.57000
05.22000
06.10000
06.93000
08.61000
06.16000
07.41000
05.93000
08.42000
06.30000
08.31000
07.91000
05.85000
07.64000
06.07000
08.66000
05.22000
05.34000
05.84000
08.34000
06.69000
09.55000
07.79000
07.11000
05.42000
09.29000
06.43000
06.70000
05.23000
05.06000
09.61000
05.19000
08.49000
09.12000
07.05000
05.15000
06.70000
07.85000
05.14000
08.01000
06.28000
07.68000
05.30000
05.16000
08.63000
09.84000
07.07000
06.34000
08.92000
07.06000
06.57000
09.23000
05.35000
06.28000
06.86000
07.94000
08.91000
05.15000
05.59000
05.13000
07.23000
06.34000
05.42000
08.47000
07.99000
5
10
19
2
14
16
7
20
15
5
11
6
4
7
4
3
18
8
9
4
12
13
17
1
129.89740
