20
7
191.50000
198.73000
130.97000
140.77000
140.78000
166.13000
193.57000
114.07000
180.80000
179.43000
192.49000
154.81000
121.86000
197.76000
195.06000
122.93000
125.82000
119.32000
195.18000
192.40000
158.77000
100.09000
172.14000
177.68000
122.53000
177.69000
151.08000
141.11000
168.55000
109.01000
172.51000
102.28000
189.55000
126.24000
142.43000
100.40000
142.30000
113.11000
105.90000
101.25000
198.50000
106.58000
142.23000
197.41000
154.32000
143.95000
192.48000
102.55000
141.04000
130.46000
165.70000
103.00000
193.18000
155.73000
115.93000
151.65000
121.82000
173.40000
148.79000
140.43000
114.85000
163.34000
118.84000
113.62000
154.62000
150.36000
128.84000
168.36000
188.10000
170.33000
111.13000
121.56000
125.98000
129.64000
152.19000
149.13000
168.01000
111.25000
102.55000
178.57000
140.35000
109.54000
170.82000
156.90000
134.97000
148.85000
180.24000
126.05000
113.54000
100.32000
130.92000
146.89000
172.30000
121.52000
101.12000
102.76000
109.05000
159.08000
145.67000
141.08000
125.91000
192.82000
150.44000
172.88000
107.07000
151.98000
110.18000
183.42000
109.39000
161.21000
156.79000
149.77000
199.05000
138.62000
194.71000
122.06000
156.27000
103.88000
117.44000
127.01000
149.74000
199.84000
123.56000
105.11000
146.48000
180.68000
135.36000
193.68000
124.35000
177.71000
169.58000
100.07000
178.83000
153.96000
166.23000
175.61000
131.93000
186.53000
166.84000
160.67000
09.94000
09.79000
06.66000
05.78000
08.63000
06.17000
08.39000
06.00000
05.66000
06.99000
05.38000
06.19000
06.99000
05.89000
05.02000
09.84000
05.84000
05.63000
05.73000
08.38000
06.34000
07.23000
05.60000
08.78000
06.51000
09.02000
08.84000
05.23000
06.92000
09.70000
07.04000
07.73000
06.16000
06.95000
06.79000
07.88000
08.21000
05.70000
08.84000
08.32000
09.99000
06.38000
07.31000
08.94000
09.22000
06.60000
05.54000
06.85000
07.03000
07.03000
07.28000
06.79000
05.72000
06.72000
06.92000
08.33000
06.13000
05.13000
06.12000
05.17000
05.33000
05.17000
07.06000
05.80000
07.80000
09.57000
07.48000
05.70000
05.05000
07.23000
09.64000
07.79000
07.97000
09.69000
08.06000
08.17000
09.10000
07.00000
07.66000
05.23000
07.80000
05.29000
06.77000
09.19000
09.61000
06.43000
07.65000
06.83000
08.29000
09.57000
05.55000
09.30000
06.88000
08.59000
06.21000
06.59000
08.23000
08.98000
08.93000
09.09000
07.96000
07.42000
08.63000
07.00000
09.82000
06.89000
05.30000
07.55000
08.58000
08.31000
07.77000
07.94000
06.81000
06.45000
07.87000
08.14000
10.00000
05.87000
09.08000
06.64000
07.53000
09.24000
08.11000
05.22000
09.30000
07.24000
07.03000
06.16000
09.60000
07.88000
07.04000
08.25000
06.61000
09.23000
09.64000
06.31000
09.53000
07.20000
06.10000
06.76000
2
6
13
3
5
16
20
3
17
2
8
3
1
19
11
3
15
14
10
3
7
18
9
3
4
3
12
352.05180
