20
4
97.91000
30.70000
33.37000
90.30000
26.55000
52.35000
20.60000
70.38000
82.44000
25.68000
6.70000
22.26000
8.80000
89.91000
31.88000
85.15000
43.85000
87.26000
37.36000
2.27000
62.19000
49.84000
63.10000
60.45000
51.40000
47.04000
10.46000
5.35000
47.40000
54.89000
96.10000
42.89000
16.17000
39.37000
87.98000
40.05000
22.66000
65.44000
51.08000
61.79000
85.38000
60.18000
82.94000
76.94000
28.88000
38.40000
70.54000
5.28000
83.01000
63.04000
65.12000
24.91000
40.48000
25.84000
57.41000
27.55000
90.01000
16.50000
38.12000
3.91000
79.74000
32.51000
61.08000
69.02000
35.70000
65.76000
42.67000
74.16000
46.79000
71.39000
37.62000
59.40000
29.48000
64.87000
61.41000
40.22000
98.23000
61.65000
30.50000
32.09000
02.13000
01.29000
04.04000
02.27000
03.20000
03.33000
02.50000
01.85000
01.84000
04.23000
02.10000
01.85000
01.18000
03.11000
01.96000
01.39000
04.34000
03.09000
01.21000
03.60000
02.23000
02.81000
04.85000
03.39000
03.26000
01.13000
03.46000
04.54000
04.47000
03.15000
02.31000
03.47000
01.98000
01.01000
01.52000
04.29000
03.92000
02.83000
01.22000
03.13000
02.28000
01.12000
03.22000
03.86000
02.66000
01.55000
02.76000
02.83000
02.64000
01.35000
02.45000
03.74000
03.34000
01.65000
03.43000
03.71000
01.87000
03.57000
02.80000
03.87000
01.70000
01.54000
01.76000
04.04000
04.89000
01.61000
02.34000
04.02000
02.40000
02.03000
02.31000
03.41000
04.35000
04.92000
03.78000
04.34000
04.86000
04.42000
04.87000
04.93000
5
20
11
16
19
10
4
9
15
3
1
7
4
8
2
6
13
18
12
4
7
17
5
14
145.86190
