20
7
90.91000
60.79000
3.47000
34.00000
57.27000
12.80000
48.71000
52.56000
70.53000
3.00000
58.54000
7.86000
56.18000
39.25000
8.74000
50.85000
77.42000
56.74000
87.03000
37.06000
65.74000
7.22000
73.11000
3.95000
86.99000
91.94000
44.70000
64.14000
75.48000
40.73000
84.35000
15.94000
53.78000
23.51000
73.08000
30.02000
95.52000
50.86000
17.23000
93.00000
23.85000
73.84000
11.62000
6.41000
61.85000
40.36000
93.07000
81.69000
67.98000
11.73000
10.47000
63.08000
47.40000
32.18000
79.11000
1.78000
68.70000
97.99000
59.01000
74.27000
70.60000
17.98000
45.53000
59.62000
23.48000
77.03000
50.73000
3.81000
76.19000
46.68000
5.57000
9.50000
77.25000
28.01000
74.93000
42.39000
50.02000
86.51000
78.77000
7.91000
97.73000
2.51000
43.45000
75.58000
32.51000
14.90000
73.08000
2.46000
89.07000
5.38000
11.47000
27.97000
92.35000
91.67000
55.61000
41.65000
54.50000
71.25000
69.90000
83.09000
17.42000
40.44000
80.26000
61.95000
85.48000
34.32000
93.96000
98.33000
2.69000
44.49000
69.21000
97.31000
74.70000
41.32000
95.89000
54.80000
14.70000
83.34000
42.65000
30.10000
86.34000
46.52000
70.65000
58.30000
59.97000
21.48000
94.81000
2.72000
27.87000
84.28000
85.47000
96.36000
67.91000
67.24000
59.41000
5.23000
73.91000
2.22000
22.57000
65.15000
02.87000
03.67000
04.62000
04.48000
01.76000
03.01000
03.73000
03.29000
04.04000
02.28000
03.20000
01.32000
04.72000
02.53000
03.97000
02.29000
02.15000
01.62000
01.26000
01.70000
04.76000
01.22000
02.23000
01.70000
03.55000
04.64000
03.07000
03.88000
03.87000
01.61000
04.22000
03.26000
04.99000
01.51000
02.11000
01.16000
03.99000
01.08000
01.96000
01.18000
04.40000
01.64000
01.14000
04.61000
04.08000
04.94000
03.84000
04.76000
01.69000
01.21000
03.48000
04.85000
02.59000
03.10000
03.85000
04.68000
04.49000
01.05000
04.05000
04.85000
02.80000
01.88000
01.19000
04.03000
03.10000
03.88000
01.67000
02.24000
01.85000
02.79000
01.82000
02.06000
03.43000
04.34000
03.65000
01.64000
03.01000
02.60000
02.99000
02.45000
01.11000
01.98000
03.81000
03.91000
04.27000
02.94000
02.26000
03.76000
03.74000
01.11000
01.83000
01.22000
02.72000
04.24000
04.64000
03.68000
01.75000
02.86000
01.13000
04.33000
02.27000
02.39000
01.73000
02.84000
03.32000
01.26000
02.40000
01.34000
02.22000
01.22000
02.30000
02.44000
03.92000
03.86000
04.53000
04.63000
01.18000
04.09000
03.00000
02.72000
01.68000
03.73000
01.31000
03.82000
04.60000
01.94000
03.39000
04.76000
04.28000
01.07000
04.59000
02.19000
01.27000
03.44000
04.88000
02.57000
02.46000
03.18000
01.54000
03.20000
4
1
2
3
4
2
12
13
2
14
20
5
19
9
11
16
7
3
5
8
10
3
17
18
6
1
15
48.77511
