20
4
70.85000
81.63000
87.27000
47.40000
59.33000
11.53000
29.16000
28.55000
63.68000
78.74000
56.54000
68.12000
25.14000
26.47000
11.63000
8.32000
82.91000
92.95000
33.64000
87.38000
58.37000
5.49000
95.01000
62.65000
91.19000
67.94000
30.28000
17.12000
19.42000
29.68000
91.46000
51.86000
7.03000
54.66000
46.50000
33.84000
20.00000
9.87000
59.39000
28.02000
30.89000
86.40000
52.96000
27.12000
69.82000
57.94000
30.80000
41.60000
8.99000
63.54000
3.24000
35.99000
37.13000
93.92000
60.01000
1.02000
45.97000
40.78000
92.83000
26.41000
2.39000
37.98000
6.30000
83.15000
25.15000
11.20000
98.00000
71.56000
90.67000
43.42000
91.70000
27.70000
16.41000
51.10000
2.86000
66.05000
15.85000
49.72000
44.94000
4.06000
03.13000
03.84000
01.22000
02.19000
04.94000
05.00000
01.18000
01.64000
01.83000
02.52000
03.78000
03.01000
04.92000
03.52000
04.14000
01.42000
01.33000
03.12000
01.38000
04.00000
02.16000
02.66000
02.46000
03.59000
01.91000
01.06000
02.53000
03.59000
03.33000
04.68000
04.34000
02.85000
02.56000
01.63000
04.01000
01.51000
03.72000
04.03000
01.68000
03.69000
04.10000
04.16000
04.07000
02.12000
04.92000
01.40000
04.79000
02.65000
02.83000
03.51000
03.17000
02.62000
02.96000
03.62000
04.33000
03.15000
02.43000
02.85000
01.39000
01.36000
04.04000
04.85000
03.37000
04.30000
03.14000
04.20000
02.61000
02.30000
02.05000
01.39000
02.72000
01.22000
02.90000
02.56000
01.84000
03.18000
03.82000
01.83000
02.09000
02.29000
4
19
14
15
6
5
10
8
13
18
2
5
4
7
9
11
16
6
12
5
17
3
20
1
85.34462
