20
7
39.28000
35.41000
83.95000
8.20000
71.37000
86.28000
59.99000
43.72000
51.15000
42.19000
92.66000
4.45000
11.24000
2.66000
60.66000
77.34000
10.58000
81.16000
42.25000
42.48000
71.97000
37.25000
43.57000
39.83000
35.87000
10.02000
67.63000
80.16000
39.40000
9.86000
72.24000
81.69000
79.24000
41.54000
54.83000
43.79000
91.72000
37.15000
26.76000
66.37000
11.52000
46.15000
39.72000
19.44000
29.11000
88.77000
37.29000
46.67000
47.69000
93.39000
48.48000
86.63000
37.23000
4.09000
50.24000
34.68000
18.75000
1.60000
45.80000
97.08000
86.68000
8.30000
23.73000
11.50000
60.87000
10.43000
11.06000
6.60000
9.86000
7.83000
37.46000
8.08000
59.46000
91.14000
93.39000
64.02000
2.94000
6.05000
10.01000
50.83000
50.00000
40.94000
97.47000
83.97000
41.15000
92.45000
66.14000
67.65000
93.15000
67.41000
30.57000
25.13000
51.45000
88.56000
4.06000
92.30000
35.31000
45.06000
50.93000
47.71000
82.74000
80.92000
96.52000
2.52000
33.90000
43.98000
63.51000
6.38000
53.19000
1.85000
57.29000
12.67000
36.70000
69.16000
98.53000
56.34000
67.73000
40.31000
73.28000
25.39000
29.61000
87.38000
95.65000
41.90000
65.70000
2.31000
59.04000
47.14000
62.01000
84.07000
56.41000
40.22000
73.62000
77.17000
75.52000
38.70000
58.11000
12.32000
80.93000
24.54000
08.59000
05.74000
09.40000
05.07000
06.88000
05.03000
05.60000
05.79000
08.80000
08.79000
07.67000
06.67000
06.90000
09.43000
06.49000
06.88000
09.76000
07.27000
07.70000
07.25000
08.39000
06.46000
08.43000
05.45000
07.23000
08.58000
07.88000
09.25000
06.39000
07.31000
05.35000
08.38000
08.88000
09.41000
08.74000
05.44000
06.84000
07.68000
08.82000
07.78000
06.61000
05.38000
06.46000
06.33000
09.25000
05.88000
09.67000
06.39000
08.68000
08.47000
06.52000
09.60000
06.98000
09.12000
08.00000
09.32000
08.43000
07.94000
06.12000
06.79000
08.00000
09.74000
07.16000
08.93000
09.61000
07.06000
09.63000
07.35000
07.62000
07.05000
07.51000
05.51000
05.46000
08.48000
09.75000
08.63000
06.96000
07.38000
09.42000
07.92000
09.77000
08.70000
06.68000
06.73000
05.44000
09.69000
06.42000
08.35000
05.08000
09.86000
08.75000
05.27000
09.63000
08.11000
09.16000
09.39000
08.51000
08.73000
05.40000
06.78000
07.01000
09.06000
09.37000
09.34000
08.32000
08.82000
09.26000
06.08000
08.14000
07.57000
07.67000
09.41000
09.71000
05.45000
08.97000
06.54000
07.91000
06.10000
07.92000
06.92000
06.09000
07.03000
08.61000
07.04000
05.84000
07.43000
08.16000
07.23000
06.08000
06.38000
05.78000
06.84000
05.95000
05.09000
05.80000
05.71000
09.38000
06.40000
06.10000
09.08000
4
13
17
12
14
1
3
3
5
1
18
4
9
7
19
2
2
11
15
4
20
8
4
10
2
16
6
44.79863
