20
10
122.90000
199.69000
124.56000
139.31000
172.55000
116.29000
127.47000
154.52000
188.96000
141.93000
145.76000
180.53000
125.64000
136.38000
145.46000
189.60000
161.11000
184.40000
117.57000
179.01000
187.30000
114.24000
115.27000
129.10000
175.81000
145.88000
114.27000
179.48000
127.60000
121.37000
114.26000
189.55000
124.32000
178.60000
109.38000
109.67000
172.61000
180.47000
118.75000
115.25000
118.60000
183.22000
187.20000
141.60000
189.56000
107.97000
133.93000
116.37000
192.61000
189.90000
152.00000
190.72000
162.52000
170.04000
188.68000
118.15000
159.04000
114.39000
116.23000
177.17000
115.45000
196.10000
184.95000
143.85000
123.86000
179.21000
106.45000
108.46000
183.54000
139.47000
132.54000
131.66000
107.40000
146.03000
188.62000
195.11000
133.31000
193.02000
125.08000
105.43000
173.52000
191.06000
167.48000
122.12000
176.76000
182.19000
169.77000
127.97000
103.97000
130.21000
175.92000
123.72000
171.19000
157.38000
114.44000
144.14000
119.41000
110.98000
138.87000
148.98000
124.25000
106.96000
185.98000
197.89000
101.23000
115.59000
185.66000
170.29000
156.53000
198.74000
182.62000
114.27000
134.29000
156.79000
133.48000
142.74000
103.67000
115.14000
119.90000
193.58000
183.30000
151.38000
183.87000
172.50000
106.72000
125.31000
192.92000
101.64000
197.58000
132.41000
139.91000
137.58000
153.15000
176.18000
134.61000
196.32000
195.68000
185.14000
111.79000
118.88000
186.95000
112.73000
197.26000
128.38000
173.72000
144.76000
185.89000
188.48000
129.93000
137.72000
178.53000
172.22000
130.97000
123.28000
163.07000
123.74000
177.23000
158.05000
152.40000
112.19000
119.46000
169.76000
158.88000
139.96000
184.18000
157.39000
121.58000
161.55000
136.37000
156.01000
182.88000
158.39000
154.52000
150.38000
133.77000
127.75000
142.17000
150.29000
190.29000
191.88000
159.66000
176.28000
133.71000
172.62000
196.29000
159.66000
183.38000
192.91000
182.54000
104.46000
182.86000
152.95000
125.04000
173.59000
151.30000
128.14000
155.44000
154.93000
132.83000
118.86000
07.04000
08.76000
08.76000
06.08000
06.74000
07.25000
09.39000
06.19000
09.25000
07.20000
05.52000
07.49000
06.52000
09.64000
07.25000
09.14000
06.79000
06.86000
05.93000
06.56000
09.55000
07.20000
08.13000
09.35000
05.66000
06.29000
07.82000
08.28000
07.58000
09.11000
07.67000
08.57000
08.08000
09.98000
08.56000
07.67000
06.15000
09.47000
07.63000
09.26000
05.67000
08.69000
05.36000
09.33000
09.44000
09.48000
09.18000
06.52000
06.22000
09.49000
05.10000
06.58000
05.77000
07.60000
06.05000
06.50000
09.15000
08.88000
06.18000
09.48000
09.69000
09.54000
09.11000
06.95000
08.20000
07.55000
08.31000
07.89000
09.33000
09.29000
07.14000
05.35000
06.15000
09.41000
06.78000
07.09000
07.97000
08.77000
09.67000
07.11000
09.18000
06.55000
08.71000
08.05000
06.63000
07.15000
05.20000
07.84000
08.30000
07.02000
08.93000
06.96000
06.78000
07.83000
05.62000
05.19000
05.91000
07.49000
07.24000
08.57000
06.66000
06.76000
09.94000
08.52000
06.52000
08.83000
06.56000
08.68000
09.95000
05.04000
08.89000
08.41000
05.32000
05.32000
08.45000
05.79000
07.27000
05.87000
08.00000
05.12000
09.80000
09.69000
07.59000
05.06000
08.99000
08.88000
05.34000
09.87000
05.87000
05.91000
05.21000
06.48000
05.86000
05.24000
05.74000
07.48000
05.62000
07.61000
06.70000
06.72000
08.53000
08.05000
07.84000
07.54000
09.82000
05.75000
06.51000
06.19000
06.00000
09.62000
09.88000
06.60000
05.77000
09.92000
09.78000
07.16000
09.07000
08.15000
09.28000
07.49000
08.36000
08.82000
05.20000
09.84000
07.37000
08.22000
08.42000
05.55000
06.07000
08.79000
09.66000
07.79000
07.69000
07.80000
05.27000
06.96000
06.69000
08.80000
07.85000
09.73000
05.95000
08.04000
09.65000
07.49000
08.90000
08.43000
05.80000
05.00000
09.71000
09.91000
09.78000
06.86000
07.41000
08.06000
08.74000
06.76000
07.23000
09.70000
06.05000
09.64000
2
16
5
2
7
11
2
13
1
2
14
8
2
17
4
2
18
15
2
12
3
2
10
6
2
19
2
2
9
20
252.02330
