20
7
132.58000
103.56000
192.83000
116.06000
182.27000
183.96000
172.11000
187.71000
146.93000
101.58000
121.89000
173.41000
184.91000
129.23000
163.82000
102.99000
118.61000
191.26000
158.58000
132.86000
111.79000
119.71000
180.59000
102.84000
197.22000
188.52000
190.08000
188.19000
107.97000
157.93000
174.79000
115.64000
169.21000
183.19000
129.38000
153.68000
182.63000
183.57000
100.10000
109.89000
175.67000
118.06000
133.41000
102.10000
188.14000
144.25000
182.85000
135.03000
144.22000
166.58000
174.80000
187.41000
170.22000
182.06000
161.36000
175.79000
181.53000
164.27000
158.68000
168.28000
158.67000
130.69000
125.94000
110.01000
163.80000
128.83000
146.61000
189.11000
102.00000
107.78000
140.47000
108.87000
110.14000
140.73000
176.40000
118.24000
126.64000
189.95000
199.88000
130.29000
128.80000
141.52000
162.76000
162.40000
110.83000
186.39000
129.96000
118.76000
156.12000
199.20000
171.44000
131.60000
196.45000
138.69000
107.25000
141.70000
177.68000
165.14000
146.53000
166.39000
118.56000
163.74000
180.38000
114.47000
179.37000
122.21000
115.59000
121.64000
100.14000
157.70000
159.84000
152.78000
166.93000
198.88000
193.75000
174.84000
192.41000
188.48000
199.51000
143.83000
103.04000
136.33000
165.29000
158.46000
153.39000
153.83000
155.46000
122.08000
158.92000
155.20000
192.69000
142.11000
194.38000
198.41000
102.50000
121.04000
173.59000
167.98000
124.49000
162.93000
01.55000
04.49000
04.65000
04.35000
01.00000
02.21000
02.83000
03.15000
04.72000
01.02000
01.61000
04.83000
03.70000
02.20000
04.39000
03.80000
01.25000
04.80000
01.90000
03.30000
02.46000
03.62000
01.11000
03.90000
04.92000
01.65000
01.21000
04.23000
02.90000
01.67000
01.85000
04.57000
03.38000
03.05000
01.66000
02.69000
04.17000
01.48000
01.11000
03.70000
01.49000
02.38000
02.74000
02.64000
02.37000
03.82000
03.97000
01.81000
01.09000
04.29000
02.16000
04.20000
04.47000
02.14000
01.06000
01.83000
04.68000
02.55000
04.73000
04.54000
04.79000
04.97000
04.36000
02.57000
01.60000
02.45000
02.34000
01.11000
02.01000
01.29000
02.10000
04.84000
03.59000
02.72000
01.37000
01.88000
03.72000
01.26000
04.70000
04.66000
04.73000
01.59000
03.45000
01.16000
03.74000
03.50000
03.52000
02.73000
03.22000
04.83000
01.73000
04.09000
01.35000
04.52000
01.69000
02.34000
02.64000
01.34000
04.30000
01.39000
02.20000
01.19000
01.91000
03.83000
02.55000
03.90000
02.86000
01.97000
04.27000
01.42000
02.30000
04.31000
03.02000
04.33000
04.53000
04.79000
03.30000
01.49000
01.70000
02.70000
03.21000
01.87000
01.90000
03.78000
01.99000
03.29000
01.67000
03.20000
03.21000
03.21000
03.87000
03.41000
03.90000
04.67000
03.42000
02.12000
04.40000
03.53000
01.56000
04.83000
3
16
9
6
3
18
5
7
2
14
1
3
13
11
17
3
15
10
12
3
2
8
19
3
20
4
3
358.32080
