20
10
132.12000
106.99000
189.02000
102.82000
184.83000
159.85000
142.64000
164.45000
124.60000
167.06000
181.95000
132.18000
104.96000
188.38000
172.98000
178.29000
104.41000
108.59000
106.74000
100.04000
177.32000
199.46000
127.42000
145.24000
143.29000
107.39000
132.80000
163.32000
155.37000
166.99000
171.98000
198.90000
195.18000
116.14000
139.08000
102.35000
169.37000
117.74000
153.27000
149.07000
192.08000
125.97000
184.87000
187.63000
110.24000
187.37000
138.95000
121.71000
105.80000
176.26000
159.67000
175.67000
113.52000
133.67000
194.33000
103.03000
193.17000
125.60000
115.17000
182.29000
146.34000
162.92000
158.48000
165.22000
129.49000
125.83000
196.12000
113.54000
171.72000
198.72000
196.17000
103.28000
185.93000
150.71000
184.01000
116.06000
110.00000
175.95000
110.05000
158.54000
177.38000
130.70000
180.09000
177.73000
103.20000
190.11000
177.62000
187.03000
123.31000
101.73000
199.32000
131.53000
153.74000
187.81000
173.71000
146.01000
135.48000
195.64000
154.32000
190.24000
191.05000
108.21000
156.55000
167.94000
121.27000
181.41000
163.38000
121.32000
162.63000
186.95000
150.30000
154.11000
159.26000
125.20000
173.94000
179.18000
180.32000
121.57000
115.95000
134.44000
172.72000
163.38000
132.24000
128.81000
125.36000
168.49000
155.66000
136.78000
140.76000
127.08000
162.34000
121.86000
116.17000
142.65000
162.05000
100.06000
173.86000
143.73000
189.55000
112.39000
186.22000
127.80000
152.06000
167.14000
186.00000
190.42000
120.11000
186.74000
113.03000
196.79000
199.98000
162.79000
142.71000
178.56000
179.56000
139.44000
175.42000
192.36000
171.75000
185.81000
163.67000
168.68000
127.86000
177.13000
195.50000
181.63000
155.33000
184.19000
135.11000
150.88000
151.71000
161.82000
161.01000
161.20000
108.00000
107.27000
176.71000
122.36000
140.23000
142.82000
114.55000
136.14000
136.51000
101.67000
105.21000
197.37000
119.12000
141.23000
128.30000
127.84000
184.35000
178.35000
190.45000
190.45000
151.34000
188.42000
123.32000
173.09000
164.24000
171.84000
08.10000
06.67000
09.66000
08.69000
08.59000
05.97000
08.93000
08.08000
08.84000
09.94000
08.15000
09.37000
05.82000
09.60000
07.43000
06.72000
07.74000
07.23000
08.12000
05.53000
08.02000
05.45000
06.41000
06.09000
08.76000
09.35000
06.39000
06.12000
07.89000
05.80000
06.61000
08.83000
08.17000
09.14000
07.95000
06.68000
08.61000
09.92000
07.55000
08.35000
07.40000
06.59000
06.59000
09.87000
05.34000
08.13000
05.55000
09.41000
09.49000
08.36000
07.33000
08.78000
09.63000
06.12000
09.83000
09.96000
06.79000
06.51000
07.22000
06.16000
09.84000
08.36000
05.99000
05.71000
08.39000
05.65000
09.02000
05.35000
08.39000
06.75000
08.01000
09.08000
07.90000
06.30000
09.13000
09.67000
06.25000
05.18000
09.84000
06.11000
06.67000
05.24000
08.01000
07.46000
06.98000
06.84000
06.47000
07.99000
05.96000
08.42000
09.12000
06.04000
06.21000
06.65000
06.67000
06.41000
06.57000
09.42000
06.11000
05.14000
09.24000
08.24000
05.08000
07.79000
07.36000
06.87000
06.87000
07.06000
09.13000
05.97000
06.96000
09.72000
07.92000
05.47000
06.86000
08.86000
08.36000
06.56000
09.31000
08.78000
09.77000
07.83000
06.84000
09.68000
05.82000
08.59000
08.68000
08.92000
05.28000
09.15000
05.85000
09.40000
08.54000
08.96000
06.87000
08.73000
07.27000
08.77000
06.54000
05.76000
09.05000
05.26000
08.16000
09.33000
09.63000
09.63000
06.16000
05.30000
06.44000
07.74000
07.70000
08.11000
08.17000
09.85000
09.60000
06.15000
09.75000
07.47000
09.91000
09.04000
05.42000
09.24000
06.67000
07.64000
05.61000
06.09000
06.42000
06.78000
07.45000
07.31000
08.65000
08.15000
09.15000
05.18000
09.71000
07.16000
05.20000
08.24000
07.18000
05.46000
05.94000
06.34000
05.58000
08.55000
07.03000
06.30000
08.03000
09.42000
08.57000
06.19000
08.41000
05.96000
09.57000
06.57000
08.83000
06.88000
05.27000
09.26000
07.69000
07.10000
2
17
19
2
14
6
2
7
13
2
8
12
2
5
10
2
11
2
2
20
3
2
16
9
2
18
15
2
1
4
266.60480
