20
4
124.07000
128.89000
194.62000
183.63000
197.31000
126.16000
199.71000
136.57000
194.40000
119.93000
198.96000
106.33000
155.97000
150.84000
133.00000
133.54000
122.64000
159.51000
142.46000
158.82000
113.25000
136.40000
198.40000
160.45000
135.27000
137.19000
132.06000
187.32000
121.97000
156.56000
163.20000
115.59000
138.97000
160.13000
157.46000
110.88000
151.88000
113.53000
180.45000
138.80000
190.58000
116.98000
108.72000
116.43000
154.81000
152.61000
102.65000
111.83000
151.09000
105.44000
123.95000
169.76000
170.06000
166.12000
163.25000
180.84000
102.33000
125.25000
111.16000
135.69000
109.08000
109.34000
138.23000
151.46000
181.30000
186.60000
102.75000
191.72000
192.03000
168.77000
163.58000
144.70000
156.88000
171.46000
136.36000
126.02000
191.48000
110.32000
136.69000
151.31000
04.89000
03.44000
02.75000
01.33000
01.01000
04.94000
03.56000
04.64000
03.28000
03.85000
02.06000
02.94000
02.80000
03.30000
01.39000
03.33000
02.72000
02.43000
04.67000
04.97000
01.10000
02.54000
03.87000
03.77000
02.69000
04.92000
04.56000
03.52000
01.51000
02.07000
02.55000
04.10000
01.70000
02.12000
01.97000
01.65000
03.37000
01.19000
02.94000
04.27000
03.09000
01.84000
01.81000
02.92000
01.42000
03.85000
01.08000
02.27000
04.91000
04.80000
02.06000
03.10000
02.67000
01.81000
01.88000
02.56000
03.84000
04.00000
01.67000
01.77000
03.27000
04.48000
03.82000
04.60000
04.95000
03.81000
02.93000
04.87000
03.02000
03.55000
03.48000
04.62000
03.59000
01.83000
03.60000
01.96000
04.78000
04.77000
01.41000
03.02000
5
15
17
12
10
6
5
18
13
9
16
5
5
14
3
11
8
4
5
19
20
7
1
2
650.00250
