20
10
88.53000
31.36000
31.26000
94.24000
18.35000
13.96000
61.84000
87.94000
63.94000
33.54000
64.53000
27.55000
92.66000
62.66000
18.07000
95.99000
95.63000
98.59000
24.93000
5.93000
75.37000
98.93000
8.96000
20.33000
60.30000
5.17000
40.73000
57.38000
60.12000
9.16000
81.40000
65.53000
69.03000
61.79000
38.54000
8.04000
6.99000
39.69000
42.49000
70.93000
92.38000
98.91000
71.33000
25.41000
61.32000
18.66000
47.30000
14.90000
28.18000
88.03000
66.26000
4.15000
39.77000
63.00000
88.36000
58.52000
68.62000
21.30000
98.53000
70.12000
29.19000
20.52000
80.00000
15.40000
97.10000
32.48000
44.18000
91.91000
10.23000
66.89000
61.05000
30.17000
90.72000
6.55000
69.12000
22.38000
91.45000
56.05000
31.67000
87.50000
38.75000
46.78000
84.30000
67.01000
15.13000
30.17000
98.51000
18.67000
46.38000
79.36000
54.86000
74.99000
61.73000
30.75000
92.96000
84.76000
15.17000
42.54000
80.16000
20.53000
32.71000
87.81000
3.82000
73.93000
46.92000
7.34000
92.43000
35.81000
22.85000
85.91000
19.21000
11.51000
16.58000
39.29000
50.59000
26.19000
9.92000
3.98000
81.79000
30.72000
89.82000
35.30000
38.40000
27.65000
81.01000
31.30000
86.61000
89.23000
86.56000
35.58000
27.17000
40.16000
17.14000
63.98000
80.13000
7.68000
6.18000
58.11000
94.27000
44.77000
72.77000
73.12000
1.81000
69.72000
50.12000
84.50000
28.28000
9.23000
20.63000
34.21000
38.81000
4.81000
71.28000
64.93000
33.78000
13.54000
16.85000
47.13000
38.33000
17.26000
40.45000
7.56000
57.39000
71.04000
49.57000
41.33000
94.00000
33.35000
58.84000
76.90000
48.96000
67.25000
59.37000
12.56000
24.76000
83.42000
67.01000
68.35000
49.64000
17.27000
97.62000
70.59000
12.34000
3.54000
16.69000
53.78000
11.70000
67.45000
97.99000
15.98000
31.18000
45.61000
63.48000
31.85000
3.10000
25.04000
55.85000
2.77000
82.54000
18.49000
05.14000
06.15000
09.62000
09.97000
08.09000
07.43000
06.21000
05.96000
06.30000
05.91000
09.83000
07.97000
09.88000
05.76000
08.71000
08.27000
05.18000
07.39000
07.32000
05.40000
07.77000
07.80000
05.06000
09.79000
05.84000
09.75000
06.19000
09.57000
06.96000
07.19000
06.28000
09.05000
07.02000
07.59000
09.34000
08.78000
08.15000
09.61000
05.62000
05.58000
07.12000
06.07000
05.37000
07.93000
08.90000
07.88000
07.49000
08.08000
08.80000
09.84000
05.91000
06.08000
09.75000
08.91000
06.67000
07.03000
05.89000
08.32000
07.04000
07.27000
05.26000
08.56000
08.11000
05.86000
08.65000
08.62000
09.87000
06.30000
05.80000
05.60000
08.96000
08.00000
07.90000
07.25000
09.69000
06.85000
07.41000
07.57000
07.64000
09.95000
07.19000
06.33000
05.23000
06.99000
08.86000
05.76000
05.08000
07.64000
05.03000
08.04000
06.50000
05.25000
06.42000
07.95000
08.35000
07.72000
05.00000
06.52000
05.72000
09.21000
09.77000
07.10000
08.64000
07.80000
05.44000
06.56000
08.19000
08.50000
07.21000
07.24000
07.57000
07.42000
06.60000
07.20000
06.41000
05.75000
06.37000
05.76000
05.60000
05.93000
07.36000
09.19000
05.60000
07.72000
09.05000
05.23000
05.06000
07.73000
06.38000
07.83000
08.64000
07.32000
07.88000
09.59000
08.00000
07.20000
08.33000
09.35000
06.06000
09.36000
07.36000
06.99000
07.18000
08.79000
09.00000
09.17000
09.03000
07.03000
06.99000
06.02000
08.61000
07.07000
08.15000
05.90000
05.86000
05.44000
05.54000
08.44000
06.98000
09.89000
05.26000
09.86000
09.28000
06.86000
07.75000
09.94000
06.51000
09.18000
08.03000
07.57000
08.93000
08.46000
07.45000
08.14000
06.00000
08.25000
08.60000
08.32000
08.45000
08.31000
09.93000
08.02000
07.11000
07.79000
07.04000
07.37000
07.21000
07.57000
09.88000
05.21000
09.58000
05.64000
05.59000
05.23000
09.46000
08.85000
07.53000
07.38000
08.37000
05.23000
2
6
11
2
16
2
2
15
1
3
10
13
20
1
12
1
9
4
17
4
8
7
1
14
2
3
19
2
18
5
31.32836
