20
4
97.68000
18.77000
4.12000
81.44000
20.10000
73.64000
39.28000
99.40000
79.06000
89.49000
82.59000
98.43000
17.77000
7.52000
75.26000
19.76000
74.46000
65.95000
57.51000
2.60000
78.27000
96.70000
90.28000
11.29000
61.07000
46.50000
23.50000
49.56000
35.20000
90.48000
79.53000
66.01000
65.62000
95.63000
26.34000
26.59000
19.30000
27.90000
27.89000
95.29000
96.62000
88.63000
70.39000
8.50000
31.98000
85.77000
79.23000
34.65000
37.74000
89.12000
54.84000
12.88000
5.63000
89.40000
86.94000
32.90000
25.36000
77.33000
67.24000
85.42000
69.18000
15.89000
9.61000
46.69000
1.33000
70.98000
33.90000
90.67000
22.64000
33.46000
6.60000
49.79000
49.58000
17.83000
42.16000
38.51000
97.63000
39.53000
57.05000
72.31000
01.37000
01.70000
02.30000
01.81000
02.19000
02.71000
01.95000
03.80000
03.46000
01.45000
01.61000
01.08000
04.30000
01.05000
04.42000
04.78000
03.84000
04.64000
01.48000
02.02000
01.18000
03.78000
01.96000
03.50000
01.99000
02.84000
01.28000
04.33000
04.85000
03.49000
02.71000
04.82000
01.89000
01.84000
02.39000
01.07000
01.23000
02.03000
04.43000
01.22000
05.00000
01.51000
04.32000
03.49000
01.37000
02.64000
04.29000
01.61000
02.21000
04.03000
01.29000
02.54000
04.65000
02.78000
04.43000
03.40000
01.79000
04.03000
02.86000
01.32000
03.75000
02.08000
04.27000
04.77000
04.83000
02.50000
02.68000
03.04000
04.10000
03.15000
04.34000
04.60000
03.68000
02.15000
03.38000
03.57000
01.71000
01.62000
01.93000
02.07000
5
6
2
14
16
20
5
7
18
15
19
4
5
8
9
17
12
13
5
1
10
3
11
5
124.56230
