20
7
129.91000
144.01000
139.35000
108.75000
124.48000
114.37000
135.21000
115.31000
162.97000
163.01000
107.88000
135.57000
170.93000
192.43000
171.17000
154.06000
187.94000
106.67000
127.98000
131.87000
166.40000
170.91000
126.34000
185.21000
177.60000
196.22000
156.95000
181.58000
174.72000
191.72000
119.46000
116.97000
187.61000
179.82000
138.23000
152.06000
172.65000
197.00000
139.19000
136.62000
174.63000
163.77000
188.68000
176.80000
115.95000
120.33000
175.00000
180.74000
146.22000
199.23000
114.02000
176.45000
133.97000
102.21000
125.04000
110.16000
186.76000
157.51000
141.41000
129.67000
117.03000
105.84000
114.51000
182.04000
153.58000
174.12000
188.89000
147.14000
131.45000
159.21000
128.29000
103.71000
167.19000
176.47000
106.31000
167.93000
128.92000
180.36000
123.08000
170.02000
163.20000
191.82000
179.92000
108.09000
174.83000
139.89000
127.33000
160.24000
123.97000
179.76000
175.62000
126.35000
159.62000
149.88000
187.04000
151.87000
194.81000
140.22000
162.92000
108.83000
109.90000
181.80000
115.00000
101.96000
158.94000
115.86000
143.93000
168.14000
136.34000
141.83000
121.40000
175.53000
182.86000
105.58000
107.72000
133.27000
115.85000
117.01000
114.76000
189.54000
160.78000
186.84000
198.45000
132.28000
102.03000
106.53000
178.96000
198.90000
114.13000
144.13000
162.04000
177.05000
164.02000
112.28000
190.41000
148.92000
107.72000
100.20000
170.85000
148.24000
03.02000
03.39000
02.55000
04.58000
02.27000
02.00000
04.93000
03.87000
04.31000
02.78000
01.15000
04.09000
04.08000
03.43000
03.56000
01.08000
02.83000
01.46000
01.81000
01.51000
02.19000
03.24000
03.00000
04.13000
04.24000
03.68000
04.25000
01.32000
04.55000
03.76000
01.24000
04.89000
01.52000
02.78000
01.04000
01.56000
02.40000
02.38000
02.54000
03.36000
02.16000
04.80000
02.50000
04.68000
03.77000
01.29000
04.49000
03.01000
03.77000
03.65000
04.22000
01.89000
03.93000
01.69000
01.38000
01.77000
01.35000
02.02000
01.95000
02.92000
02.73000
03.12000
03.27000
04.94000
01.46000
04.37000
01.49000
02.36000
04.79000
04.67000
04.47000
04.85000
04.74000
04.17000
01.38000
04.50000
03.14000
02.33000
02.20000
03.66000
01.06000
04.12000
03.19000
02.84000
03.70000
03.34000
01.82000
03.60000
03.91000
01.11000
01.41000
03.25000
01.79000
02.81000
04.48000
02.34000
01.79000
03.64000
04.88000
02.21000
03.34000
04.10000
01.95000
01.75000
01.79000
04.93000
01.34000
01.01000
03.40000
04.78000
04.47000
04.37000
01.27000
04.17000
02.10000
04.76000
03.33000
03.90000
02.81000
02.39000
01.15000
01.53000
03.62000
02.74000
03.20000
03.38000
03.75000
03.48000
03.82000
01.64000
01.63000
04.41000
04.96000
04.79000
02.14000
01.65000
01.91000
04.14000
02.46000
01.16000
3
11
18
8
2
10
3
3
16
14
13
3
1
2
12
3
7
20
4
3
15
19
6
3
17
5
9
352.94020
