20
10
194.69000
190.91000
105.75000
160.61000
149.63000
191.28000
104.90000
112.28000
164.20000
192.01000
184.19000
187.93000
135.65000
196.59000
153.38000
103.58000
186.26000
133.56000
147.24000
100.25000
163.65000
130.23000
143.34000
158.02000
184.09000
150.21000
192.98000
170.93000
103.65000
135.83000
126.32000
162.17000
197.73000
118.72000
131.24000
175.87000
166.73000
155.53000
120.65000
181.18000
177.76000
182.67000
116.54000
137.19000
195.49000
111.97000
178.34000
184.04000
167.87000
194.46000
155.92000
198.34000
173.40000
114.88000
140.29000
177.34000
115.61000
183.02000
147.46000
143.31000
196.12000
191.72000
139.35000
121.88000
159.78000
100.17000
130.89000
119.59000
177.74000
149.73000
126.93000
186.74000
156.65000
103.31000
146.61000
198.72000
128.13000
148.79000
134.07000
155.92000
133.33000
156.46000
170.55000
183.89000
143.17000
135.03000
112.59000
147.05000
104.24000
146.17000
157.62000
197.67000
176.29000
155.90000
177.90000
114.26000
144.11000
155.23000
170.69000
100.35000
166.23000
139.10000
134.44000
189.52000
187.00000
169.04000
176.31000
112.09000
131.31000
154.65000
107.53000
184.27000
137.06000
190.07000
178.52000
112.71000
167.12000
194.44000
164.64000
129.05000
194.05000
132.14000
107.64000
118.42000
171.02000
107.25000
155.73000
108.46000
122.37000
145.90000
170.58000
107.54000
189.10000
195.35000
105.70000
175.42000
137.23000
127.86000
139.60000
196.87000
180.31000
163.55000
199.97000
132.78000
183.41000
190.60000
174.41000
125.35000
118.35000
151.92000
112.14000
161.77000
154.28000
172.92000
194.80000
179.94000
185.33000
103.98000
129.03000
142.75000
129.38000
142.92000
182.64000
199.99000
150.46000
145.09000
127.04000
173.18000
120.62000
118.30000
103.53000
103.55000
162.13000
191.08000
146.87000
132.12000
122.25000
116.95000
116.83000
124.91000
176.03000
176.69000
141.79000
197.05000
104.26000
125.28000
111.14000
116.10000
136.69000
175.82000
131.76000
112.30000
173.73000
184.96000
116.55000
154.79000
140.75000
134.34000
103.40000
137.72000
03.65000
04.93000
02.12000
04.90000
02.21000
04.11000
04.51000
01.04000
03.88000
01.49000
03.53000
04.56000
04.96000
04.67000
02.01000
01.53000
02.80000
02.20000
03.78000
03.03000
04.17000
01.64000
04.79000
01.27000
04.15000
04.24000
03.40000
04.85000
04.50000
03.22000
04.22000
03.28000
04.15000
02.78000
04.69000
03.27000
03.06000
04.12000
03.28000
04.51000
02.61000
01.18000
01.67000
01.38000
02.46000
02.70000
03.35000
01.91000
02.00000
04.09000
01.39000
04.61000
03.81000
03.17000
04.86000
01.79000
03.46000
02.78000
03.85000
02.78000
02.68000
01.62000
02.84000
02.63000
04.80000
01.93000
01.73000
02.35000
04.64000
01.54000
04.34000
01.98000
01.43000
04.93000
04.35000
04.49000
03.35000
01.54000
04.49000
01.81000
03.65000
04.60000
03.29000
02.96000
02.25000
03.02000
03.16000
02.35000
04.96000
03.79000
04.91000
01.50000
04.60000
02.97000
03.89000
02.98000
02.99000
01.64000
04.41000
02.37000
01.57000
04.44000
02.39000
01.18000
01.14000
03.48000
01.55000
01.22000
02.14000
04.09000
02.25000
03.56000
04.02000
02.96000
02.42000
03.40000
03.23000
01.82000
01.03000
04.95000
04.07000
02.07000
03.46000
04.76000
01.44000
04.71000
03.41000
02.74000
04.12000
01.99000
01.60000
01.89000
03.21000
04.21000
03.61000
03.03000
02.78000
02.72000
04.02000
03.99000
03.32000
02.40000
02.12000
03.54000
02.33000
04.10000
04.69000
03.49000
01.76000
01.93000
03.92000
02.44000
01.33000
04.85000
02.00000
03.83000
01.74000
02.82000
02.15000
04.11000
04.82000
02.83000
04.85000
04.94000
04.70000
03.05000
03.06000
03.76000
04.94000
04.98000
03.66000
01.96000
02.87000
01.22000
02.50000
02.63000
04.81000
01.34000
04.39000
01.84000
02.67000
01.36000
04.59000
03.52000
04.97000
03.79000
04.09000
01.61000
03.02000
02.23000
01.68000
02.69000
04.77000
01.88000
03.82000
02.47000
03.17000
04.96000
01.96000
01.65000
2
16
13
2
2
9
2
3
17
2
4
14
2
20
1
2
8
11
2
15
6
2
19
18
2
12
10
2
7
5
241.33770
