20
10
195.27000
194.35000
117.91000
199.18000
120.67000
190.79000
145.39000
174.32000
172.98000
118.94000
173.41000
107.91000
155.72000
188.54000
117.99000
122.22000
197.40000
134.37000
120.15000
164.51000
167.16000
100.89000
196.43000
115.18000
162.37000
176.14000
141.59000
129.89000
162.27000
199.15000
154.14000
133.18000
198.51000
157.81000
178.22000
125.43000
127.72000
165.01000
182.97000
132.05000
194.00000
175.87000
186.81000
141.75000
150.28000
118.17000
173.92000
120.40000
111.30000
152.80000
130.04000
158.77000
161.83000
170.79000
152.43000
160.38000
111.64000
188.14000
163.34000
153.74000
103.83000
146.00000
103.64000
173.77000
105.08000
111.98000
113.67000
198.20000
111.50000
171.52000
107.21000
122.63000
186.00000
143.77000
159.65000
178.72000
116.47000
172.85000
171.36000
123.09000
156.89000
184.30000
136.08000
147.96000
120.63000
146.29000
160.20000
117.25000
193.51000
112.83000
198.35000
149.10000
141.55000
156.18000
129.03000
128.27000
155.75000
173.61000
155.76000
164.52000
165.55000
143.41000
106.90000
140.23000
112.11000
114.80000
128.12000
108.59000
103.41000
189.61000
138.03000
102.44000
133.58000
118.23000
143.25000
184.68000
121.77000
176.06000
175.43000
143.19000
174.09000
154.83000
103.75000
141.46000
148.84000
118.57000
131.70000
159.24000
188.69000
175.63000
120.26000
168.96000
140.90000
179.52000
129.18000
136.65000
177.73000
108.76000
143.23000
153.32000
176.31000
122.31000
160.88000
140.03000
150.06000
187.60000
144.69000
122.85000
172.15000
155.23000
136.41000
195.72000
167.98000
106.86000
173.94000
152.77000
187.94000
149.12000
120.17000
113.15000
174.17000
162.57000
194.33000
164.00000
146.67000
174.57000
138.64000
115.05000
116.78000
170.23000
116.69000
139.00000
113.03000
184.30000
169.51000
183.12000
188.92000
176.54000
163.10000
119.68000
105.55000
171.33000
118.79000
161.26000
137.16000
199.10000
127.90000
171.65000
109.80000
142.21000
103.22000
100.70000
180.10000
113.55000
113.91000
173.80000
129.70000
151.01000
154.09000
141.33000
09.28000
05.94000
06.92000
07.54000
05.75000
05.58000
06.98000
06.79000
05.99000
08.28000
09.78000
05.07000
09.48000
07.57000
07.90000
09.06000
06.95000
08.24000
05.20000
06.67000
05.43000
06.60000
05.38000
05.39000
08.66000
07.27000
06.27000
07.80000
06.49000
06.09000
07.36000
07.23000
09.18000
09.87000
07.03000
08.64000
08.25000
06.69000
09.92000
08.19000
05.11000
06.33000
05.23000
09.90000
09.21000
07.60000
06.12000
09.64000
05.41000
07.84000
09.46000
08.22000
06.00000
08.39000
05.68000
05.13000
09.51000
06.85000
06.43000
06.09000
08.20000
05.85000
09.64000
07.82000
05.91000
09.55000
08.69000
07.91000
08.15000
09.53000
05.52000
08.31000
05.50000
07.92000
08.83000
09.28000
09.76000
08.09000
08.56000
07.32000
07.59000
06.76000
08.39000
07.43000
09.08000
09.85000
09.73000
05.83000
07.02000
05.07000
06.79000
07.66000
06.50000
06.58000
07.78000
05.20000
08.87000
09.79000
07.17000
06.99000
08.64000
09.00000
06.54000
06.43000
06.19000
09.78000
08.05000
05.32000
07.34000
05.36000
06.57000
05.70000
07.98000
08.18000
06.10000
08.14000
05.22000
06.94000
06.90000
09.45000
09.75000
08.52000
07.24000
08.12000
09.36000
07.36000
05.28000
07.77000
07.02000
05.02000
07.04000
06.43000
05.64000
08.46000
08.55000
09.21000
09.38000
05.92000
07.11000
07.46000
07.20000
05.73000
06.94000
06.47000
08.57000
06.56000
09.46000
09.83000
07.99000
07.36000
06.09000
05.00000
06.67000
05.87000
06.17000
07.85000
07.04000
06.10000
05.26000
05.52000
08.87000
06.90000
07.67000
07.30000
09.84000
05.77000
06.77000
06.72000
08.98000
09.91000
08.62000
08.01000
07.01000
09.09000
07.07000
09.09000
05.90000
09.36000
07.22000
09.12000
07.55000
06.80000
06.94000
08.78000
09.38000
08.65000
07.29000
05.90000
05.36000
08.52000
08.03000
05.53000
07.01000
09.46000
08.78000
08.87000
07.07000
05.80000
05.41000
08.35000
2
12
16
2
4
2
2
6
17
2
5
20
2
10
8
2
7
9
2
18
3
2
19
14
2
13
11
2
1
15
240.58330
