20
10
130.41000
136.99000
157.82000
174.53000
193.09000
120.33000
165.55000
167.02000
143.61000
171.30000
184.76000
103.91000
185.51000
199.67000
131.46000
107.45000
147.28000
140.20000
146.68000
124.92000
104.47000
143.31000
151.69000
126.93000
185.20000
150.57000
169.09000
147.86000
119.06000
129.02000
152.32000
130.81000
137.69000
166.57000
145.52000
176.17000
197.74000
176.09000
117.82000
109.33000
119.58000
185.04000
149.00000
149.83000
195.57000
165.40000
136.29000
134.51000
112.23000
149.03000
178.51000
139.85000
154.33000
126.95000
172.94000
169.37000
131.65000
115.19000
141.84000
151.57000
142.67000
174.63000
146.95000
167.61000
171.23000
133.16000
108.53000
196.32000
128.42000
183.69000
127.04000
173.46000
177.11000
145.36000
177.89000
130.69000
105.21000
162.32000
161.45000
124.65000
183.76000
156.77000
178.27000
182.43000
143.38000
101.75000
116.24000
140.17000
123.07000
137.20000
129.16000
196.41000
188.86000
135.41000
195.56000
135.90000
131.75000
193.64000
118.95000
168.42000
103.47000
129.24000
157.70000
159.04000
162.91000
197.47000
153.51000
173.47000
165.51000
142.57000
186.44000
136.83000
105.42000
114.91000
163.12000
112.02000
101.78000
189.90000
115.20000
186.91000
180.28000
129.56000
100.84000
188.16000
120.83000
114.96000
150.06000
170.56000
112.41000
154.61000
195.81000
155.84000
102.28000
102.03000
197.88000
110.03000
162.72000
135.74000
141.01000
124.14000
115.58000
116.01000
193.29000
156.38000
131.49000
126.19000
118.48000
170.81000
169.18000
187.17000
175.03000
173.73000
154.05000
180.57000
100.81000
159.28000
136.48000
113.04000
158.74000
146.58000
179.88000
195.72000
113.42000
175.95000
181.85000
161.80000
180.16000
161.54000
142.37000
147.47000
191.59000
105.97000
189.96000
187.49000
188.71000
156.52000
178.13000
141.63000
137.55000
185.44000
128.08000
178.28000
136.62000
152.37000
174.91000
142.75000
197.66000
123.68000
111.19000
145.99000
123.35000
187.08000
193.57000
100.90000
182.84000
167.97000
103.70000
145.36000
170.26000
116.73000
08.83000
09.06000
05.13000
05.13000
08.46000
09.41000
06.91000
05.52000
07.72000
07.44000
09.77000
07.06000
06.09000
06.66000
06.33000
06.41000
09.29000
06.88000
05.42000
06.50000
08.26000
05.84000
09.89000
08.61000
07.40000
05.46000
08.69000
08.84000
08.89000
09.71000
07.93000
05.07000
07.97000
05.41000
05.98000
07.25000
06.16000
05.63000
07.49000
06.58000
07.03000
05.40000
06.04000
08.52000
06.93000
09.72000
05.65000
06.09000
08.54000
06.36000
09.83000
08.38000
09.14000
06.67000
08.99000
09.86000
07.27000
08.24000
09.79000
06.24000
09.23000
05.60000
09.37000
07.16000
06.59000
09.17000
09.44000
05.36000
09.97000
09.25000
06.27000
06.61000
09.94000
07.97000
08.57000
06.15000
08.31000
08.72000
06.28000
05.50000
05.26000
07.27000
08.13000
08.02000
06.12000
06.67000
06.15000
06.90000
06.79000
05.30000
05.74000
08.82000
07.36000
07.33000
05.12000
06.07000
09.17000
08.17000
08.77000
07.17000
08.24000
08.61000
08.59000
05.47000
07.61000
08.61000
07.66000
06.20000
05.82000
07.40000
06.47000
09.90000
08.75000
07.41000
09.04000
07.14000
08.51000
07.34000
05.61000
09.74000
06.46000
09.63000
09.68000
07.82000
09.95000
08.98000
08.28000
06.52000
08.60000
07.99000
05.21000
07.60000
05.32000
08.66000
06.51000
06.15000
09.27000
09.19000
09.46000
08.53000
05.05000
07.59000
05.19000
09.31000
08.84000
05.44000
05.24000
06.68000
09.67000
05.99000
05.91000
06.09000
08.74000
06.98000
06.50000
08.42000
08.49000
07.43000
07.58000
05.80000
06.59000
05.19000
07.76000
08.14000
06.89000
09.70000
07.24000
06.13000
06.21000
09.08000
07.84000
08.10000
05.29000
08.12000
08.39000
06.97000
06.09000
07.86000
09.00000
06.89000
06.34000
05.11000
05.80000
08.84000
09.63000
05.21000
07.12000
05.57000
09.82000
09.81000
09.05000
08.80000
08.41000
06.97000
06.23000
09.72000
08.14000
06.00000
09.53000
05.77000
2
15
16
2
20
4
2
18
9
2
11
17
2
10
6
2
19
1
2
13
5
2
7
2
2
3
12
2
8
14
246.17120
