20
4
141.45000
115.26000
141.60000
189.05000
165.29000
167.05000
130.11000
179.33000
178.62000
180.96000
178.41000
152.04000
122.05000
197.64000
127.12000
147.83000
136.20000
157.70000
116.87000
107.32000
110.62000
117.27000
187.20000
137.82000
138.14000
158.71000
121.66000
150.66000
120.96000
109.36000
144.23000
155.51000
124.69000
134.83000
120.54000
118.01000
114.98000
100.76000
116.21000
103.77000
136.08000
176.50000
101.99000
169.42000
199.75000
127.97000
153.17000
188.48000
111.10000
112.28000
147.35000
185.69000
160.75000
120.05000
175.14000
151.67000
139.34000
141.90000
127.18000
177.06000
140.86000
129.80000
124.90000
138.14000
158.03000
199.66000
154.68000
141.31000
154.32000
115.05000
121.40000
197.83000
145.37000
191.60000
140.68000
123.32000
146.79000
144.93000
128.15000
133.40000
04.53000
01.06000
03.34000
01.16000
03.58000
01.01000
03.14000
04.99000
04.90000
02.50000
04.75000
03.93000
03.60000
04.66000
03.32000
01.10000
02.81000
02.62000
01.97000
03.62000
04.96000
04.62000
01.26000
02.77000
02.88000
03.13000
02.85000
01.21000
03.17000
01.53000
02.87000
01.60000
01.95000
03.95000
01.44000
04.08000
03.34000
02.51000
02.68000
04.76000
01.48000
04.80000
02.97000
03.17000
04.88000
01.91000
04.37000
04.67000
03.56000
04.08000
01.60000
01.79000
02.64000
04.44000
03.81000
03.66000
03.25000
04.11000
04.10000
03.41000
02.12000
04.94000
04.58000
01.61000
03.41000
02.16000
04.86000
03.33000
04.20000
02.91000
01.71000
03.65000
02.63000
01.33000
01.24000
04.70000
04.81000
03.53000
01.60000
04.59000
5
12
8
6
10
5
5
18
1
13
7
9
5
14
3
16
20
17
5
4
15
2
11
19
656.62550
