20
4
76.24000
47.29000
16.29000
41.87000
23.34000
47.18000
40.55000
18.76000
35.82000
35.89000
1.80000
4.58000
54.90000
53.62000
39.26000
39.53000
21.79000
41.59000
94.14000
64.83000
38.85000
24.35000
81.09000
43.80000
95.25000
23.76000
64.70000
58.98000
96.57000
70.96000
25.72000
5.94000
8.77000
32.92000
29.11000
48.63000
94.83000
73.59000
40.83000
54.03000
34.59000
39.54000
8.13000
36.91000
87.83000
37.76000
25.02000
3.82000
90.81000
20.55000
86.03000
99.15000
34.26000
77.60000
82.86000
16.62000
7.90000
1.65000
6.24000
43.93000
66.63000
43.16000
29.74000
4.21000
20.17000
58.53000
76.98000
59.53000
65.97000
83.40000
75.70000
33.07000
21.49000
34.24000
41.39000
39.32000
1.20000
25.51000
88.50000
93.74000
03.61000
01.12000
02.95000
03.99000
02.43000
01.80000
04.93000
03.95000
02.33000
04.83000
03.54000
03.84000
02.43000
01.35000
01.91000
02.76000
01.86000
02.47000
03.17000
03.86000
02.65000
02.50000
02.27000
04.00000
03.54000
04.54000
04.48000
04.64000
04.11000
01.80000
02.43000
02.54000
04.47000
02.39000
04.25000
01.84000
04.77000
02.43000
02.05000
02.67000
02.78000
04.97000
04.63000
04.06000
01.86000
02.97000
04.62000
02.35000
04.04000
03.85000
04.26000
02.09000
02.43000
04.72000
04.69000
04.38000
02.17000
02.72000
03.01000
02.36000
04.38000
04.35000
04.65000
01.99000
03.86000
02.58000
01.28000
03.89000
01.16000
04.67000
04.79000
04.70000
02.41000
04.73000
01.30000
02.54000
01.72000
04.89000
04.94000
03.55000
5
9
7
3
12
11
4
1
2
6
13
6
20
10
16
19
8
18
5
15
14
5
4
17
103.54260
