20
10
14.90000
58.38000
44.33000
93.99000
83.51000
66.28000
26.92000
56.13000
55.20000
59.34000
90.68000
36.12000
44.83000
59.60000
65.83000
68.36000
93.01000
14.87000
5.37000
14.04000
47.30000
91.97000
80.59000
77.21000
19.13000
52.61000
2.20000
53.02000
71.61000
40.61000
23.21000
53.31000
50.42000
56.36000
1.69000
90.82000
24.01000
26.01000
18.45000
5.07000
7.15000
61.40000
4.84000
79.83000
81.04000
99.46000
4.17000
37.96000
51.55000
49.68000
68.92000
80.15000
14.95000
14.56000
10.74000
24.27000
92.30000
22.32000
62.06000
9.92000
76.16000
8.22000
10.99000
50.80000
24.44000
20.63000
12.16000
67.81000
94.06000
96.48000
69.89000
12.32000
62.66000
69.07000
73.19000
27.02000
29.61000
93.49000
34.83000
81.37000
65.92000
91.17000
69.97000
58.02000
79.38000
4.33000
45.86000
92.97000
58.78000
55.22000
97.69000
32.27000
81.82000
30.75000
18.58000
71.21000
53.01000
39.60000
22.37000
33.82000
82.66000
1.97000
88.71000
14.99000
59.42000
7.21000
55.17000
58.33000
88.39000
26.87000
74.05000
94.62000
77.15000
24.20000
65.27000
99.50000
57.02000
86.21000
72.56000
73.34000
75.70000
42.71000
54.04000
91.60000
51.58000
42.93000
17.71000
20.11000
64.25000
36.73000
19.92000
46.03000
73.88000
89.46000
33.21000
49.09000
65.39000
93.22000
54.86000
32.78000
29.64000
31.92000
40.89000
54.75000
91.95000
7.01000
24.31000
9.40000
52.26000
85.17000
20.39000
11.61000
47.09000
62.59000
79.04000
67.98000
39.71000
57.22000
76.88000
11.81000
11.60000
51.71000
87.78000
66.64000
17.97000
80.62000
58.61000
90.98000
59.30000
9.99000
7.35000
11.34000
77.20000
84.64000
85.98000
84.91000
38.01000
79.09000
75.24000
98.58000
2.26000
44.50000
66.58000
47.86000
20.39000
8.60000
92.69000
1.81000
19.00000
29.85000
80.90000
71.88000
66.53000
34.37000
13.05000
97.58000
58.19000
72.06000
93.71000
42.17000
05.96000
10.00000
06.36000
07.01000
06.00000
05.56000
08.34000
05.91000
08.53000
06.19000
05.84000
09.92000
06.16000
08.54000
09.57000
08.83000
07.74000
05.51000
06.51000
08.67000
08.95000
05.31000
07.69000
09.19000
07.12000
07.14000
08.64000
06.38000
08.40000
05.14000
09.83000
05.17000
06.14000
09.24000
07.79000
08.63000
09.99000
05.64000
05.25000
06.08000
07.34000
09.85000
06.82000
06.84000
06.35000
06.86000
08.52000
09.87000
08.83000
09.99000
08.13000
07.97000
05.20000
08.72000
09.18000
08.75000
07.12000
08.76000
06.45000
06.05000
08.97000
08.28000
05.96000
09.92000
08.61000
06.41000
05.24000
07.50000
05.18000
05.23000
06.26000
06.38000
07.36000
05.01000
05.85000
09.94000
05.11000
07.26000
07.05000
07.81000
05.54000
05.35000
08.94000
08.17000
09.72000
08.55000
07.71000
09.32000
06.87000
08.70000
07.79000
07.78000
05.22000
08.08000
05.53000
08.96000
09.24000
05.22000
08.51000
09.51000
09.44000
06.87000
09.58000
05.06000
08.90000
06.47000
05.76000
06.54000
05.77000
09.20000
09.31000
09.41000
09.04000
05.63000
07.36000
07.35000
08.97000
07.56000
08.30000
05.30000
09.62000
08.98000
07.42000
08.00000
06.76000
07.51000
07.81000
06.30000
06.14000
09.82000
05.18000
07.65000
08.78000
06.01000
08.68000
05.28000
06.99000
07.44000
08.72000
08.65000
05.04000
06.40000
08.96000
05.80000
06.93000
07.21000
05.46000
09.86000
09.59000
07.72000
05.36000
07.03000
07.33000
08.80000
06.09000
06.31000
05.72000
07.59000
06.34000
07.95000
09.92000
06.73000
09.02000
05.16000
05.95000
05.68000
09.35000
06.20000
09.50000
07.52000
05.83000
05.81000
09.41000
05.16000
05.44000
05.02000
05.78000
07.76000
06.41000
06.12000
06.93000
09.05000
08.00000
09.72000
07.15000
09.42000
07.18000
09.28000
05.65000
06.44000
07.41000
06.56000
07.05000
06.31000
06.44000
05.87000
07.22000
06.46000
08.29000
07.79000
3
5
8
6
1
2
1
12
2
10
17
4
15
9
19
3
2
16
14
2
13
1
2
11
7
2
4
20
1
18
30.75000
