20
4
111.52000
105.69000
142.61000
128.38000
108.17000
116.21000
125.79000
199.27000
138.05000
132.62000
112.52000
196.35000
141.78000
195.53000
143.41000
160.25000
159.99000
145.58000
159.09000
131.60000
193.63000
158.43000
198.60000
169.09000
176.38000
128.53000
185.16000
107.46000
108.17000
101.58000
153.59000
131.60000
154.63000
143.22000
169.49000
107.14000
181.39000
119.06000
198.51000
199.69000
154.26000
192.97000
125.72000
146.90000
114.96000
102.40000
145.80000
195.79000
167.08000
188.41000
152.62000
166.59000
101.26000
141.64000
136.81000
149.90000
108.11000
152.70000
188.99000
136.37000
144.39000
192.84000
128.32000
100.28000
134.76000
184.33000
178.16000
171.96000
197.99000
115.11000
158.70000
190.73000
149.73000
100.79000
185.55000
172.23000
105.60000
157.00000
174.34000
132.06000
01.10000
04.69000
03.21000
01.92000
01.42000
03.59000
01.64000
02.08000
02.75000
02.79000
04.65000
04.10000
04.22000
01.40000
03.35000
03.09000
04.94000
02.56000
04.88000
02.19000
03.86000
02.04000
03.75000
04.38000
01.15000
03.11000
01.09000
01.75000
01.57000
04.82000
01.60000
01.83000
01.22000
03.30000
01.42000
04.74000
04.23000
02.68000
04.67000
02.61000
03.03000
04.06000
02.85000
02.10000
04.79000
04.21000
01.98000
02.03000
04.58000
04.18000
03.70000
04.32000
03.51000
01.08000
01.14000
02.11000
02.73000
04.04000
03.42000
04.52000
03.30000
04.48000
04.78000
04.27000
01.81000
01.10000
04.65000
03.77000
04.57000
02.01000
01.84000
02.61000
01.72000
01.33000
02.47000
02.94000
03.36000
01.19000
04.67000
02.86000
5
1
7
20
11
2
5
12
9
8
18
16
5
15
3
13
6
5
5
14
10
19
17
4
624.91490
