20
4
118.39000
187.48000
128.81000
117.24000
166.68000
180.11000
199.57000
156.17000
120.07000
150.50000
145.74000
193.17000
119.18000
139.27000
107.96000
168.87000
104.65000
187.05000
126.84000
123.88000
125.41000
151.99000
119.38000
101.26000
122.87000
111.03000
144.10000
102.01000
116.26000
119.90000
197.55000
135.40000
171.19000
144.22000
145.37000
167.06000
153.30000
149.63000
153.17000
162.62000
169.52000
151.80000
116.99000
128.23000
112.71000
111.69000
130.50000
188.52000
169.20000
170.04000
152.63000
192.59000
129.62000
117.48000
174.00000
131.06000
184.60000
144.64000
185.24000
194.55000
145.37000
173.47000
188.41000
158.39000
128.18000
169.14000
129.15000
182.68000
180.75000
100.96000
197.45000
150.94000
118.70000
184.57000
108.94000
178.80000
157.64000
135.58000
179.25000
181.87000
03.15000
02.49000
01.23000
04.38000
04.27000
02.54000
04.15000
03.37000
01.77000
02.26000
03.02000
03.59000
02.79000
04.77000
04.97000
04.17000
02.45000
01.20000
01.12000
04.24000
01.85000
03.37000
04.56000
02.57000
04.38000
04.76000
04.32000
03.46000
04.40000
01.18000
01.63000
01.43000
02.03000
04.73000
04.62000
04.61000
01.41000
03.56000
01.41000
01.12000
01.45000
01.99000
01.64000
02.84000
04.30000
03.09000
04.56000
04.39000
02.56000
01.38000
03.45000
01.69000
01.35000
01.97000
03.42000
03.86000
01.79000
02.00000
01.61000
04.03000
01.36000
03.74000
01.25000
03.72000
03.78000
02.86000
01.21000
03.91000
02.82000
02.64000
02.87000
03.82000
04.62000
01.21000
04.34000
01.58000
03.30000
04.69000
03.76000
03.31000
5
19
9
11
17
20
5
12
1
2
4
8
5
3
14
6
16
5
5
7
10
18
13
15
644.22950
