20
7
32.06000
6.87000
50.63000
27.07000
81.13000
96.33000
34.26000
88.83000
8.73000
35.10000
85.59000
77.13000
48.18000
52.27000
17.97000
91.88000
26.01000
56.72000
5.21000
86.06000
1.07000
17.10000
88.47000
20.58000
33.47000
36.31000
9.85000
8.63000
2.80000
1.83000
36.26000
93.48000
29.09000
94.38000
71.94000
85.39000
35.91000
87.89000
96.93000
56.07000
62.15000
64.56000
32.40000
74.99000
36.56000
94.35000
42.45000
5.22000
3.31000
77.02000
23.26000
5.37000
52.65000
55.25000
3.98000
50.86000
90.75000
73.29000
2.92000
93.88000
58.78000
41.32000
66.33000
45.86000
42.62000
10.77000
81.71000
55.07000
47.23000
17.13000
72.11000
16.18000
92.88000
48.56000
2.87000
4.75000
28.10000
8.13000
38.89000
85.50000
50.31000
85.01000
21.85000
14.49000
50.15000
92.29000
78.19000
90.29000
54.45000
26.47000
73.70000
70.45000
47.49000
77.96000
92.43000
40.94000
52.22000
67.46000
34.38000
89.33000
21.51000
31.28000
86.34000
76.83000
40.93000
62.67000
52.68000
2.53000
41.61000
45.62000
56.22000
23.34000
80.15000
10.83000
61.54000
22.23000
66.21000
27.68000
59.50000
94.09000
41.24000
29.92000
48.13000
27.60000
7.11000
5.25000
26.56000
74.22000
67.26000
79.89000
58.36000
76.55000
38.15000
35.09000
22.62000
70.32000
96.67000
99.16000
35.14000
18.54000
03.87000
03.87000
03.99000
04.46000
01.68000
03.99000
04.51000
04.46000
01.27000
04.93000
02.89000
02.93000
04.37000
04.93000
03.75000
01.76000
02.00000
01.04000
04.02000
04.64000
01.42000
03.02000
02.16000
03.90000
03.30000
03.32000
02.52000
04.76000
04.38000
01.19000
04.72000
03.95000
04.12000
04.73000
02.35000
02.47000
01.78000
03.33000
03.84000
01.62000
03.16000
01.71000
02.74000
02.22000
02.48000
01.78000
03.03000
01.38000
02.80000
03.12000
01.93000
02.64000
03.17000
02.56000
01.89000
02.96000
04.96000
04.74000
02.72000
02.14000
02.84000
01.58000
03.74000
02.94000
02.82000
02.38000
03.43000
02.21000
04.84000
02.77000
01.70000
02.37000
04.46000
02.19000
04.77000
04.26000
02.02000
02.37000
02.65000
02.04000
02.29000
02.71000
04.08000
02.51000
04.51000
03.72000
03.23000
04.75000
03.24000
02.16000
01.81000
02.14000
02.40000
04.94000
03.64000
02.27000
01.21000
03.80000
02.84000
04.52000
04.66000
04.06000
03.85000
01.81000
02.04000
01.32000
01.70000
01.67000
03.26000
01.52000
03.60000
02.06000
03.46000
02.93000
03.86000
03.17000
03.57000
03.14000
01.56000
03.49000
01.11000
02.75000
01.72000
02.52000
02.91000
03.36000
04.28000
02.51000
03.34000
01.49000
01.43000
04.44000
02.66000
01.66000
01.83000
01.97000
01.41000
02.19000
01.45000
01.58000
3
20
5
10
3
1
15
8
2
14
3
2
18
19
5
13
12
9
16
11
3
2
6
17
2
4
7
39.36326
