20
7
19.85000
8.19000
15.85000
1.58000
29.94000
17.98000
29.85000
52.05000
87.80000
47.49000
26.32000
99.69000
78.71000
89.12000
89.33000
32.48000
25.63000
62.57000
19.87000
36.97000
81.49000
70.04000
69.47000
96.74000
94.14000
25.05000
50.69000
91.47000
81.87000
73.94000
62.93000
26.62000
2.27000
49.40000
70.77000
82.17000
62.00000
20.81000
65.06000
55.99000
24.22000
19.91000
32.37000
45.91000
28.18000
99.85000
45.79000
20.80000
70.73000
74.90000
56.90000
44.21000
67.35000
23.33000
43.79000
52.86000
95.89000
74.46000
23.24000
9.78000
88.80000
96.64000
21.31000
85.09000
26.09000
31.74000
2.06000
60.06000
4.50000
77.84000
2.15000
91.20000
55.12000
48.33000
22.51000
5.02000
86.83000
17.96000
16.11000
62.70000
98.59000
44.72000
5.88000
7.21000
35.24000
24.30000
56.77000
6.90000
60.51000
3.72000
49.77000
57.36000
58.12000
85.23000
92.15000
82.17000
99.00000
50.85000
57.61000
55.94000
43.14000
71.74000
78.81000
35.39000
22.85000
11.60000
79.60000
77.36000
48.25000
64.54000
45.15000
47.23000
63.03000
61.69000
49.84000
49.17000
12.42000
21.38000
45.87000
52.78000
83.66000
61.54000
18.30000
69.25000
97.39000
39.21000
68.70000
57.82000
92.34000
84.72000
15.30000
81.22000
56.67000
64.40000
32.68000
87.02000
91.46000
44.15000
86.56000
98.56000
01.74000
01.77000
04.56000
01.82000
02.71000
02.48000
04.84000
03.13000
02.95000
01.36000
03.30000
04.35000
02.37000
01.34000
03.76000
01.05000
04.18000
02.14000
04.34000
04.62000
03.14000
03.11000
03.64000
03.15000
01.34000
01.63000
03.69000
02.64000
04.13000
01.83000
04.54000
01.41000
02.65000
02.00000
04.49000
03.65000
01.83000
03.73000
02.64000
03.86000
02.92000
01.71000
03.38000
02.05000
04.10000
01.64000
01.70000
02.74000
02.67000
03.84000
01.36000
02.11000
02.87000
04.83000
03.02000
01.83000
01.26000
02.94000
02.64000
04.39000
03.69000
02.16000
02.91000
04.95000
02.25000
04.57000
04.73000
02.80000
02.39000
03.58000
01.77000
02.91000
02.34000
03.82000
03.92000
04.30000
03.14000
02.22000
02.87000
01.31000
04.89000
01.21000
01.43000
04.23000
03.20000
02.52000
02.68000
01.63000
01.83000
02.41000
01.00000
02.44000
04.87000
02.49000
01.40000
01.93000
01.74000
03.18000
01.19000
01.16000
02.06000
01.73000
03.50000
02.38000
04.20000
02.52000
02.12000
01.58000
04.36000
04.67000
03.56000
03.58000
03.37000
02.65000
04.83000
01.75000
01.87000
04.23000
01.71000
01.79000
04.20000
02.07000
02.03000
01.34000
03.63000
02.33000
04.31000
01.31000
01.40000
01.93000
02.22000
03.62000
04.95000
03.07000
04.62000
04.62000
04.02000
03.76000
01.66000
03.50000
4
1
2
3
4
2
12
13
2
14
20
5
19
9
11
16
7
3
5
8
10
3
17
18
6
1
15
46.55059
