20
7
180.23000
124.46000
107.55000
190.73000
182.88000
146.27000
162.19000
128.15000
183.60000
186.06000
184.52000
161.95000
143.87000
194.76000
149.28000
150.08000
189.23000
174.86000
170.29000
177.07000
106.09000
174.78000
169.10000
107.49000
199.37000
197.52000
188.17000
166.06000
165.94000
147.72000
156.97000
107.65000
159.06000
183.75000
148.28000
153.87000
108.57000
128.00000
186.49000
165.43000
113.15000
116.59000
134.56000
137.53000
177.65000
159.44000
151.42000
160.70000
117.30000
140.12000
181.38000
171.58000
111.55000
183.77000
179.69000
164.84000
128.89000
192.11000
165.61000
186.74000
195.80000
143.85000
176.76000
170.92000
100.45000
173.12000
135.38000
143.41000
122.05000
158.49000
102.62000
170.91000
175.60000
126.29000
175.53000
105.51000
177.65000
191.89000
127.66000
163.38000
161.27000
197.25000
184.02000
188.55000
120.18000
153.56000
173.96000
116.65000
197.33000
155.43000
157.20000
130.42000
127.63000
139.74000
106.96000
198.78000
160.05000
144.91000
185.47000
167.17000
194.90000
101.08000
146.51000
151.25000
178.91000
143.66000
117.56000
185.25000
117.70000
161.99000
169.04000
106.02000
125.46000
187.87000
159.69000
133.63000
142.99000
167.14000
149.82000
177.20000
147.75000
194.06000
133.68000
101.78000
188.12000
199.79000
127.69000
138.16000
137.08000
177.98000
111.23000
196.08000
122.52000
114.70000
112.96000
156.17000
111.38000
122.60000
175.60000
100.59000
04.07000
02.87000
03.17000
03.84000
04.28000
01.74000
01.43000
02.87000
02.80000
04.02000
04.64000
02.90000
02.23000
01.59000
01.81000
02.97000
01.51000
04.16000
01.29000
02.94000
01.22000
04.99000
01.13000
03.39000
02.86000
03.67000
02.20000
04.05000
02.26000
01.12000
02.88000
03.82000
03.05000
04.34000
04.41000
02.09000
03.63000
04.63000
01.88000
01.58000
03.66000
02.38000
02.33000
02.78000
03.42000
01.95000
02.60000
01.24000
01.23000
03.54000
03.35000
02.74000
01.56000
02.14000
03.97000
01.91000
02.17000
03.53000
04.13000
03.21000
04.35000
01.81000
03.84000
02.74000
03.34000
04.68000
01.39000
01.20000
03.86000
03.87000
04.46000
03.13000
02.12000
02.24000
03.43000
04.26000
02.11000
03.94000
03.44000
04.67000
04.94000
04.66000
03.07000
01.35000
01.85000
03.33000
01.53000
02.44000
04.63000
04.10000
03.86000
03.80000
03.09000
04.53000
03.27000
03.19000
01.36000
02.03000
02.29000
01.12000
01.99000
04.56000
01.49000
01.33000
03.68000
04.30000
04.27000
01.38000
03.36000
03.01000
04.95000
02.08000
01.33000
02.88000
02.50000
03.03000
02.68000
04.41000
03.68000
01.12000
02.39000
01.64000
01.29000
03.84000
03.49000
04.60000
03.74000
04.66000
04.62000
03.43000
03.50000
02.45000
04.44000
01.79000
03.14000
01.54000
04.90000
04.18000
03.54000
02.07000
2
6
10
3
4
17
18
3
9
13
1
3
19
16
11
3
5
8
15
3
12
7
2
3
3
14
20
357.35170
