20
4
108.21000
158.75000
125.33000
103.12000
176.35000
168.30000
191.34000
196.87000
125.37000
156.39000
158.54000
139.46000
195.91000
163.65000
167.56000
171.54000
128.57000
130.70000
159.03000
133.72000
152.98000
115.76000
113.54000
102.81000
141.63000
139.62000
107.97000
109.40000
108.24000
120.35000
163.16000
105.67000
118.43000
123.56000
144.75000
157.23000
137.82000
114.89000
118.36000
129.72000
190.78000
126.99000
193.83000
199.73000
167.20000
182.81000
147.21000
125.09000
195.20000
100.38000
197.50000
107.51000
165.42000
170.31000
135.31000
137.61000
168.48000
183.24000
151.27000
106.02000
194.98000
161.66000
144.51000
119.56000
189.40000
133.19000
156.62000
141.98000
198.11000
110.40000
190.82000
127.90000
136.72000
108.93000
162.75000
192.94000
120.86000
144.40000
188.01000
152.74000
06.97000
05.57000
09.35000
06.52000
06.95000
09.66000
05.28000
08.60000
06.05000
08.21000
07.28000
09.60000
08.18000
05.14000
09.25000
08.43000
07.23000
09.35000
05.11000
09.00000
06.73000
07.97000
07.17000
08.34000
05.28000
09.05000
05.47000
07.63000
08.38000
07.85000
05.91000
09.72000
06.20000
09.53000
08.65000
09.77000
08.89000
09.24000
08.83000
07.93000
05.63000
06.11000
05.83000
06.01000
05.78000
09.66000
05.05000
09.75000
09.44000
05.20000
06.00000
06.19000
08.02000
09.14000
05.06000
06.72000
07.92000
07.87000
08.65000
07.76000
07.39000
05.59000
05.81000
09.15000
07.73000
07.17000
09.12000
08.73000
07.18000
09.15000
05.36000
05.03000
08.39000
09.19000
07.20000
05.71000
09.02000
09.93000
07.29000
08.43000
5
19
9
4
1
18
5
11
5
7
13
8
5
15
2
16
12
20
5
3
6
17
10
14
713.84860
