20
4
159.58000
187.04000
102.80000
164.54000
118.98000
151.91000
138.19000
191.73000
115.52000
151.58000
131.03000
124.03000
189.81000
126.66000
121.93000
102.05000
182.48000
117.78000
151.54000
166.43000
187.99000
168.02000
133.44000
103.25000
197.99000
189.79000
152.34000
110.87000
192.19000
174.67000
138.24000
114.41000
136.21000
188.28000
156.80000
179.50000
195.70000
196.26000
173.61000
171.76000
159.86000
176.31000
176.90000
132.56000
128.32000
113.24000
150.45000
167.16000
104.62000
168.15000
177.15000
115.05000
179.38000
131.69000
147.62000
166.88000
143.22000
194.47000
152.50000
113.27000
101.86000
115.67000
127.29000
175.26000
124.65000
117.12000
120.89000
180.73000
167.97000
130.52000
142.84000
155.95000
147.45000
171.48000
108.76000
116.56000
178.71000
155.63000
134.27000
178.16000
06.16000
06.35000
05.87000
08.57000
09.95000
09.63000
08.89000
08.14000
09.43000
08.95000
09.55000
08.19000
08.49000
08.21000
06.74000
07.63000
06.04000
06.31000
09.38000
05.36000
08.53000
05.31000
07.48000
09.70000
06.38000
09.20000
09.62000
06.34000
07.84000
09.88000
07.95000
09.84000
08.08000
07.49000
07.64000
05.36000
07.26000
07.21000
08.84000
08.05000
08.73000
05.30000
08.07000
08.91000
07.57000
09.18000
06.78000
08.77000
06.49000
06.62000
08.76000
07.89000
06.88000
09.01000
05.42000
07.66000
05.17000
07.77000
08.18000
09.50000
07.47000
06.72000
05.75000
06.29000
06.06000
06.32000
09.34000
05.90000
07.81000
05.37000
09.92000
06.31000
05.39000
06.54000
05.16000
05.16000
06.45000
07.49000
07.71000
05.11000
5
18
15
11
16
5
5
3
8
13
12
4
5
17
9
14
6
20
5
10
19
2
1
7
697.87050
