20
7
175.85000
196.86000
147.37000
138.57000
116.36000
176.85000
113.65000
193.55000
182.66000
169.83000
159.12000
128.38000
175.69000
100.55000
191.73000
118.60000
147.93000
132.84000
146.01000
153.83000
165.38000
176.06000
195.34000
153.76000
156.43000
123.20000
113.63000
108.57000
145.27000
127.88000
160.24000
172.73000
140.23000
112.90000
106.81000
126.10000
113.73000
152.62000
164.02000
175.06000
185.19000
125.27000
131.30000
145.29000
142.83000
194.81000
191.92000
179.03000
171.12000
147.77000
148.06000
112.68000
145.19000
189.39000
144.41000
164.73000
116.77000
188.93000
177.19000
192.77000
139.36000
146.24000
142.98000
112.28000
101.79000
179.03000
152.53000
180.71000
115.63000
153.26000
187.40000
188.90000
157.21000
115.95000
149.68000
103.41000
191.90000
190.70000
105.55000
142.34000
160.02000
187.44000
190.16000
154.83000
114.71000
144.91000
151.80000
153.41000
172.78000
191.00000
131.93000
175.46000
121.11000
148.91000
149.46000
119.95000
148.11000
130.89000
199.83000
149.91000
194.08000
180.47000
143.84000
143.90000
122.15000
159.28000
179.74000
175.60000
146.30000
176.33000
197.73000
109.10000
148.30000
140.38000
167.86000
135.17000
124.01000
161.71000
149.28000
121.14000
184.19000
167.40000
138.18000
151.11000
159.41000
131.28000
191.69000
136.35000
189.89000
105.01000
124.57000
153.38000
111.72000
167.24000
167.42000
119.15000
187.54000
110.69000
152.42000
139.65000
06.90000
08.46000
06.07000
08.64000
05.18000
09.98000
08.03000
06.15000
06.55000
05.89000
08.82000
06.75000
08.37000
09.96000
09.73000
06.62000
05.25000
05.12000
08.10000
09.82000
06.79000
06.38000
08.95000
05.18000
07.39000
06.02000
08.32000
08.70000
05.91000
08.97000
09.77000
06.53000
08.59000
09.33000
05.06000
09.17000
07.06000
08.44000
05.08000
08.19000
09.95000
08.45000
05.42000
07.03000
09.69000
08.38000
05.38000
07.68000
07.04000
08.37000
07.96000
09.67000
08.22000
05.15000
08.97000
07.72000
07.98000
05.81000
06.46000
05.71000
08.32000
06.64000
06.76000
08.42000
09.44000
09.95000
06.78000
09.55000
06.66000
05.25000
05.58000
06.67000
06.06000
07.98000
05.34000
07.29000
05.31000
07.11000
08.65000
06.20000
09.93000
08.71000
08.71000
06.26000
06.01000
09.16000
07.54000
09.01000
06.03000
05.15000
06.79000
05.83000
09.48000
05.69000
06.15000
09.36000
05.57000
06.44000
08.77000
07.65000
08.39000
05.28000
08.17000
07.12000
07.74000
05.09000
05.45000
05.28000
07.76000
08.61000
09.24000
06.38000
08.68000
07.04000
06.54000
09.29000
08.62000
06.33000
05.98000
06.42000
08.30000
08.20000
07.86000
05.31000
09.07000
08.27000
08.81000
08.78000
07.26000
06.95000
07.30000
06.31000
09.95000
09.93000
06.25000
07.86000
05.25000
05.80000
08.33000
05.02000
3
3
7
14
3
15
6
8
2
1
2
3
9
4
19
3
5
16
13
3
20
12
17
3
18
11
10
384.75860
