20
4
162.82000
125.95000
193.15000
183.04000
153.27000
150.58000
160.76000
158.66000
158.20000
162.35000
113.16000
141.73000
118.23000
101.88000
190.98000
172.87000
173.98000
109.79000
134.83000
192.71000
118.63000
129.04000
166.79000
199.30000
145.56000
126.15000
113.16000
180.30000
152.79000
157.45000
172.65000
178.32000
105.95000
188.59000
110.87000
158.98000
170.64000
185.18000
193.46000
187.91000
148.79000
123.05000
158.94000
163.33000
107.18000
175.50000
117.35000
195.87000
138.26000
185.78000
143.75000
131.55000
132.64000
144.52000
128.77000
161.01000
180.95000
142.35000
163.03000
174.87000
120.86000
114.34000
103.05000
148.95000
190.57000
192.99000
197.87000
173.42000
164.41000
142.18000
154.63000
176.22000
157.99000
177.51000
188.95000
173.00000
186.95000
114.64000
116.45000
179.37000
02.53000
02.34000
01.72000
04.44000
01.59000
01.54000
04.02000
02.03000
03.91000
03.30000
01.15000
03.73000
04.62000
02.72000
04.22000
04.65000
02.84000
02.93000
04.37000
03.94000
01.06000
02.27000
04.77000
02.46000
03.05000
02.10000
04.93000
04.71000
04.41000
02.82000
04.52000
01.93000
01.26000
04.56000
03.66000
02.22000
01.72000
03.44000
02.48000
01.73000
01.52000
02.77000
01.70000
03.46000
01.55000
03.77000
02.23000
03.35000
01.86000
02.83000
03.60000
03.85000
03.57000
01.07000
02.93000
02.11000
03.82000
03.61000
01.36000
03.23000
02.58000
02.85000
01.27000
04.38000
01.57000
03.02000
01.74000
03.54000
01.06000
03.72000
03.78000
02.31000
03.18000
03.08000
01.51000
02.80000
02.05000
03.23000
01.06000
03.13000
5
11
8
17
14
18
5
20
13
6
2
15
5
16
9
5
7
12
5
19
3
1
10
4
681.53760
