20
10
97.48000
59.16000
12.78000
8.04000
41.37000
82.23000
25.14000
62.50000
92.14000
40.57000
13.09000
72.55000
42.90000
30.49000
79.12000
47.85000
8.51000
74.02000
53.46000
22.81000
42.42000
77.88000
57.07000
93.16000
17.87000
14.20000
85.75000
46.01000
27.18000
23.90000
55.66000
56.97000
89.27000
82.62000
97.12000
15.05000
49.86000
91.75000
68.20000
32.02000
61.27000
41.92000
58.28000
2.77000
6.87000
96.21000
68.34000
88.31000
21.94000
80.85000
7.30000
65.73000
79.02000
73.56000
58.08000
25.12000
76.40000
77.84000
32.33000
81.34000
59.59000
6.68000
6.86000
44.64000
78.30000
4.34000
42.68000
57.54000
91.11000
31.02000
94.46000
50.14000
48.92000
93.28000
26.46000
41.39000
26.36000
24.45000
24.69000
74.99000
36.45000
57.78000
22.57000
51.11000
27.87000
73.32000
50.47000
86.16000
28.14000
15.82000
85.86000
99.41000
90.24000
43.46000
95.10000
63.42000
93.91000
42.15000
69.31000
74.46000
3.71000
20.69000
64.89000
92.66000
17.15000
93.46000
41.55000
74.94000
73.14000
65.78000
48.57000
21.94000
54.50000
74.18000
80.15000
82.54000
66.80000
81.90000
56.25000
34.39000
50.99000
15.31000
98.55000
68.79000
97.15000
66.38000
92.09000
78.89000
93.09000
67.32000
24.78000
31.33000
73.23000
58.75000
42.41000
78.08000
96.73000
7.01000
18.52000
98.88000
39.88000
2.43000
98.67000
85.13000
78.83000
76.27000
91.02000
19.22000
24.69000
57.88000
92.57000
90.22000
88.20000
15.72000
29.44000
81.94000
9.90000
42.98000
50.52000
99.97000
19.27000
57.53000
96.37000
85.32000
50.58000
22.33000
85.75000
60.83000
97.90000
10.97000
21.72000
43.35000
78.08000
45.49000
31.52000
67.31000
31.73000
73.68000
69.11000
92.87000
3.83000
63.45000
94.95000
3.06000
85.52000
81.73000
28.19000
49.68000
76.15000
79.43000
37.62000
23.30000
19.40000
56.92000
80.32000
35.70000
82.74000
39.35000
39.10000
25.39000
08.91000
08.39000
06.45000
05.88000
07.53000
06.34000
08.61000
05.49000
07.78000
06.92000
07.27000
09.63000
05.98000
05.52000
06.92000
06.86000
09.75000
08.81000
08.28000
06.94000
08.86000
09.04000
09.02000
09.47000
08.68000
06.74000
05.93000
07.32000
08.68000
08.64000
07.06000
06.68000
05.99000
08.42000
07.66000
09.36000
09.00000
06.02000
09.23000
08.44000
06.72000
07.17000
08.64000
07.73000
09.85000
06.41000
08.41000
06.14000
05.26000
09.02000
06.76000
08.75000
07.13000
08.21000
05.99000
06.90000
05.85000
08.46000
09.62000
08.19000
09.64000
07.85000
05.84000
08.78000
05.80000
05.39000
07.05000
09.17000
08.16000
08.86000
06.17000
07.95000
09.16000
07.24000
08.74000
07.25000
07.51000
05.80000
06.59000
05.45000
08.44000
09.39000
09.39000
05.54000
05.64000
06.77000
09.98000
06.37000
09.32000
08.02000
07.24000
08.31000
06.44000
09.19000
06.27000
05.53000
05.22000
07.56000
08.43000
08.43000
07.29000
09.85000
07.68000
05.20000
08.39000
06.41000
09.50000
08.12000
08.35000
08.50000
07.03000
06.70000
09.93000
05.43000
06.16000
08.39000
07.13000
07.78000
09.00000
06.86000
06.41000
05.47000
06.06000
08.64000
07.59000
05.98000
06.62000
09.26000
09.18000
06.90000
09.20000
06.43000
05.99000
07.07000
06.73000
07.13000
09.03000
06.59000
08.36000
09.57000
05.86000
06.92000
08.68000
05.84000
08.48000
09.96000
06.01000
05.20000
05.52000
07.28000
07.27000
09.14000
05.04000
08.51000
08.63000
05.40000
06.36000
09.55000
07.55000
07.98000
05.16000
05.30000
08.97000
09.12000
07.10000
08.65000
06.17000
07.25000
09.43000
06.19000
09.27000
07.13000
09.74000
09.60000
09.00000
08.54000
06.88000
06.78000
07.34000
07.53000
09.30000
06.22000
09.91000
07.63000
07.08000
05.56000
05.34000
05.34000
08.98000
08.34000
09.54000
09.42000
08.36000
09.49000
09.02000
07.94000
09.86000
05.20000
06.52000
05.21000
2
7
17
1
16
3
9
11
5
3
19
3
6
1
10
2
20
1
2
12
18
3
8
14
2
1
15
2
13
4
38.82172
