20
4
117.10000
134.46000
143.01000
198.85000
197.15000
122.13000
197.09000
134.38000
185.42000
190.69000
129.72000
171.12000
122.55000
180.75000
181.51000
149.67000
149.16000
132.95000
193.08000
110.67000
128.20000
101.74000
186.59000
187.69000
161.53000
166.17000
111.24000
107.90000
118.91000
108.57000
192.74000
188.88000
165.95000
194.54000
196.74000
196.25000
168.30000
189.71000
188.84000
195.63000
124.76000
142.13000
176.98000
173.69000
140.72000
100.58000
139.83000
159.11000
123.12000
110.62000
164.42000
141.43000
162.57000
162.87000
141.39000
111.27000
149.70000
147.95000
161.34000
159.26000
113.22000
169.62000
123.99000
175.79000
101.04000
102.33000
158.80000
176.18000
136.74000
149.31000
199.30000
198.67000
135.94000
126.20000
161.11000
158.87000
114.26000
148.63000
159.86000
172.42000
03.87000
02.67000
02.60000
02.90000
02.18000
04.32000
04.52000
03.30000
04.50000
01.26000
02.02000
04.56000
01.96000
04.61000
02.22000
01.80000
01.68000
01.51000
04.24000
02.14000
02.65000
01.78000
04.13000
03.08000
01.87000
03.53000
04.90000
02.64000
03.21000
04.92000
03.84000
03.89000
02.80000
02.08000
01.09000
02.99000
04.74000
03.13000
04.76000
04.04000
01.01000
02.59000
03.14000
03.33000
04.14000
04.87000
01.14000
02.87000
04.29000
01.95000
04.73000
03.78000
02.59000
02.97000
03.03000
03.18000
04.18000
01.05000
01.17000
02.22000
04.98000
03.21000
03.24000
03.14000
03.79000
02.88000
04.91000
03.20000
01.86000
01.85000
02.90000
01.60000
01.31000
02.22000
03.34000
04.48000
04.26000
02.13000
04.34000
01.95000
5
19
9
11
17
20
5
12
1
2
4
8
5
3
14
6
16
5
5
7
10
18
13
15
662.49490
