20
4
78.71000
69.93000
81.77000
1.16000
1.21000
95.69000
89.55000
24.42000
30.08000
77.00000
25.81000
72.84000
7.54000
54.08000
29.78000
87.63000
72.81000
67.15000
42.66000
10.03000
95.91000
30.92000
43.22000
6.20000
91.80000
28.03000
39.41000
5.53000
5.54000
70.59000
35.43000
82.82000
1.08000
25.59000
96.25000
6.02000
44.42000
56.99000
88.84000
38.11000
70.32000
7.57000
61.86000
83.76000
36.78000
46.85000
55.80000
68.91000
6.37000
49.79000
97.71000
13.09000
68.79000
7.13000
79.32000
6.01000
16.77000
8.58000
90.35000
38.41000
47.14000
23.95000
5.27000
32.34000
73.68000
74.62000
6.78000
16.60000
78.78000
45.84000
93.59000
77.64000
77.91000
52.08000
83.16000
32.95000
86.53000
9.81000
89.96000
95.98000
07.17000
05.47000
08.22000
05.05000
07.25000
05.21000
05.99000
05.80000
07.45000
07.93000
05.86000
08.98000
06.70000
07.55000
06.71000
08.50000
08.89000
07.96000
07.46000
08.28000
07.02000
09.56000
08.59000
05.79000
07.62000
07.78000
09.76000
09.30000
06.91000
05.36000
07.21000
07.25000
05.05000
07.46000
06.09000
09.79000
07.21000
09.24000
06.56000
07.09000
09.26000
07.96000
07.75000
08.78000
09.08000
07.06000
09.03000
06.71000
09.67000
07.91000
09.29000
07.09000
07.45000
06.92000
09.94000
06.33000
08.82000
05.50000
07.38000
05.85000
09.26000
05.50000
05.51000
05.55000
07.87000
08.27000
08.54000
08.99000
05.97000
09.32000
09.89000
07.06000
06.23000
06.31000
07.22000
07.40000
06.30000
06.90000
08.19000
07.66000
5
4
3
10
11
7
5
9
12
20
18
14
5
15
19
8
1
17
5
13
16
2
5
6
100.56370
