20
10
65.15000
8.26000
7.57000
67.55000
58.94000
42.07000
20.92000
18.88000
80.34000
98.95000
66.71000
50.70000
95.70000
52.44000
24.67000
48.93000
96.13000
97.83000
96.28000
23.23000
59.07000
23.31000
64.18000
85.65000
75.29000
43.99000
89.36000
87.88000
5.87000
37.13000
72.38000
84.40000
42.99000
52.61000
19.83000
38.49000
7.61000
66.06000
62.04000
37.15000
9.85000
14.63000
13.83000
95.90000
12.98000
23.88000
78.91000
19.43000
99.13000
45.08000
24.56000
52.55000
18.07000
32.21000
8.94000
62.62000
39.36000
63.00000
16.95000
40.74000
62.16000
74.90000
16.48000
51.99000
91.37000
50.88000
40.18000
79.35000
38.51000
97.25000
40.79000
65.93000
27.71000
96.83000
55.80000
5.91000
9.86000
56.20000
48.49000
17.25000
90.33000
31.16000
34.65000
64.44000
64.95000
37.15000
40.13000
19.36000
55.76000
45.51000
97.58000
65.01000
91.00000
90.67000
49.61000
50.21000
25.66000
33.78000
60.57000
46.48000
72.32000
54.77000
97.57000
34.49000
21.15000
29.18000
58.15000
75.23000
78.66000
86.85000
53.35000
4.51000
3.91000
42.52000
52.61000
45.46000
75.74000
32.71000
50.14000
49.96000
89.79000
12.45000
5.78000
21.52000
37.06000
56.96000
40.23000
50.39000
34.28000
21.57000
52.12000
28.95000
91.10000
21.14000
63.48000
84.43000
43.95000
96.27000
22.11000
71.79000
31.53000
61.61000
38.48000
84.88000
59.13000
64.07000
89.68000
76.56000
4.09000
3.31000
98.64000
73.28000
52.40000
22.02000
65.74000
32.11000
18.82000
89.66000
16.12000
33.86000
92.36000
67.10000
92.76000
48.87000
9.22000
70.11000
5.39000
35.33000
36.06000
60.98000
94.72000
29.95000
64.99000
37.03000
67.21000
42.42000
12.86000
20.28000
50.10000
8.16000
16.42000
95.21000
54.49000
60.04000
45.68000
48.97000
76.65000
93.76000
37.62000
54.47000
67.87000
64.94000
11.21000
87.33000
59.49000
60.58000
10.13000
48.94000
8.57000
93.45000
05.38000
06.04000
09.29000
09.77000
07.39000
08.30000
07.23000
05.94000
08.02000
09.88000
08.07000
07.72000
07.37000
09.94000
05.03000
07.41000
06.80000
08.89000
07.58000
08.54000
05.53000
06.74000
06.36000
06.75000
07.61000
05.10000
07.24000
05.56000
07.98000
07.94000
09.81000
05.54000
07.51000
07.71000
08.09000
07.27000
08.35000
08.09000
07.33000
07.56000
07.26000
06.16000
06.09000
08.95000
07.61000
08.16000
08.46000
07.84000
08.19000
06.17000
06.74000
07.95000
06.92000
07.15000
06.96000
09.36000
07.96000
09.32000
06.42000
08.42000
08.99000
06.24000
05.84000
05.61000
06.99000
05.50000
07.33000
07.25000
07.74000
09.42000
07.64000
05.38000
07.43000
05.74000
06.07000
05.88000
08.50000
08.46000
08.20000
05.89000
07.95000
06.95000
05.70000
05.02000
08.64000
06.72000
05.62000
08.93000
09.68000
08.93000
05.48000
06.90000
06.81000
08.38000
09.12000
06.84000
06.99000
06.11000
06.64000
07.92000
05.94000
06.46000
05.98000
07.50000
05.26000
06.36000
08.68000
05.01000
08.42000
08.95000
06.44000
09.71000
06.94000
07.31000
08.90000
07.81000
08.56000
05.76000
06.94000
06.74000
06.87000
06.86000
09.43000
07.22000
08.97000
09.30000
09.72000
05.94000
06.31000
06.66000
06.25000
05.09000
07.43000
06.53000
05.66000
05.40000
07.12000
07.77000
05.88000
08.84000
09.21000
06.52000
06.60000
08.66000
06.99000
08.81000
08.46000
07.74000
07.60000
05.99000
07.03000
06.37000
07.86000
06.44000
07.25000
06.05000
05.85000
09.79000
05.32000
09.54000
07.85000
05.97000
08.75000
09.73000
08.07000
09.47000
08.51000
07.14000
09.44000
07.61000
09.32000
06.13000
08.30000
05.82000
05.64000
05.22000
07.26000
05.74000
08.20000
09.20000
06.28000
05.52000
09.14000
09.84000
05.44000
08.08000
09.54000
07.93000
05.57000
08.11000
09.94000
05.82000
08.80000
09.31000
05.59000
05.31000
08.50000
06.61000
07.99000
09.48000
1
2
1
19
2
7
9
2
18
20
2
14
13
3
11
17
4
3
16
15
8
4
1
6
10
5
1
12
1
3
35.12187
