20
7
20.74000
11.97000
89.07000
2.47000
55.38000
3.22000
81.78000
52.81000
99.97000
8.18000
13.93000
7.11000
26.27000
64.50000
98.37000
89.41000
29.31000
25.76000
54.48000
17.94000
45.15000
34.30000
19.28000
84.90000
7.24000
39.79000
69.58000
35.94000
74.33000
60.35000
35.84000
53.75000
82.21000
38.90000
51.62000
75.82000
4.33000
43.63000
66.42000
41.21000
40.05000
11.14000
78.66000
8.23000
16.69000
26.43000
89.61000
98.04000
87.51000
93.83000
27.94000
61.76000
61.61000
95.54000
6.73000
29.86000
96.15000
51.42000
66.32000
47.72000
99.82000
12.59000
19.19000
19.62000
76.66000
41.05000
3.18000
58.27000
75.08000
83.73000
42.08000
41.80000
60.04000
70.40000
64.50000
55.43000
59.92000
80.87000
37.71000
12.69000
54.54000
83.39000
29.56000
49.58000
44.75000
50.15000
42.36000
4.39000
21.96000
11.90000
94.61000
72.61000
66.73000
29.52000
38.74000
31.24000
38.45000
29.27000
75.21000
91.97000
90.30000
2.82000
33.72000
12.47000
8.34000
69.36000
76.05000
28.74000
22.73000
81.60000
43.48000
16.88000
66.70000
92.29000
92.78000
48.99000
62.67000
31.96000
48.13000
50.17000
95.33000
93.70000
10.70000
36.26000
6.54000
24.24000
33.50000
29.45000
33.05000
75.58000
65.90000
32.53000
69.06000
29.37000
33.80000
1.16000
10.28000
52.43000
37.90000
53.46000
06.89000
08.37000
07.55000
05.96000
06.66000
08.57000
08.10000
06.31000
05.64000
06.77000
07.27000
05.04000
05.74000
09.77000
05.33000
05.70000
09.91000
07.25000
07.28000
08.49000
06.85000
08.65000
07.44000
08.80000
07.84000
07.68000
09.79000
08.00000
09.24000
05.14000
09.95000
06.54000
08.45000
07.17000
05.18000
06.38000
06.97000
05.93000
05.64000
09.27000
06.84000
06.33000
08.55000
09.61000
07.55000
07.84000
06.61000
07.07000
05.95000
07.80000
06.37000
08.70000
08.46000
06.53000
08.20000
07.26000
08.76000
08.53000
08.50000
08.35000
06.96000
09.89000
09.74000
06.93000
05.05000
05.10000
09.60000
05.64000
07.44000
05.10000
07.46000
08.39000
06.96000
08.05000
06.65000
09.79000
06.79000
09.34000
09.62000
05.44000
07.70000
09.48000
09.02000
05.08000
05.38000
05.18000
08.95000
07.95000
08.23000
09.23000
09.85000
09.97000
06.56000
09.89000
06.58000
07.41000
09.15000
05.83000
06.28000
05.72000
08.38000
05.75000
07.34000
06.13000
06.59000
06.71000
07.69000
07.87000
09.03000
09.10000
06.97000
05.83000
08.31000
07.43000
08.92000
06.58000
08.69000
09.73000
07.69000
08.96000
08.81000
09.84000
07.59000
07.60000
09.36000
09.75000
05.02000
06.50000
06.89000
05.18000
09.20000
06.47000
09.94000
06.72000
08.86000
06.73000
06.80000
06.59000
06.23000
06.90000
6
2
6
4
5
17
10
1
16
4
12
11
14
13
1
7
3
20
1
19
3
3
15
8
2
18
9
49.91252
