20
7
196.89000
181.67000
101.14000
100.60000
194.40000
149.98000
106.47000
100.09000
193.02000
127.58000
152.81000
195.09000
169.83000
156.02000
180.54000
184.17000
166.01000
128.42000
169.12000
192.47000
158.19000
199.61000
166.76000
134.36000
161.50000
147.10000
198.15000
157.86000
165.34000
143.83000
139.32000
156.47000
163.61000
163.78000
153.70000
117.43000
126.75000
144.99000
156.27000
167.07000
101.42000
129.75000
110.93000
122.12000
162.40000
151.57000
144.91000
185.93000
143.74000
107.21000
132.54000
166.26000
190.51000
162.45000
144.65000
148.40000
136.85000
159.63000
116.16000
169.24000
164.28000
169.10000
141.21000
117.18000
193.45000
115.35000
110.24000
161.68000
146.52000
181.68000
152.65000
120.47000
129.09000
160.01000
106.08000
161.26000
148.34000
131.37000
184.75000
115.85000
143.78000
186.06000
158.36000
169.52000
129.68000
151.46000
148.29000
101.97000
196.23000
138.12000
114.24000
153.61000
193.95000
173.52000
195.04000
133.94000
187.45000
186.71000
118.57000
129.06000
133.44000
154.07000
164.64000
161.79000
116.64000
184.77000
191.85000
141.29000
116.23000
172.39000
143.93000
109.03000
187.05000
164.32000
170.25000
150.69000
110.49000
122.05000
121.72000
141.03000
157.68000
154.39000
138.00000
133.21000
196.97000
109.51000
143.78000
135.32000
199.44000
167.45000
138.98000
172.17000
158.60000
154.91000
167.90000
114.98000
107.02000
125.18000
188.88000
136.57000
02.72000
03.94000
04.91000
04.41000
03.18000
03.86000
02.71000
04.61000
01.57000
04.22000
04.66000
01.92000
02.64000
02.05000
03.90000
02.50000
03.45000
04.16000
04.90000
01.34000
04.84000
01.41000
02.09000
03.88000
01.90000
04.75000
04.31000
02.38000
01.46000
04.24000
02.93000
04.92000
02.25000
01.01000
04.32000
03.05000
01.82000
04.49000
04.69000
03.60000
01.91000
03.42000
03.32000
02.06000
03.72000
02.14000
01.16000
02.27000
02.15000
03.36000
02.62000
02.06000
01.80000
01.19000
01.20000
01.19000
04.55000
04.55000
02.72000
01.24000
03.69000
02.37000
03.48000
02.09000
02.36000
04.82000
04.40000
03.54000
01.74000
03.93000
03.08000
01.33000
03.13000
02.66000
01.00000
01.35000
03.69000
01.29000
02.46000
01.78000
03.07000
02.31000
04.49000
03.75000
04.36000
02.52000
04.58000
04.94000
04.04000
03.73000
02.61000
02.39000
02.04000
04.66000
03.92000
04.96000
04.60000
03.82000
03.16000
04.32000
01.61000
04.98000
04.37000
01.16000
04.03000
01.77000
03.03000
01.37000
01.03000
03.79000
02.27000
02.06000
04.06000
03.36000
02.17000
02.95000
01.33000
03.10000
02.61000
01.05000
03.41000
03.40000
02.30000
01.88000
02.27000
01.06000
02.96000
01.43000
02.60000
02.94000
04.95000
04.37000
03.20000
03.84000
04.95000
04.16000
02.14000
03.36000
01.97000
02.06000
3
18
4
3
2
14
13
3
1
2
10
3
15
20
7
3
11
19
8
3
9
12
5
3
6
17
16
346.86440
