20
7
181.17000
155.12000
106.85000
199.56000
108.88000
166.52000
110.67000
139.80000
191.97000
196.28000
168.58000
148.09000
197.00000
109.79000
104.16000
190.58000
142.08000
111.47000
167.57000
147.50000
131.06000
100.98000
151.57000
181.38000
163.15000
137.08000
163.96000
109.85000
159.32000
179.06000
178.81000
141.34000
118.55000
115.33000
108.35000
171.31000
103.88000
185.90000
103.90000
121.77000
136.27000
154.84000
125.43000
102.22000
169.44000
181.23000
139.26000
155.26000
170.03000
126.10000
115.71000
151.08000
128.81000
185.30000
165.07000
148.81000
113.12000
118.76000
149.21000
146.63000
138.72000
159.79000
182.91000
100.23000
137.15000
110.49000
127.63000
148.63000
157.99000
118.15000
101.48000
122.63000
118.19000
145.44000
197.18000
154.41000
123.75000
131.55000
171.53000
127.71000
111.12000
136.53000
184.54000
126.62000
196.08000
111.45000
168.97000
101.19000
123.39000
114.73000
106.17000
171.79000
145.53000
110.20000
130.67000
128.02000
116.56000
150.74000
153.55000
123.52000
165.58000
166.60000
107.88000
112.46000
122.28000
108.69000
105.18000
134.34000
125.74000
146.73000
193.06000
111.05000
148.36000
155.10000
182.20000
148.97000
176.63000
109.72000
172.37000
131.07000
131.40000
141.65000
146.45000
170.35000
170.52000
131.24000
158.75000
123.43000
121.06000
150.09000
126.87000
185.55000
134.73000
167.51000
147.05000
114.27000
189.79000
166.84000
117.10000
156.22000
07.62000
09.72000
07.81000
05.50000
09.85000
07.31000
08.67000
08.50000
05.74000
08.48000
07.12000
06.37000
07.78000
05.91000
07.12000
06.68000
05.77000
06.45000
08.65000
09.91000
05.60000
07.60000
06.45000
05.13000
08.34000
05.92000
07.48000
07.14000
09.03000
05.32000
09.48000
09.39000
05.35000
05.02000
08.11000
05.08000
05.33000
06.53000
08.16000
08.40000
05.29000
08.62000
09.70000
05.36000
08.24000
08.30000
08.70000
08.89000
09.27000
07.79000
05.27000
07.34000
07.27000
05.21000
05.36000
09.33000
09.66000
09.06000
07.18000
07.63000
05.44000
06.05000
06.31000
07.06000
06.94000
06.21000
09.34000
08.22000
08.90000
06.02000
05.57000
07.50000
06.28000
08.59000
08.61000
07.56000
05.69000
05.55000
07.42000
08.36000
05.50000
09.31000
09.43000
06.97000
09.07000
07.93000
09.37000
06.61000
05.74000
06.11000
09.60000
09.42000
05.14000
06.80000
07.44000
09.47000
06.67000
09.55000
08.72000
06.21000
06.80000
09.04000
07.46000
05.15000
05.14000
06.38000
06.31000
09.32000
06.54000
08.79000
05.41000
08.46000
07.65000
07.60000
05.63000
09.13000
07.99000
08.93000
09.54000
06.37000
08.44000
07.14000
06.73000
07.26000
09.16000
06.64000
05.89000
06.33000
08.87000
06.82000
06.13000
07.88000
07.32000
09.80000
05.51000
05.77000
05.26000
05.57000
06.87000
05.50000
3
15
3
5
3
20
2
19
3
4
18
17
3
10
13
11
3
1
14
8
3
6
7
12
2
16
9
359.14070
