20
4
39.57000
29.37000
80.20000
60.44000
25.61000
69.95000
78.83000
75.31000
71.62000
19.67000
58.52000
68.93000
19.81000
17.75000
59.52000
81.53000
9.41000
5.42000
23.02000
54.32000
73.57000
8.17000
86.77000
15.70000
96.84000
89.12000
50.02000
88.05000
16.30000
94.87000
90.44000
18.70000
94.92000
90.40000
75.00000
70.61000
1.67000
41.68000
68.68000
11.74000
66.02000
12.01000
81.41000
7.25000
31.45000
63.40000
26.36000
6.05000
3.09000
81.54000
22.37000
65.98000
70.66000
57.18000
60.18000
78.75000
26.88000
80.02000
31.49000
35.08000
97.07000
65.84000
96.55000
63.37000
64.76000
76.99000
3.63000
22.03000
38.85000
36.54000
23.85000
85.32000
34.81000
58.95000
73.67000
70.72000
68.12000
60.69000
69.57000
92.68000
08.66000
08.73000
07.14000
06.32000
05.35000
07.48000
07.55000
09.58000
09.21000
06.24000
07.08000
07.31000
09.14000
08.92000
09.64000
08.42000
09.05000
09.43000
09.12000
06.81000
05.42000
07.08000
05.12000
06.55000
08.11000
08.84000
07.54000
05.24000
07.79000
08.26000
09.51000
06.66000
09.59000
05.47000
06.19000
05.95000
08.69000
05.63000
07.75000
08.28000
10.00000
08.94000
08.00000
05.15000
06.22000
07.45000
07.96000
07.26000
07.76000
07.25000
06.42000
06.35000
06.00000
09.74000
09.80000
08.84000
07.37000
06.33000
09.51000
06.13000
07.49000
09.01000
05.60000
08.82000
06.26000
09.01000
09.18000
07.40000
05.31000
08.08000
06.87000
06.37000
07.30000
08.87000
06.32000
08.40000
09.88000
09.05000
05.19000
06.14000
6
5
1
10
19
14
18
5
3
12
20
2
17
5
6
15
4
8
9
4
16
13
11
7
150.74130
