20
4
170.44000
114.24000
170.96000
135.76000
192.87000
165.59000
166.26000
146.30000
146.19000
145.48000
112.76000
155.70000
171.02000
194.53000
151.08000
104.57000
107.99000
153.38000
121.84000
133.54000
181.78000
183.92000
192.93000
165.31000
159.11000
183.96000
151.03000
123.07000
164.39000
190.86000
119.90000
120.51000
163.25000
170.24000
165.16000
123.25000
121.32000
187.74000
152.43000
196.91000
168.78000
159.19000
127.10000
180.95000
143.24000
100.56000
153.53000
166.86000
119.30000
153.67000
126.87000
159.83000
187.56000
109.15000
137.72000
150.47000
138.67000
157.62000
176.73000
129.43000
165.73000
120.20000
112.72000
119.32000
142.58000
161.65000
182.25000
186.66000
183.70000
158.79000
123.88000
167.50000
104.73000
127.24000
153.22000
177.46000
121.30000
182.63000
185.91000
132.18000
06.23000
05.84000
06.10000
05.22000
08.07000
08.66000
07.63000
09.78000
06.52000
08.44000
07.74000
05.76000
05.50000
09.10000
05.32000
07.07000
08.91000
09.54000
09.28000
07.62000
09.76000
05.09000
07.60000
06.31000
05.00000
09.74000
06.36000
07.92000
07.31000
09.62000
09.75000
09.84000
06.82000
09.87000
07.93000
07.21000
08.71000
05.65000
06.06000
05.20000
05.03000
07.38000
06.93000
09.92000
05.47000
08.09000
05.20000
09.58000
06.92000
08.30000
07.69000
09.43000
05.79000
09.40000
05.79000
05.89000
08.49000
07.81000
05.93000
05.34000
06.62000
06.65000
05.42000
09.03000
09.60000
07.74000
05.12000
06.87000
09.18000
06.74000
05.25000
08.93000
08.03000
06.29000
08.47000
07.88000
08.80000
09.04000
07.45000
06.36000
5
15
2
10
11
19
5
5
16
8
17
12
5
7
18
9
6
14
5
1
3
20
4
13
740.55980
