20
7
16.06000
71.67000
22.09000
56.05000
54.49000
47.26000
91.62000
89.26000
83.31000
17.28000
42.15000
6.96000
60.50000
59.22000
55.22000
4.96000
32.23000
29.37000
78.75000
33.13000
25.82000
86.90000
34.46000
24.77000
80.04000
40.37000
54.47000
21.95000
87.92000
58.19000
83.32000
34.43000
67.39000
45.74000
71.65000
42.64000
37.93000
95.61000
45.90000
90.41000
22.17000
32.47000
84.75000
80.44000
63.04000
83.12000
60.58000
12.42000
48.78000
60.05000
32.40000
72.84000
41.81000
2.88000
51.01000
85.48000
19.43000
51.73000
57.39000
48.94000
6.98000
46.64000
38.11000
2.28000
13.56000
73.85000
61.01000
95.40000
9.69000
96.70000
88.02000
72.84000
62.02000
75.48000
81.41000
31.82000
65.52000
83.44000
4.96000
58.72000
79.28000
7.79000
24.91000
75.62000
54.86000
58.50000
18.93000
34.22000
50.84000
60.56000
16.03000
80.95000
73.17000
52.81000
72.42000
1.73000
67.46000
1.35000
60.24000
78.99000
86.05000
91.35000
50.60000
54.81000
4.60000
86.67000
68.68000
82.74000
47.99000
55.70000
6.12000
77.88000
71.71000
50.78000
71.88000
93.34000
81.33000
63.95000
6.25000
97.19000
43.78000
40.13000
48.41000
25.99000
60.93000
6.45000
65.60000
21.30000
78.49000
73.32000
65.49000
9.15000
83.08000
18.92000
47.83000
71.67000
25.72000
68.47000
51.06000
20.30000
02.67000
03.48000
04.75000
01.34000
03.65000
04.27000
02.73000
01.68000
04.85000
04.30000
01.20000
01.58000
01.37000
04.17000
04.16000
03.32000
01.61000
03.31000
03.91000
02.95000
02.19000
01.67000
04.41000
02.94000
02.29000
03.81000
03.69000
02.57000
03.58000
01.22000
04.47000
02.41000
01.87000
03.36000
02.72000
02.83000
04.81000
01.01000
01.24000
04.51000
01.93000
01.62000
01.76000
01.51000
01.08000
04.04000
04.07000
03.34000
02.97000
02.95000
01.93000
04.17000
02.04000
03.55000
03.18000
03.34000
03.04000
02.87000
04.98000
03.04000
02.45000
01.11000
03.43000
03.84000
02.55000
02.78000
03.08000
02.81000
04.47000
01.05000
01.79000
02.86000
02.15000
02.72000
02.15000
02.21000
02.31000
04.92000
02.53000
04.40000
02.77000
01.65000
02.14000
03.62000
01.80000
04.28000
04.71000
04.94000
03.42000
01.36000
02.97000
03.14000
04.90000
02.19000
04.11000
02.17000
02.85000
04.89000
01.63000
01.80000
04.73000
03.01000
02.01000
01.16000
03.21000
02.52000
04.47000
04.50000
04.13000
02.28000
01.26000
03.87000
03.00000
01.95000
01.06000
02.85000
01.13000
04.48000
01.35000
03.29000
03.85000
01.66000
02.18000
04.80000
03.31000
04.23000
01.91000
01.89000
04.78000
04.18000
04.80000
04.44000
03.89000
02.39000
04.89000
04.51000
04.56000
01.56000
03.50000
02.95000
3
20
12
10
1
17
3
13
8
14
5
16
1
9
19
4
4
3
2
7
18
2
11
5
2
15
6
58.39266
