20
10
21.46000
25.50000
35.97000
89.79000
15.95000
55.76000
22.94000
72.37000
8.66000
5.45000
62.47000
81.30000
64.94000
45.10000
34.28000
2.50000
76.90000
73.02000
40.85000
43.63000
93.53000
24.59000
79.18000
57.60000
66.56000
62.80000
15.52000
93.59000
85.43000
31.70000
90.71000
32.62000
45.33000
80.17000
14.31000
35.94000
64.21000
84.85000
15.64000
91.58000
11.40000
26.95000
62.91000
67.00000
71.32000
45.41000
71.08000
46.92000
11.60000
95.93000
4.67000
8.04000
77.03000
33.49000
21.84000
15.71000
42.17000
34.81000
8.52000
61.05000
70.77000
93.73000
81.60000
21.58000
66.46000
4.09000
38.53000
11.94000
37.31000
66.82000
79.08000
92.99000
8.45000
65.75000
42.79000
60.94000
29.78000
7.45000
90.90000
33.73000
20.06000
65.34000
2.82000
76.15000
39.46000
25.23000
50.77000
44.53000
95.17000
32.36000
22.30000
99.01000
17.42000
22.15000
57.01000
88.38000
57.19000
53.75000
22.27000
84.19000
90.36000
35.18000
90.34000
35.46000
95.77000
40.27000
86.62000
48.87000
93.85000
37.34000
51.00000
8.04000
41.65000
39.15000
51.93000
37.12000
20.01000
83.22000
83.61000
86.99000
67.29000
59.69000
77.60000
80.51000
78.30000
33.74000
86.84000
11.86000
85.11000
96.51000
68.88000
12.00000
97.38000
65.83000
45.75000
10.17000
50.55000
81.33000
64.25000
59.34000
46.33000
23.41000
35.94000
78.26000
4.06000
35.28000
8.76000
33.72000
84.88000
16.40000
95.57000
76.19000
78.78000
10.49000
98.76000
63.75000
97.54000
85.98000
43.46000
77.23000
3.64000
8.76000
70.71000
2.49000
34.12000
46.89000
20.39000
9.37000
46.20000
68.25000
67.88000
69.28000
30.96000
70.13000
18.64000
92.89000
4.28000
74.58000
98.92000
15.62000
91.12000
59.77000
61.00000
57.93000
4.49000
82.11000
70.13000
27.96000
12.02000
15.41000
31.31000
42.19000
33.68000
33.31000
74.87000
88.61000
14.16000
37.20000
58.88000
81.00000
07.57000
05.55000
08.68000
06.66000
05.72000
09.61000
06.87000
09.34000
06.94000
08.68000
09.90000
05.84000
06.35000
06.93000
06.02000
08.45000
05.28000
09.78000
09.67000
05.70000
05.41000
05.71000
07.31000
08.29000
05.28000
07.66000
07.90000
08.23000
08.52000
05.42000
07.76000
08.17000
06.01000
06.44000
05.90000
08.69000
09.87000
09.41000
07.58000
06.60000
07.90000
06.74000
07.66000
08.89000
05.90000
08.59000
09.90000
05.50000
09.83000
08.40000
06.26000
07.76000
07.62000
08.14000
07.76000
05.78000
08.41000
06.03000
06.70000
05.91000
05.60000
05.35000
07.01000
05.31000
09.93000
05.82000
09.87000
08.81000
08.34000
08.50000
05.37000
08.88000
07.01000
06.17000
07.83000
06.39000
08.39000
07.82000
07.81000
08.49000
09.79000
09.53000
09.84000
09.13000
09.94000
07.53000
09.58000
07.24000
07.40000
06.18000
08.70000
05.12000
07.90000
05.27000
06.06000
05.68000
08.40000
05.84000
06.76000
08.08000
08.93000
09.21000
05.92000
05.27000
05.92000
05.71000
09.46000
08.16000
09.35000
08.74000
08.15000
09.59000
05.70000
06.36000
06.60000
05.73000
07.73000
07.89000
05.71000
09.04000
06.79000
07.77000
08.18000
09.48000
05.48000
07.13000
08.54000
09.22000
07.61000
05.87000
05.84000
06.35000
06.74000
06.58000
06.73000
06.59000
07.63000
08.10000
09.13000
06.92000
05.51000
09.91000
08.65000
05.39000
05.12000
07.02000
08.63000
06.21000
06.39000
09.10000
06.65000
09.15000
06.15000
09.54000
07.66000
05.73000
07.45000
07.95000
07.84000
08.69000
08.11000
08.19000
07.03000
08.27000
07.36000
07.62000
07.43000
08.83000
07.22000
07.39000
05.83000
09.17000
09.02000
07.93000
06.69000
07.83000
05.37000
05.90000
05.74000
09.58000
06.30000
06.30000
07.63000
08.69000
09.28000
09.72000
06.25000
07.69000
08.30000
06.94000
07.45000
05.30000
05.49000
06.65000
06.48000
08.35000
09.23000
08.80000
09.84000
09.90000
1
2
2
17
20
2
7
5
2
1
3
2
18
15
1
16
2
10
8
2
6
11
3
9
4
19
3
12
13
14
28.30759
