20
4
88.57000
12.88000
71.66000
88.41000
24.31000
27.71000
87.66000
83.33000
31.61000
37.54000
46.83000
93.36000
51.70000
82.58000
88.39000
59.72000
25.80000
5.06000
54.58000
22.62000
79.38000
65.04000
63.54000
70.49000
33.54000
99.89000
71.76000
49.96000
87.31000
40.21000
14.07000
16.88000
8.65000
49.97000
54.44000
36.22000
60.54000
95.14000
59.83000
73.96000
62.95000
94.06000
58.26000
14.98000
87.03000
15.18000
98.60000
56.38000
67.05000
26.05000
90.23000
34.39000
92.73000
18.38000
23.89000
38.72000
55.79000
81.89000
88.27000
60.09000
65.82000
5.57000
76.42000
21.08000
54.02000
20.02000
37.66000
53.82000
91.16000
99.66000
6.08000
60.48000
93.72000
61.95000
96.14000
56.52000
77.15000
21.37000
26.32000
57.43000
03.25000
04.94000
02.38000
02.99000
01.46000
01.80000
03.36000
02.77000
03.98000
04.27000
04.22000
01.72000
01.96000
03.48000
04.10000
02.96000
02.52000
02.54000
02.11000
01.62000
04.00000
02.33000
03.66000
02.53000
03.28000
02.08000
04.89000
01.50000
03.49000
02.29000
03.11000
02.98000
04.76000
03.09000
02.44000
03.11000
03.19000
04.59000
03.02000
02.02000
03.73000
01.25000
03.94000
02.60000
04.35000
02.60000
03.09000
01.87000
03.31000
02.07000
01.14000
01.83000
01.74000
04.79000
03.23000
03.59000
04.75000
03.88000
02.46000
04.29000
03.99000
02.92000
03.51000
02.96000
01.28000
03.27000
04.56000
01.60000
01.63000
04.72000
01.74000
04.39000
03.17000
01.39000
01.18000
01.47000
04.03000
03.41000
04.99000
02.96000
5
9
7
3
12
11
4
1
2
6
13
6
20
10
16
19
8
18
5
15
14
5
4
17
144.61400
