20
4
158.27000
144.86000
118.19000
185.94000
144.82000
130.64000
168.23000
121.53000
143.50000
126.20000
150.72000
137.22000
194.95000
172.18000
106.27000
173.64000
139.77000
109.20000
175.52000
171.42000
160.60000
172.81000
156.34000
180.20000
114.93000
182.66000
107.07000
163.40000
128.46000
130.62000
199.82000
117.53000
166.83000
182.32000
100.20000
108.21000
195.64000
103.38000
173.86000
101.06000
172.69000
178.74000
142.36000
184.50000
140.17000
108.44000
102.44000
199.37000
190.49000
131.13000
190.66000
102.54000
114.27000
137.44000
197.66000
184.64000
102.14000
117.99000
114.06000
136.30000
151.69000
171.89000
150.85000
177.08000
165.69000
108.31000
123.16000
105.02000
175.22000
131.67000
198.82000
177.71000
195.91000
157.59000
193.45000
110.77000
143.38000
101.70000
122.67000
119.83000
08.15000
06.97000
05.36000
09.66000
07.87000
07.12000
06.18000
07.97000
07.02000
07.05000
08.39000
05.50000
09.51000
05.68000
05.89000
06.18000
09.25000
06.89000
07.58000
08.91000
08.81000
08.26000
05.22000
06.83000
05.01000
08.94000
07.58000
07.13000
08.57000
05.16000
09.89000
08.04000
09.66000
07.06000
07.30000
09.72000
08.44000
09.81000
09.97000
07.33000
07.35000
07.98000
08.80000
09.17000
06.34000
07.95000
09.52000
06.99000
09.15000
05.22000
07.28000
07.81000
07.20000
06.20000
08.46000
08.05000
06.88000
07.29000
09.49000
09.10000
09.92000
05.71000
07.14000
08.43000
09.82000
05.06000
08.92000
09.68000
06.64000
07.62000
06.45000
05.47000
08.04000
06.05000
07.38000
08.45000
06.67000
08.00000
09.38000
06.28000
5
3
1
4
9
18
5
15
16
14
6
17
5
7
20
2
10
12
5
13
19
11
5
8
716.15990
