20
7
124.06000
186.02000
191.50000
142.56000
137.32000
188.26000
100.31000
180.53000
176.39000
164.35000
135.78000
151.99000
165.23000
127.70000
135.17000
177.39000
191.90000
143.31000
174.80000
103.76000
165.44000
174.93000
102.03000
132.53000
179.20000
146.56000
133.56000
121.05000
115.85000
148.39000
145.68000
126.56000
191.17000
101.28000
173.67000
133.20000
197.47000
190.12000
104.42000
164.15000
130.98000
132.86000
126.98000
190.26000
104.72000
140.71000
181.01000
107.92000
100.10000
111.00000
125.88000
119.15000
159.05000
131.38000
179.32000
181.13000
112.58000
166.05000
123.12000
102.60000
108.60000
123.86000
173.38000
191.54000
121.41000
163.15000
191.53000
139.48000
169.54000
180.03000
117.92000
195.16000
130.48000
163.32000
112.07000
173.19000
183.27000
190.90000
110.07000
152.21000
147.52000
119.69000
137.15000
188.95000
104.93000
191.19000
187.89000
121.11000
145.81000
101.62000
128.42000
113.56000
167.58000
150.35000
194.45000
197.70000
181.71000
138.30000
110.72000
181.49000
111.04000
124.13000
177.03000
188.44000
106.53000
128.48000
120.31000
184.02000
143.91000
148.83000
112.38000
137.86000
199.89000
179.46000
174.48000
132.52000
177.72000
128.71000
129.42000
139.63000
151.55000
191.32000
179.45000
138.82000
120.30000
178.07000
148.52000
154.46000
181.63000
199.39000
122.36000
135.00000
125.92000
103.84000
192.12000
123.56000
182.61000
166.59000
163.03000
164.83000
01.04000
01.84000
02.58000
01.23000
02.49000
01.56000
04.84000
02.70000
02.90000
01.99000
04.97000
04.71000
01.40000
03.50000
04.49000
02.81000
01.42000
04.30000
04.24000
01.35000
02.20000
02.20000
02.54000
04.87000
03.89000
01.52000
04.62000
04.44000
01.38000
03.28000
02.59000
03.03000
02.81000
02.97000
02.22000
04.55000
03.07000
04.41000
03.08000
04.22000
02.50000
03.54000
03.48000
04.81000
03.66000
01.81000
01.78000
02.43000
01.28000
03.14000
03.25000
02.39000
04.34000
03.03000
03.75000
03.81000
03.11000
03.77000
03.47000
03.67000
03.67000
04.19000
02.35000
03.50000
04.19000
04.36000
03.26000
03.41000
04.03000
02.27000
01.74000
04.45000
03.89000
01.29000
04.65000
02.88000
04.30000
02.04000
01.66000
03.24000
02.33000
01.83000
03.68000
02.41000
01.91000
01.18000
01.34000
01.51000
03.55000
03.41000
03.30000
03.94000
01.53000
02.62000
03.26000
03.92000
04.50000
04.68000
04.25000
02.52000
01.66000
04.53000
04.69000
02.85000
04.48000
03.36000
01.29000
02.02000
02.82000
04.33000
03.61000
01.25000
01.50000
02.13000
03.09000
04.64000
02.12000
01.75000
02.98000
01.61000
04.42000
02.58000
01.54000
01.26000
04.61000
02.32000
01.47000
03.06000
02.76000
02.47000
04.90000
04.64000
02.01000
03.20000
02.88000
02.81000
04.84000
01.51000
04.78000
02.22000
3
4
20
7
3
3
14
16
3
9
12
17
3
11
19
15
3
8
2
10
3
18
1
5
2
6
13
351.98560
