20
4
105.87000
187.91000
105.08000
194.74000
133.30000
186.25000
158.11000
142.51000
172.09000
168.60000
192.81000
194.59000
162.86000
175.58000
149.80000
191.63000
146.23000
147.82000
169.71000
174.23000
191.57000
159.71000
134.68000
152.66000
101.39000
170.17000
199.88000
132.95000
163.38000
186.71000
150.07000
102.14000
143.16000
174.95000
150.86000
125.84000
106.37000
100.52000
167.90000
169.69000
175.14000
156.50000
114.92000
176.02000
129.51000
179.14000
192.73000
152.18000
103.43000
106.49000
185.42000
178.37000
187.53000
129.17000
183.60000
145.21000
172.44000
137.82000
177.90000
143.32000
187.34000
132.21000
111.17000
154.94000
170.79000
192.57000
130.67000
122.05000
180.25000
145.34000
133.98000
189.39000
131.33000
106.14000
136.73000
172.56000
139.66000
190.60000
154.55000
187.21000
02.79000
03.08000
03.22000
04.72000
04.41000
04.44000
02.27000
04.65000
01.67000
04.73000
04.52000
01.06000
01.69000
03.05000
01.09000
01.08000
03.60000
02.55000
03.12000
03.83000
01.17000
04.21000
02.99000
03.17000
04.22000
01.43000
03.89000
04.51000
02.01000
02.92000
03.60000
04.19000
02.66000
04.81000
02.23000
02.32000
02.30000
03.22000
03.91000
03.03000
02.16000
01.32000
04.28000
01.99000
01.68000
04.89000
01.48000
03.64000
03.85000
04.90000
01.90000
04.29000
01.79000
02.46000
02.66000
01.06000
04.64000
02.71000
04.88000
03.07000
04.84000
03.70000
04.03000
04.15000
01.18000
01.06000
04.55000
01.20000
03.40000
04.33000
04.00000
03.22000
01.62000
03.64000
04.52000
04.34000
01.97000
01.10000
04.24000
02.69000
5
19
9
11
17
20
5
12
1
2
4
8
5
3
14
6
16
5
5
7
10
18
13
15
677.57780
