20
10
86.89000
60.49000
88.49000
56.62000
44.84000
56.63000
70.06000
14.55000
69.46000
96.33000
86.00000
36.35000
52.85000
77.89000
40.80000
32.67000
10.86000
23.34000
61.69000
37.95000
81.63000
1.69000
31.58000
95.74000
84.69000
91.68000
80.13000
70.78000
56.62000
41.59000
4.94000
88.46000
16.38000
25.04000
35.32000
37.79000
7.66000
42.44000
29.36000
30.54000
41.38000
47.69000
99.57000
73.96000
37.40000
99.03000
90.44000
62.20000
13.16000
40.50000
19.49000
1.09000
40.23000
48.83000
69.63000
79.73000
16.87000
28.50000
52.54000
16.99000
89.41000
44.66000
42.75000
27.97000
66.88000
15.78000
4.85000
56.09000
22.99000
49.95000
66.44000
97.95000
7.63000
54.74000
91.79000
73.49000
95.43000
61.46000
68.89000
26.42000
6.30000
76.29000
96.52000
23.29000
22.62000
50.99000
54.95000
96.39000
7.56000
60.93000
79.66000
57.97000
14.12000
66.28000
38.00000
78.57000
21.03000
51.96000
20.09000
56.50000
15.44000
49.66000
73.01000
51.13000
54.94000
51.81000
18.50000
78.81000
72.01000
37.04000
28.37000
55.73000
48.49000
42.87000
96.84000
31.78000
89.94000
32.56000
44.85000
81.61000
31.27000
27.05000
95.92000
89.49000
14.93000
36.49000
6.85000
13.11000
56.65000
54.60000
64.21000
36.85000
91.84000
22.96000
17.78000
15.69000
80.69000
6.95000
38.13000
27.36000
21.73000
44.64000
85.81000
59.54000
92.15000
40.89000
27.65000
7.31000
54.00000
77.95000
62.21000
27.02000
19.05000
26.27000
16.62000
1.49000
24.81000
78.03000
39.79000
36.29000
2.82000
64.62000
78.06000
26.73000
20.36000
24.15000
8.81000
26.36000
13.68000
16.80000
43.93000
42.29000
97.65000
64.61000
13.65000
9.93000
15.87000
16.37000
69.95000
87.46000
89.40000
39.03000
15.27000
31.12000
47.10000
9.89000
14.79000
96.83000
46.76000
43.70000
25.52000
74.08000
33.09000
41.83000
4.55000
74.63000
74.53000
29.44000
32.70000
37.01000
06.88000
06.43000
05.10000
05.51000
05.87000
05.96000
09.42000
07.24000
07.58000
06.71000
06.34000
07.11000
08.34000
09.08000
05.35000
08.65000
05.76000
09.73000
07.15000
06.64000
05.22000
09.77000
08.94000
07.00000
08.36000
06.68000
05.34000
08.99000
06.52000
05.14000
05.80000
09.84000
06.84000
08.82000
05.58000
06.35000
07.70000
07.67000
06.17000
06.59000
05.47000
08.91000
06.87000
08.31000
08.46000
06.10000
07.05000
08.97000
07.33000
07.75000
09.41000
09.91000
06.25000
07.07000
06.23000
07.49000
05.61000
08.56000
06.05000
09.31000
06.80000
05.65000
05.83000
08.61000
06.71000
09.71000
05.72000
09.19000
05.16000
09.54000
05.84000
08.01000
09.60000
09.13000
06.77000
07.19000
08.72000
08.74000
05.33000
05.11000
08.13000
08.58000
07.06000
05.50000
09.06000
09.64000
05.67000
08.06000
07.56000
08.18000
07.04000
05.33000
05.59000
05.23000
06.29000
06.47000
06.38000
08.07000
09.75000
06.89000
06.57000
08.39000
06.25000
08.17000
06.22000
08.15000
05.30000
06.72000
09.57000
05.78000
09.90000
08.26000
09.39000
05.61000
05.94000
05.26000
09.68000
08.19000
05.54000
06.38000
08.89000
05.06000
09.70000
05.62000
07.04000
09.38000
05.27000
06.85000
09.20000
05.19000
06.47000
05.71000
05.16000
06.36000
06.21000
09.20000
05.95000
07.97000
08.64000
05.52000
09.04000
07.83000
09.81000
05.77000
09.39000
05.12000
07.29000
05.56000
06.51000
06.54000
06.05000
09.77000
08.45000
06.72000
07.26000
06.14000
09.53000
06.54000
08.36000
08.69000
06.52000
09.97000
09.36000
07.49000
08.05000
06.61000
07.94000
09.46000
06.05000
06.05000
08.52000
06.78000
08.14000
09.95000
06.83000
09.23000
08.15000
06.20000
09.83000
07.84000
06.14000
06.59000
05.54000
08.81000
05.21000
05.62000
08.43000
06.13000
08.23000
05.43000
09.93000
07.16000
08.59000
05.95000
06.55000
09.97000
05.91000
08.38000
06.04000
08.88000
2
8
17
3
13
11
2
2
20
12
1
4
2
19
9
1
7
2
5
18
2
14
16
2
10
1
3
3
6
15
30.84372
