20
7
139.83000
199.35000
105.48000
106.02000
103.01000
112.03000
103.12000
120.33000
101.56000
145.70000
198.90000
156.89000
105.16000
143.87000
169.52000
109.98000
135.03000
189.12000
118.26000
187.95000
193.17000
184.83000
164.01000
190.84000
175.80000
113.63000
152.09000
167.24000
142.33000
172.04000
139.01000
134.45000
119.88000
151.61000
115.13000
141.06000
199.60000
195.45000
109.91000
162.20000
102.87000
181.15000
160.64000
149.66000
172.16000
173.12000
136.90000
165.31000
187.28000
197.14000
143.26000
113.86000
192.13000
177.20000
193.13000
132.59000
107.18000
101.33000
151.52000
197.80000
106.72000
141.72000
108.97000
187.97000
161.40000
163.88000
146.81000
181.03000
144.25000
165.18000
121.11000
110.92000
150.35000
161.39000
152.70000
112.94000
163.82000
144.84000
126.51000
173.96000
140.04000
179.96000
101.71000
162.98000
112.53000
129.29000
105.46000
170.71000
179.22000
106.50000
127.90000
175.54000
195.72000
153.54000
156.67000
195.19000
119.22000
101.41000
155.99000
111.45000
178.79000
111.92000
106.04000
159.81000
154.48000
105.01000
108.42000
161.36000
143.64000
189.66000
194.64000
127.40000
146.78000
143.37000
153.51000
117.45000
178.51000
145.19000
162.92000
167.59000
126.61000
139.96000
121.85000
177.54000
117.96000
119.83000
161.12000
178.86000
121.02000
189.42000
195.58000
176.23000
140.62000
146.15000
124.58000
105.35000
108.16000
101.49000
149.05000
190.95000
05.20000
06.53000
06.98000
09.94000
06.02000
06.59000
05.17000
06.98000
08.49000
09.83000
09.34000
05.76000
09.66000
07.22000
05.50000
09.64000
08.84000
08.88000
05.64000
09.87000
08.72000
06.09000
05.22000
07.36000
09.03000
09.41000
07.56000
08.58000
09.33000
05.25000
06.41000
06.89000
08.06000
07.37000
05.70000
07.49000
09.04000
06.79000
08.52000
06.61000
07.23000
09.30000
05.17000
06.07000
06.16000
09.30000
08.72000
07.87000
06.42000
07.07000
09.71000
06.06000
08.92000
06.51000
08.62000
07.56000
08.10000
06.93000
08.21000
08.41000
07.60000
05.38000
09.21000
09.34000
08.32000
06.22000
08.43000
07.71000
08.63000
08.40000
09.75000
07.51000
06.78000
07.04000
07.56000
05.95000
07.66000
05.80000
06.61000
07.49000
07.39000
07.35000
08.16000
05.51000
06.74000
07.45000
06.61000
05.34000
06.41000
07.21000
05.46000
08.17000
05.56000
07.81000
09.06000
08.87000
08.12000
07.13000
05.28000
07.64000
05.85000
08.15000
09.47000
09.04000
06.50000
06.75000
05.22000
07.66000
05.20000
06.08000
07.21000
09.81000
09.39000
06.99000
09.64000
09.07000
09.36000
05.14000
08.31000
07.51000
08.43000
05.61000
06.02000
05.10000
07.72000
06.72000
05.04000
09.60000
05.96000
09.45000
09.24000
08.51000
09.93000
06.69000
06.20000
09.00000
07.40000
09.22000
08.30000
09.84000
3
12
1
19
3
4
14
15
3
20
11
8
3
6
17
3
3
2
9
7
2
16
13
3
5
10
18
363.40460
