20
10
62.62000
53.45000
39.84000
43.56000
93.41000
28.82000
21.11000
30.55000
80.16000
59.25000
46.71000
65.07000
57.30000
86.35000
64.43000
2.09000
84.00000
76.48000
46.83000
18.35000
36.25000
88.92000
56.02000
96.26000
35.85000
75.46000
36.87000
20.39000
97.04000
25.46000
82.60000
38.12000
34.59000
7.37000
20.34000
32.26000
83.99000
15.39000
97.98000
9.40000
2.01000
9.95000
25.02000
52.47000
75.19000
80.03000
9.86000
37.36000
71.56000
81.14000
46.48000
35.45000
6.98000
35.31000
64.10000
81.16000
21.05000
88.35000
16.71000
35.66000
86.75000
21.87000
87.04000
94.17000
50.20000
96.71000
78.38000
27.19000
77.27000
8.65000
3.61000
41.90000
13.66000
55.07000
17.78000
52.08000
26.83000
63.12000
3.73000
95.23000
78.38000
50.00000
1.78000
84.83000
27.29000
76.38000
84.19000
4.21000
16.67000
84.54000
29.36000
27.77000
43.81000
77.96000
44.97000
72.36000
31.75000
84.88000
66.44000
79.60000
43.55000
36.30000
27.55000
53.22000
5.48000
92.15000
33.86000
68.04000
96.49000
45.91000
54.98000
92.33000
94.21000
27.91000
78.90000
70.80000
98.03000
94.22000
19.39000
71.90000
45.40000
35.30000
21.77000
92.99000
33.27000
91.86000
93.49000
58.65000
56.68000
83.51000
63.26000
72.52000
94.35000
94.16000
21.20000
32.87000
50.77000
34.49000
82.16000
60.77000
78.23000
87.72000
57.85000
52.09000
72.13000
47.07000
45.32000
16.27000
51.72000
78.06000
68.18000
80.13000
23.59000
44.96000
46.38000
21.32000
19.05000
34.78000
23.62000
38.21000
73.76000
72.80000
36.97000
5.44000
55.36000
6.43000
41.18000
63.04000
69.12000
52.75000
29.78000
89.66000
75.20000
79.10000
74.32000
64.04000
58.51000
76.61000
73.08000
88.64000
56.21000
62.14000
55.14000
53.52000
21.56000
81.44000
56.85000
31.49000
41.17000
87.79000
78.97000
89.51000
53.52000
75.38000
72.38000
36.17000
21.90000
63.18000
12.72000
1.78000
02.78000
03.82000
01.03000
04.03000
01.58000
01.40000
02.96000
03.33000
03.98000
02.56000
01.77000
03.12000
01.78000
02.37000
03.78000
04.98000
03.83000
04.92000
04.32000
03.48000
04.69000
03.61000
01.67000
01.88000
03.56000
04.63000
04.94000
02.58000
03.21000
02.31000
04.59000
04.19000
02.09000
04.39000
01.57000
04.90000
03.67000
03.54000
01.85000
03.93000
02.28000
03.07000
01.88000
02.34000
02.76000
04.99000
04.20000
03.71000
02.80000
01.51000
02.48000
01.72000
04.47000
01.98000
01.32000
04.22000
02.86000
04.71000
02.28000
04.02000
01.95000
03.58000
03.45000
02.63000
02.51000
04.20000
04.75000
02.56000
03.61000
04.81000
02.32000
04.84000
03.95000
01.37000
01.36000
03.93000
03.23000
02.84000
04.06000
03.26000
01.44000
02.71000
04.53000
04.82000
04.80000
02.74000
04.82000
04.94000
01.49000
03.22000
04.00000
02.68000
03.86000
03.74000
04.90000
04.12000
01.24000
04.88000
03.33000
04.35000
04.96000
04.30000
03.09000
03.22000
04.01000
02.53000
02.89000
02.55000
03.67000
01.39000
01.15000
04.99000
02.89000
01.08000
03.31000
01.23000
01.62000
02.80000
03.84000
02.97000
03.38000
04.76000
03.95000
02.50000
02.82000
02.94000
04.35000
04.82000
04.20000
03.23000
03.36000
03.55000
02.11000
03.48000
02.06000
03.02000
04.12000
02.50000
02.52000
04.55000
04.17000
02.43000
01.98000
01.38000
02.66000
04.67000
01.38000
01.16000
03.14000
02.48000
04.74000
01.11000
04.80000
04.31000
01.76000
04.18000
03.86000
03.61000
03.15000
02.32000
04.64000
01.49000
03.21000
01.30000
02.65000
01.38000
03.61000
01.29000
03.02000
01.87000
04.15000
03.28000
02.57000
03.02000
04.16000
01.86000
03.13000
01.92000
03.97000
04.60000
03.14000
03.04000
02.27000
04.86000
01.40000
03.33000
02.25000
02.29000
01.34000
01.44000
04.01000
02.26000
02.41000
02.07000
01.50000
03.98000
01.06000
02.93000
01.68000
03.65000
2
7
16
2
18
14
2
12
1
3
2
10
11
2
9
8
2
3
5
1
15
1
13
2
6
4
3
17
19
20
37.49518
