20
4
135.03000
186.56000
167.95000
122.80000
133.78000
172.62000
150.11000
166.10000
159.51000
158.32000
129.56000
129.35000
152.84000
184.27000
146.93000
153.16000
154.40000
191.11000
142.83000
178.18000
126.35000
182.39000
197.79000
165.00000
127.99000
132.32000
175.13000
155.08000
122.42000
128.96000
178.07000
174.68000
175.28000
137.93000
172.25000
189.42000
152.19000
124.86000
123.29000
164.93000
138.54000
173.47000
158.31000
124.94000
169.30000
101.41000
195.33000
139.21000
185.24000
199.68000
112.85000
169.13000
176.98000
158.91000
101.48000
105.33000
135.16000
169.73000
151.86000
138.43000
111.45000
100.95000
180.22000
136.20000
132.43000
159.00000
182.55000
196.31000
170.03000
100.07000
159.33000
147.26000
139.89000
139.81000
126.17000
104.68000
157.62000
193.82000
198.69000
184.19000
02.14000
04.34000
03.02000
02.95000
04.21000
04.18000
03.58000
04.42000
04.03000
01.06000
01.46000
04.49000
04.75000
02.11000
03.79000
02.30000
01.47000
02.45000
01.69000
04.96000
02.67000
03.40000
01.58000
04.10000
03.70000
04.89000
02.03000
01.27000
02.59000
01.77000
04.40000
03.89000
03.47000
02.17000
04.82000
04.10000
02.47000
02.21000
03.43000
02.02000
01.53000
04.51000
02.55000
01.85000
04.88000
04.44000
01.65000
03.93000
03.01000
04.94000
04.09000
01.12000
01.04000
03.12000
02.99000
02.57000
04.09000
04.11000
03.48000
01.39000
04.74000
02.49000
03.04000
01.94000
01.57000
01.13000
02.61000
04.83000
01.41000
02.80000
02.25000
01.82000
02.38000
01.64000
04.08000
03.03000
02.61000
03.76000
02.23000
02.59000
5
11
1
4
5
12
5
8
14
18
9
19
5
20
3
15
17
6
5
7
13
2
10
16
687.66630
