20
7
182.51000
134.72000
139.38000
156.16000
135.29000
136.24000
153.03000
143.15000
181.74000
188.14000
196.56000
167.72000
163.40000
130.82000
168.55000
171.02000
173.40000
143.71000
194.14000
108.29000
150.91000
162.72000
127.12000
111.02000
158.65000
159.83000
178.06000
110.27000
175.01000
151.10000
113.49000
138.32000
173.97000
199.95000
120.64000
165.63000
193.56000
121.37000
125.84000
189.21000
185.23000
118.29000
150.69000
151.84000
149.33000
143.78000
161.48000
191.87000
181.63000
182.28000
173.15000
106.71000
147.91000
104.64000
171.02000
130.49000
190.50000
145.78000
191.95000
136.39000
112.15000
101.18000
118.09000
192.14000
138.97000
193.74000
185.35000
173.43000
195.23000
194.06000
126.26000
168.60000
172.89000
139.78000
108.56000
184.83000
152.93000
145.11000
164.03000
180.85000
167.27000
141.84000
171.48000
161.65000
157.77000
143.59000
108.72000
182.20000
153.90000
130.73000
199.52000
193.30000
183.14000
142.10000
153.39000
159.56000
174.56000
105.57000
156.41000
109.63000
128.72000
109.71000
123.20000
198.09000
185.30000
143.28000
145.77000
183.72000
158.16000
186.08000
165.94000
174.95000
194.72000
187.49000
169.42000
153.18000
156.46000
198.44000
130.96000
176.37000
119.93000
187.45000
179.65000
173.81000
107.96000
150.35000
169.36000
150.60000
133.18000
162.06000
178.18000
193.45000
122.31000
166.85000
177.34000
134.93000
128.61000
123.09000
139.65000
196.69000
09.02000
06.56000
06.41000
07.68000
06.24000
09.39000
09.54000
07.41000
06.37000
05.99000
08.90000
06.59000
05.67000
07.80000
07.19000
06.53000
07.68000
05.40000
08.15000
06.45000
07.04000
07.44000
06.40000
06.66000
07.17000
05.36000
05.41000
06.80000
08.59000
06.11000
08.07000
08.32000
07.70000
07.68000
08.80000
08.16000
06.30000
05.31000
06.15000
09.26000
07.68000
06.02000
07.51000
06.70000
09.73000
09.59000
05.72000
05.94000
09.75000
08.78000
05.76000
05.28000
05.39000
05.47000
07.31000
07.12000
07.78000
06.92000
07.37000
07.96000
06.97000
07.07000
05.45000
07.37000
07.95000
09.69000
08.84000
07.35000
08.35000
09.36000
08.77000
07.21000
06.87000
07.92000
07.56000
08.35000
08.85000
05.74000
07.96000
09.49000
09.93000
08.56000
06.12000
08.63000
06.42000
06.90000
06.89000
05.12000
06.52000
06.25000
07.82000
05.61000
08.60000
08.31000
05.01000
07.91000
05.82000
06.37000
08.02000
05.21000
08.00000
07.92000
07.70000
09.53000
05.10000
05.30000
06.51000
07.89000
09.84000
05.74000
09.51000
08.60000
07.61000
09.34000
06.34000
06.97000
06.68000
05.97000
08.29000
06.80000
06.14000
08.43000
09.60000
06.78000
08.27000
05.68000
05.90000
06.05000
05.53000
05.69000
08.78000
09.24000
06.41000
09.31000
05.07000
08.96000
05.41000
05.30000
06.34000
09.47000
2
16
6
3
18
4
8
3
13
12
14
3
1
15
11
3
20
10
7
3
3
19
2
3
9
17
5
394.69200
