20
10
15.57000
50.50000
46.72000
21.45000
12.89000
7.51000
90.09000
24.56000
47.49000
3.44000
88.95000
37.39000
11.47000
35.58000
46.77000
69.60000
19.69000
26.98000
90.78000
56.63000
15.96000
5.32000
58.59000
95.56000
26.87000
89.63000
19.86000
31.66000
39.14000
91.09000
38.37000
18.14000
71.73000
84.34000
46.45000
43.00000
69.32000
69.76000
1.16000
20.02000
82.22000
31.60000
9.27000
48.37000
99.43000
81.33000
56.14000
32.67000
91.75000
41.29000
86.05000
37.23000
31.73000
88.22000
83.91000
53.15000
15.65000
27.60000
59.41000
96.29000
6.01000
55.40000
90.89000
76.86000
25.75000
61.45000
12.50000
20.03000
81.37000
14.53000
41.35000
9.41000
24.75000
20.21000
41.67000
63.97000
29.52000
10.81000
1.50000
29.39000
48.40000
87.10000
60.27000
6.22000
98.67000
29.62000
99.84000
57.19000
38.69000
52.25000
77.30000
91.02000
20.42000
16.15000
58.00000
80.23000
22.62000
5.24000
33.05000
22.12000
5.27000
67.22000
75.48000
40.52000
3.90000
27.34000
8.70000
17.66000
62.09000
77.27000
38.81000
1.27000
62.66000
56.54000
60.99000
41.26000
12.19000
27.40000
94.20000
14.25000
2.41000
62.12000
7.47000
93.79000
63.73000
39.78000
55.61000
8.06000
29.96000
95.71000
47.54000
42.55000
34.53000
72.52000
30.05000
52.25000
37.62000
35.55000
74.68000
15.89000
28.82000
45.53000
76.33000
6.15000
55.66000
3.23000
15.59000
18.24000
80.67000
34.22000
5.79000
85.25000
17.61000
8.96000
72.10000
90.01000
3.00000
20.63000
66.38000
39.08000
92.21000
11.53000
43.08000
4.93000
64.04000
69.60000
99.05000
38.91000
81.27000
57.15000
81.50000
35.04000
60.75000
95.22000
18.67000
27.74000
43.09000
32.60000
62.52000
76.19000
34.58000
1.31000
53.90000
2.74000
26.43000
17.53000
41.94000
31.05000
92.73000
54.94000
24.18000
77.65000
79.18000
14.91000
56.70000
56.28000
54.23000
21.59000
22.32000
4.46000
09.50000
06.32000
06.37000
07.35000
08.78000
08.04000
07.58000
08.48000
05.22000
06.67000
08.34000
05.96000
05.18000
07.62000
08.13000
08.31000
06.24000
07.56000
07.68000
05.32000
06.52000
09.63000
09.32000
05.57000
09.72000
08.66000
05.19000
09.71000
08.02000
05.55000
07.71000
06.53000
08.55000
09.00000
07.11000
07.84000
09.71000
08.95000
09.92000
06.72000
06.41000
05.04000
05.81000
09.01000
07.44000
08.72000
08.75000
06.51000
05.06000
08.82000
07.08000
08.75000
08.41000
08.55000
08.07000
07.09000
07.92000
07.39000
05.26000
09.11000
08.60000
07.24000
05.82000
07.55000
08.35000
07.27000
08.09000
07.26000
07.97000
05.63000
09.43000
05.28000
09.92000
06.34000
05.40000
08.73000
07.87000
09.64000
07.82000
06.01000
09.19000
05.95000
08.12000
05.21000
06.23000
08.14000
05.68000
07.38000
07.78000
06.00000
05.47000
09.95000
05.83000
05.58000
07.58000
07.10000
08.58000
09.15000
08.35000
09.23000
05.09000
06.76000
05.97000
08.94000
07.17000
09.14000
08.13000
06.39000
05.55000
08.22000
05.91000
08.18000
07.97000
08.32000
05.21000
06.73000
08.43000
05.00000
08.16000
05.75000
06.02000
09.06000
08.98000
07.41000
08.65000
09.44000
05.02000
06.30000
08.49000
05.78000
07.38000
09.79000
05.34000
06.91000
08.98000
09.85000
05.23000
07.95000
08.98000
09.70000
07.75000
06.54000
09.15000
05.83000
05.96000
05.92000
08.28000
07.13000
09.75000
09.51000
05.00000
05.42000
07.20000
06.94000
05.51000
08.45000
07.62000
09.08000
07.24000
05.24000
06.04000
07.64000
05.85000
08.55000
05.74000
05.61000
06.71000
06.57000
06.38000
07.07000
06.52000
08.13000
05.55000
08.69000
06.01000
08.03000
07.10000
08.37000
07.14000
07.30000
07.04000
08.97000
05.41000
07.90000
07.19000
07.38000
06.29000
07.13000
06.37000
07.89000
08.36000
08.90000
07.96000
05.44000
08.12000
06.28000
06.59000
06.23000
08.34000
08.59000
2
9
20
2
13
6
2
15
1
2
5
14
2
4
11
3
19
16
8
2
17
18
2
3
10
1
12
2
7
2
39.14000
