20
7
159.27000
130.42000
150.43000
104.00000
157.65000
117.04000
131.64000
118.52000
102.11000
191.91000
144.94000
184.83000
174.42000
163.77000
160.39000
193.71000
170.45000
142.91000
137.12000
112.50000
170.86000
116.96000
197.51000
192.08000
178.89000
151.16000
158.83000
122.63000
192.18000
145.20000
149.52000
134.98000
146.82000
177.74000
100.18000
146.05000
105.46000
141.50000
142.99000
161.87000
176.89000
193.41000
172.51000
185.06000
152.19000
192.50000
197.79000
159.18000
190.48000
120.79000
152.94000
110.02000
116.52000
186.21000
113.48000
190.07000
194.12000
123.31000
169.02000
153.39000
196.32000
109.74000
159.18000
174.75000
101.28000
123.35000
146.80000
133.89000
113.77000
115.27000
193.78000
149.16000
156.60000
157.15000
179.95000
192.98000
104.13000
159.68000
111.73000
151.81000
107.64000
160.94000
194.07000
107.63000
197.49000
179.37000
123.12000
168.72000
120.77000
143.33000
102.08000
125.61000
182.70000
197.48000
149.45000
130.00000
152.56000
138.08000
122.80000
160.16000
187.60000
109.72000
151.30000
184.94000
103.20000
139.59000
177.54000
194.09000
110.24000
144.77000
193.54000
180.98000
155.75000
127.37000
165.86000
110.99000
163.30000
153.55000
112.60000
188.56000
159.66000
190.89000
105.95000
163.10000
162.44000
135.34000
124.85000
178.98000
103.84000
148.29000
117.21000
135.12000
107.06000
148.63000
182.01000
119.93000
184.36000
131.82000
182.28000
173.41000
01.89000
01.23000
04.74000
01.48000
04.93000
04.14000
01.13000
02.07000
02.51000
04.02000
04.73000
03.01000
02.81000
01.83000
01.13000
03.41000
04.32000
02.32000
01.24000
01.17000
03.24000
03.61000
02.17000
02.33000
03.92000
03.23000
01.99000
03.67000
04.54000
03.74000
01.85000
02.25000
02.75000
01.68000
04.07000
02.06000
01.05000
03.94000
02.80000
04.35000
04.16000
02.33000
01.84000
02.90000
01.95000
03.96000
03.41000
03.06000
01.23000
02.65000
01.45000
01.57000
01.05000
03.45000
04.91000
02.15000
03.75000
04.21000
01.03000
04.29000
01.67000
04.43000
02.49000
02.72000
02.44000
04.49000
01.37000
01.10000
03.87000
04.21000
01.70000
04.80000
01.22000
01.01000
03.88000
03.14000
03.57000
03.59000
01.15000
03.74000
03.88000
03.78000
02.77000
02.98000
01.38000
04.81000
03.85000
04.92000
04.94000
01.94000
04.00000
03.93000
03.92000
03.81000
03.01000
03.80000
04.01000
04.86000
03.97000
01.14000
03.35000
04.40000
01.05000
04.57000
04.06000
01.98000
03.02000
02.91000
04.36000
04.58000
03.78000
04.99000
04.61000
01.95000
01.34000
04.96000
03.98000
04.16000
03.53000
04.28000
01.30000
01.88000
01.87000
02.00000
04.23000
03.01000
01.64000
03.08000
01.58000
02.47000
02.66000
04.90000
04.57000
04.02000
03.04000
02.84000
01.74000
02.18000
01.23000
02.10000
3
20
4
6
3
17
8
15
2
14
18
3
19
10
2
3
12
1
11
3
5
9
16
3
7
3
13
348.19830
