20
7
136.29000
176.23000
136.00000
176.42000
167.83000
132.15000
104.21000
109.05000
177.06000
143.97000
107.43000
137.11000
160.23000
169.27000
123.91000
143.96000
115.14000
154.68000
108.50000
177.01000
126.88000
130.56000
174.55000
186.10000
140.26000
139.14000
163.39000
167.94000
118.57000
191.53000
182.85000
199.33000
127.95000
105.85000
137.38000
130.41000
148.64000
101.78000
120.46000
187.89000
195.98000
176.98000
178.09000
161.64000
182.75000
102.55000
151.81000
191.82000
144.42000
188.05000
141.70000
183.56000
176.43000
196.53000
187.75000
188.20000
100.82000
105.08000
131.53000
146.12000
152.34000
162.75000
169.09000
187.11000
130.09000
127.89000
199.61000
101.55000
197.49000
123.10000
141.33000
110.77000
113.67000
115.71000
154.18000
176.65000
176.83000
199.61000
112.12000
162.61000
120.05000
195.67000
170.00000
177.02000
190.82000
197.46000
148.47000
192.76000
109.06000
185.49000
118.43000
127.23000
106.95000
165.76000
119.10000
137.22000
168.23000
183.33000
116.23000
193.57000
123.76000
191.49000
165.86000
182.20000
199.60000
147.41000
106.35000
196.45000
168.35000
120.04000
185.91000
169.88000
119.59000
163.43000
157.40000
113.56000
106.99000
183.21000
112.79000
165.14000
155.48000
199.70000
167.18000
143.00000
188.78000
160.67000
140.09000
124.33000
148.79000
137.69000
105.19000
153.80000
141.89000
117.22000
138.43000
131.18000
151.04000
149.81000
167.29000
195.28000
05.60000
09.97000
09.18000
05.95000
06.87000
08.62000
06.24000
09.07000
05.94000
07.71000
06.26000
05.46000
05.88000
06.11000
09.98000
05.10000
09.50000
09.33000
06.70000
08.39000
07.50000
08.95000
09.70000
07.20000
09.52000
06.01000
07.01000
07.06000
06.89000
05.95000
08.55000
07.69000
07.17000
08.55000
06.16000
09.07000
05.83000
08.37000
08.31000
09.69000
07.79000
07.35000
07.11000
06.43000
06.05000
08.64000
06.75000
06.13000
08.78000
06.02000
08.41000
05.42000
09.16000
07.53000
08.60000
09.10000
06.39000
09.11000
08.58000
08.63000
06.43000
09.08000
06.22000
08.87000
06.26000
05.43000
07.86000
09.74000
08.97000
07.98000
07.90000
05.84000
08.19000
09.11000
09.84000
05.40000
06.69000
07.26000
05.11000
06.40000
06.43000
06.75000
07.12000
08.02000
09.24000
06.57000
06.32000
07.97000
06.88000
09.78000
07.49000
05.19000
07.03000
07.98000
07.26000
08.66000
09.62000
06.91000
08.26000
05.26000
08.49000
07.10000
08.36000
07.23000
07.94000
09.48000
05.96000
05.90000
06.03000
06.31000
09.04000
06.40000
06.83000
06.98000
07.15000
09.56000
09.78000
08.14000
09.00000
07.24000
08.54000
09.62000
09.95000
09.24000
05.99000
07.40000
07.13000
09.31000
07.65000
05.34000
07.43000
08.49000
05.04000
07.99000
06.96000
09.31000
08.22000
05.26000
09.11000
08.45000
3
11
7
3
3
2
14
18
3
9
17
6
3
5
12
8
3
1
15
13
3
10
19
16
2
20
4
375.03860
