20
7
136.77000
139.46000
187.05000
121.71000
101.41000
135.38000
141.89000
100.16000
193.27000
163.97000
130.27000
132.65000
109.76000
124.61000
187.90000
150.58000
162.37000
118.23000
139.52000
161.90000
151.80000
139.55000
163.60000
120.76000
112.34000
163.63000
143.79000
132.94000
108.51000
147.46000
166.52000
147.13000
117.02000
185.31000
153.04000
145.89000
141.15000
185.54000
126.14000
100.86000
155.94000
167.63000
196.05000
167.18000
110.04000
131.93000
197.35000
132.24000
100.47000
124.53000
147.16000
155.94000
117.61000
194.02000
136.65000
181.42000
190.91000
115.56000
171.03000
153.35000
163.02000
115.81000
129.42000
130.09000
133.42000
122.47000
157.43000
113.88000
171.42000
199.55000
112.67000
191.20000
190.44000
184.29000
115.61000
150.10000
155.46000
153.01000
113.27000
192.66000
105.40000
158.32000
151.76000
151.61000
190.50000
170.52000
150.63000
190.80000
149.56000
157.05000
110.25000
162.40000
103.42000
153.21000
114.74000
158.74000
136.99000
145.87000
187.29000
198.73000
144.52000
171.12000
100.85000
193.88000
173.66000
151.12000
111.67000
112.10000
158.99000
165.72000
109.82000
137.66000
188.16000
132.63000
152.46000
101.54000
125.37000
133.66000
148.34000
173.83000
166.33000
108.09000
124.35000
161.30000
197.22000
160.03000
110.76000
115.09000
149.46000
113.96000
148.67000
175.44000
111.85000
129.40000
152.67000
121.40000
162.28000
142.44000
101.42000
183.59000
03.37000
01.21000
01.44000
04.23000
02.09000
01.62000
02.61000
01.77000
01.60000
01.68000
02.83000
03.40000
04.22000
03.46000
03.79000
03.33000
02.57000
04.84000
04.54000
02.62000
02.52000
02.43000
04.05000
02.73000
01.53000
02.89000
04.23000
03.90000
04.82000
04.24000
02.86000
03.89000
01.20000
01.17000
03.41000
02.79000
04.26000
02.68000
01.13000
02.01000
03.64000
03.17000
03.29000
03.60000
01.59000
01.60000
03.36000
03.48000
04.25000
01.20000
01.67000
03.87000
02.76000
02.13000
01.28000
01.62000
03.60000
01.38000
03.57000
01.35000
02.35000
03.42000
04.56000
03.10000
01.89000
01.93000
03.22000
02.15000
02.89000
01.07000
03.17000
02.03000
01.72000
02.34000
03.97000
02.19000
04.60000
02.60000
01.96000
04.37000
02.30000
01.53000
02.31000
04.95000
04.00000
01.93000
04.64000
02.14000
02.89000
02.98000
04.74000
04.01000
02.46000
02.43000
02.52000
01.47000
02.53000
03.86000
01.19000
02.25000
03.89000
01.93000
01.29000
04.71000
03.60000
01.12000
03.73000
03.59000
03.13000
02.22000
01.26000
02.66000
01.97000
01.10000
01.00000
04.18000
02.40000
01.95000
03.93000
01.77000
02.84000
03.94000
03.31000
01.15000
04.02000
04.79000
02.61000
04.31000
01.69000
03.96000
01.78000
04.25000
03.21000
04.32000
01.09000
01.47000
01.23000
03.53000
01.09000
02.31000
2
6
12
3
5
20
4
3
10
18
9
3
8
11
2
3
1
15
13
3
3
17
16
3
19
7
14
351.25490
