20
4
30.98000
65.76000
23.70000
39.24000
37.98000
83.20000
29.36000
66.56000
77.10000
80.95000
87.24000
44.79000
89.56000
99.22000
39.58000
14.15000
16.58000
79.22000
25.59000
14.85000
77.88000
8.88000
31.09000
67.40000
42.25000
30.15000
8.13000
4.28000
48.22000
22.64000
9.76000
43.86000
61.75000
51.31000
1.94000
53.11000
48.82000
82.13000
49.63000
96.99000
47.27000
47.42000
91.89000
80.78000
27.08000
7.22000
12.55000
97.83000
34.76000
54.45000
5.93000
98.66000
61.02000
80.81000
62.76000
73.99000
96.59000
77.04000
74.75000
14.55000
3.71000
51.53000
43.54000
70.46000
51.32000
79.96000
78.50000
44.85000
3.25000
53.69000
25.50000
21.79000
72.95000
87.20000
98.02000
16.73000
77.91000
96.94000
14.53000
45.15000
07.61000
06.80000
05.22000
09.99000
09.88000
07.80000
08.32000
05.11000
08.53000
08.04000
09.75000
08.93000
07.47000
06.41000
08.43000
05.34000
05.61000
06.83000
08.25000
08.25000
08.58000
09.22000
09.25000
07.84000
08.95000
08.78000
08.32000
05.82000
09.27000
08.96000
09.92000
09.48000
09.69000
09.90000
09.20000
08.98000
05.37000
06.76000
06.32000
09.49000
07.21000
08.87000
07.66000
06.19000
05.00000
05.01000
05.04000
09.28000
09.82000
09.16000
07.65000
06.08000
08.08000
07.71000
06.90000
07.99000
06.18000
07.08000
09.20000
06.42000
05.92000
08.90000
09.79000
07.35000
06.33000
05.03000
07.75000
07.29000
07.49000
05.70000
05.28000
08.10000
07.06000
08.57000
05.04000
07.43000
07.69000
06.28000
09.70000
07.94000
5
20
10
12
9
3
6
2
7
19
13
11
1
4
14
5
6
4
5
16
17
8
18
15
122.69620
