20
4
68.11000
57.43000
5.68000
78.25000
33.66000
65.13000
58.06000
35.50000
9.67000
31.48000
42.01000
21.00000
36.37000
95.70000
96.76000
74.98000
54.97000
100.00000
64.52000
39.65000
2.50000
31.76000
78.16000
46.05000
39.31000
14.87000
30.19000
94.82000
21.81000
71.28000
9.90000
51.37000
14.96000
67.97000
82.25000
79.69000
83.75000
69.91000
15.21000
46.74000
39.02000
44.86000
22.51000
2.00000
27.27000
7.68000
64.52000
85.49000
71.23000
85.77000
9.10000
81.61000
62.61000
71.85000
44.97000
80.07000
91.15000
55.63000
63.85000
71.60000
21.13000
33.50000
30.47000
84.20000
95.16000
39.62000
19.14000
13.08000
27.10000
43.64000
71.46000
96.10000
30.41000
61.02000
4.88000
51.72000
21.56000
8.24000
32.88000
93.40000
07.93000
08.07000
07.02000
07.21000
07.73000
06.80000
09.29000
09.21000
07.19000
08.04000
08.18000
08.17000
05.23000
05.70000
07.59000
08.01000
05.74000
08.70000
06.43000
07.63000
08.53000
05.85000
08.77000
09.29000
09.17000
07.44000
07.88000
06.56000
09.30000
09.17000
09.05000
09.05000
09.05000
06.21000
07.44000
06.92000
08.60000
08.70000
08.19000
05.32000
05.18000
05.05000
08.02000
07.04000
07.95000
06.99000
08.27000
06.31000
08.53000
07.70000
09.53000
05.08000
08.32000
08.61000
08.20000
09.73000
08.73000
06.12000
05.70000
06.69000
08.84000
08.75000
05.45000
05.51000
06.50000
09.51000
06.67000
08.60000
06.94000
06.85000
09.50000
09.59000
07.81000
08.40000
06.59000
06.12000
06.78000
06.84000
05.60000
05.87000
5
20
10
12
9
3
6
2
7
19
13
11
1
4
14
5
6
4
5
16
17
8
18
15
118.69540
