20
7
77.80000
42.94000
70.44000
5.65000
97.35000
71.46000
76.94000
60.41000
90.94000
23.15000
79.60000
97.01000
56.78000
89.97000
52.66000
79.25000
81.27000
44.69000
33.76000
21.95000
68.50000
77.98000
33.93000
71.40000
57.94000
68.45000
86.95000
21.22000
51.99000
75.99000
96.11000
70.55000
34.54000
46.21000
27.54000
91.53000
90.05000
12.90000
22.13000
19.73000
46.46000
20.89000
20.27000
52.04000
54.96000
14.67000
51.85000
58.99000
70.88000
4.27000
1.20000
61.24000
48.36000
94.23000
58.35000
96.06000
54.42000
93.67000
6.50000
78.52000
56.05000
65.15000
9.00000
70.55000
74.46000
32.34000
44.84000
3.05000
51.39000
26.78000
73.88000
7.73000
68.96000
98.48000
24.33000
24.01000
37.60000
14.42000
23.95000
79.49000
83.70000
91.43000
71.28000
40.96000
23.48000
4.12000
39.51000
45.18000
1.34000
53.70000
11.48000
46.18000
63.47000
96.45000
34.15000
92.83000
96.69000
14.96000
69.36000
37.53000
52.14000
97.62000
75.63000
38.94000
50.65000
94.46000
65.71000
38.17000
36.21000
51.75000
80.24000
73.35000
28.31000
62.08000
46.66000
89.31000
97.47000
58.68000
17.71000
44.83000
65.62000
10.55000
9.74000
72.45000
65.96000
95.67000
28.64000
13.66000
14.80000
63.15000
85.06000
71.06000
87.46000
53.12000
20.96000
45.26000
27.70000
58.77000
14.00000
60.15000
01.31000
04.61000
03.82000
01.41000
01.20000
02.61000
04.07000
04.77000
03.29000
04.49000
02.85000
03.88000
01.81000
04.97000
01.28000
01.15000
04.29000
01.61000
04.79000
04.77000
04.11000
01.62000
04.88000
02.98000
01.69000
03.91000
03.79000
02.97000
02.28000
03.19000
02.57000
04.97000
01.82000
04.05000
03.34000
02.46000
04.08000
04.41000
03.02000
01.26000
02.79000
04.87000
01.20000
04.11000
04.49000
03.80000
01.38000
04.47000
01.35000
02.80000
02.58000
03.97000
04.93000
03.20000
03.79000
04.09000
01.10000
02.13000
01.27000
01.11000
02.78000
03.42000
03.55000
03.94000
01.07000
03.00000
03.25000
03.00000
04.95000
03.34000
03.35000
04.37000
02.46000
04.37000
02.53000
01.41000
02.47000
04.35000
03.32000
04.75000
02.73000
04.54000
01.82000
03.16000
02.72000
03.52000
02.15000
04.58000
03.16000
02.47000
02.08000
01.94000
04.45000
04.81000
01.94000
03.34000
02.30000
02.77000
04.33000
04.66000
01.30000
03.50000
02.75000
01.14000
03.72000
03.45000
04.23000
02.58000
01.28000
01.26000
03.30000
03.73000
01.60000
03.70000
02.77000
01.27000
02.14000
04.87000
02.24000
02.20000
01.39000
04.46000
04.86000
01.69000
01.51000
02.25000
01.01000
04.96000
01.93000
03.87000
01.68000
02.71000
03.41000
02.33000
04.02000
01.11000
03.01000
04.45000
04.49000
03.14000
2
13
4
2
14
18
4
7
19
10
11
4
16
15
12
8
3
5
20
6
1
1
4
17
9
2
3
66.50156
