20
10
198.13000
120.84000
171.43000
159.96000
138.00000
150.19000
110.79000
105.25000
116.79000
177.93000
147.08000
110.08000
106.77000
182.59000
165.07000
165.44000
105.21000
167.67000
174.51000
187.37000
191.29000
168.19000
124.90000
114.50000
163.60000
136.44000
123.87000
157.50000
148.71000
152.74000
157.72000
198.76000
197.02000
123.73000
189.32000
157.40000
183.90000
181.06000
106.57000
177.58000
196.67000
141.33000
164.43000
106.23000
168.76000
192.48000
157.75000
111.45000
118.55000
138.60000
127.38000
163.41000
199.54000
139.46000
139.36000
134.38000
190.25000
179.84000
184.69000
121.60000
197.32000
172.55000
195.20000
189.93000
137.76000
165.10000
157.85000
100.45000
139.92000
174.94000
169.93000
194.08000
185.44000
139.96000
125.56000
121.21000
180.97000
123.05000
143.90000
157.24000
123.64000
160.32000
196.43000
116.44000
111.96000
183.29000
165.98000
182.40000
118.31000
124.38000
142.81000
158.87000
177.44000
124.61000
174.20000
199.36000
149.13000
149.99000
132.39000
182.39000
194.38000
161.11000
176.57000
163.54000
109.02000
178.18000
153.51000
198.83000
148.37000
120.84000
158.49000
191.15000
125.32000
158.23000
116.89000
122.15000
177.77000
184.50000
179.11000
198.46000
186.29000
116.03000
169.40000
114.17000
195.56000
162.80000
120.68000
106.13000
189.74000
102.40000
186.77000
173.92000
184.86000
157.09000
196.17000
152.32000
121.93000
174.14000
102.41000
101.09000
160.29000
190.31000
199.35000
159.93000
141.53000
149.69000
190.02000
157.30000
149.54000
107.03000
176.40000
199.70000
128.46000
162.72000
115.13000
100.02000
147.42000
142.14000
187.85000
196.15000
197.46000
128.81000
169.01000
133.22000
109.33000
109.55000
146.98000
137.14000
124.58000
134.40000
148.83000
108.79000
140.47000
106.86000
184.33000
164.19000
179.27000
155.45000
188.24000
144.35000
122.95000
155.71000
147.12000
195.96000
155.79000
199.04000
106.04000
179.08000
181.51000
101.75000
142.40000
134.28000
175.49000
195.48000
144.11000
105.70000
138.14000
136.87000
124.04000
162.48000
02.59000
04.88000
04.97000
01.89000
01.72000
03.33000
01.28000
01.55000
02.42000
04.23000
04.21000
04.32000
04.03000
02.14000
03.59000
03.28000
02.88000
04.65000
02.24000
04.49000
03.05000
04.97000
03.58000
02.76000
01.56000
02.53000
01.02000
03.48000
02.79000
02.58000
02.52000
04.66000
04.69000
04.32000
04.55000
04.00000
02.20000
03.94000
04.54000
04.20000
04.14000
01.12000
01.09000
03.45000
04.21000
02.77000
01.74000
03.73000
01.21000
03.27000
03.48000
04.65000
04.71000
03.45000
02.39000
01.55000
01.30000
01.14000
03.55000
02.74000
04.67000
02.75000
02.65000
03.66000
02.32000
01.71000
01.76000
02.59000
04.82000
02.84000
03.19000
03.80000
02.36000
01.61000
03.64000
01.23000
02.15000
02.45000
04.82000
01.85000
04.04000
01.56000
02.79000
01.84000
03.98000
01.40000
02.10000
03.65000
04.00000
01.32000
02.79000
02.45000
03.94000
04.39000
03.19000
03.81000
04.62000
02.69000
02.62000
02.32000
03.27000
02.56000
04.78000
01.43000
04.33000
03.89000
04.49000
04.70000
02.67000
02.40000
01.08000
01.37000
04.75000
01.80000
03.52000
01.66000
02.02000
02.77000
01.74000
04.75000
02.67000
02.86000
03.09000
03.50000
02.91000
03.65000
01.41000
04.00000
03.21000
03.56000
04.20000
01.65000
01.64000
03.91000
04.05000
04.28000
01.29000
03.02000
02.52000
04.71000
04.74000
04.89000
01.58000
04.35000
03.12000
03.46000
02.96000
04.48000
02.53000
02.52000
01.09000
03.46000
01.69000
02.03000
01.20000
03.74000
04.30000
02.94000
01.48000
04.77000
03.75000
03.82000
04.96000
01.62000
03.49000
01.35000
01.89000
03.50000
01.07000
03.84000
02.21000
03.50000
04.82000
02.87000
04.73000
03.70000
04.08000
03.01000
01.30000
03.18000
04.99000
01.52000
02.28000
01.66000
03.49000
01.32000
03.77000
04.81000
03.09000
02.25000
04.23000
03.57000
02.76000
04.51000
01.09000
04.63000
02.43000
01.29000
04.81000
03.69000
2
17
12
2
3
19
2
11
4
2
18
8
2
9
5
2
10
15
2
2
20
2
13
16
2
6
14
2
7
1
240.60430
