20
10
149.42000
164.12000
102.52000
117.27000
133.76000
101.70000
171.70000
196.77000
158.97000
120.88000
102.26000
181.51000
122.32000
125.18000
103.96000
187.49000
146.07000
143.10000
111.59000
155.73000
134.36000
117.27000
192.42000
196.09000
119.35000
172.12000
172.23000
159.49000
134.71000
123.85000
167.00000
132.46000
155.85000
104.11000
164.60000
159.15000
183.14000
169.52000
177.93000
108.70000
117.29000
119.19000
161.38000
132.93000
115.97000
162.26000
194.77000
134.19000
150.55000
139.77000
125.17000
184.13000
199.54000
136.46000
143.63000
180.02000
166.46000
162.12000
166.14000
144.14000
179.94000
198.51000
171.07000
161.73000
172.21000
130.89000
106.85000
148.99000
150.04000
135.63000
178.38000
136.94000
120.06000
175.63000
104.80000
100.97000
113.91000
138.79000
130.25000
141.47000
140.85000
120.74000
109.16000
145.67000
108.21000
114.64000
149.35000
114.79000
108.04000
122.36000
173.78000
152.62000
100.12000
109.92000
154.70000
137.67000
169.20000
168.34000
189.39000
173.46000
111.99000
145.72000
160.13000
173.73000
150.44000
113.65000
185.30000
149.91000
143.67000
168.50000
131.08000
106.96000
129.59000
104.41000
147.86000
151.51000
171.08000
140.52000
111.03000
115.21000
109.01000
144.88000
141.99000
129.45000
145.07000
161.89000
139.79000
102.01000
136.74000
123.68000
185.59000
164.85000
125.05000
177.52000
132.92000
177.76000
176.02000
195.68000
160.28000
125.48000
143.08000
156.34000
137.21000
110.18000
177.92000
160.43000
159.02000
145.42000
175.85000
130.05000
175.36000
155.77000
106.02000
190.60000
167.88000
179.12000
162.56000
192.47000
143.22000
178.35000
147.49000
181.08000
170.91000
199.72000
154.22000
176.70000
141.59000
156.99000
191.27000
124.62000
125.59000
152.69000
180.92000
153.36000
157.70000
127.85000
170.43000
116.43000
197.68000
148.46000
117.15000
148.21000
114.40000
122.72000
116.18000
137.90000
120.18000
198.50000
150.67000
160.81000
108.48000
182.69000
121.00000
173.56000
192.19000
144.42000
152.57000
157.81000
109.22000
177.84000
03.89000
03.96000
03.32000
03.91000
02.93000
02.67000
01.30000
04.72000
03.32000
01.84000
02.17000
03.15000
01.38000
01.05000
04.75000
01.28000
02.43000
04.87000
04.87000
02.18000
04.99000
01.51000
02.22000
01.02000
01.24000
03.93000
01.20000
02.54000
02.08000
02.97000
02.65000
03.16000
02.49000
02.85000
04.00000
01.59000
02.41000
04.75000
03.72000
01.52000
01.68000
01.61000
02.10000
04.70000
03.81000
01.48000
03.19000
02.71000
03.89000
03.46000
02.89000
01.13000
04.48000
01.39000
02.27000
04.28000
01.17000
02.10000
03.42000
01.50000
02.93000
04.12000
03.34000
03.16000
01.62000
01.55000
04.93000
04.13000
02.28000
02.55000
02.48000
01.27000
04.13000
03.57000
01.68000
01.53000
03.37000
02.05000
01.26000
04.86000
03.56000
02.70000
01.47000
03.35000
03.26000
03.28000
01.56000
02.03000
01.31000
04.46000
01.79000
02.72000
02.55000
02.30000
01.49000
03.98000
04.79000
01.88000
04.98000
01.41000
03.39000
03.96000
04.62000
01.38000
04.84000
02.44000
01.79000
03.00000
03.97000
02.74000
04.73000
03.15000
04.23000
01.56000
03.41000
01.06000
02.06000
04.60000
04.77000
04.92000
04.09000
03.35000
03.15000
04.25000
02.36000
04.97000
01.14000
04.33000
04.21000
03.47000
03.62000
03.82000
04.71000
01.16000
04.16000
03.56000
03.94000
01.40000
01.35000
01.37000
04.10000
04.58000
03.96000
01.56000
03.30000
01.03000
04.85000
04.40000
03.18000
01.87000
02.64000
02.47000
03.44000
04.04000
03.55000
03.24000
04.78000
01.51000
02.76000
03.15000
01.46000
02.07000
03.07000
02.79000
03.06000
03.07000
02.12000
03.51000
03.27000
04.04000
01.83000
01.87000
03.42000
01.56000
02.01000
04.95000
01.84000
01.22000
03.50000
04.83000
03.05000
03.09000
03.19000
04.75000
04.85000
04.58000
02.31000
04.03000
02.66000
02.34000
03.78000
02.56000
04.41000
01.56000
02.06000
04.03000
03.06000
04.46000
04.58000
01.15000
2
6
3
2
20
14
2
2
1
2
16
17
2
9
5
2
12
11
2
15
8
2
4
13
2
18
10
2
7
19
242.58910
