20
7
106.47000
188.72000
162.91000
182.77000
172.29000
150.31000
164.81000
108.90000
115.30000
151.18000
160.38000
124.58000
140.70000
136.00000
168.10000
181.51000
117.78000
101.01000
145.54000
157.95000
114.50000
197.22000
108.37000
198.70000
113.88000
115.56000
190.28000
193.21000
198.46000
152.97000
155.69000
109.20000
115.26000
111.54000
171.17000
112.06000
187.86000
157.45000
154.83000
106.23000
139.24000
115.84000
157.12000
124.47000
196.12000
156.58000
176.99000
108.52000
135.38000
159.56000
114.08000
126.57000
180.20000
143.69000
167.36000
167.05000
142.85000
104.42000
199.86000
169.94000
184.17000
112.43000
102.00000
147.49000
157.71000
160.25000
125.30000
105.42000
113.24000
183.90000
194.15000
134.96000
159.51000
153.45000
199.32000
131.96000
106.82000
128.03000
108.14000
156.33000
138.24000
193.06000
111.51000
124.93000
154.67000
153.80000
121.16000
159.51000
174.68000
137.65000
156.36000
129.19000
176.95000
175.22000
134.03000
196.61000
154.19000
198.70000
160.20000
100.99000
122.46000
169.96000
197.41000
104.04000
161.59000
189.97000
183.44000
133.93000
123.66000
183.59000
139.94000
195.32000
116.63000
126.36000
119.41000
152.03000
175.01000
107.88000
175.89000
156.92000
108.66000
173.78000
123.37000
105.42000
182.62000
113.93000
189.74000
142.33000
178.65000
107.20000
155.99000
103.32000
168.38000
133.41000
194.53000
162.77000
162.50000
198.97000
191.84000
196.59000
03.77000
02.20000
02.26000
03.71000
04.16000
02.05000
02.60000
01.85000
01.35000
02.75000
04.76000
01.80000
04.71000
04.93000
04.53000
03.37000
03.93000
03.06000
04.99000
03.15000
01.87000
01.65000
03.95000
02.67000
04.53000
04.61000
03.24000
02.77000
03.53000
03.34000
02.07000
01.36000
03.22000
03.60000
02.45000
04.58000
02.78000
03.44000
04.21000
01.91000
03.50000
04.64000
03.48000
04.39000
03.93000
02.21000
03.13000
01.29000
01.54000
02.87000
02.78000
03.68000
03.54000
02.36000
04.55000
02.93000
02.47000
03.22000
02.87000
04.26000
04.53000
01.05000
03.47000
01.90000
01.01000
01.45000
03.01000
01.86000
03.21000
03.80000
03.65000
03.29000
04.09000
01.71000
04.48000
04.69000
04.40000
02.08000
03.45000
04.87000
04.81000
04.45000
03.75000
04.15000
02.56000
04.34000
03.59000
02.21000
03.95000
01.02000
03.44000
02.62000
01.53000
04.81000
03.25000
03.86000
02.17000
01.86000
04.30000
03.23000
04.60000
01.90000
03.17000
03.47000
01.42000
04.10000
01.90000
03.77000
04.06000
01.52000
03.73000
03.35000
01.55000
03.12000
04.38000
04.55000
03.75000
04.12000
03.34000
03.03000
04.31000
02.49000
04.63000
03.70000
01.13000
03.07000
02.14000
02.19000
04.36000
01.84000
03.73000
01.37000
03.41000
03.21000
02.70000
02.29000
03.00000
04.43000
02.69000
01.84000
2
5
13
3
12
14
16
3
8
11
2
3
9
19
17
3
7
20
3
3
4
15
18
3
10
6
1
345.43340
