20
7
39.70000
62.37000
78.35000
53.75000
72.71000
11.30000
44.08000
24.97000
65.66000
6.96000
56.83000
42.80000
97.18000
74.25000
72.26000
2.97000
37.10000
16.86000
10.47000
50.26000
73.25000
46.69000
13.46000
7.41000
97.29000
26.26000
8.94000
9.67000
97.89000
45.91000
22.24000
1.41000
89.90000
32.69000
50.42000
34.21000
89.71000
1.83000
67.33000
25.09000
50.16000
62.12000
1.19000
52.78000
85.37000
69.23000
22.26000
48.98000
73.68000
81.24000
21.24000
40.29000
49.63000
35.64000
70.59000
94.91000
61.72000
69.47000
33.95000
59.85000
34.80000
75.46000
36.44000
19.60000
9.01000
75.94000
89.09000
65.73000
46.73000
86.45000
82.14000
83.30000
63.03000
39.47000
73.76000
92.16000
98.26000
79.37000
24.64000
2.37000
94.73000
5.93000
31.74000
53.85000
45.08000
32.59000
64.58000
4.10000
87.46000
41.25000
22.08000
34.47000
51.48000
18.15000
31.63000
26.76000
3.43000
74.79000
36.51000
62.33000
90.70000
99.60000
11.73000
41.58000
97.69000
45.52000
1.69000
62.50000
82.27000
42.97000
96.35000
77.41000
94.85000
66.95000
56.08000
12.58000
38.89000
32.16000
63.56000
6.22000
64.21000
41.89000
82.34000
66.49000
54.33000
77.11000
13.58000
17.25000
6.68000
22.34000
11.53000
3.58000
78.02000
48.64000
97.61000
55.01000
92.54000
81.14000
34.90000
29.37000
04.92000
02.31000
03.48000
04.26000
04.43000
01.21000
01.92000
04.99000
03.85000
01.01000
04.73000
01.63000
03.66000
04.68000
03.27000
04.83000
01.63000
02.04000
01.23000
03.02000
02.46000
01.91000
04.91000
04.85000
03.10000
02.76000
02.05000
03.74000
02.14000
01.82000
03.58000
01.96000
03.79000
01.93000
03.87000
03.27000
04.05000
03.24000
04.09000
03.73000
04.71000
04.30000
01.50000
03.07000
04.42000
04.86000
04.21000
03.99000
01.87000
04.40000
04.65000
04.07000
02.89000
04.48000
04.05000
01.03000
03.59000
02.49000
04.93000
03.43000
02.66000
02.04000
02.15000
01.60000
01.55000
02.83000
03.07000
04.14000
01.32000
02.47000
02.78000
01.21000
02.24000
03.14000
04.22000
04.39000
01.43000
01.34000
02.16000
02.59000
01.14000
01.71000
03.98000
01.03000
01.10000
02.12000
01.73000
04.23000
02.97000
01.28000
04.67000
01.29000
01.40000
02.85000
03.36000
04.53000
02.35000
03.32000
02.68000
02.08000
02.31000
04.50000
02.81000
03.69000
02.95000
03.88000
03.54000
03.75000
03.87000
02.07000
04.15000
04.61000
04.96000
04.10000
03.68000
01.19000
03.92000
02.33000
01.98000
02.75000
04.68000
03.84000
02.80000
04.22000
03.28000
02.93000
02.83000
01.58000
04.54000
02.50000
03.83000
03.20000
03.43000
03.80000
01.22000
03.49000
03.27000
01.92000
01.70000
01.68000
4
1
2
3
4
2
12
13
2
14
20
5
19
9
11
16
7
3
5
8
10
3
17
18
6
1
15
49.63000
