20
10
118.39000
182.99000
131.97000
166.11000
166.77000
172.44000
180.28000
172.72000
169.02000
101.78000
118.59000
108.49000
153.64000
105.79000
187.90000
120.69000
174.16000
144.23000
154.25000
181.56000
119.22000
120.77000
173.14000
145.90000
133.75000
145.52000
118.28000
156.39000
195.54000
191.85000
135.89000
191.79000
161.25000
172.66000
195.11000
177.48000
112.51000
125.84000
190.08000
163.87000
158.03000
153.50000
128.93000
173.10000
100.67000
153.73000
128.38000
126.29000
131.25000
110.76000
142.54000
166.16000
159.55000
140.59000
193.66000
121.22000
120.32000
184.25000
129.02000
144.98000
139.68000
132.32000
148.56000
149.87000
130.65000
132.27000
182.11000
157.68000
175.64000
105.85000
110.50000
108.08000
162.52000
197.22000
134.10000
157.70000
104.20000
175.50000
178.32000
188.18000
115.66000
150.44000
132.76000
178.42000
199.45000
130.63000
181.03000
110.63000
131.84000
136.06000
145.28000
188.61000
103.83000
164.01000
129.02000
122.10000
131.44000
136.74000
160.76000
145.89000
119.68000
141.99000
108.44000
123.95000
159.20000
189.63000
159.53000
171.10000
198.53000
127.01000
116.87000
192.57000
156.80000
129.54000
112.12000
176.26000
178.17000
197.61000
101.90000
135.05000
188.08000
171.91000
100.61000
181.12000
111.88000
134.41000
109.84000
120.51000
196.49000
167.19000
137.88000
191.30000
114.15000
148.74000
169.49000
184.50000
162.15000
182.60000
114.44000
116.14000
143.00000
144.98000
179.71000
172.12000
170.73000
111.62000
107.54000
161.96000
108.14000
173.18000
167.11000
196.91000
105.61000
136.32000
121.33000
196.13000
138.53000
132.66000
158.06000
103.76000
141.73000
187.16000
187.40000
129.57000
112.60000
123.80000
140.43000
156.23000
133.04000
177.30000
141.66000
151.51000
156.56000
107.41000
157.10000
187.65000
161.68000
198.91000
177.77000
161.94000
120.06000
177.21000
169.09000
142.22000
149.51000
139.24000
169.19000
145.66000
187.56000
115.44000
165.59000
129.09000
115.85000
143.69000
152.43000
142.89000
141.02000
186.89000
148.84000
162.46000
07.94000
05.79000
05.23000
06.43000
07.53000
08.05000
08.73000
07.52000
06.84000
07.13000
06.54000
07.04000
06.62000
07.82000
07.51000
07.91000
08.82000
06.16000
06.75000
09.29000
06.83000
06.96000
07.61000
06.16000
06.22000
09.27000
07.56000
08.26000
08.83000
08.65000
06.96000
06.94000
06.16000
08.17000
05.42000
08.39000
05.98000
07.16000
08.84000
05.05000
08.34000
09.78000
07.53000
08.59000
06.05000
08.93000
08.13000
08.70000
08.38000
07.38000
09.33000
08.62000
08.87000
07.71000
07.80000
09.08000
07.30000
08.79000
06.45000
07.04000
08.36000
08.83000
05.46000
06.86000
06.67000
06.50000
05.05000
08.51000
07.19000
08.43000
05.71000
09.08000
06.74000
08.01000
07.41000
05.08000
08.39000
09.87000
06.33000
09.26000
08.56000
05.14000
06.96000
06.94000
08.61000
07.06000
06.24000
07.47000
09.19000
08.01000
05.95000
08.94000
06.64000
08.39000
05.54000
09.90000
08.56000
09.87000
05.74000
05.12000
08.63000
08.96000
08.95000
05.66000
06.30000
07.37000
05.04000
06.79000
09.31000
07.63000
05.51000
07.09000
09.79000
08.42000
05.60000
08.37000
06.12000
09.70000
06.82000
08.70000
05.64000
08.72000
06.48000
08.22000
09.46000
09.31000
08.89000
06.18000
06.97000
07.17000
06.29000
07.25000
07.33000
05.52000
05.97000
07.76000
05.96000
08.85000
06.46000
05.32000
09.14000
07.15000
08.09000
06.02000
06.47000
06.85000
08.06000
07.39000
07.66000
07.62000
08.58000
07.31000
05.15000
08.47000
05.22000
07.90000
07.64000
09.65000
09.79000
07.54000
06.19000
06.68000
09.44000
06.71000
08.96000
08.41000
08.79000
06.34000
07.11000
05.43000
08.73000
08.50000
07.61000
08.77000
09.35000
07.34000
08.68000
05.72000
06.99000
08.28000
07.39000
07.07000
05.94000
09.82000
08.60000
07.85000
06.71000
07.05000
08.84000
06.82000
08.35000
07.58000
05.85000
08.29000
06.73000
08.88000
08.64000
07.83000
08.99000
09.62000
2
12
16
2
2
7
2
5
8
2
11
17
2
13
9
2
15
19
2
3
6
2
20
18
2
4
14
2
10
1
247.89810
