20
10
8.63000
4.21000
61.89000
52.23000
57.02000
73.84000
42.39000
93.47000
30.82000
25.68000
49.04000
21.74000
88.21000
24.07000
54.40000
13.78000
16.11000
60.13000
55.75000
73.07000
88.03000
50.43000
80.62000
65.44000
10.92000
56.27000
17.44000
44.64000
17.45000
53.79000
53.55000
59.03000
46.12000
37.21000
40.85000
16.20000
60.20000
25.46000
53.96000
46.47000
60.68000
38.88000
67.94000
82.32000
99.35000
47.48000
15.36000
30.67000
61.60000
43.18000
27.33000
60.67000
87.03000
72.77000
57.82000
33.49000
43.01000
9.80000
85.56000
33.05000
17.10000
96.03000
55.02000
59.07000
28.85000
75.41000
68.56000
22.11000
8.70000
99.55000
31.84000
88.89000
25.10000
94.60000
25.67000
98.93000
72.25000
11.44000
56.63000
15.48000
12.48000
31.64000
8.54000
4.98000
61.95000
52.71000
55.57000
58.46000
84.20000
43.57000
9.07000
18.51000
2.29000
32.45000
2.45000
24.73000
61.01000
72.34000
94.89000
43.47000
43.92000
34.42000
69.27000
73.42000
81.70000
5.34000
17.06000
70.01000
35.48000
63.28000
75.93000
79.56000
4.64000
66.31000
60.65000
71.53000
14.31000
95.26000
8.74000
40.10000
43.49000
3.89000
27.02000
93.15000
82.90000
50.99000
29.81000
55.73000
22.10000
52.12000
5.30000
97.83000
62.58000
16.95000
68.33000
43.49000
34.58000
78.90000
61.52000
38.52000
14.06000
70.54000
39.53000
3.46000
38.66000
6.55000
62.54000
1.73000
15.31000
85.74000
99.67000
84.60000
74.34000
98.13000
95.61000
54.46000
73.82000
56.49000
19.83000
35.44000
63.35000
30.50000
74.18000
8.10000
86.14000
13.93000
64.09000
38.35000
36.29000
60.92000
44.96000
99.88000
96.71000
63.60000
14.09000
97.17000
79.07000
37.81000
92.52000
58.45000
17.63000
98.52000
30.56000
79.96000
19.59000
33.85000
64.42000
71.61000
23.58000
9.22000
78.86000
10.68000
91.87000
43.57000
49.51000
27.48000
14.47000
81.59000
75.76000
79.10000
03.70000
01.73000
04.86000
01.05000
04.62000
04.13000
03.13000
02.02000
04.84000
03.07000
04.49000
02.94000
01.16000
02.61000
04.25000
02.38000
03.44000
03.84000
02.75000
03.91000
03.83000
03.75000
01.23000
04.22000
02.24000
04.67000
04.08000
04.49000
02.76000
02.85000
03.14000
04.75000
04.86000
02.99000
04.37000
04.20000
04.97000
02.79000
02.72000
03.03000
03.86000
02.82000
03.50000
02.10000
04.77000
04.44000
02.59000
04.15000
01.20000
01.87000
04.12000
02.54000
04.21000
01.44000
01.64000
02.12000
01.89000
02.48000
01.75000
04.71000
04.62000
03.87000
04.68000
01.29000
01.57000
02.31000
01.54000
03.84000
02.64000
03.58000
04.75000
02.06000
03.53000
04.62000
04.50000
03.41000
04.95000
03.39000
04.00000
04.34000
01.44000
04.50000
03.84000
04.19000
04.85000
01.42000
04.67000
04.31000
01.81000
04.25000
03.09000
02.00000
01.65000
01.57000
02.93000
04.34000
02.69000
02.96000
01.01000
03.42000
04.95000
04.63000
03.19000
03.99000
01.06000
03.40000
04.34000
03.79000
03.60000
03.88000
04.27000
02.26000
04.53000
03.27000
01.43000
03.11000
04.80000
03.77000
03.29000
03.05000
03.92000
01.44000
01.75000
03.49000
01.37000
01.02000
02.76000
02.43000
01.21000
04.42000
01.33000
01.99000
03.03000
02.47000
03.54000
03.48000
03.39000
02.99000
04.46000
01.25000
02.79000
04.42000
02.18000
04.31000
03.81000
03.75000
03.52000
02.21000
02.90000
01.96000
03.39000
02.10000
04.25000
04.53000
04.51000
03.95000
01.06000
01.89000
02.58000
04.70000
03.53000
01.81000
04.45000
02.29000
04.80000
03.92000
02.84000
01.85000
01.13000
04.57000
04.56000
03.86000
02.34000
04.84000
01.97000
03.91000
03.26000
02.81000
04.37000
02.58000
02.47000
03.35000
01.03000
01.51000
02.55000
04.07000
03.37000
03.52000
02.64000
04.18000
04.31000
04.16000
03.17000
01.40000
02.81000
03.63000
01.62000
02.42000
02.82000
03.13000
2
15
2
2
16
7
3
13
12
6
2
3
1
1
11
2
4
5
1
18
3
20
9
14
3
19
17
8
1
10
25.42057
