20
7
83.55000
14.80000
67.12000
86.02000
61.81000
65.42000
60.73000
36.07000
30.79000
54.05000
16.32000
17.01000
69.50000
52.37000
7.49000
39.42000
85.29000
47.00000
10.42000
4.07000
25.13000
73.11000
99.58000
55.10000
67.62000
62.25000
52.82000
37.79000
41.96000
78.16000
25.76000
41.70000
65.45000
73.03000
87.00000
63.14000
96.11000
25.35000
22.04000
99.91000
37.17000
84.54000
35.08000
30.26000
87.70000
45.46000
7.83000
2.72000
60.04000
64.77000
49.60000
33.25000
20.06000
9.21000
84.73000
88.37000
84.71000
81.16000
63.87000
49.49000
85.72000
70.89000
56.46000
58.01000
28.43000
49.30000
86.43000
73.73000
25.32000
98.50000
60.04000
8.90000
75.36000
9.02000
88.41000
57.04000
42.95000
18.45000
24.36000
41.93000
33.76000
38.29000
72.09000
44.93000
57.22000
43.43000
47.02000
84.20000
63.89000
57.60000
49.90000
8.03000
44.65000
76.67000
90.93000
72.97000
66.14000
60.96000
33.37000
79.23000
66.66000
12.37000
56.99000
86.01000
79.70000
71.75000
49.35000
14.72000
56.15000
4.99000
61.26000
33.74000
12.78000
72.13000
85.53000
75.93000
54.54000
14.97000
79.37000
26.20000
66.14000
58.50000
54.08000
54.05000
83.64000
17.33000
66.42000
45.03000
10.03000
44.46000
47.47000
22.78000
95.27000
5.07000
31.41000
76.03000
95.89000
50.53000
29.21000
59.88000
07.30000
07.83000
06.04000
06.55000
07.34000
07.00000
05.67000
07.56000
09.49000
05.65000
05.51000
07.72000
09.27000
05.40000
06.91000
07.92000
08.23000
05.79000
05.99000
05.71000
09.23000
06.75000
06.73000
07.53000
08.50000
09.99000
06.75000
06.16000
09.43000
09.87000
08.87000
06.02000
06.73000
06.15000
05.18000
05.19000
09.28000
09.57000
05.69000
06.48000
06.34000
06.11000
08.21000
09.29000
05.08000
06.33000
08.77000
07.49000
07.62000
09.04000
09.58000
06.97000
06.48000
06.92000
09.59000
05.31000
06.43000
06.81000
08.79000
07.97000
05.71000
09.19000
06.56000
08.23000
06.93000
06.20000
09.92000
07.13000
07.53000
09.43000
08.14000
08.93000
05.15000
08.13000
06.90000
06.82000
07.84000
08.80000
05.98000
09.99000
05.30000
09.48000
09.77000
09.82000
09.67000
07.34000
09.65000
05.36000
09.78000
06.41000
07.25000
09.72000
09.52000
09.82000
08.52000
06.53000
06.29000
06.07000
06.68000
08.55000
07.09000
07.83000
08.54000
06.24000
06.37000
06.59000
09.44000
05.47000
05.02000
07.67000
09.94000
07.97000
08.01000
09.16000
08.66000
06.40000
06.92000
07.70000
09.56000
05.72000
09.33000
06.86000
08.60000
06.20000
07.99000
07.95000
09.34000
08.40000
09.92000
07.52000
08.02000
05.17000
09.72000
08.50000
06.96000
05.59000
06.80000
05.44000
07.01000
09.10000
4
16
2
15
20
2
11
1
4
3
13
7
8
2
5
18
2
4
12
2
17
10
4
19
6
9
14
69.52885
