20
10
51.28000
44.93000
51.85000
64.80000
65.04000
23.85000
27.87000
33.12000
39.78000
93.81000
16.13000
47.80000
34.70000
23.15000
88.17000
87.57000
34.69000
99.98000
43.29000
56.92000
34.95000
17.02000
23.46000
50.96000
91.62000
47.96000
68.54000
17.37000
57.13000
69.05000
87.61000
66.94000
67.99000
74.49000
31.57000
8.23000
87.46000
83.22000
74.05000
70.57000
6.00000
99.33000
50.85000
90.47000
11.19000
86.45000
32.09000
72.24000
49.79000
46.74000
39.20000
72.25000
63.41000
27.00000
26.16000
50.65000
18.39000
98.77000
70.70000
91.37000
65.60000
29.91000
21.14000
91.35000
23.57000
63.40000
91.50000
8.74000
47.09000
16.36000
60.55000
53.06000
6.62000
12.93000
9.11000
63.85000
94.35000
4.00000
42.75000
4.36000
67.65000
82.35000
89.51000
25.61000
78.61000
45.96000
4.45000
14.68000
48.44000
39.70000
59.43000
20.14000
98.19000
91.79000
90.88000
82.61000
76.63000
57.22000
58.97000
69.42000
78.65000
66.20000
14.48000
7.73000
17.42000
64.56000
10.96000
68.11000
43.87000
98.88000
42.74000
40.90000
59.41000
27.25000
23.57000
93.56000
89.17000
29.49000
89.97000
22.28000
61.45000
32.38000
6.39000
11.71000
51.14000
78.87000
2.00000
3.84000
99.96000
15.98000
80.14000
61.58000
13.38000
51.36000
58.65000
8.96000
17.64000
21.45000
77.15000
90.79000
97.59000
87.99000
48.03000
95.72000
21.23000
68.05000
55.93000
13.53000
43.88000
16.51000
76.40000
88.64000
97.86000
20.37000
54.15000
24.44000
41.24000
92.40000
57.62000
44.07000
13.07000
16.57000
16.84000
48.78000
67.75000
50.05000
19.29000
97.37000
85.35000
58.93000
97.78000
39.58000
50.81000
34.32000
51.61000
76.87000
72.78000
91.07000
1.82000
39.48000
68.64000
18.77000
92.20000
70.97000
11.02000
58.11000
90.46000
79.23000
77.64000
36.93000
43.00000
82.85000
33.76000
73.19000
24.45000
14.17000
65.39000
12.58000
35.20000
28.24000
04.14000
02.15000
03.19000
04.38000
04.26000
02.55000
01.00000
01.20000
03.36000
02.17000
03.59000
02.64000
02.26000
01.08000
02.26000
03.29000
02.80000
04.37000
01.37000
02.73000
04.75000
04.04000
02.14000
01.71000
01.94000
04.91000
02.87000
02.53000
02.44000
03.24000
03.00000
01.53000
01.69000
03.71000
04.48000
01.90000
04.15000
04.03000
02.27000
03.85000
04.85000
01.60000
03.43000
02.72000
04.82000
04.82000
01.43000
03.72000
02.99000
01.54000
02.54000
04.75000
02.43000
02.10000
04.34000
02.65000
03.24000
01.81000
01.41000
03.25000
03.97000
02.87000
01.52000
03.86000
02.45000
01.75000
02.50000
02.94000
01.22000
02.65000
04.00000
02.89000
04.01000
02.50000
04.24000
03.14000
03.50000
03.28000
02.42000
04.17000
01.86000
01.22000
04.63000
04.05000
04.94000
04.10000
04.48000
02.97000
03.26000
01.58000
01.60000
02.16000
02.14000
02.24000
03.82000
04.68000
03.91000
03.65000
03.97000
02.63000
04.72000
02.51000
01.32000
01.19000
03.84000
04.96000
03.56000
04.25000
04.57000
03.30000
01.77000
02.18000
02.88000
02.74000
02.41000
02.67000
03.71000
01.47000
04.93000
02.44000
01.61000
01.60000
03.61000
04.47000
04.08000
04.25000
04.49000
02.83000
01.63000
02.41000
01.62000
03.49000
01.85000
02.90000
01.07000
03.78000
01.31000
01.57000
01.92000
02.02000
03.40000
02.79000
03.38000
01.11000
03.66000
03.78000
01.55000
03.76000
04.17000
04.84000
02.45000
03.60000
01.13000
03.44000
04.77000
04.57000
03.75000
02.02000
04.23000
03.63000
02.23000
03.86000
03.51000
01.22000
02.64000
02.90000
03.38000
01.55000
01.79000
03.17000
04.27000
01.03000
01.51000
01.75000
02.53000
03.23000
04.64000
04.72000
03.47000
04.74000
01.77000
04.25000
02.55000
01.33000
04.08000
03.36000
04.20000
04.33000
03.57000
02.06000
03.64000
04.15000
04.70000
02.04000
03.83000
04.98000
04.93000
02.02000
04.72000
04.03000
2
6
11
2
16
2
2
15
1
3
10
13
20
1
12
1
9
4
17
4
8
7
1
14
2
3
19
2
18
5
43.87000
