20
10
40.44000
51.70000
57.02000
97.50000
35.66000
52.02000
77.36000
41.77000
49.50000
83.43000
31.42000
34.34000
66.87000
38.03000
15.52000
78.69000
97.45000
30.69000
51.68000
5.05000
82.98000
53.43000
23.82000
29.88000
84.23000
91.32000
84.06000
89.28000
17.92000
74.88000
5.75000
51.24000
45.29000
23.06000
61.55000
46.07000
55.36000
78.56000
53.84000
30.86000
65.65000
8.01000
34.14000
32.47000
79.48000
69.99000
65.20000
71.51000
42.02000
1.89000
99.32000
87.40000
18.64000
73.25000
16.21000
65.06000
99.43000
83.37000
17.37000
14.16000
21.03000
89.96000
87.50000
61.48000
69.09000
17.57000
24.62000
11.62000
14.48000
24.36000
51.08000
13.29000
49.40000
61.23000
74.45000
29.77000
93.80000
4.81000
27.06000
49.05000
76.68000
46.01000
63.60000
27.67000
19.80000
59.06000
78.73000
26.92000
90.79000
54.66000
68.78000
56.87000
39.44000
85.80000
92.91000
83.88000
36.28000
32.21000
37.05000
99.06000
88.96000
92.01000
13.55000
88.30000
23.54000
52.64000
33.13000
54.68000
81.79000
17.14000
86.83000
62.26000
90.83000
66.34000
14.18000
6.23000
1.56000
8.82000
75.44000
4.54000
10.51000
74.54000
9.12000
8.38000
73.99000
90.89000
26.90000
57.98000
25.29000
5.98000
17.76000
45.17000
90.62000
52.23000
22.32000
16.75000
25.98000
90.79000
6.91000
44.27000
29.08000
43.70000
72.75000
44.37000
35.27000
61.93000
94.56000
95.67000
83.61000
22.65000
34.96000
43.24000
32.19000
37.61000
61.42000
11.22000
60.82000
45.33000
69.12000
49.49000
35.49000
62.12000
43.09000
86.42000
53.46000
55.51000
84.05000
61.85000
17.73000
88.11000
48.30000
56.58000
36.97000
76.77000
56.88000
98.84000
46.60000
62.11000
57.59000
43.59000
81.92000
70.02000
47.17000
57.20000
3.30000
57.91000
8.38000
13.43000
97.26000
64.56000
34.09000
7.17000
54.82000
34.67000
25.68000
94.51000
86.72000
36.69000
8.28000
59.26000
04.48000
02.16000
02.20000
03.88000
04.09000
01.22000
03.90000
04.85000
03.70000
02.76000
03.88000
02.23000
01.13000
03.86000
02.47000
03.57000
03.21000
02.60000
04.99000
01.47000
02.10000
03.11000
02.90000
03.37000
01.26000
02.40000
01.04000
04.18000
04.87000
04.52000
04.22000
01.04000
01.37000
03.18000
03.40000
02.17000
04.21000
01.08000
02.52000
04.77000
02.20000
04.06000
04.66000
01.77000
02.37000
03.46000
01.87000
01.08000
03.01000
04.88000
04.96000
01.43000
04.19000
03.64000
04.50000
04.68000
03.00000
04.07000
04.09000
01.63000
02.61000
02.14000
02.34000
03.66000
01.42000
01.11000
02.71000
02.02000
04.92000
02.73000
04.51000
02.38000
01.81000
04.95000
02.93000
01.20000
01.81000
02.73000
02.18000
03.93000
03.91000
04.58000
03.54000
01.38000
04.46000
02.72000
04.49000
04.32000
03.77000
01.23000
02.73000
01.79000
04.15000
01.67000
03.09000
01.86000
04.94000
02.64000
03.40000
01.62000
03.78000
01.99000
03.35000
01.66000
02.65000
04.27000
02.05000
03.37000
02.78000
02.32000
04.86000
04.33000
01.12000
02.36000
03.23000
01.25000
03.63000
03.59000
01.62000
03.83000
02.49000
04.01000
04.61000
01.01000
01.27000
03.56000
04.05000
01.66000
03.89000
01.64000
01.01000
04.13000
02.95000
02.07000
02.55000
02.73000
04.00000
01.68000
04.77000
04.80000
04.07000
03.84000
04.37000
04.63000
01.57000
03.44000
04.11000
02.36000
02.22000
02.27000
01.96000
04.90000
03.20000
02.77000
01.63000
01.22000
02.74000
04.41000
03.83000
01.28000
02.78000
03.42000
04.22000
04.36000
04.89000
04.57000
04.67000
02.81000
03.76000
03.21000
04.66000
01.18000
02.21000
01.43000
01.53000
04.03000
04.08000
02.31000
01.61000
04.95000
01.59000
03.78000
03.06000
04.36000
01.69000
04.37000
04.45000
04.92000
01.11000
02.95000
02.27000
01.19000
01.33000
02.20000
04.48000
02.35000
04.77000
01.83000
04.03000
02.63000
3
18
17
10
3
5
15
1
2
3
12
2
11
8
1
9
1
19
2
7
4
2
14
6
2
13
16
2
2
20
28.99886
