20
4
164.00000
198.16000
173.57000
166.62000
142.81000
106.67000
151.80000
110.88000
105.63000
196.83000
134.36000
107.11000
193.08000
109.29000
161.86000
195.95000
145.79000
184.67000
174.94000
118.02000
132.05000
159.95000
149.60000
188.76000
166.72000
124.36000
104.11000
199.97000
107.48000
173.77000
147.52000
128.97000
119.94000
173.78000
145.44000
141.40000
169.73000
190.03000
163.50000
102.88000
195.00000
129.78000
136.00000
103.35000
135.60000
100.57000
180.13000
120.25000
180.92000
186.22000
174.29000
147.32000
121.57000
177.37000
109.09000
175.20000
148.19000
164.63000
175.18000
194.51000
166.16000
132.43000
182.25000
122.91000
188.24000
188.65000
161.08000
119.08000
102.73000
128.68000
140.14000
156.88000
125.25000
168.15000
135.03000
151.93000
171.43000
122.68000
161.40000
119.86000
07.12000
09.75000
08.76000
05.21000
06.76000
05.24000
09.11000
05.96000
05.04000
09.73000
05.05000
05.17000
05.88000
07.13000
05.51000
06.73000
08.18000
06.34000
09.38000
09.57000
06.60000
07.14000
06.61000
09.36000
09.49000
08.38000
07.15000
09.21000
07.73000
08.13000
05.61000
07.65000
06.45000
06.53000
07.15000
09.81000
05.83000
08.75000
06.91000
05.88000
05.56000
07.81000
08.18000
05.71000
07.33000
05.37000
05.05000
06.97000
09.64000
06.94000
05.66000
07.96000
08.91000
08.95000
06.43000
05.08000
06.52000
07.78000
08.75000
09.73000
06.72000
09.04000
08.28000
05.85000
09.16000
09.17000
07.83000
05.61000
08.99000
07.98000
08.60000
05.38000
08.87000
08.13000
08.24000
07.81000
06.44000
07.26000
09.42000
05.56000
5
11
12
6
17
14
5
19
1
13
20
7
5
5
4
15
2
3
5
8
16
18
10
9
718.81240
