20
4
40.73000
72.29000
26.24000
12.27000
30.23000
19.64000
8.21000
62.31000
39.47000
33.92000
30.04000
50.88000
9.69000
56.35000
32.94000
18.21000
80.08000
28.14000
57.14000
4.52000
58.86000
10.43000
46.24000
64.45000
63.74000
93.87000
8.11000
7.81000
97.84000
37.14000
81.18000
41.49000
28.13000
4.22000
33.43000
32.46000
18.58000
60.08000
28.82000
45.70000
4.46000
41.22000
59.67000
34.13000
51.85000
65.51000
41.71000
10.47000
15.73000
65.85000
84.11000
57.23000
84.82000
32.95000
78.58000
66.11000
51.85000
56.54000
15.84000
27.83000
80.92000
12.80000
18.02000
63.58000
43.74000
27.59000
11.51000
67.66000
96.51000
74.32000
3.67000
61.90000
56.67000
69.44000
9.96000
61.77000
38.71000
28.43000
45.86000
82.74000
07.03000
05.46000
08.23000
06.22000
06.95000
07.08000
09.92000
07.91000
05.13000
09.81000
06.82000
05.16000
05.47000
07.55000
07.83000
06.87000
06.89000
09.22000
06.87000
06.97000
09.55000
05.83000
07.54000
07.63000
08.78000
05.97000
08.91000
09.62000
09.84000
08.60000
09.69000
09.17000
07.87000
08.87000
05.02000
06.45000
08.04000
06.94000
05.06000
06.60000
06.47000
06.34000
07.81000
07.28000
09.02000
07.71000
05.89000
06.54000
05.48000
08.95000
06.08000
06.38000
07.25000
06.49000
09.78000
08.21000
05.73000
06.71000
08.40000
08.43000
09.18000
08.48000
06.12000
09.60000
07.44000
06.68000
05.36000
05.05000
08.33000
06.29000
06.05000
08.23000
09.49000
09.97000
05.85000
06.82000
08.59000
05.37000
07.41000
08.45000
5
20
10
12
9
3
6
2
7
19
13
11
1
4
14
5
6
4
5
16
17
8
18
15
97.43471
