20
10
67.09000
95.69000
86.02000
56.07000
57.18000
2.34000
14.26000
6.11000
79.12000
53.87000
16.31000
96.58000
74.54000
99.08000
46.17000
89.65000
9.77000
11.50000
82.57000
69.25000
85.60000
98.43000
80.08000
56.32000
56.11000
51.27000
19.91000
34.59000
78.26000
82.90000
91.99000
51.63000
22.49000
20.48000
80.16000
45.95000
81.00000
12.87000
90.00000
79.83000
33.38000
26.95000
84.04000
3.46000
8.74000
7.17000
61.60000
94.99000
15.67000
65.47000
4.42000
3.36000
76.22000
32.07000
45.90000
66.18000
39.18000
58.96000
47.21000
51.81000
20.07000
52.57000
91.33000
70.56000
83.91000
51.87000
7.93000
13.55000
97.78000
23.71000
69.65000
53.02000
62.05000
24.18000
91.26000
59.44000
1.87000
35.10000
11.26000
27.00000
99.57000
17.18000
50.68000
65.90000
76.47000
22.65000
69.86000
41.00000
61.45000
40.94000
71.02000
55.40000
57.99000
81.71000
70.00000
32.15000
94.33000
80.39000
8.42000
18.04000
84.08000
27.67000
65.34000
41.30000
41.15000
84.09000
37.83000
53.24000
33.80000
20.73000
8.98000
84.83000
93.36000
23.60000
22.47000
37.43000
77.90000
6.46000
47.77000
35.18000
48.45000
63.88000
7.92000
25.31000
57.47000
42.04000
38.19000
79.68000
52.62000
93.05000
19.21000
75.61000
18.83000
10.02000
47.27000
16.59000
64.75000
6.81000
45.41000
29.84000
18.12000
13.77000
14.30000
97.19000
94.09000
99.69000
15.44000
8.94000
8.12000
12.16000
31.18000
50.63000
20.48000
67.15000
37.17000
55.59000
20.19000
11.35000
33.78000
79.89000
31.84000
89.65000
77.61000
62.03000
74.55000
39.36000
22.31000
9.69000
8.74000
74.00000
61.33000
99.71000
97.77000
67.13000
74.40000
20.01000
35.74000
16.03000
65.00000
77.27000
12.92000
19.55000
57.19000
91.66000
73.42000
75.24000
58.58000
60.82000
11.15000
66.25000
79.69000
86.16000
18.30000
42.47000
28.11000
31.93000
14.82000
78.55000
34.16000
84.16000
08.35000
06.28000
09.88000
06.72000
09.35000
06.25000
09.15000
06.52000
08.33000
07.08000
05.06000
07.86000
09.15000
06.68000
09.56000
06.76000
06.90000
09.21000
05.89000
05.52000
05.82000
06.78000
06.23000
08.08000
05.76000
06.35000
05.98000
06.46000
08.19000
09.30000
06.00000
09.27000
07.74000
06.81000
09.05000
05.84000
05.29000
06.33000
09.12000
06.73000
07.49000
07.08000
05.97000
09.96000
05.49000
06.92000
05.04000
06.84000
06.52000
07.74000
07.19000
09.28000
07.23000
05.27000
07.20000
06.14000
05.54000
06.47000
06.10000
07.50000
09.60000
09.71000
09.20000
05.85000
08.30000
06.39000
07.86000
06.22000
09.87000
07.53000
09.84000
07.27000
09.27000
09.65000
08.21000
08.65000
07.69000
05.50000
07.29000
06.22000
09.65000
09.91000
05.59000
07.35000
08.43000
08.19000
06.87000
06.64000
08.79000
07.33000
08.70000
07.78000
05.22000
05.89000
08.66000
07.44000
08.43000
08.63000
05.61000
08.53000
07.06000
08.08000
06.74000
09.46000
06.07000
06.49000
08.57000
07.26000
05.00000
08.36000
05.91000
07.40000
09.11000
05.51000
07.15000
09.82000
09.89000
06.00000
06.92000
05.71000
09.29000
06.70000
06.97000
08.50000
05.46000
07.63000
06.34000
06.79000
06.55000
05.33000
05.97000
06.75000
09.84000
06.16000
06.30000
07.84000
08.87000
07.71000
08.97000
05.80000
06.57000
07.46000
06.06000
08.45000
07.96000
08.04000
06.44000
05.58000
09.19000
05.21000
09.92000
08.33000
05.84000
06.10000
05.19000
06.96000
09.72000
09.09000
07.19000
07.97000
09.96000
05.74000
08.21000
07.64000
09.55000
05.74000
06.55000
09.36000
08.39000
05.70000
08.42000
07.33000
06.59000
09.75000
07.03000
08.82000
05.48000
08.32000
06.86000
07.38000
08.30000
05.59000
08.20000
09.12000
08.67000
08.64000
07.68000
07.94000
07.96000
06.81000
09.49000
08.56000
07.03000
07.52000
07.62000
06.55000
08.04000
09.48000
07.33000
08.72000
3
7
8
6
1
13
4
5
11
12
4
2
19
17
1
20
1
15
3
14
3
18
2
10
2
1
16
2
1
9
26.68685
