20
7
94.90000
30.84000
35.14000
24.62000
29.30000
28.72000
14.57000
4.16000
51.20000
28.04000
67.27000
1.25000
24.22000
73.81000
8.13000
6.00000
48.68000
39.32000
61.99000
10.04000
25.12000
75.73000
71.13000
47.14000
30.94000
53.46000
19.75000
28.38000
72.44000
59.62000
24.44000
34.65000
11.34000
4.24000
3.34000
75.74000
57.36000
34.04000
98.93000
76.39000
58.14000
69.30000
84.30000
58.69000
31.50000
38.18000
33.25000
91.66000
94.02000
6.11000
7.23000
43.51000
90.01000
54.44000
61.71000
2.54000
26.18000
18.58000
92.78000
83.38000
17.97000
30.54000
29.13000
76.16000
57.33000
86.05000
4.97000
10.82000
97.88000
98.95000
48.40000
22.82000
25.31000
9.45000
64.44000
16.02000
98.09000
19.16000
9.14000
31.94000
36.33000
1.82000
97.69000
98.36000
31.58000
56.59000
36.39000
13.68000
53.07000
15.60000
54.39000
71.32000
61.91000
33.66000
88.80000
98.95000
8.33000
44.42000
41.15000
74.30000
7.02000
1.02000
9.32000
23.32000
99.49000
54.58000
70.81000
29.85000
72.42000
53.67000
44.74000
95.29000
70.60000
5.77000
58.11000
54.65000
42.35000
6.55000
16.71000
4.37000
21.40000
85.36000
42.37000
91.89000
90.87000
77.75000
75.94000
40.02000
40.53000
16.07000
30.00000
14.00000
84.39000
66.75000
57.44000
13.98000
54.35000
1.76000
3.32000
16.90000
04.90000
03.69000
04.05000
04.76000
01.17000
02.97000
04.64000
01.79000
03.90000
02.64000
04.41000
04.26000
03.61000
03.24000
03.81000
03.36000
02.15000
02.13000
01.56000
02.11000
04.32000
04.43000
03.86000
04.74000
02.48000
02.32000
04.98000
01.98000
01.88000
01.83000
03.87000
04.26000
01.28000
03.86000
04.45000
04.38000
01.25000
04.63000
03.45000
01.46000
04.01000
01.83000
04.85000
04.67000
01.03000
02.34000
01.11000
03.44000
01.30000
04.53000
03.39000
04.61000
01.70000
04.54000
02.98000
03.48000
03.41000
04.32000
02.47000
04.14000
03.07000
01.12000
03.81000
03.54000
02.38000
01.06000
01.36000
04.41000
04.11000
04.22000
04.27000
04.96000
04.12000
03.85000
02.07000
02.85000
01.07000
01.53000
02.07000
03.05000
01.57000
04.95000
03.00000
02.79000
02.90000
02.27000
01.97000
01.54000
04.12000
01.76000
01.39000
04.61000
03.93000
02.66000
02.88000
02.87000
02.36000
03.00000
04.38000
01.04000
04.67000
01.18000
02.22000
02.29000
04.26000
02.32000
02.60000
01.91000
01.91000
01.13000
04.16000
04.45000
02.06000
02.69000
01.50000
03.91000
04.97000
01.41000
04.04000
02.61000
03.82000
01.16000
03.75000
04.64000
04.62000
02.76000
02.19000
02.63000
04.01000
02.48000
01.33000
04.06000
02.04000
02.14000
04.63000
02.90000
01.10000
03.38000
04.88000
03.94000
3
6
8
12
3
13
14
15
4
18
11
10
16
3
1
19
7
2
5
17
4
4
3
20
2
1
9
40.53000
