20
4
115.51000
107.15000
137.88000
190.37000
136.33000
186.58000
140.95000
138.36000
106.79000
113.29000
113.96000
103.95000
167.51000
127.92000
197.54000
127.78000
159.12000
171.09000
132.32000
150.45000
199.15000
106.84000
156.95000
193.48000
161.98000
159.57000
184.93000
188.31000
121.51000
187.90000
192.42000
191.56000
143.37000
157.47000
145.05000
168.85000
193.18000
133.90000
108.45000
185.82000
130.59000
146.00000
158.81000
164.99000
174.54000
161.53000
114.10000
184.45000
138.83000
107.56000
135.04000
129.71000
114.08000
174.71000
112.26000
191.40000
190.91000
153.60000
136.37000
160.15000
171.28000
125.64000
197.35000
149.93000
173.47000
134.62000
126.59000
119.17000
108.68000
168.03000
196.69000
170.66000
192.56000
141.51000
123.25000
120.04000
140.71000
170.68000
121.91000
182.91000
09.37000
06.18000
09.71000
05.05000
08.95000
07.29000
07.58000
06.50000
07.34000
07.55000
06.21000
06.55000
08.43000
05.87000
09.50000
09.12000
06.15000
06.16000
06.36000
08.11000
06.27000
05.15000
05.87000
09.33000
06.19000
09.40000
06.64000
07.89000
07.86000
08.56000
06.74000
06.43000
06.43000
07.78000
06.31000
05.12000
07.05000
07.22000
05.53000
09.11000
07.84000
05.82000
08.01000
07.53000
05.36000
07.91000
09.45000
09.66000
06.08000
06.68000
07.30000
09.17000
06.41000
08.53000
07.95000
07.46000
07.74000
09.87000
07.82000
05.95000
09.60000
09.02000
05.28000
06.37000
06.27000
07.48000
08.52000
06.43000
09.24000
08.54000
06.89000
05.39000
06.16000
09.83000
08.03000
05.93000
09.69000
09.02000
09.61000
05.68000
5
14
11
20
12
5
5
3
13
2
19
18
5
4
1
10
15
7
5
16
8
6
17
9
730.04080
