20
4
199.63000
163.71000
140.52000
143.96000
177.02000
181.74000
189.22000
169.62000
182.18000
125.18000
185.98000
191.00000
155.71000
134.66000
171.44000
148.73000
138.26000
150.80000
186.23000
183.45000
117.58000
189.75000
167.04000
174.69000
139.51000
139.86000
155.69000
118.47000
161.27000
168.71000
126.97000
173.79000
148.49000
141.92000
146.52000
106.29000
166.78000
125.11000
179.97000
181.59000
148.37000
156.63000
126.56000
185.35000
174.28000
198.65000
177.87000
195.36000
148.65000
199.30000
122.95000
159.30000
162.10000
149.19000
152.44000
167.79000
105.27000
138.94000
156.94000
111.47000
198.88000
101.41000
199.61000
138.26000
188.68000
198.79000
143.05000
172.47000
164.65000
173.74000
180.45000
142.05000
142.39000
141.87000
127.44000
162.64000
137.55000
118.82000
199.66000
149.85000
09.57000
09.58000
05.26000
07.02000
06.92000
06.15000
07.54000
08.07000
06.35000
05.15000
08.85000
06.00000
06.78000
05.49000
08.11000
09.73000
07.10000
06.09000
09.22000
08.17000
08.91000
09.68000
07.88000
07.23000
06.21000
05.57000
05.80000
09.70000
09.80000
05.90000
07.58000
06.68000
09.81000
05.83000
08.37000
08.34000
06.41000
05.50000
08.32000
09.83000
08.78000
06.89000
09.58000
05.26000
05.26000
06.26000
07.87000
05.06000
05.71000
08.09000
08.34000
08.02000
06.56000
08.78000
07.41000
05.54000
09.19000
09.74000
06.47000
09.04000
07.89000
06.64000
05.50000
05.24000
07.67000
08.10000
07.86000
06.80000
05.78000
09.17000
07.38000
09.30000
09.87000
07.52000
06.71000
05.40000
07.60000
05.79000
08.50000
07.76000
5
12
9
17
18
6
5
14
4
1
13
8
5
7
20
3
11
5
5
2
15
19
10
16
779.17180
