20
4
51.46000
89.77000
61.43000
86.98000
28.58000
34.60000
94.06000
86.16000
27.77000
23.93000
20.36000
50.94000
89.24000
97.97000
78.55000
21.55000
55.21000
98.95000
11.86000
38.21000
11.51000
33.03000
39.56000
26.69000
41.08000
31.92000
98.44000
44.44000
21.76000
84.77000
41.91000
99.15000
18.51000
58.57000
33.94000
57.78000
96.31000
18.27000
40.49000
84.30000
64.66000
22.58000
59.01000
35.35000
74.44000
16.02000
60.29000
25.32000
89.65000
49.71000
62.36000
1.40000
2.02000
15.36000
55.96000
53.29000
99.26000
2.68000
31.78000
72.73000
50.30000
24.37000
52.20000
74.49000
8.72000
95.67000
57.91000
40.33000
65.59000
83.65000
21.30000
29.58000
38.36000
3.80000
56.83000
57.73000
41.52000
69.56000
80.99000
41.23000
02.62000
02.49000
02.50000
02.04000
03.81000
03.84000
01.46000
01.30000
03.32000
04.80000
02.30000
01.73000
04.29000
04.49000
04.16000
02.46000
01.83000
02.03000
02.16000
02.60000
02.10000
04.08000
04.44000
01.71000
04.25000
04.20000
03.53000
04.04000
01.31000
02.76000
01.61000
02.89000
01.44000
03.92000
02.80000
02.38000
04.73000
03.78000
03.24000
02.64000
04.40000
02.79000
04.73000
01.01000
02.75000
03.37000
04.61000
02.51000
01.45000
04.08000
01.40000
02.70000
01.61000
02.03000
04.21000
02.70000
04.36000
02.36000
02.18000
03.64000
01.75000
04.51000
02.32000
04.36000
02.64000
01.97000
01.98000
03.11000
04.60000
02.53000
03.77000
04.01000
01.75000
04.31000
01.81000
01.20000
04.22000
01.44000
02.24000
04.80000
5
20
11
16
19
10
4
9
15
3
1
7
4
8
2
6
13
18
12
4
7
17
5
14
120.88770
