20
7
34.91000
41.95000
42.56000
29.13000
9.34000
37.81000
50.17000
40.86000
61.97000
39.84000
25.27000
32.54000
33.62000
5.26000
50.75000
48.78000
88.41000
4.19000
13.06000
24.36000
19.88000
36.93000
35.69000
1.90000
21.68000
71.53000
9.77000
88.11000
49.78000
53.35000
53.16000
34.01000
57.53000
92.33000
20.96000
43.15000
36.95000
27.77000
79.23000
23.63000
21.86000
5.75000
82.89000
18.03000
46.47000
72.73000
88.54000
25.06000
50.99000
76.01000
15.58000
22.20000
11.58000
15.33000
45.14000
59.48000
54.45000
28.13000
87.64000
2.87000
37.10000
99.07000
53.02000
88.11000
37.31000
85.40000
75.94000
62.29000
20.62000
33.55000
99.82000
37.23000
69.55000
40.34000
71.84000
67.22000
33.05000
55.66000
76.83000
34.84000
2.51000
96.44000
97.74000
92.46000
91.64000
67.61000
52.54000
48.69000
19.46000
57.18000
56.28000
27.26000
33.60000
45.57000
29.43000
21.73000
61.51000
76.61000
42.52000
64.35000
75.65000
63.38000
5.74000
87.86000
79.61000
58.30000
8.79000
5.53000
33.15000
11.50000
22.21000
65.43000
86.08000
43.76000
23.33000
11.71000
80.38000
54.70000
52.89000
35.53000
86.07000
28.16000
23.76000
97.95000
65.17000
93.73000
76.64000
82.42000
26.73000
96.22000
15.57000
25.91000
32.01000
33.83000
32.51000
1.67000
44.79000
91.96000
98.21000
47.36000
06.86000
07.75000
05.94000
06.30000
06.70000
05.68000
05.16000
05.94000
05.39000
07.77000
08.77000
07.44000
09.56000
07.98000
06.69000
06.55000
06.83000
08.18000
08.64000
05.65000
09.75000
08.49000
07.00000
05.83000
08.16000
09.06000
09.33000
05.49000
08.91000
08.32000
06.24000
05.87000
06.57000
07.13000
07.18000
08.61000
09.85000
07.33000
09.49000
05.15000
06.24000
09.34000
06.28000
08.29000
05.63000
06.46000
06.07000
06.73000
05.01000
09.57000
08.48000
06.74000
05.50000
06.19000
08.56000
08.25000
05.48000
08.01000
07.39000
09.06000
06.32000
06.56000
09.94000
08.05000
09.30000
09.09000
07.33000
07.46000
07.42000
09.36000
05.91000
07.46000
05.68000
05.19000
06.17000
07.31000
09.46000
06.68000
07.76000
07.32000
09.26000
05.48000
06.59000
07.03000
07.89000
08.95000
06.24000
08.12000
09.17000
07.22000
05.43000
07.16000
08.07000
05.75000
08.70000
07.61000
08.08000
05.39000
07.88000
07.10000
08.74000
08.38000
07.68000
05.73000
07.36000
06.13000
07.42000
08.35000
07.46000
08.41000
08.17000
06.37000
08.82000
09.40000
05.86000
06.06000
07.89000
06.84000
06.82000
05.96000
08.42000
06.03000
05.54000
07.48000
09.62000
08.92000
09.35000
06.14000
07.94000
05.19000
08.63000
08.57000
06.58000
07.62000
06.80000
06.20000
08.53000
05.62000
05.78000
05.81000
3
6
14
18
3
15
5
4
4
12
13
2
20
1
17
2
19
1
4
10
7
3
8
3
9
11
16
48.21432
