20
4
25.57000
1.50000
26.43000
10.49000
1.48000
36.39000
91.88000
34.75000
67.52000
84.84000
20.06000
92.69000
65.91000
88.07000
49.21000
26.51000
36.86000
86.30000
21.53000
74.44000
93.28000
23.72000
88.82000
73.82000
12.98000
41.12000
47.11000
20.36000
1.34000
32.05000
7.54000
22.43000
24.34000
61.49000
35.10000
45.98000
47.95000
95.39000
95.75000
56.98000
69.70000
74.11000
18.97000
50.31000
80.59000
36.18000
5.89000
92.44000
65.98000
7.56000
61.68000
89.74000
16.58000
77.96000
78.04000
32.92000
22.13000
40.10000
45.70000
11.70000
51.58000
23.31000
93.29000
90.82000
20.01000
10.26000
68.79000
31.08000
6.44000
31.46000
20.52000
13.33000
26.35000
3.37000
62.97000
53.03000
95.20000
40.47000
13.60000
66.64000
02.31000
01.24000
02.29000
02.35000
01.64000
01.67000
03.27000
04.58000
03.05000
01.46000
01.89000
03.72000
01.66000
03.74000
01.27000
02.90000
04.60000
03.61000
04.54000
01.26000
01.11000
01.63000
02.39000
03.42000
02.57000
01.50000
03.68000
04.38000
04.71000
01.58000
01.70000
03.61000
03.65000
01.99000
04.58000
01.23000
03.52000
02.85000
04.46000
01.37000
04.08000
04.34000
04.88000
01.99000
04.30000
02.73000
04.50000
03.18000
04.61000
04.98000
04.78000
02.79000
02.14000
04.24000
02.83000
01.97000
02.01000
01.62000
03.79000
01.83000
04.27000
02.81000
03.01000
03.56000
01.95000
04.50000
04.33000
03.40000
02.44000
03.03000
01.54000
03.15000
03.88000
04.53000
04.74000
04.94000
04.39000
03.14000
04.08000
02.89000
5
9
4
14
2
16
5
11
18
20
12
13
4
5
17
8
19
6
7
1
10
6
15
3
86.76767
