20
4
36.96000
28.20000
27.83000
82.11000
77.98000
89.53000
31.55000
5.98000
54.44000
9.74000
40.32000
6.83000
6.57000
27.03000
94.36000
25.87000
73.58000
82.63000
35.88000
4.34000
37.18000
80.67000
91.38000
89.66000
47.90000
39.05000
88.10000
23.59000
22.10000
63.77000
80.78000
6.84000
24.75000
21.81000
35.39000
5.40000
21.81000
77.13000
16.90000
84.23000
18.79000
25.95000
50.51000
77.63000
56.90000
50.81000
86.30000
6.21000
13.81000
29.29000
36.27000
32.27000
78.26000
51.11000
89.12000
47.52000
42.96000
7.98000
37.59000
42.69000
16.47000
87.15000
57.68000
91.50000
31.84000
45.24000
77.02000
98.81000
59.02000
31.39000
66.41000
42.91000
14.50000
61.07000
41.33000
38.28000
12.73000
50.75000
17.24000
1.39000
02.66000
01.24000
02.85000
03.91000
04.11000
04.46000
01.32000
04.30000
02.37000
01.80000
04.17000
04.36000
04.59000
04.37000
02.53000
03.22000
01.88000
03.29000
03.53000
03.99000
03.52000
03.84000
04.69000
01.61000
03.95000
04.86000
03.32000
02.10000
01.80000
02.84000
03.43000
01.61000
01.21000
01.90000
01.16000
04.26000
02.29000
02.18000
04.63000
02.18000
02.74000
04.16000
04.54000
03.67000
01.66000
04.94000
04.24000
04.61000
03.42000
04.33000
03.34000
02.74000
01.15000
03.48000
02.97000
03.18000
03.96000
03.50000
04.26000
03.06000
04.88000
04.93000
02.69000
04.33000
02.87000
04.12000
04.70000
02.05000
04.43000
04.90000
03.33000
04.43000
03.68000
01.40000
04.72000
01.59000
02.74000
03.75000
03.00000
03.66000
5
20
11
16
19
10
4
9
15
3
1
7
4
8
2
6
13
18
12
4
7
17
5
14
120.18260
