20
4
28.28000
25.63000
33.36000
31.20000
87.07000
10.57000
95.45000
80.15000
88.27000
84.09000
21.06000
89.29000
72.09000
88.41000
48.39000
98.85000
78.75000
63.75000
19.68000
50.03000
9.84000
37.17000
49.56000
62.71000
93.88000
13.37000
89.04000
45.78000
6.04000
44.31000
38.63000
17.08000
9.30000
95.96000
62.30000
41.58000
69.62000
35.30000
27.02000
85.24000
31.58000
44.87000
38.10000
53.67000
48.88000
44.48000
75.13000
40.91000
53.83000
91.30000
45.68000
70.73000
37.14000
77.04000
39.44000
34.82000
88.54000
91.42000
47.16000
22.91000
84.89000
90.12000
54.03000
61.17000
24.39000
31.32000
96.89000
14.86000
1.23000
50.85000
85.84000
5.11000
30.89000
65.19000
36.32000
47.40000
29.82000
89.80000
62.82000
58.20000
09.22000
08.77000
09.33000
06.47000
07.39000
08.45000
07.63000
07.07000
05.54000
05.95000
07.86000
09.95000
07.57000
05.19000
08.92000
09.02000
07.39000
05.07000
09.72000
08.18000
09.70000
07.94000
06.64000
05.93000
05.69000
08.08000
05.00000
05.65000
08.97000
06.17000
08.24000
08.41000
09.70000
07.38000
06.50000
09.35000
08.03000
06.85000
09.94000
08.65000
06.88000
06.24000
07.48000
06.65000
07.74000
05.10000
05.98000
08.01000
06.73000
08.06000
05.80000
09.17000
05.24000
06.52000
08.36000
06.53000
09.69000
06.89000
05.05000
06.51000
09.28000
05.90000
08.23000
05.97000
09.82000
09.00000
08.74000
07.80000
05.95000
06.48000
08.67000
05.34000
05.34000
05.99000
05.67000
06.25000
05.63000
05.20000
07.41000
08.18000
6
4
3
2
11
19
6
5
10
18
16
1
13
3
7
15
20
6
14
17
5
8
12
9
168.34310
