20
10
182.44000
152.66000
196.42000
128.57000
169.52000
121.82000
171.71000
115.68000
112.02000
157.44000
188.56000
108.50000
138.47000
194.29000
187.98000
154.31000
102.37000
192.13000
135.99000
125.37000
180.83000
195.48000
163.38000
180.68000
193.62000
187.63000
101.32000
165.60000
167.75000
140.43000
175.79000
164.50000
159.85000
166.77000
155.93000
102.76000
151.57000
104.55000
135.88000
130.77000
178.95000
154.74000
132.48000
139.98000
155.99000
111.64000
117.11000
113.12000
147.53000
176.89000
193.01000
174.50000
163.35000
166.52000
182.44000
152.62000
138.21000
121.53000
132.67000
101.02000
125.59000
103.69000
103.13000
136.97000
176.16000
163.62000
153.31000
174.30000
119.80000
161.25000
187.39000
168.27000
144.40000
140.73000
105.74000
175.54000
162.86000
171.19000
133.77000
177.73000
167.76000
134.14000
127.84000
128.73000
137.91000
104.19000
175.75000
176.59000
108.21000
176.06000
141.19000
196.78000
169.68000
147.00000
127.69000
199.05000
138.33000
139.29000
163.75000
118.17000
198.74000
167.93000
199.32000
174.41000
165.43000
174.38000
197.12000
112.41000
195.99000
159.64000
115.23000
163.79000
109.57000
199.11000
185.30000
116.44000
150.30000
193.17000
163.97000
183.26000
190.99000
159.25000
134.98000
114.18000
109.35000
101.07000
114.55000
121.17000
165.07000
114.73000
139.49000
111.12000
130.42000
178.74000
194.56000
175.06000
102.66000
196.61000
189.53000
128.99000
191.86000
116.21000
136.68000
179.79000
120.60000
146.74000
147.55000
128.05000
148.06000
186.26000
129.22000
185.49000
124.66000
141.41000
144.59000
171.26000
125.77000
143.83000
181.55000
129.49000
185.39000
194.65000
129.12000
190.00000
115.28000
156.32000
179.44000
192.47000
196.29000
161.40000
129.52000
140.11000
181.94000
169.66000
145.38000
105.19000
150.75000
165.87000
118.03000
184.97000
148.20000
142.27000
104.76000
108.76000
158.73000
179.52000
130.48000
144.45000
191.92000
170.00000
116.55000
149.19000
129.41000
151.60000
157.12000
173.37000
177.85000
187.21000
171.33000
192.38000
09.29000
09.11000
07.14000
06.46000
09.32000
05.66000
07.84000
06.72000
08.85000
05.05000
05.13000
08.93000
08.60000
07.06000
07.84000
06.01000
05.54000
07.74000
06.07000
07.12000
06.20000
09.68000
08.31000
05.50000
07.10000
08.13000
05.60000
07.68000
09.11000
07.79000
07.71000
08.09000
08.74000
06.73000
09.29000
07.90000
08.73000
09.28000
06.21000
09.56000
07.72000
09.93000
05.15000
09.51000
06.52000
06.83000
09.21000
07.88000
05.96000
05.29000
07.40000
05.83000
09.57000
07.90000
06.38000
09.07000
07.14000
08.53000
09.04000
09.59000
08.15000
06.11000
05.58000
07.41000
08.77000
06.03000
08.92000
05.88000
05.74000
05.61000
09.98000
06.16000
05.89000
08.22000
08.72000
09.76000
07.26000
08.50000
06.31000
09.44000
09.83000
09.48000
07.40000
06.92000
08.18000
09.17000
07.99000
06.34000
09.32000
06.41000
08.77000
07.74000
09.59000
06.59000
09.20000
09.63000
06.61000
06.39000
05.00000
06.80000
08.51000
07.12000
07.68000
05.76000
08.35000
07.96000
08.02000
09.52000
08.93000
07.28000
05.62000
06.59000
07.37000
08.79000
05.74000
08.77000
07.04000
07.42000
09.88000
09.14000
05.85000
09.07000
07.60000
07.34000
06.74000
09.01000
05.70000
06.41000
09.83000
05.99000
09.82000
05.85000
09.29000
08.23000
07.23000
07.01000
05.53000
05.21000
06.46000
07.48000
07.61000
07.58000
05.97000
06.60000
06.04000
08.95000
09.73000
05.46000
09.97000
09.27000
08.19000
08.26000
06.85000
07.57000
06.91000
07.12000
05.36000
09.08000
07.70000
05.42000
06.84000
05.57000
06.01000
08.29000
07.01000
09.81000
07.02000
07.80000
07.33000
05.34000
05.88000
08.36000
09.76000
08.20000
07.69000
09.11000
07.53000
05.69000
08.79000
05.47000
08.03000
07.49000
06.08000
05.64000
08.33000
08.23000
09.25000
09.28000
05.55000
06.31000
08.69000
07.87000
07.43000
06.03000
05.27000
08.86000
07.98000
07.96000
06.11000
05.93000
2
9
12
2
7
20
2
8
18
2
1
15
2
14
6
2
11
16
2
10
17
2
5
2
2
3
19
2
4
13
258.54050
