20
7
158.48000
177.73000
120.04000
154.67000
131.15000
149.09000
175.34000
180.29000
190.12000
177.04000
134.21000
107.30000
179.68000
132.85000
129.21000
189.00000
158.19000
189.30000
181.98000
155.21000
153.67000
113.91000
126.34000
131.68000
155.22000
135.67000
179.43000
187.10000
124.14000
132.50000
105.24000
170.80000
159.02000
145.57000
196.88000
162.21000
184.99000
130.10000
149.03000
129.84000
130.77000
105.79000
153.12000
193.85000
172.73000
117.93000
129.25000
116.76000
136.67000
196.37000
125.47000
134.75000
109.84000
111.56000
179.82000
162.81000
118.55000
160.54000
144.41000
117.50000
158.54000
179.71000
174.56000
124.96000
188.47000
135.76000
144.76000
148.23000
156.78000
104.11000
186.42000
192.86000
148.79000
118.90000
141.90000
193.77000
101.36000
153.32000
180.08000
199.93000
163.73000
117.96000
141.06000
199.45000
103.26000
143.39000
138.34000
162.65000
153.94000
120.20000
194.51000
108.76000
183.50000
155.57000
190.57000
151.98000
123.74000
108.23000
146.59000
133.08000
157.26000
169.01000
151.56000
169.89000
144.89000
186.83000
116.83000
123.05000
123.58000
132.70000
152.71000
137.94000
102.84000
171.22000
188.27000
142.42000
168.76000
131.05000
104.12000
103.45000
170.21000
139.34000
104.38000
155.03000
146.30000
100.35000
199.51000
191.98000
157.49000
104.48000
195.84000
125.03000
189.48000
133.10000
154.84000
105.12000
117.03000
144.18000
102.05000
134.73000
04.72000
02.41000
02.38000
03.51000
01.35000
01.65000
04.37000
01.27000
03.69000
01.66000
05.00000
01.43000
04.41000
03.90000
02.35000
03.58000
02.53000
01.61000
03.84000
02.16000
01.91000
01.71000
04.57000
02.56000
01.87000
01.33000
03.88000
03.42000
02.31000
03.99000
02.02000
03.94000
01.40000
02.78000
01.83000
04.60000
02.11000
01.04000
01.93000
03.18000
03.18000
04.46000
04.90000
02.71000
03.47000
03.02000
02.87000
03.51000
02.17000
02.19000
02.48000
04.47000
02.84000
03.52000
01.18000
01.78000
04.30000
01.35000
02.72000
03.45000
03.57000
04.52000
03.26000
04.43000
03.84000
01.99000
02.73000
01.61000
01.07000
03.04000
02.19000
04.29000
03.02000
01.58000
02.55000
02.28000
03.26000
02.83000
01.55000
03.70000
01.38000
01.30000
04.61000
01.57000
03.43000
03.99000
04.01000
01.76000
02.19000
02.07000
01.40000
04.56000
03.56000
04.69000
01.06000
02.27000
01.70000
02.80000
02.60000
04.00000
01.10000
04.52000
04.38000
04.86000
03.67000
02.04000
04.16000
04.42000
01.87000
02.26000
01.03000
01.64000
04.57000
03.43000
01.51000
03.17000
03.43000
04.10000
01.91000
02.98000
03.02000
01.18000
04.29000
01.33000
03.65000
02.81000
01.41000
02.38000
03.12000
01.84000
04.45000
01.47000
01.17000
02.49000
04.04000
02.48000
02.80000
03.81000
03.10000
03.10000
2
15
1
3
2
9
11
3
6
8
14
3
10
17
4
3
18
7
5
3
16
20
13
3
12
19
3
361.22770
