20
4
6.69000
84.59000
84.51000
54.23000
30.75000
89.71000
97.95000
59.94000
68.37000
56.57000
46.05000
97.00000
60.77000
25.39000
68.05000
7.63000
48.17000
36.38000
6.15000
30.04000
95.13000
43.06000
71.75000
17.48000
15.07000
52.39000
19.84000
56.90000
7.55000
63.87000
23.45000
31.94000
38.54000
43.48000
48.55000
7.59000
73.99000
56.17000
61.10000
48.82000
48.55000
27.83000
56.46000
46.91000
24.54000
78.17000
13.52000
95.72000
9.84000
98.38000
24.74000
10.75000
94.16000
79.16000
80.84000
79.71000
70.23000
11.24000
73.54000
95.34000
16.03000
98.76000
71.93000
38.63000
29.27000
51.06000
38.49000
1.86000
76.76000
78.59000
47.03000
97.57000
74.97000
97.84000
14.03000
44.22000
39.37000
25.26000
53.94000
55.28000
07.64000
05.92000
08.60000
05.94000
09.82000
06.29000
08.02000
06.84000
06.20000
08.70000
08.59000
09.24000
05.68000
07.07000
09.21000
07.05000
07.17000
05.30000
08.80000
09.17000
08.10000
06.80000
06.47000
09.41000
07.70000
05.67000
07.43000
09.35000
07.56000
05.46000
06.23000
05.29000
07.83000
06.34000
08.02000
07.38000
08.68000
08.45000
07.97000
05.80000
06.17000
06.63000
08.43000
07.36000
07.04000
06.55000
07.80000
08.13000
07.76000
07.29000
05.21000
05.43000
09.72000
05.25000
07.08000
05.66000
09.33000
06.84000
09.79000
05.21000
06.50000
09.81000
09.18000
06.49000
09.62000
09.98000
05.00000
05.62000
08.80000
10.00000
05.71000
05.94000
06.69000
07.52000
08.96000
05.08000
05.97000
05.21000
07.42000
05.72000
5
20
10
12
9
3
6
2
7
19
13
11
1
4
14
5
6
4
5
16
17
8
18
15
132.91820
