35
10
67.66000
82.95000
60.98000
86.16000
64.33000
21.30000
30.17000
64.37000
73.43000
83.55000
25.91000
84.69000
79.87000
62.81000
45.48000
51.60000
93.34000
73.93000
11.94000
92.33000
49.23000
58.51000
71.07000
61.86000
6.73000
81.92000
96.41000
37.92000
49.74000
36.26000
85.27000
24.00000
88.95000
36.38000
59.67000
89.68000
46.96000
19.26000
36.13000
4.99000
22.11000
15.21000
4.94000
94.04000
85.23000
14.93000
18.62000
23.09000
57.29000
93.06000
9.49000
77.15000
80.99000
51.99000
33.62000
70.99000
26.76000
15.86000
72.84000
42.11000
86.82000
34.55000
34.72000
52.78000
82.11000
83.70000
49.59000
91.01000
56.33000
64.70000
61.04000
33.34000
27.15000
73.22000
93.33000
25.61000
73.59000
88.96000
68.15000
79.62000
17.89000
75.36000
50.86000
68.90000
36.78000
17.35000
32.55000
89.75000
34.75000
23.58000
29.10000
65.22000
40.02000
29.49000
81.10000
42.10000
6.58000
94.22000
55.90000
91.93000
12.15000
4.72000
43.62000
14.00000
60.23000
87.75000
79.70000
33.91000
91.01000
5.00000
72.95000
10.37000
29.44000
60.90000
89.70000
20.49000
62.73000
51.64000
80.84000
70.84000
55.13000
95.17000
22.00000
93.73000
93.65000
37.19000
12.57000
46.25000
92.06000
45.16000
77.69000
9.21000
87.86000
14.26000
69.24000
88.20000
44.32000
62.46000
61.86000
17.53000
67.68000
86.68000
60.75000
30.40000
21.54000
96.54000
34.02000
23.36000
97.07000
82.77000
75.01000
40.84000
44.08000
98.34000
44.91000
49.20000
33.09000
23.00000
27.62000
39.52000
61.42000
58.21000
32.82000
27.68000
52.09000
34.22000
94.92000
54.27000
51.90000
3.99000
75.08000
85.66000
33.40000
45.26000
57.24000
66.80000
71.37000
46.65000
23.15000
97.97000
3.29000
85.46000
31.97000
98.12000
81.40000
3.72000
26.31000
92.37000
89.51000
36.94000
99.35000
31.61000
34.21000
49.37000
72.04000
89.49000
45.81000
29.04000
87.08000
68.39000
81.40000
87.70000
14.92000
92.44000
23.80000
64.87000
47.76000
13.53000
77.58000
22.80000
43.16000
71.39000
44.04000
99.55000
84.89000
27.32000
36.98000
36.13000
8.25000
73.80000
95.81000
3.11000
39.45000
47.24000
63.14000
47.30000
33.49000
6.82000
4.32000
42.24000
68.10000
36.45000
9.46000
84.22000
47.74000
46.79000
94.42000
96.29000
99.66000
72.27000
2.80000
26.23000
78.84000
73.05000
96.96000
35.23000
74.19000
99.35000
32.66000
43.64000
43.60000
95.53000
56.79000
38.52000
97.81000
53.63000
20.51000
75.94000
51.57000
42.09000
47.95000
38.74000
41.40000
55.11000
89.99000
32.48000
30.56000
12.65000
23.27000
88.48000
7.06000
57.39000
46.18000
64.83000
82.67000
59.80000
84.85000
42.35000
96.88000
14.07000
75.37000
73.55000
69.00000
15.04000
14.35000
23.53000
77.38000
42.98000
91.45000
6.53000
2.86000
84.01000
19.33000
38.41000
65.49000
67.39000
30.40000
60.78000
15.05000
46.08000
84.84000
39.98000
22.10000
97.82000
68.57000
66.13000
83.92000
28.09000
90.25000
56.07000
24.56000
63.11000
85.30000
50.42000
88.82000
4.61000
83.18000
42.13000
18.10000
7.11000
76.39000
7.11000
50.80000
27.50000
32.67000
79.90000
65.33000
53.79000
94.72000
62.89000
18.77000
98.74000
33.99000
80.19000
90.93000
1.88000
42.69000
82.72000
90.40000
23.45000
40.76000
46.09000
48.49000
52.47000
71.90000
69.70000
21.29000
2.70000
6.55000
79.69000
06.40000
06.64000
09.58000
07.74000
05.69000
09.85000
09.45000
08.82000
05.92000
07.10000
08.10000
06.33000
09.36000
09.74000
05.96000
09.75000
09.56000
05.37000
09.68000
09.79000
06.28000
07.83000
07.18000
08.43000
05.58000
07.21000
07.60000
08.90000
09.73000
09.88000
06.36000
05.67000
07.27000
08.42000
05.13000
05.91000
07.92000
06.11000
08.82000
07.88000
06.53000
08.53000
08.55000
08.85000
07.13000
05.68000
06.79000
09.37000
06.83000
06.27000
08.81000
06.26000
09.03000
05.23000
06.09000
07.59000
08.35000
08.76000
06.41000
07.67000
05.66000
09.29000
08.75000
07.08000
08.09000
05.52000
08.37000
07.62000
09.04000
07.39000
07.12000
08.66000
08.06000
05.96000
09.54000
08.47000
07.24000
08.62000
08.48000
06.74000
09.71000
08.54000
09.03000
07.63000
08.68000
08.00000
07.55000
06.54000
08.65000
05.53000
06.63000
05.15000
05.31000
05.93000
05.13000
06.35000
05.66000
05.23000
08.13000
09.31000
07.90000
05.71000
06.99000
09.44000
06.52000
06.20000
06.03000
06.59000
09.40000
09.53000
09.79000
06.10000
09.12000
07.16000
05.30000
05.82000
09.78000
09.97000
05.01000
09.76000
06.96000
05.10000
07.60000
08.17000
07.45000
05.92000
08.02000
07.56000
09.34000
07.06000
07.46000
05.67000
06.93000
09.40000
08.35000
06.52000
05.80000
05.08000
09.40000
05.36000
08.67000
05.73000
09.78000
09.99000
07.74000
08.89000
07.31000
09.61000
06.18000
08.45000
07.39000
08.34000
06.91000
06.36000
06.06000
06.25000
09.09000
05.87000
05.60000
09.72000
08.12000
06.44000
09.55000
06.32000
05.67000
08.79000
07.68000
09.91000
09.65000
09.90000
06.04000
05.59000
09.21000
07.99000
06.91000
09.87000
06.16000
08.48000
10.00000
08.83000
08.36000
08.93000
05.70000
07.79000
08.72000
07.96000
08.90000
07.97000
09.99000
09.88000
05.50000
06.79000
06.19000
05.27000
07.61000
07.94000
07.56000
05.93000
08.62000
06.38000
05.61000
09.94000
08.15000
08.29000
08.09000
06.61000
07.08000
06.11000
09.01000
06.50000
09.33000
05.41000
09.14000
09.88000
06.10000
09.01000
07.21000
07.81000
08.62000
06.69000
08.11000
08.95000
07.61000
08.26000
05.68000
06.21000
05.04000
09.74000
05.03000
08.73000
09.14000
08.42000
07.49000
06.95000
09.37000
07.84000
05.68000
07.51000
06.47000
07.77000
08.44000
08.32000
07.41000
09.26000
05.85000
09.70000
09.47000
09.48000
09.36000
06.24000
06.38000
08.03000
05.63000
05.15000
05.75000
07.67000
06.37000
07.92000
05.65000
08.02000
07.76000
07.31000
05.40000
09.95000
07.26000
07.33000
05.56000
05.61000
08.54000
08.22000
07.96000
08.37000
06.56000
06.50000
05.65000
07.85000
07.50000
09.91000
07.95000
09.94000
07.36000
06.21000
08.78000
07.44000
06.96000
09.23000
09.27000
07.55000
08.45000
05.05000
05.14000
08.49000
05.36000
06.28000
08.04000
05.97000
07.47000
06.76000
05.88000
06.98000
05.83000
06.60000
07.82000
09.73000
07.72000
07.13000
09.28000
08.70000
06.66000
05.96000
06.91000
09.61000
07.46000
06.94000
08.63000
08.00000
05.77000
06.38000
06.93000
05.83000
05.71000
07.55000
06.04000
06.26000
06.56000
07.70000
08.22000
06.11000
06.70000
06.76000
09.96000
08.44000
05.75000
05.94000
09.04000
07.58000
09.59000
07.68000
09.43000
09.08000
05.36000
05.65000
06.41000
09.77000
06.42000
09.81000
06.48000
07.70000
07.42000
06.35000
2
15
25
3
3
13
8
3
2
16
32
4
27
22
29
5
2
20
30
4
17
28
11
6
6
23
9
19
18
12
31
3
24
35
26
2
14
10
6
4
7
34
1
33
21
57.95182
