35
7
115.94000
119.56000
114.05000
148.13000
126.90000
178.92000
142.54000
168.19000
158.52000
193.40000
111.50000
145.40000
132.04000
145.58000
124.21000
188.11000
170.28000
107.09000
160.48000
168.74000
147.60000
188.62000
126.72000
173.76000
139.92000
189.92000
105.90000
153.71000
174.73000
149.82000
107.52000
173.19000
181.09000
196.20000
117.68000
148.42000
187.70000
106.70000
123.68000
126.57000
177.26000
188.05000
142.35000
156.37000
103.60000
149.23000
166.05000
128.96000
109.84000
119.69000
169.91000
149.57000
140.65000
117.94000
105.64000
187.50000
192.28000
101.54000
151.52000
126.09000
162.53000
117.13000
162.38000
112.75000
100.76000
150.39000
119.62000
108.96000
157.90000
176.08000
132.01000
195.94000
134.60000
129.48000
151.72000
100.33000
190.86000
141.22000
126.79000
101.39000
106.26000
113.76000
177.68000
187.14000
145.80000
123.40000
151.41000
159.68000
176.02000
135.54000
171.56000
185.18000
115.05000
154.61000
188.29000
143.85000
182.56000
174.12000
128.30000
180.00000
149.79000
126.64000
144.86000
151.96000
189.54000
156.33000
175.49000
182.33000
164.86000
180.50000
100.13000
105.74000
163.40000
118.53000
185.30000
127.08000
149.70000
154.56000
123.35000
131.26000
110.62000
111.78000
133.16000
117.25000
134.59000
102.46000
110.20000
148.09000
161.60000
177.90000
176.48000
100.88000
133.21000
178.49000
130.59000
116.78000
142.53000
183.67000
197.69000
151.02000
173.21000
190.05000
131.33000
181.42000
111.68000
177.32000
195.86000
104.12000
115.59000
125.04000
132.35000
182.27000
142.11000
164.22000
105.01000
197.65000
100.01000
164.92000
104.61000
146.11000
199.56000
186.28000
198.49000
187.57000
102.64000
126.48000
180.54000
196.00000
172.69000
172.80000
121.23000
109.43000
124.68000
151.53000
117.57000
156.89000
158.08000
197.50000
163.98000
192.04000
133.26000
162.52000
190.86000
181.81000
193.12000
190.83000
107.38000
140.79000
116.72000
160.30000
149.62000
147.64000
134.66000
187.88000
180.22000
195.10000
179.14000
179.58000
138.41000
139.95000
133.88000
180.45000
189.94000
153.04000
184.19000
124.63000
177.15000
169.28000
166.94000
185.33000
145.88000
153.68000
169.07000
158.76000
162.90000
138.02000
112.80000
103.69000
162.09000
150.12000
166.70000
170.99000
174.85000
101.46000
131.70000
185.40000
109.12000
167.56000
160.29000
110.76000
199.44000
138.04000
106.52000
199.93000
156.89000
166.56000
176.01000
144.87000
119.11000
120.83000
175.92000
126.58000
100.32000
132.64000
165.02000
03.89000
03.99000
01.45000
03.87000
04.38000
03.50000
04.86000
04.88000
01.95000
03.46000
01.98000
01.09000
04.05000
03.95000
02.42000
01.50000
01.96000
02.39000
02.59000
03.42000
04.73000
03.49000
03.72000
02.48000
01.27000
01.27000
01.87000
02.61000
02.27000
01.09000
01.88000
02.06000
02.24000
01.60000
03.44000
04.13000
03.27000
03.12000
02.72000
02.98000
04.20000
02.86000
03.19000
03.69000
04.28000
04.09000
01.62000
01.33000
04.33000
01.27000
02.99000
01.27000
05.00000
02.17000
03.09000
01.19000
04.73000
01.89000
02.55000
01.10000
01.79000
04.84000
04.77000
01.30000
04.26000
02.73000
01.98000
04.42000
04.02000
04.59000
04.37000
02.33000
03.88000
02.22000
04.03000
02.90000
02.68000
01.19000
01.61000
03.93000
01.95000
03.93000
04.65000
04.87000
03.88000
03.28000
01.51000
03.45000
02.49000
01.39000
03.36000
01.74000
01.61000
03.73000
02.19000
04.11000
04.88000
01.08000
04.78000
03.25000
01.74000
03.54000
02.75000
02.15000
01.46000
02.89000
02.21000
04.10000
04.74000
02.18000
01.15000
03.27000
04.34000
04.87000
01.38000
02.75000
04.97000
02.87000
01.84000
02.34000
02.22000
03.38000
02.25000
04.19000
03.45000
02.94000
01.15000
02.71000
01.89000
01.40000
01.90000
02.66000
02.54000
03.89000
02.68000
01.10000
04.22000
02.90000
02.47000
01.41000
02.73000
02.30000
04.81000
04.61000
01.86000
04.89000
02.83000
04.73000
02.69000
01.30000
04.79000
02.27000
04.37000
01.79000
04.97000
01.40000
03.85000
03.96000
02.47000
04.62000
01.90000
02.72000
03.23000
02.74000
01.08000
04.27000
01.97000
04.89000
03.79000
04.16000
04.23000
04.51000
02.23000
01.22000
04.38000
02.53000
03.66000
01.11000
04.44000
03.98000
04.25000
01.25000
02.86000
04.93000
04.25000
02.86000
03.09000
01.64000
04.16000
02.59000
02.79000
02.67000
02.31000
04.41000
04.45000
02.88000
04.83000
01.60000
01.37000
01.48000
03.69000
02.75000
03.64000
03.94000
02.65000
01.77000
04.20000
04.09000
03.27000
03.87000
01.45000
02.94000
03.70000
01.72000
02.37000
03.36000
01.95000
03.14000
03.99000
02.50000
04.53000
02.95000
04.54000
01.00000
01.35000
04.16000
01.08000
03.80000
04.09000
01.12000
03.45000
02.13000
04.29000
01.49000
04.32000
03.55000
03.25000
04.23000
01.19000
01.95000
02.13000
01.62000
02.34000
03.51000
03.86000
5
3
27
13
2
1
5
25
29
23
10
30
5
9
4
11
6
26
5
22
16
21
7
19
5
34
5
35
17
15
5
24
31
18
12
14
5
20
32
33
28
8
644.47050
