35
10
7.11000
7.79000
3.07000
91.39000
8.50000
44.86000
7.59000
88.32000
72.70000
59.75000
17.87000
58.62000
42.30000
99.26000
86.88000
61.46000
81.66000
36.91000
94.37000
81.75000
82.89000
68.02000
43.80000
30.17000
61.84000
16.61000
62.42000
40.14000
59.12000
28.48000
5.19000
71.81000
41.07000
76.19000
48.86000
43.85000
52.94000
29.69000
30.80000
17.17000
90.56000
62.03000
35.07000
23.56000
89.42000
10.08000
59.55000
32.46000
74.66000
53.65000
42.76000
38.09000
96.16000
1.32000
46.95000
59.39000
30.55000
82.41000
60.14000
41.05000
76.23000
56.00000
95.09000
51.53000
60.33000
2.92000
90.31000
85.02000
32.73000
28.73000
81.51000
90.86000
54.29000
49.05000
82.10000
42.18000
72.56000
77.64000
46.21000
3.50000
87.01000
53.01000
94.86000
3.07000
33.07000
15.77000
76.87000
93.86000
68.90000
31.28000
63.76000
56.61000
80.42000
90.63000
52.83000
92.79000
77.31000
11.70000
66.12000
32.64000
93.96000
33.07000
51.44000
28.13000
90.57000
10.83000
36.88000
74.21000
87.98000
4.77000
73.01000
60.13000
58.52000
29.18000
63.13000
73.61000
7.99000
84.43000
63.31000
28.41000
4.84000
96.66000
55.37000
61.05000
43.26000
16.76000
45.90000
35.78000
43.22000
18.37000
66.20000
39.62000
48.40000
2.88000
73.37000
85.32000
28.25000
94.41000
49.22000
12.41000
93.77000
2.80000
72.97000
52.54000
35.58000
42.79000
23.03000
77.62000
16.41000
27.53000
84.99000
73.94000
39.73000
65.70000
76.73000
63.55000
34.78000
92.70000
38.84000
93.24000
54.54000
68.71000
36.68000
36.55000
77.73000
77.65000
61.35000
88.78000
8.84000
30.18000
29.71000
73.97000
74.11000
59.72000
81.37000
35.03000
49.91000
71.07000
72.66000
72.25000
20.96000
15.42000
39.46000
27.48000
51.66000
38.87000
7.33000
31.07000
31.04000
86.11000
75.66000
40.07000
70.85000
27.58000
71.58000
36.31000
10.60000
55.49000
44.97000
26.38000
11.55000
89.79000
70.49000
41.59000
61.72000
75.17000
49.51000
39.01000
74.87000
80.10000
30.88000
44.31000
87.28000
87.97000
68.23000
46.15000
62.35000
32.99000
23.65000
52.79000
19.10000
49.52000
80.06000
55.32000
53.82000
42.02000
49.12000
69.61000
89.57000
38.74000
64.25000
37.25000
74.14000
92.65000
85.63000
23.61000
79.06000
83.48000
98.17000
19.78000
2.63000
14.71000
12.53000
41.63000
64.89000
11.64000
38.74000
88.11000
70.19000
45.55000
40.83000
87.41000
86.83000
96.96000
48.92000
82.76000
16.86000
30.15000
81.96000
49.78000
89.59000
31.11000
84.65000
87.87000
64.10000
13.61000
26.44000
24.16000
21.22000
15.16000
99.53000
7.54000
66.51000
98.03000
25.86000
13.65000
33.31000
52.22000
47.14000
42.86000
50.84000
45.16000
27.25000
44.86000
12.05000
32.48000
54.42000
45.59000
93.68000
36.67000
8.84000
21.62000
64.08000
30.28000
67.25000
56.88000
13.37000
10.60000
35.13000
62.03000
56.39000
98.68000
39.70000
71.48000
35.76000
44.30000
34.95000
45.41000
16.82000
18.02000
98.60000
67.74000
89.69000
17.12000
36.15000
88.06000
67.74000
3.02000
88.66000
9.06000
65.90000
53.62000
40.51000
85.71000
79.83000
6.38000
29.98000
15.23000
60.40000
65.89000
20.33000
14.55000
82.27000
65.46000
98.56000
28.39000
46.81000
61.17000
79.44000
26.18000
78.16000
34.84000
99.48000
2.12000
28.21000
92.05000
22.95000
74.17000
70.60000
66.12000
02.26000
04.99000
04.27000
04.41000
01.69000
01.16000
02.44000
02.57000
03.76000
02.26000
02.17000
02.20000
03.54000
02.64000
01.03000
04.14000
01.11000
01.60000
01.59000
02.22000
01.56000
03.49000
03.44000
03.25000
02.96000
01.63000
03.16000
03.08000
04.39000
02.35000
02.32000
02.53000
01.93000
04.98000
03.50000
04.53000
02.75000
03.91000
03.37000
04.14000
04.13000
04.49000
02.92000
04.00000
02.46000
03.54000
04.27000
03.80000
02.69000
03.26000
02.87000
04.24000
02.78000
02.86000
03.18000
03.04000
01.67000
02.53000
02.65000
02.89000
03.33000
03.49000
03.73000
03.50000
04.69000
03.93000
01.87000
01.57000
03.73000
03.05000
01.47000
04.23000
03.70000
02.76000
04.81000
03.61000
02.02000
03.89000
02.82000
04.02000
03.05000
01.72000
04.84000
02.04000
02.63000
03.33000
01.18000
03.26000
01.57000
04.80000
03.18000
02.25000
01.71000
03.20000
03.16000
02.58000
01.87000
04.62000
02.46000
04.85000
01.88000
04.13000
03.40000
02.62000
02.58000
04.62000
02.48000
03.25000
01.38000
04.04000
03.36000
01.77000
02.33000
04.03000
02.06000
01.20000
02.09000
04.52000
03.79000
04.00000
04.35000
02.48000
02.76000
01.61000
01.82000
03.85000
02.16000
02.49000
04.21000
03.60000
02.20000
04.09000
02.21000
01.67000
04.09000
04.87000
03.53000
03.02000
02.02000
04.27000
02.73000
04.98000
02.09000
04.81000
02.01000
03.42000
03.49000
02.18000
02.81000
02.80000
01.57000
01.29000
04.70000
01.96000
02.42000
03.46000
04.28000
04.73000
01.11000
03.02000
03.10000
03.92000
01.72000
03.30000
03.77000
01.37000
01.33000
04.63000
01.84000
03.91000
02.01000
04.34000
01.90000
03.36000
02.85000
04.41000
01.58000
03.51000
03.57000
01.90000
02.66000
04.38000
03.29000
01.58000
04.75000
03.92000
03.13000
03.65000
01.32000
04.82000
03.04000
01.31000
02.81000
02.80000
03.97000
04.77000
04.68000
02.54000
03.89000
01.23000
03.38000
01.76000
01.74000
02.89000
04.36000
03.16000
01.47000
02.96000
02.09000
02.45000
04.87000
04.04000
01.27000
01.52000
02.38000
01.92000
03.45000
01.40000
04.07000
01.46000
02.11000
02.87000
03.77000
03.75000
01.56000
01.50000
04.30000
02.87000
03.13000
01.87000
01.50000
01.89000
01.16000
01.56000
04.20000
04.89000
02.98000
03.15000
02.21000
04.95000
04.90000
02.20000
02.38000
04.15000
04.27000
03.86000
01.75000
03.71000
02.85000
02.06000
04.38000
04.24000
03.83000
02.40000
02.53000
01.50000
03.57000
01.31000
01.90000
02.43000
02.26000
04.26000
01.20000
03.01000
01.10000
01.70000
04.14000
04.17000
02.30000
01.08000
03.41000
03.88000
01.07000
02.85000
04.72000
01.08000
01.60000
04.47000
02.77000
03.73000
01.98000
03.29000
02.98000
03.51000
03.53000
02.74000
03.66000
02.45000
04.73000
02.39000
03.41000
02.64000
01.67000
01.58000
04.80000
01.90000
03.41000
04.62000
03.42000
03.06000
04.05000
04.86000
03.84000
01.95000
02.64000
04.61000
03.63000
03.40000
03.29000
03.21000
01.39000
01.23000
03.05000
04.97000
04.68000
04.35000
02.44000
01.94000
01.47000
01.55000
03.86000
03.56000
02.63000
04.14000
03.61000
01.29000
03.47000
04.81000
03.66000
02.33000
04.46000
01.27000
02.95000
02.89000
03.04000
04.23000
01.44000
04.16000
01.67000
01.37000
04.08000
04.36000
03.81000
01.42000
04.83000
02.68000
01.90000
02.06000
02.63000
03.32000
4
24
7
2
3
4
4
11
31
19
4
20
28
14
10
5
15
35
29
5
16
2
23
9
4
6
26
12
22
2
8
33
4
25
21
1
27
3
30
34
18
3
32
17
13
55.33091
