35
7
23.28000
18.06000
96.12000
43.25000
8.62000
71.98000
12.36000
91.93000
30.31000
2.72000
94.59000
16.53000
16.96000
93.50000
74.16000
94.87000
34.84000
59.85000
92.38000
12.30000
40.39000
89.08000
56.97000
99.22000
28.74000
97.79000
87.57000
93.58000
83.17000
78.42000
70.25000
81.38000
28.64000
49.65000
3.98000
78.76000
47.87000
34.29000
82.37000
4.73000
41.16000
63.90000
98.08000
1.10000
30.29000
93.01000
52.07000
19.29000
89.28000
80.00000
68.65000
61.75000
33.80000
9.56000
88.00000
33.51000
64.70000
41.15000
14.77000
88.62000
25.52000
63.55000
64.48000
85.69000
45.93000
41.31000
21.12000
33.36000
96.32000
64.32000
92.82000
9.45000
25.58000
74.75000
46.79000
75.03000
16.57000
77.53000
6.29000
44.42000
18.58000
10.68000
29.10000
88.71000
53.03000
2.75000
38.39000
34.01000
81.01000
10.56000
70.29000
4.99000
52.76000
66.75000
26.32000
78.37000
56.23000
32.25000
19.93000
35.40000
69.52000
41.78000
30.01000
5.41000
10.39000
59.99000
21.49000
75.07000
85.18000
79.50000
62.44000
89.01000
51.25000
40.55000
94.72000
44.39000
99.20000
67.04000
73.99000
34.91000
98.87000
61.67000
19.36000
7.38000
57.74000
52.42000
62.83000
9.10000
71.48000
44.07000
3.85000
39.45000
76.42000
67.72000
51.77000
99.36000
97.07000
32.24000
83.38000
42.77000
62.44000
33.90000
38.34000
48.60000
83.20000
13.33000
29.19000
5.31000
88.35000
4.40000
52.83000
46.24000
4.94000
4.16000
61.86000
88.78000
46.20000
85.45000
72.26000
2.36000
68.03000
50.43000
14.96000
53.97000
14.50000
74.04000
82.31000
66.63000
66.35000
60.51000
84.57000
62.91000
96.50000
88.88000
93.44000
43.02000
24.29000
71.29000
80.34000
24.80000
98.92000
63.82000
69.61000
5.29000
95.77000
45.26000
89.84000
20.99000
87.31000
83.83000
90.52000
10.93000
36.17000
26.54000
84.56000
64.21000
42.65000
43.67000
98.78000
73.47000
97.23000
84.34000
25.43000
81.38000
31.05000
24.93000
67.69000
33.19000
60.45000
15.64000
39.68000
83.47000
25.30000
99.84000
10.19000
24.16000
38.37000
47.26000
34.05000
97.07000
66.18000
66.07000
43.71000
63.36000
29.60000
97.63000
84.59000
81.73000
36.68000
60.10000
67.48000
64.91000
36.12000
95.94000
16.12000
26.21000
64.81000
27.40000
17.67000
29.97000
99.31000
99.04000
74.21000
43.07000
6.33000
01.55000
01.99000
03.93000
04.06000
01.27000
03.10000
03.81000
03.34000
01.64000
03.70000
03.63000
01.22000
01.33000
03.47000
01.95000
02.03000
02.29000
02.88000
03.66000
01.90000
03.81000
01.24000
01.92000
02.79000
04.48000
02.64000
04.25000
02.46000
04.20000
02.01000
02.45000
04.50000
02.19000
03.08000
02.65000
01.51000
02.52000
01.82000
02.49000
03.97000
04.15000
01.75000
03.19000
03.46000
03.35000
02.31000
03.43000
03.87000
01.15000
02.53000
02.14000
02.90000
01.88000
02.28000
04.58000
02.07000
03.20000
04.22000
04.31000
04.69000
02.08000
03.84000
01.20000
01.91000
04.80000
03.43000
03.43000
02.68000
04.95000
02.10000
04.96000
01.52000
01.43000
04.97000
03.95000
04.94000
02.22000
04.03000
04.33000
01.57000
02.73000
04.09000
01.11000
04.70000
02.37000
03.57000
01.58000
01.38000
03.86000
01.71000
03.37000
02.51000
03.23000
04.54000
04.43000
04.80000
03.81000
02.93000
04.99000
04.74000
02.27000
02.55000
01.62000
04.68000
02.57000
04.35000
02.12000
03.43000
02.66000
02.69000
03.45000
02.98000
01.35000
02.68000
03.88000
03.19000
03.16000
03.31000
02.81000
02.70000
01.90000
02.36000
03.91000
01.97000
02.64000
02.44000
01.17000
01.25000
03.79000
04.97000
04.92000
02.63000
03.07000
04.19000
03.78000
03.98000
03.51000
01.13000
02.67000
01.02000
03.75000
04.19000
04.85000
02.75000
03.61000
03.26000
01.12000
03.11000
04.43000
03.49000
03.48000
02.83000
01.05000
03.23000
03.67000
01.91000
01.61000
03.65000
01.76000
02.19000
01.60000
02.73000
04.12000
01.30000
01.78000
01.26000
01.43000
02.69000
02.25000
04.86000
02.69000
01.64000
04.42000
01.94000
01.22000
04.36000
02.45000
02.58000
04.78000
04.00000
02.66000
03.94000
02.12000
03.35000
03.36000
01.22000
01.76000
04.00000
01.77000
04.12000
03.84000
03.34000
04.41000
01.22000
04.79000
04.56000
01.13000
01.85000
03.35000
02.68000
03.09000
02.19000
02.59000
02.52000
04.74000
03.22000
03.88000
04.73000
01.87000
04.75000
02.13000
02.20000
04.66000
04.30000
02.55000
04.69000
03.21000
03.00000
04.57000
02.72000
03.03000
03.62000
02.38000
03.23000
03.72000
03.25000
04.46000
05.00000
02.18000
01.82000
03.63000
04.59000
02.63000
04.06000
03.02000
02.39000
02.60000
01.52000
02.05000
04.61000
02.92000
02.54000
02.49000
01.27000
01.76000
4
1
4
7
35
5
21
32
24
5
9
7
33
11
2
12
22
34
16
5
27
23
18
19
26
7
25
3
6
8
14
10
20
4
28
31
13
17
3
29
15
30
86.49574
