35
4
118.24000
112.02000
148.60000
154.40000
144.90000
174.62000
187.19000
165.26000
180.57000
143.89000
155.10000
153.10000
165.87000
160.45000
192.95000
158.54000
141.43000
164.93000
141.38000
122.20000
147.88000
197.94000
141.00000
184.72000
125.83000
100.12000
132.45000
186.72000
115.92000
112.09000
156.34000
168.82000
158.77000
174.48000
153.30000
135.81000
100.28000
140.57000
194.42000
101.15000
151.61000
138.25000
105.05000
197.57000
112.93000
149.82000
158.47000
190.69000
149.86000
140.90000
120.31000
146.14000
128.02000
177.13000
156.20000
129.55000
113.05000
124.12000
131.77000
106.54000
170.56000
147.51000
112.63000
142.73000
166.18000
112.91000
164.41000
103.75000
165.53000
185.95000
169.47000
133.41000
195.34000
194.97000
186.05000
186.42000
127.95000
106.59000
132.35000
179.30000
135.58000
153.39000
198.98000
102.67000
108.86000
125.99000
176.57000
147.17000
138.42000
115.03000
155.75000
103.40000
114.88000
111.12000
127.14000
162.01000
128.86000
104.89000
181.37000
113.60000
170.99000
186.97000
109.06000
148.82000
131.89000
102.08000
130.70000
181.94000
113.07000
107.95000
126.95000
157.06000
161.79000
131.22000
132.02000
157.40000
177.12000
187.53000
161.53000
198.58000
174.71000
192.50000
131.11000
196.24000
170.18000
161.75000
156.37000
165.99000
179.14000
110.91000
152.95000
123.46000
117.23000
155.60000
136.46000
184.28000
100.08000
111.45000
122.54000
164.06000
07.19000
08.37000
05.71000
07.74000
09.65000
05.75000
07.00000
08.50000
07.00000
08.38000
05.14000
08.97000
08.16000
05.16000
09.05000
08.05000
07.03000
05.01000
07.61000
09.64000
07.52000
06.82000
09.75000
07.66000
08.53000
09.51000
09.36000
06.00000
08.97000
06.98000
05.36000
08.58000
07.75000
08.14000
06.64000
09.86000
07.41000
06.79000
09.84000
08.16000
05.62000
05.86000
09.78000
08.04000
08.58000
09.10000
09.55000
09.67000
06.45000
06.65000
09.31000
08.20000
09.38000
08.69000
09.21000
08.78000
07.54000
05.36000
09.40000
06.58000
06.07000
06.83000
05.06000
06.75000
05.14000
08.24000
06.32000
09.44000
09.89000
09.75000
08.84000
09.22000
08.73000
08.92000
09.21000
09.44000
07.33000
05.97000
06.38000
09.94000
05.92000
09.00000
06.75000
07.10000
05.91000
09.41000
06.72000
07.35000
08.72000
08.60000
07.70000
07.09000
05.73000
07.99000
06.11000
07.72000
08.37000
08.97000
08.33000
05.66000
08.04000
07.96000
05.79000
07.30000
06.14000
06.42000
06.88000
08.41000
09.90000
06.29000
06.01000
08.51000
06.78000
09.80000
05.06000
06.09000
09.92000
09.60000
06.70000
08.79000
06.97000
08.36000
08.58000
09.27000
05.59000
08.72000
08.35000
05.18000
08.44000
08.35000
08.68000
09.19000
08.16000
09.90000
07.22000
08.94000
07.43000
06.03000
06.62000
07.10000
8
11
3
17
13
19
29
20
26
9
7
23
28
25
21
31
2
16
33
9
35
9
30
15
8
12
22
14
24
9
10
6
34
5
1
18
32
27
4
1393.57200
