35
10
196.14000
160.16000
124.96000
121.91000
139.49000
124.87000
110.48000
165.56000
172.74000
129.58000
175.16000
141.59000
130.66000
115.31000
166.25000
103.52000
173.00000
148.06000
156.04000
129.85000
184.55000
118.86000
141.78000
124.11000
175.05000
143.71000
145.73000
114.81000
179.28000
163.64000
115.18000
155.47000
157.00000
144.66000
122.37000
164.10000
151.81000
100.55000
155.00000
174.00000
144.61000
121.20000
189.45000
155.48000
159.88000
116.75000
177.82000
121.45000
166.75000
112.60000
101.73000
109.79000
159.37000
159.15000
167.85000
183.38000
156.89000
131.77000
107.79000
130.13000
103.43000
130.86000
178.21000
162.92000
168.14000
181.82000
160.75000
119.64000
145.16000
135.03000
168.40000
162.00000
189.96000
116.94000
135.04000
190.36000
134.56000
101.43000
108.47000
183.42000
115.83000
133.63000
104.72000
163.45000
162.29000
148.31000
164.78000
177.72000
127.46000
105.23000
154.69000
198.48000
189.86000
189.16000
165.45000
123.02000
152.99000
109.86000
113.08000
173.58000
145.38000
102.11000
138.60000
197.44000
120.53000
191.46000
171.18000
126.59000
102.10000
189.07000
164.89000
157.06000
132.24000
110.31000
103.43000
180.11000
154.28000
199.33000
187.19000
152.39000
181.11000
125.27000
141.56000
155.53000
150.62000
182.27000
116.94000
196.18000
125.71000
189.48000
188.71000
105.97000
194.26000
191.02000
157.26000
141.55000
169.16000
156.05000
147.98000
184.56000
107.73000
161.33000
193.91000
167.48000
166.82000
151.02000
130.03000
166.28000
101.16000
106.67000
161.91000
154.67000
108.02000
131.82000
199.31000
148.69000
109.66000
154.96000
177.00000
189.35000
153.34000
129.63000
154.75000
142.66000
111.34000
134.34000
117.31000
199.64000
180.92000
172.59000
174.47000
176.30000
184.34000
172.91000
160.97000
182.58000
190.63000
188.37000
196.47000
140.37000
114.37000
170.67000
133.45000
137.92000
194.38000
177.30000
139.38000
150.60000
162.28000
196.14000
158.41000
178.82000
174.71000
140.09000
159.67000
147.96000
113.33000
147.03000
137.30000
108.42000
184.76000
179.85000
110.45000
135.59000
120.66000
126.45000
123.25000
129.85000
177.65000
199.72000
162.20000
165.32000
185.87000
172.30000
116.11000
128.46000
141.66000
135.81000
190.29000
160.40000
178.86000
182.38000
163.26000
145.92000
188.47000
109.28000
138.53000
194.77000
186.52000
138.77000
144.61000
141.72000
114.02000
118.13000
135.02000
146.55000
136.98000
119.61000
188.29000
194.00000
146.42000
140.48000
107.91000
193.85000
158.36000
182.64000
187.09000
139.86000
139.45000
171.93000
100.08000
177.35000
187.01000
106.16000
194.81000
109.96000
144.63000
191.95000
134.18000
156.84000
187.72000
160.94000
106.07000
162.12000
116.64000
169.79000
123.38000
194.95000
156.81000
100.13000
124.00000
149.46000
158.60000
158.60000
170.81000
144.80000
197.41000
176.84000
151.72000
125.10000
151.09000
178.87000
164.20000
156.02000
191.64000
198.30000
119.77000
167.87000
199.04000
115.94000
193.95000
132.79000
133.06000
197.79000
159.00000
129.32000
178.46000
134.87000
112.20000
160.96000
145.02000
143.19000
175.80000
156.22000
167.48000
163.78000
197.07000
168.64000
105.63000
162.64000
148.28000
176.71000
144.22000
130.80000
126.70000
177.57000
117.29000
178.91000
165.29000
174.75000
115.06000
142.50000
126.00000
136.11000
159.11000
136.08000
126.94000
199.52000
143.60000
110.04000
174.77000
127.87000
187.67000
139.77000
101.12000
109.07000
135.46000
125.66000
162.63000
155.99000
156.10000
193.09000
140.94000
106.54000
143.75000
192.47000
142.70000
123.59000
117.53000
199.17000
02.56000
04.30000
01.59000
02.91000
01.89000
01.13000
04.98000
01.39000
04.69000
03.41000
01.13000
02.24000
02.77000
02.22000
04.36000
03.03000
04.97000
01.64000
02.00000
02.34000
01.12000
02.74000
02.37000
03.75000
02.05000
03.61000
02.80000
03.84000
03.58000
03.31000
01.63000
04.19000
02.54000
01.94000
02.18000
03.87000
04.15000
01.87000
01.92000
03.50000
02.39000
02.33000
03.29000
02.78000
02.19000
02.06000
02.44000
04.18000
03.24000
02.00000
01.58000
03.15000
02.26000
04.10000
03.90000
04.14000
04.93000
03.33000
01.61000
04.59000
01.98000
03.63000
03.91000
02.97000
01.09000
01.96000
01.01000
02.73000
02.98000
04.26000
01.54000
01.56000
04.35000
02.39000
04.89000
02.57000
01.47000
01.79000
01.68000
02.06000
04.44000
01.71000
01.97000
01.36000
01.83000
01.98000
04.86000
02.81000
03.24000
03.44000
02.42000
01.73000
03.22000
03.90000
03.73000
02.45000
01.37000
02.20000
02.86000
02.29000
02.25000
02.17000
02.90000
03.59000
03.46000
03.46000
01.16000
03.78000
04.26000
01.88000
01.60000
02.38000
02.46000
01.71000
04.92000
02.12000
01.88000
01.66000
03.06000
04.20000
04.98000
01.42000
04.98000
02.82000
03.20000
01.71000
04.62000
01.20000
01.01000
04.23000
04.95000
03.53000
03.85000
03.67000
01.92000
03.01000
02.18000
03.74000
04.47000
01.86000
04.74000
01.64000
03.20000
02.23000
04.81000
04.10000
03.15000
02.72000
02.10000
04.89000
01.86000
02.71000
04.93000
03.60000
02.15000
04.28000
02.65000
04.79000
03.87000
02.49000
01.57000
02.05000
03.82000
01.45000
01.02000
01.96000
03.85000
02.21000
01.33000
04.09000
02.78000
02.85000
03.83000
01.03000
04.43000
01.80000
04.80000
04.30000
04.07000
03.31000
04.95000
04.99000
02.76000
04.29000
02.60000
03.01000
01.42000
03.71000
01.96000
03.81000
02.77000
01.52000
04.22000
01.85000
02.50000
02.66000
03.59000
04.59000
01.31000
01.10000
03.27000
04.47000
04.91000
03.78000
03.47000
02.94000
04.01000
02.66000
01.39000
02.46000
03.64000
04.92000
01.50000
03.82000
01.14000
04.38000
01.90000
04.36000
02.46000
01.83000
02.79000
01.18000
02.18000
03.10000
01.23000
02.61000
03.87000
03.03000
03.31000
01.98000
04.11000
01.43000
04.11000
01.62000
04.48000
03.13000
03.70000
04.85000
03.57000
01.97000
03.17000
04.01000
04.93000
04.78000
04.58000
04.70000
01.09000
04.18000
04.43000
01.74000
02.84000
03.56000
04.16000
01.64000
03.04000
03.78000
02.94000
03.60000
02.13000
02.53000
03.71000
03.82000
01.57000
02.53000
02.43000
03.52000
03.81000
03.47000
04.05000
04.88000
04.30000
02.06000
02.53000
03.12000
03.50000
03.99000
04.81000
02.43000
02.86000
03.99000
01.17000
04.07000
04.71000
01.46000
02.09000
03.59000
04.95000
01.01000
01.24000
01.57000
01.21000
04.44000
03.44000
02.10000
04.81000
02.33000
02.53000
02.24000
04.09000
02.26000
01.33000
04.09000
04.37000
04.80000
03.66000
02.72000
03.98000
03.53000
02.37000
02.20000
02.24000
01.03000
03.28000
03.62000
03.49000
01.11000
02.47000
02.96000
04.49000
01.52000
03.36000
01.52000
01.96000
02.47000
02.96000
04.73000
02.85000
03.43000
01.95000
02.54000
02.36000
04.84000
02.04000
01.92000
04.71000
04.17000
01.93000
02.80000
03.08000
03.85000
01.33000
02.15000
03.69000
03.35000
04.94000
01.92000
01.73000
03.12000
02.47000
01.06000
3
34
31
14
4
16
3
26
7
4
8
28
32
11
4
9
27
4
10
3
2
17
13
3
12
30
23
3
5
24
33
4
18
6
22
25
3
1
35
19
4
15
29
21
20
447.17130
