35
4
128.69000
122.54000
159.58000
128.72000
107.94000
114.29000
153.88000
171.85000
102.45000
118.96000
183.75000
198.21000
152.84000
177.18000
189.82000
148.43000
199.74000
129.55000
112.70000
163.12000
183.78000
116.72000
193.04000
182.91000
145.57000
179.30000
171.45000
148.44000
125.75000
157.92000
188.55000
100.31000
164.93000
193.20000
184.97000
183.84000
173.86000
143.22000
192.15000
122.47000
187.55000
142.31000
193.26000
148.44000
167.47000
111.55000
193.40000
127.35000
179.25000
116.55000
158.23000
124.84000
188.52000
122.94000
153.35000
106.54000
160.90000
196.35000
144.39000
138.07000
162.01000
102.40000
196.98000
185.05000
157.49000
106.72000
176.74000
113.11000
112.95000
174.93000
186.94000
105.82000
154.34000
134.69000
163.15000
120.02000
199.69000
160.62000
175.31000
180.33000
126.32000
127.98000
114.06000
177.39000
124.85000
127.39000
170.02000
101.81000
185.90000
149.48000
133.82000
144.23000
100.10000
184.88000
196.08000
195.26000
158.07000
124.21000
147.42000
145.54000
150.45000
158.09000
178.48000
185.69000
167.85000
125.73000
173.84000
129.34000
112.01000
168.17000
120.73000
119.16000
189.48000
184.27000
132.69000
190.45000
189.82000
189.65000
125.33000
158.83000
128.67000
199.94000
114.29000
139.94000
121.65000
130.77000
115.19000
149.38000
184.37000
197.74000
143.65000
102.80000
132.47000
116.51000
115.30000
115.81000
181.58000
102.68000
145.76000
104.05000
01.14000
04.58000
04.89000
01.42000
02.79000
04.98000
01.24000
04.15000
03.62000
04.83000
02.32000
01.90000
02.73000
03.26000
03.25000
01.79000
03.27000
03.39000
03.17000
02.94000
04.35000
04.34000
01.20000
04.48000
01.10000
01.25000
04.45000
01.53000
04.64000
01.23000
04.06000
01.22000
02.10000
03.41000
03.16000
03.89000
01.37000
03.88000
01.41000
03.73000
02.45000
04.97000
04.50000
02.10000
04.59000
02.64000
04.71000
03.10000
03.90000
01.01000
02.16000
02.88000
04.51000
04.22000
04.97000
01.55000
02.55000
04.39000
01.27000
03.25000
02.15000
01.64000
03.19000
04.08000
03.42000
04.10000
02.84000
04.19000
02.49000
03.89000
04.87000
01.08000
04.80000
01.76000
04.01000
03.91000
04.14000
03.69000
03.84000
02.22000
02.74000
01.64000
01.48000
01.11000
01.70000
04.75000
02.05000
01.72000
02.17000
02.14000
02.69000
01.17000
01.25000
02.93000
04.50000
04.58000
04.08000
04.25000
04.63000
01.09000
03.79000
03.22000
04.19000
03.81000
01.49000
01.31000
01.84000
01.05000
02.56000
02.82000
01.07000
01.37000
02.62000
04.49000
01.48000
04.92000
04.93000
04.44000
01.22000
01.82000
03.62000
04.81000
02.39000
02.19000
04.81000
03.71000
03.14000
04.15000
02.64000
03.28000
01.57000
01.85000
03.22000
01.63000
03.83000
01.39000
04.68000
04.89000
04.02000
04.90000
9
1
4
32
5
19
9
22
10
6
8
24
21
34
17
11
25
8
31
9
30
2
23
12
13
15
18
28
16
9
3
14
26
7
29
27
20
35
33
1135.68700
