35
10
181.57000
162.47000
199.62000
107.65000
128.68000
158.80000
199.68000
135.11000
132.58000
169.83000
186.42000
160.28000
109.29000
117.83000
188.35000
117.93000
199.83000
150.07000
158.99000
167.82000
170.20000
138.80000
176.86000
194.72000
111.43000
181.31000
145.46000
108.39000
139.53000
199.84000
193.31000
143.60000
195.52000
141.67000
173.94000
185.01000
150.46000
188.49000
193.50000
106.83000
155.89000
118.18000
110.35000
102.29000
156.15000
190.45000
169.11000
115.53000
151.63000
161.95000
182.66000
115.69000
167.72000
114.31000
188.89000
196.91000
154.82000
154.17000
150.70000
178.33000
188.30000
113.19000
155.97000
104.10000
168.57000
147.99000
117.59000
143.34000
121.02000
140.22000
124.61000
149.89000
126.03000
165.03000
101.67000
145.05000
155.12000
144.29000
103.98000
156.17000
129.96000
163.16000
128.81000
186.78000
160.33000
137.65000
198.41000
165.40000
180.99000
108.77000
160.07000
145.54000
151.71000
142.55000
186.04000
105.71000
157.24000
129.99000
173.58000
149.43000
107.36000
187.12000
144.97000
105.22000
136.84000
109.52000
162.68000
152.42000
149.39000
129.03000
135.65000
171.44000
110.59000
138.29000
114.87000
164.79000
190.74000
112.70000
131.99000
120.35000
133.98000
152.64000
143.65000
151.01000
109.46000
183.50000
131.48000
194.67000
111.31000
155.68000
102.13000
114.22000
158.68000
144.56000
187.25000
197.54000
195.70000
150.54000
143.46000
157.52000
179.67000
188.84000
137.32000
123.55000
189.05000
194.95000
123.58000
105.03000
168.70000
119.86000
141.25000
119.57000
197.13000
148.35000
181.33000
164.44000
177.87000
190.17000
159.85000
161.91000
139.42000
180.09000
117.81000
159.23000
135.30000
177.88000
121.24000
128.68000
144.04000
168.30000
161.15000
167.52000
169.13000
161.13000
153.56000
114.86000
173.80000
177.93000
175.76000
103.37000
173.50000
189.64000
185.04000
186.81000
104.96000
146.47000
154.39000
171.82000
131.04000
167.57000
159.19000
190.03000
139.65000
197.07000
199.83000
198.10000
143.68000
104.11000
101.72000
177.66000
181.02000
182.85000
115.23000
135.35000
114.55000
152.40000
115.76000
102.81000
132.17000
156.93000
116.02000
134.23000
181.87000
157.87000
149.54000
134.13000
105.40000
125.18000
199.91000
182.23000
197.55000
195.57000
126.90000
144.55000
130.57000
147.57000
115.27000
112.10000
101.74000
184.68000
174.79000
100.89000
133.31000
135.41000
140.23000
151.95000
172.55000
153.29000
171.34000
131.28000
191.73000
116.83000
152.90000
129.91000
188.11000
136.93000
190.52000
112.88000
156.88000
170.84000
112.50000
188.19000
116.81000
118.91000
130.78000
143.49000
166.97000
119.04000
139.49000
129.17000
114.01000
134.11000
157.78000
120.62000
189.58000
152.03000
129.78000
118.22000
150.31000
185.67000
124.65000
147.38000
177.84000
172.93000
136.51000
158.47000
178.82000
176.70000
184.51000
126.89000
169.42000
159.03000
102.66000
138.80000
164.61000
162.52000
151.78000
165.02000
149.79000
195.16000
183.28000
165.90000
165.98000
104.23000
150.67000
101.22000
179.20000
161.98000
132.48000
155.73000
180.47000
165.69000
132.21000
139.20000
185.79000
137.62000
178.38000
186.39000
136.19000
125.03000
124.50000
157.08000
197.67000
100.19000
149.11000
110.20000
182.18000
156.74000
142.73000
177.22000
164.54000
140.42000
160.94000
116.70000
171.82000
128.00000
113.63000
197.79000
129.39000
101.14000
138.68000
114.64000
187.65000
166.47000
199.00000
186.37000
121.99000
155.63000
182.46000
157.13000
132.80000
125.27000
101.97000
196.06000
145.48000
157.03000
195.41000
197.30000
110.40000
157.54000
08.07000
05.00000
07.11000
07.51000
05.19000
06.07000
05.19000
05.31000
06.60000
07.74000
08.08000
06.26000
09.91000
06.67000
06.51000
05.16000
08.95000
05.79000
07.44000
08.03000
08.83000
09.24000
09.10000
07.17000
05.89000
07.44000
05.96000
06.10000
07.73000
07.05000
08.75000
09.61000
08.21000
05.97000
09.44000
08.42000
07.68000
08.57000
09.74000
07.81000
06.48000
06.93000
09.48000
06.47000
06.37000
09.22000
08.25000
07.77000
07.28000
06.94000
09.12000
06.34000
05.42000
07.84000
06.39000
08.07000
08.22000
05.93000
05.64000
05.08000
09.38000
06.45000
08.68000
05.75000
08.82000
05.93000
08.58000
09.71000
07.76000
07.10000
06.52000
06.89000
07.30000
06.28000
08.91000
09.14000
08.30000
09.82000
05.32000
06.81000
05.24000
05.24000
06.18000
09.37000
06.66000
05.13000
08.12000
07.55000
07.36000
08.33000
09.07000
08.31000
08.36000
09.95000
08.19000
09.87000
06.95000
06.33000
05.89000
06.72000
06.66000
05.07000
08.81000
09.56000
07.28000
06.33000
08.31000
08.89000
05.27000
08.96000
06.12000
09.24000
05.00000
08.43000
08.31000
08.76000
07.20000
08.45000
05.12000
09.26000
05.25000
08.95000
08.06000
08.80000
08.78000
06.12000
09.89000
06.71000
08.66000
07.41000
09.61000
08.55000
07.03000
06.50000
07.47000
06.14000
07.26000
08.35000
09.99000
07.54000
05.05000
05.75000
07.28000
05.21000
08.61000
08.62000
08.22000
08.19000
09.44000
06.49000
07.25000
09.02000
05.77000
06.64000
05.74000
08.12000
07.06000
07.60000
06.27000
07.13000
09.04000
09.15000
07.70000
08.99000
08.69000
07.34000
05.12000
07.83000
09.22000
09.45000
09.88000
09.08000
05.11000
09.01000
09.58000
09.17000
06.48000
07.64000
08.21000
05.59000
05.67000
05.74000
08.62000
08.08000
05.41000
07.37000
05.34000
05.64000
06.26000
09.68000
07.04000
08.54000
05.05000
06.04000
08.69000
08.27000
09.85000
06.08000
06.46000
07.59000
09.95000
05.69000
07.79000
05.51000
05.94000
06.98000
06.39000
07.27000
09.63000
08.33000
09.85000
09.91000
06.36000
09.67000
07.05000
07.24000
06.47000
05.79000
09.54000
05.14000
09.10000
09.26000
08.35000
08.73000
08.41000
08.30000
05.76000
09.34000
09.81000
07.39000
05.32000
09.58000
09.96000
07.24000
06.79000
08.30000
06.77000
09.84000
06.23000
05.58000
09.41000
08.40000
05.92000
07.79000
08.28000
05.61000
05.22000
06.72000
10.00000
05.61000
07.71000
08.17000
06.95000
08.80000
06.07000
07.92000
05.68000
09.49000
06.17000
08.44000
05.19000
08.24000
05.15000
08.40000
05.74000
06.89000
06.39000
07.74000
08.82000
08.49000
09.51000
07.67000
07.20000
07.36000
05.39000
05.62000
09.87000
09.06000
06.16000
05.29000
07.11000
10.00000
09.64000
05.59000
08.58000
06.55000
06.93000
05.14000
09.36000
06.54000
09.67000
06.30000
08.30000
07.88000
09.84000
05.11000
05.50000
09.73000
05.66000
08.85000
07.31000
07.50000
06.60000
06.06000
06.32000
07.85000
08.39000
06.53000
06.39000
08.69000
08.00000
06.28000
07.60000
09.17000
08.65000
09.55000
08.22000
05.27000
07.19000
06.22000
09.54000
09.60000
05.79000
07.34000
07.44000
08.65000
09.53000
07.52000
08.11000
05.19000
07.73000
07.66000
08.98000
08.20000
05.95000
09.87000
08.76000
07.96000
06.02000
07.54000
07.37000
05.96000
05.99000
05.30000
06.02000
09.95000
05.18000
09.03000
07.15000
08.94000
3
2
14
4
3
29
27
13
3
30
9
6
4
8
1
20
26
3
11
10
25
4
5
32
24
33
4
7
18
22
19
3
35
21
23
4
16
31
34
3
4
15
28
17
12
476.93350
