35
10
158.35000
169.37000
196.20000
177.39000
199.30000
147.56000
183.71000
146.72000
179.56000
180.78000
181.04000
144.71000
196.40000
172.55000
197.96000
187.39000
172.09000
151.38000
169.23000
115.76000
153.88000
170.80000
154.62000
195.85000
114.05000
109.32000
138.89000
118.68000
149.87000
170.45000
131.81000
100.24000
183.58000
182.71000
168.14000
179.51000
166.91000
175.35000
114.56000
124.05000
137.16000
170.18000
136.33000
184.89000
165.24000
115.89000
178.62000
137.45000
182.77000
100.39000
185.56000
182.10000
146.41000
136.54000
126.30000
144.24000
137.78000
162.26000
194.97000
174.25000
163.54000
140.42000
110.72000
147.53000
155.31000
158.92000
117.68000
164.47000
169.75000
130.65000
107.23000
187.01000
166.36000
195.27000
191.83000
118.73000
184.87000
171.89000
185.76000
133.32000
123.85000
195.64000
167.54000
115.54000
174.31000
163.77000
140.68000
175.16000
152.26000
198.57000
133.70000
146.94000
198.73000
147.28000
100.12000
190.65000
179.72000
182.18000
118.45000
191.06000
186.26000
100.54000
192.20000
157.93000
134.36000
141.81000
198.75000
143.18000
187.65000
157.30000
178.95000
195.15000
103.20000
119.28000
167.46000
193.80000
105.38000
134.39000
127.17000
158.28000
169.58000
134.27000
145.96000
132.73000
196.19000
175.57000
136.73000
186.28000
110.60000
139.92000
137.37000
113.08000
163.20000
133.96000
110.77000
132.27000
129.37000
189.33000
144.82000
187.99000
168.75000
131.50000
104.25000
162.48000
195.07000
105.84000
140.11000
136.26000
102.30000
117.45000
158.65000
152.19000
150.22000
132.33000
132.13000
188.78000
123.57000
141.50000
157.81000
149.54000
132.14000
160.99000
157.96000
163.00000
110.69000
131.79000
179.84000
182.66000
118.98000
119.94000
195.72000
187.05000
141.77000
116.45000
102.87000
102.98000
119.91000
130.70000
177.29000
122.06000
161.83000
166.97000
145.44000
131.88000
101.62000
109.80000
155.40000
170.31000
133.40000
109.56000
113.80000
100.26000
176.32000
141.66000
152.28000
109.60000
174.52000
106.47000
127.48000
111.24000
197.14000
129.40000
121.05000
143.05000
138.33000
160.83000
139.63000
167.94000
117.21000
176.16000
186.50000
108.63000
110.67000
132.65000
198.31000
141.64000
158.44000
182.92000
189.18000
117.86000
127.66000
171.91000
100.12000
184.57000
171.84000
159.40000
197.16000
114.03000
169.49000
130.14000
171.30000
103.50000
124.12000
193.91000
138.56000
175.25000
164.26000
185.47000
139.96000
176.56000
143.42000
164.58000
141.51000
179.67000
140.12000
167.78000
194.99000
157.70000
178.80000
134.43000
193.01000
179.28000
163.44000
175.11000
142.49000
156.34000
159.12000
158.96000
168.84000
170.52000
103.73000
180.13000
122.43000
128.45000
160.16000
157.74000
178.67000
161.78000
116.31000
135.95000
137.95000
127.15000
185.06000
183.89000
125.65000
106.20000
104.30000
195.70000
192.16000
105.56000
115.86000
112.58000
176.38000
175.93000
158.89000
103.49000
195.08000
127.71000
130.69000
120.13000
175.54000
141.36000
153.52000
191.04000
152.55000
157.89000
174.65000
169.71000
185.86000
143.33000
166.33000
134.67000
160.25000
188.69000
125.85000
189.43000
185.47000
109.98000
175.46000
162.50000
196.29000
148.22000
162.44000
107.41000
152.48000
147.33000
184.05000
153.46000
135.99000
123.10000
181.34000
141.44000
112.34000
120.26000
172.78000
147.88000
108.02000
139.20000
115.00000
185.67000
192.19000
105.31000
189.65000
192.71000
158.98000
169.00000
103.37000
131.88000
127.54000
105.63000
187.80000
191.08000
142.00000
115.61000
199.58000
183.19000
171.51000
124.33000
120.34000
146.12000
07.57000
05.39000
08.52000
06.47000
06.63000
06.44000
07.00000
07.76000
07.60000
07.05000
06.81000
07.56000
05.90000
06.69000
06.51000
08.47000
08.18000
06.08000
05.86000
09.33000
07.37000
07.19000
05.91000
05.25000
07.60000
08.25000
08.94000
07.58000
09.31000
08.74000
08.48000
08.90000
09.14000
09.37000
09.33000
05.86000
05.51000
06.09000
08.95000
05.98000
09.98000
06.33000
05.85000
08.96000
06.08000
09.24000
09.98000
08.51000
09.08000
06.65000
09.72000
09.55000
05.48000
06.62000
09.71000
08.28000
08.03000
08.47000
05.82000
07.14000
05.73000
07.77000
05.18000
09.83000
08.85000
06.32000
06.17000
06.28000
08.87000
07.21000
06.09000
06.51000
08.73000
05.57000
09.62000
06.80000
06.08000
05.52000
09.56000
07.46000
08.16000
06.22000
09.13000
05.80000
06.34000
08.08000
07.81000
05.34000
08.21000
07.75000
06.33000
05.87000
07.61000
08.14000
06.64000
08.41000
09.65000
08.42000
06.98000
05.27000
05.66000
08.99000
06.82000
09.97000
08.26000
06.71000
07.13000
05.06000
06.45000
05.33000
05.49000
08.37000
07.17000
07.29000
07.92000
09.98000
05.21000
06.59000
09.99000
07.03000
09.25000
08.49000
08.50000
07.90000
09.25000
09.49000
06.53000
07.22000
06.39000
07.34000
08.39000
05.86000
08.12000
06.05000
09.65000
05.95000
08.12000
05.87000
07.13000
05.88000
06.18000
09.87000
07.87000
09.15000
05.71000
07.28000
07.38000
05.55000
05.92000
06.91000
07.29000
08.44000
07.84000
08.86000
06.79000
06.04000
08.75000
09.48000
06.26000
07.83000
07.20000
06.37000
07.37000
09.53000
07.96000
08.37000
08.04000
08.11000
07.08000
05.58000
07.42000
06.79000
06.83000
09.36000
05.92000
08.85000
06.77000
07.82000
08.52000
07.32000
07.52000
06.37000
05.49000
07.50000
08.90000
09.25000
06.50000
08.69000
06.79000
08.90000
05.56000
06.47000
08.33000
09.01000
07.92000
07.65000
06.89000
09.53000
05.08000
05.30000
07.09000
06.64000
09.80000
08.73000
09.83000
07.79000
06.08000
08.52000
07.22000
06.67000
07.85000
06.17000
07.37000
05.75000
08.07000
09.54000
06.11000
07.94000
09.25000
09.25000
09.44000
07.14000
05.23000
08.19000
09.34000
09.37000
06.11000
05.54000
09.03000
06.93000
08.24000
06.69000
07.99000
08.35000
09.21000
08.31000
06.94000
08.41000
07.87000
08.32000
07.84000
08.15000
09.32000
05.86000
08.93000
05.62000
08.82000
05.46000
09.92000
08.60000
09.04000
05.35000
09.81000
05.78000
06.86000
07.23000
08.35000
06.80000
08.46000
08.86000
09.87000
07.54000
06.28000
09.24000
09.92000
05.12000
09.02000
08.62000
05.33000
07.93000
06.62000
08.51000
09.17000
05.58000
05.27000
06.65000
05.74000
08.97000
07.41000
07.07000
09.36000
07.84000
05.18000
06.41000
09.67000
08.54000
05.55000
06.89000
08.47000
08.20000
09.46000
05.90000
07.43000
07.53000
06.70000
07.29000
09.47000
08.51000
08.31000
06.16000
08.72000
09.36000
06.57000
08.85000
05.62000
09.54000
05.02000
07.97000
06.82000
09.80000
08.44000
07.35000
05.22000
07.09000
07.87000
09.42000
08.32000
07.64000
08.14000
08.92000
07.79000
07.97000
05.92000
05.52000
08.45000
05.83000
06.10000
09.17000
06.81000
09.31000
08.32000
06.05000
05.62000
07.71000
08.46000
08.61000
08.88000
06.61000
08.65000
05.55000
06.85000
07.81000
07.27000
06.79000
06.02000
09.39000
08.94000
08.53000
09.16000
05.66000
3
4
26
20
3
7
5
11
4
14
1
25
32
4
12
27
24
8
4
35
9
6
3
4
16
17
21
10
4
18
13
2
22
3
30
31
19
3
29
15
28
3
23
33
34
472.16100
