35
10
30.62000
24.97000
96.78000
6.37000
90.39000
75.34000
93.87000
42.84000
55.07000
5.97000
34.75000
1.53000
58.10000
55.48000
65.22000
34.44000
59.63000
91.21000
58.80000
21.28000
44.59000
5.29000
12.80000
64.54000
22.65000
11.55000
48.26000
93.45000
28.21000
51.60000
13.97000
62.00000
21.46000
91.81000
80.48000
35.18000
57.68000
38.61000
60.85000
48.10000
75.72000
13.44000
83.77000
59.19000
68.04000
39.22000
62.61000
81.21000
4.10000
42.10000
78.19000
52.67000
76.10000
71.96000
38.09000
35.83000
5.98000
5.44000
72.63000
18.71000
35.45000
40.91000
39.89000
14.07000
34.96000
5.53000
20.69000
59.42000
97.70000
48.18000
99.92000
71.45000
50.02000
51.70000
45.45000
78.47000
30.19000
84.13000
36.38000
14.97000
35.85000
78.71000
88.57000
1.99000
95.21000
69.87000
44.61000
86.33000
63.27000
17.77000
68.87000
42.53000
17.75000
6.33000
53.44000
65.87000
61.13000
45.22000
14.19000
79.41000
23.65000
69.86000
90.72000
30.93000
57.28000
54.47000
95.06000
66.83000
77.16000
7.65000
47.87000
65.70000
91.55000
35.28000
21.85000
58.76000
25.22000
82.06000
17.40000
3.11000
88.93000
18.43000
59.65000
78.56000
23.20000
36.60000
99.49000
93.69000
88.27000
56.52000
13.56000
79.82000
74.18000
22.88000
99.24000
93.03000
92.67000
4.14000
84.67000
16.14000
81.02000
49.02000
88.33000
39.16000
85.99000
16.59000
89.89000
47.47000
30.87000
38.65000
2.17000
84.15000
11.96000
19.67000
32.84000
66.07000
51.31000
86.89000
18.32000
33.84000
96.71000
95.29000
17.78000
52.80000
21.71000
23.59000
16.13000
15.07000
21.58000
73.28000
23.04000
35.49000
19.38000
74.59000
72.93000
32.56000
29.75000
53.96000
15.82000
53.45000
1.85000
75.14000
88.43000
90.48000
31.19000
47.70000
82.34000
20.31000
50.10000
58.64000
41.26000
41.31000
15.64000
21.73000
33.63000
79.62000
8.65000
73.49000
53.66000
86.13000
35.69000
78.16000
21.30000
36.48000
29.10000
23.78000
79.25000
30.05000
44.94000
22.08000
29.26000
96.26000
20.51000
49.52000
3.18000
42.58000
77.51000
89.79000
85.35000
70.94000
55.77000
77.72000
56.48000
67.26000
45.39000
10.60000
19.06000
41.21000
62.24000
9.47000
1.33000
27.19000
47.91000
22.12000
56.25000
84.39000
67.77000
21.09000
63.57000
98.72000
13.91000
3.68000
26.75000
79.84000
1.20000
83.79000
32.28000
73.55000
22.05000
1.68000
38.97000
77.05000
14.25000
64.58000
53.89000
27.76000
92.20000
81.09000
40.29000
43.64000
33.56000
82.52000
85.20000
69.39000
36.70000
25.95000
3.36000
74.45000
27.76000
91.20000
30.29000
53.03000
56.63000
86.85000
30.25000
24.08000
98.94000
44.22000
90.26000
31.29000
95.19000
77.26000
25.92000
15.89000
36.17000
90.53000
25.85000
78.11000
57.25000
41.69000
8.62000
83.05000
19.61000
95.10000
45.78000
9.44000
7.15000
43.85000
35.63000
58.77000
29.56000
2.81000
99.20000
61.26000
22.24000
12.58000
85.29000
69.90000
44.37000
39.52000
65.43000
63.42000
80.86000
74.73000
36.93000
90.60000
79.90000
69.31000
1.36000
36.79000
73.45000
82.02000
70.38000
72.80000
64.89000
2.22000
81.78000
38.15000
48.40000
77.78000
42.14000
94.09000
42.94000
86.35000
81.78000
30.64000
92.20000
28.32000
58.78000
58.55000
66.65000
27.81000
53.97000
17.35000
59.46000
35.72000
73.90000
68.29000
89.60000
27.69000
05.49000
08.44000
09.20000
09.41000
08.36000
07.81000
07.97000
09.78000
08.44000
08.13000
08.06000
09.76000
05.52000
08.25000
07.40000
06.30000
05.65000
08.27000
05.13000
07.63000
06.10000
09.53000
06.68000
08.23000
05.40000
09.64000
08.69000
08.82000
08.35000
07.45000
09.09000
06.36000
05.98000
08.04000
07.02000
05.54000
08.45000
08.62000
06.29000
05.85000
08.69000
07.36000
05.95000
06.76000
08.14000
08.69000
07.60000
06.32000
06.43000
08.81000
08.99000
08.85000
09.43000
05.15000
09.14000
09.92000
09.28000
06.40000
08.28000
06.35000
09.35000
07.52000
07.94000
06.19000
09.27000
09.68000
05.85000
08.78000
09.93000
05.33000
08.62000
07.31000
08.55000
05.21000
07.31000
08.01000
05.89000
08.47000
06.93000
07.21000
07.19000
05.27000
05.08000
06.56000
08.16000
05.40000
05.62000
08.98000
05.78000
09.90000
08.63000
08.63000
08.27000
06.05000
05.46000
05.92000
05.10000
07.39000
08.72000
07.51000
06.99000
08.70000
07.24000
06.30000
05.93000
07.78000
08.52000
07.20000
05.37000
08.78000
06.53000
06.44000
06.71000
08.82000
06.65000
06.87000
05.59000
06.27000
08.81000
09.99000
05.09000
05.76000
09.21000
08.57000
09.50000
08.17000
05.29000
06.59000
09.41000
05.62000
05.74000
09.32000
06.63000
06.51000
05.49000
08.26000
09.23000
05.44000
05.75000
06.17000
05.45000
09.77000
05.96000
08.55000
09.90000
07.46000
07.33000
08.98000
06.26000
09.71000
05.04000
07.92000
09.95000
05.99000
07.63000
07.96000
07.62000
07.02000
09.87000
07.97000
07.20000
09.78000
07.81000
08.03000
07.82000
07.48000
08.73000
09.50000
09.92000
09.60000
06.16000
09.96000
05.14000
06.87000
09.90000
09.25000
07.44000
05.62000
05.14000
07.89000
06.67000
06.87000
09.30000
09.39000
07.54000
05.80000
05.70000
07.45000
05.31000
09.22000
07.71000
07.01000
06.47000
05.21000
09.96000
09.25000
08.79000
08.08000
08.34000
06.63000
06.26000
08.39000
09.96000
07.83000
09.14000
07.96000
08.22000
07.80000
08.93000
09.86000
09.15000
06.38000
06.98000
08.76000
09.31000
09.56000
08.46000
09.10000
05.89000
08.11000
09.69000
05.19000
07.11000
09.34000
07.01000
07.44000
07.43000
06.77000
08.02000
07.50000
07.58000
05.19000
06.56000
08.28000
09.54000
05.63000
07.74000
08.95000
06.52000
05.38000
07.89000
09.91000
08.00000
07.97000
09.63000
06.69000
08.45000
06.80000
07.66000
05.07000
07.83000
07.37000
06.89000
06.80000
06.28000
06.25000
08.45000
05.86000
09.36000
05.56000
06.01000
07.53000
08.89000
08.70000
09.52000
08.29000
07.94000
05.28000
05.18000
05.91000
05.81000
06.19000
05.42000
09.39000
08.09000
08.55000
08.93000
08.97000
06.58000
05.74000
08.47000
09.29000
05.98000
07.52000
05.89000
05.84000
05.88000
05.56000
08.99000
09.61000
06.19000
05.09000
08.80000
05.71000
06.07000
09.33000
07.61000
05.47000
05.93000
07.76000
08.95000
06.49000
07.44000
06.10000
07.60000
07.64000
08.50000
06.32000
09.60000
08.99000
08.27000
06.64000
07.24000
06.90000
07.16000
06.97000
09.05000
08.33000
06.31000
06.46000
07.07000
05.39000
08.04000
07.65000
05.71000
06.78000
08.82000
09.86000
05.87000
09.95000
07.64000
08.65000
09.67000
08.58000
09.77000
05.85000
05.50000
07.61000
06.69000
09.51000
07.97000
08.24000
06.18000
08.96000
07.97000
07.90000
07.23000
09.77000
07.62000
05.30000
4
2
26
10
12
4
25
7
23
31
3
34
24
14
3
9
33
15
3
27
28
13
3
19
18
6
5
1
20
32
21
35
3
30
8
5
4
3
16
17
22
3
29
11
4
47.91549
