35
4
130.56000
197.05000
124.16000
152.38000
161.23000
119.33000
134.34000
102.99000
161.07000
133.43000
183.99000
165.73000
170.69000
179.98000
113.75000
181.24000
130.73000
199.59000
164.23000
190.13000
181.82000
132.91000
176.07000
133.02000
164.56000
120.54000
189.88000
150.55000
119.60000
103.12000
146.30000
183.34000
187.55000
121.28000
185.94000
181.20000
140.66000
136.33000
132.54000
145.13000
191.56000
140.80000
163.43000
181.55000
118.85000
150.57000
153.53000
156.08000
188.16000
131.26000
168.45000
134.34000
165.11000
148.50000
173.83000
181.96000
115.32000
167.91000
135.29000
164.57000
104.43000
155.12000
118.45000
147.79000
198.06000
175.76000
188.94000
197.24000
161.82000
195.44000
188.29000
172.70000
198.73000
145.11000
154.68000
184.32000
154.97000
101.66000
123.44000
133.45000
108.90000
141.04000
185.19000
110.74000
151.14000
153.89000
130.56000
106.80000
172.30000
130.82000
150.18000
112.26000
163.02000
162.46000
134.66000
117.75000
113.92000
139.45000
174.64000
113.88000
115.63000
152.39000
160.73000
191.29000
158.77000
163.68000
167.29000
185.95000
128.51000
180.35000
153.45000
136.33000
144.07000
168.33000
127.32000
115.82000
155.17000
143.25000
104.55000
140.07000
177.42000
120.74000
100.74000
124.70000
126.45000
116.41000
131.52000
185.32000
117.90000
145.89000
112.53000
137.57000
167.37000
124.82000
159.38000
197.08000
190.50000
168.80000
187.70000
179.45000
01.38000
04.66000
04.73000
02.73000
03.11000
03.65000
01.42000
02.82000
01.55000
04.62000
02.38000
02.45000
03.80000
02.70000
02.72000
04.76000
01.01000
01.01000
01.58000
04.85000
04.30000
02.68000
02.07000
01.87000
04.78000
02.82000
03.33000
02.93000
01.59000
04.58000
04.47000
03.16000
01.85000
03.06000
04.63000
04.38000
02.58000
05.00000
01.92000
01.43000
03.45000
01.69000
01.69000
02.79000
04.15000
02.74000
03.35000
04.57000
04.81000
04.29000
03.04000
02.91000
01.55000
02.44000
04.87000
01.92000
02.50000
01.34000
04.97000
01.73000
03.79000
01.10000
03.47000
02.47000
01.53000
01.85000
04.48000
04.26000
03.85000
03.72000
02.20000
04.11000
02.09000
04.69000
04.77000
01.50000
02.38000
01.19000
04.06000
03.40000
03.95000
04.76000
01.19000
02.91000
03.92000
04.50000
01.28000
01.17000
03.42000
01.56000
01.47000
03.31000
03.57000
01.05000
02.87000
02.44000
01.50000
04.10000
02.61000
03.69000
02.34000
03.84000
01.82000
04.19000
03.20000
02.20000
02.14000
01.83000
02.22000
03.05000
04.90000
03.14000
01.95000
04.35000
02.14000
01.95000
03.22000
04.21000
03.97000
04.39000
04.15000
04.76000
04.53000
04.59000
02.87000
04.13000
01.94000
04.66000
01.50000
04.45000
02.32000
02.75000
02.16000
03.83000
03.80000
04.96000
02.99000
04.40000
04.50000
01.42000
9
1
7
29
12
15
34
6
3
30
8
23
5
16
2
22
28
13
10
9
17
18
33
8
27
31
25
32
9
9
35
24
11
4
26
20
21
19
14
1228.12200
