35
7
82.55000
75.30000
33.86000
79.54000
99.64000
71.83000
76.57000
68.38000
96.35000
5.06000
48.69000
14.28000
19.08000
33.67000
58.28000
33.41000
75.64000
70.42000
54.05000
70.22000
91.77000
29.59000
72.88000
45.96000
55.61000
74.53000
91.32000
7.19000
68.26000
73.13000
75.11000
76.26000
96.21000
43.32000
28.63000
67.33000
14.73000
88.54000
61.00000
36.17000
3.56000
48.14000
74.92000
10.35000
81.55000
6.79000
14.87000
2.42000
93.01000
45.84000
35.31000
1.67000
44.64000
99.69000
32.36000
23.73000
56.10000
5.30000
89.30000
61.01000
13.44000
46.67000
31.10000
33.21000
14.66000
14.33000
67.88000
34.84000
23.15000
46.87000
36.47000
23.29000
5.69000
17.43000
71.43000
3.86000
76.67000
82.99000
71.05000
84.64000
6.04000
18.14000
49.02000
52.28000
31.01000
24.90000
8.19000
66.28000
56.19000
59.32000
89.08000
15.39000
99.14000
79.01000
25.38000
62.19000
42.82000
92.62000
84.47000
98.54000
81.13000
11.36000
27.89000
92.09000
75.38000
69.90000
84.19000
75.20000
91.41000
55.73000
45.40000
71.19000
45.57000
60.76000
32.87000
70.41000
79.04000
10.12000
7.67000
29.70000
29.92000
28.47000
19.06000
80.67000
96.74000
93.54000
55.98000
84.26000
95.97000
85.58000
96.53000
76.19000
6.46000
34.89000
58.48000
19.48000
19.03000
72.35000
46.78000
51.94000
53.40000
41.73000
67.43000
51.76000
35.60000
25.91000
86.97000
54.47000
57.60000
88.57000
52.02000
68.62000
39.51000
77.46000
69.09000
23.21000
14.34000
39.94000
35.84000
22.02000
78.52000
74.35000
86.61000
96.14000
45.43000
82.62000
47.90000
55.43000
88.83000
17.73000
81.90000
33.09000
99.44000
32.17000
42.95000
68.05000
36.77000
89.13000
28.35000
4.39000
22.71000
72.24000
27.89000
91.74000
86.84000
1.28000
46.92000
6.94000
47.16000
42.67000
40.32000
47.14000
32.60000
67.40000
51.18000
90.28000
37.50000
96.50000
62.23000
40.59000
70.11000
53.53000
45.40000
76.11000
4.15000
12.12000
11.25000
5.18000
24.20000
47.44000
34.48000
70.19000
69.07000
96.45000
33.85000
9.29000
63.97000
66.71000
21.71000
48.83000
33.14000
54.52000
59.70000
35.81000
88.47000
49.99000
50.13000
41.54000
58.80000
44.75000
82.48000
15.11000
34.37000
81.48000
86.88000
30.92000
20.36000
6.41000
81.66000
41.16000
85.37000
13.82000
24.82000
24.32000
14.90000
08.16000
06.55000
05.63000
07.30000
06.71000
05.66000
08.15000
07.61000
05.93000
06.31000
07.70000
05.13000
06.44000
06.96000
05.39000
09.76000
09.24000
08.34000
06.51000
07.41000
08.25000
05.92000
07.96000
07.52000
07.76000
07.45000
05.80000
05.53000
09.95000
05.47000
07.72000
05.41000
07.40000
09.74000
05.55000
08.01000
05.34000
08.12000
08.34000
08.00000
09.27000
05.17000
08.82000
05.37000
07.26000
09.31000
06.83000
05.74000
05.41000
05.73000
06.47000
08.23000
05.21000
06.85000
05.99000
07.96000
06.02000
09.89000
05.26000
08.59000
07.61000
09.32000
08.31000
09.78000
07.63000
09.36000
05.79000
09.71000
09.12000
06.53000
06.84000
06.78000
08.92000
05.29000
08.90000
09.83000
06.49000
08.63000
05.13000
05.90000
08.10000
08.67000
05.98000
09.81000
05.30000
07.33000
08.50000
09.91000
05.05000
08.74000
08.91000
05.53000
07.18000
06.84000
05.05000
09.56000
06.93000
07.81000
08.92000
05.88000
07.42000
07.61000
09.14000
06.88000
07.17000
05.39000
08.46000
08.82000
08.46000
08.69000
05.28000
09.38000
09.82000
08.54000
06.96000
07.65000
06.75000
08.78000
06.88000
07.67000
06.27000
08.02000
05.08000
07.01000
05.80000
07.13000
05.74000
09.23000
05.65000
06.76000
09.68000
06.41000
06.53000
09.82000
06.86000
06.67000
07.01000
08.98000
08.88000
06.63000
06.62000
09.33000
05.17000
05.10000
09.75000
05.23000
06.75000
09.48000
06.93000
08.69000
05.41000
05.33000
07.77000
05.28000
07.52000
05.91000
09.75000
05.33000
06.08000
07.99000
05.78000
06.43000
08.24000
09.36000
06.62000
05.95000
07.78000
06.34000
08.45000
08.50000
07.64000
06.24000
05.32000
08.49000
07.37000
09.23000
06.19000
09.63000
05.57000
07.80000
09.85000
08.04000
08.77000
09.21000
06.74000
09.09000
07.85000
09.89000
06.94000
05.07000
07.13000
07.35000
08.41000
08.03000
07.61000
07.55000
09.52000
07.28000
09.38000
07.53000
06.50000
06.90000
09.20000
07.80000
05.99000
08.24000
07.97000
09.90000
07.53000
07.41000
09.03000
07.40000
08.67000
08.82000
09.52000
05.41000
07.06000
06.52000
08.09000
08.90000
09.44000
06.01000
07.89000
08.55000
06.33000
06.29000
06.22000
06.07000
06.19000
06.13000
07.03000
06.66000
07.83000
06.57000
08.40000
06.56000
07.96000
08.40000
05.06000
05.50000
08.71000
09.69000
05.86000
09.25000
05.06000
4
24
35
12
10
8
21
2
9
26
31
23
13
17
5
1
25
22
32
3
4
15
18
29
14
3
19
16
20
7
4
34
8
30
5
33
11
4
7
27
6
28
106.54860
