35
7
164.38000
186.54000
190.97000
150.60000
170.56000
192.41000
170.65000
193.39000
144.00000
125.69000
195.80000
181.84000
175.87000
129.48000
195.86000
191.07000
171.39000
148.48000
189.32000
172.80000
199.85000
178.92000
133.76000
105.30000
144.59000
118.60000
175.81000
143.40000
153.03000
116.89000
101.16000
168.51000
186.64000
124.71000
184.57000
131.88000
191.78000
149.26000
178.01000
103.83000
142.95000
190.58000
106.84000
171.77000
106.41000
181.67000
162.09000
156.16000
170.18000
187.51000
120.07000
104.01000
136.38000
174.67000
146.17000
138.91000
171.15000
161.26000
144.83000
111.01000
154.73000
166.95000
109.56000
147.01000
131.41000
162.99000
172.92000
100.19000
159.52000
122.17000
161.40000
194.30000
120.55000
157.84000
155.78000
139.94000
109.49000
110.19000
129.65000
186.73000
111.98000
140.92000
167.15000
127.02000
112.94000
136.90000
191.46000
179.71000
111.33000
186.56000
114.85000
140.24000
170.20000
129.88000
188.63000
130.65000
166.64000
108.42000
153.18000
149.51000
141.82000
115.30000
187.95000
121.97000
150.96000
175.08000
165.62000
131.59000
124.53000
145.48000
141.86000
185.86000
131.50000
171.95000
144.17000
152.73000
109.56000
111.66000
103.56000
196.38000
140.46000
173.36000
190.10000
107.61000
120.08000
167.35000
162.93000
153.73000
108.32000
155.49000
120.23000
128.66000
179.15000
101.22000
149.25000
102.84000
170.61000
119.51000
176.33000
173.29000
179.98000
194.52000
106.08000
108.19000
102.53000
170.38000
178.82000
193.56000
195.32000
121.55000
180.47000
109.20000
172.95000
127.08000
188.91000
191.18000
114.09000
117.59000
121.08000
102.16000
111.45000
125.25000
182.98000
181.34000
121.83000
133.80000
119.70000
194.49000
116.07000
128.54000
165.35000
183.95000
129.08000
146.35000
193.13000
109.91000
187.90000
102.58000
162.85000
113.55000
178.39000
115.75000
134.25000
139.99000
112.27000
129.71000
193.63000
120.61000
101.01000
145.39000
165.76000
163.39000
120.14000
115.29000
114.46000
102.83000
159.27000
193.45000
192.60000
150.02000
172.06000
185.49000
192.13000
142.61000
126.24000
198.60000
194.05000
194.81000
153.58000
191.50000
102.07000
178.27000
155.98000
119.98000
141.02000
162.14000
100.94000
189.78000
100.72000
127.10000
118.68000
192.12000
163.74000
176.42000
117.54000
149.79000
101.71000
189.94000
169.95000
137.16000
125.33000
174.05000
162.38000
130.17000
134.35000
111.72000
145.35000
156.29000
167.59000
112.47000
183.48000
144.58000
152.93000
162.37000
105.43000
06.06000
06.29000
07.04000
08.89000
05.41000
05.01000
06.97000
05.86000
09.75000
09.07000
08.91000
09.18000
07.91000
09.50000
05.94000
05.09000
06.60000
07.11000
07.79000
08.33000
07.92000
09.95000
08.32000
09.65000
06.88000
05.86000
08.03000
08.34000
08.86000
09.93000
06.58000
09.67000
07.15000
07.03000
05.25000
05.02000
06.81000
09.68000
06.28000
06.75000
05.51000
05.42000
07.43000
09.79000
07.45000
08.15000
08.44000
08.57000
06.91000
05.62000
05.38000
08.52000
06.09000
05.35000
05.92000
08.63000
07.56000
07.12000
06.91000
08.86000
06.79000
05.47000
06.82000
07.70000
09.63000
07.22000
08.26000
09.67000
09.84000
08.96000
08.63000
09.47000
07.68000
09.00000
07.21000
09.99000
06.81000
05.44000
05.20000
06.05000
08.98000
09.56000
07.48000
06.28000
08.96000
05.86000
08.05000
05.36000
09.40000
08.55000
07.60000
06.46000
08.35000
09.15000
05.92000
08.79000
06.75000
08.92000
09.44000
05.05000
05.91000
06.39000
08.77000
08.97000
05.05000
05.16000
07.32000
05.50000
07.58000
09.28000
07.22000
09.57000
05.09000
06.94000
09.53000
07.46000
07.02000
07.06000
07.12000
07.03000
08.61000
05.84000
06.95000
07.17000
07.96000
09.23000
07.68000
05.28000
08.60000
05.45000
07.06000
09.77000
06.93000
07.49000
09.51000
07.58000
09.74000
05.59000
08.58000
06.65000
07.99000
06.14000
05.88000
08.45000
06.68000
06.78000
09.90000
07.70000
07.42000
08.08000
05.91000
08.12000
05.51000
05.67000
09.73000
06.78000
06.65000
07.48000
06.32000
06.80000
09.43000
06.16000
07.27000
09.80000
07.85000
06.66000
08.34000
08.40000
08.76000
08.69000
06.89000
08.76000
09.43000
09.21000
09.44000
06.74000
06.82000
06.64000
07.31000
09.90000
06.42000
09.02000
05.12000
07.83000
07.09000
08.25000
06.07000
08.34000
09.60000
06.66000
08.93000
07.74000
05.14000
08.90000
06.63000
08.33000
07.75000
09.35000
08.75000
05.97000
06.90000
09.67000
08.98000
07.49000
09.91000
06.29000
07.68000
08.29000
09.53000
07.89000
08.40000
06.71000
06.95000
08.54000
05.85000
07.67000
09.47000
09.78000
09.01000
09.67000
08.65000
08.09000
08.00000
09.72000
05.74000
07.55000
09.58000
08.35000
07.38000
09.51000
09.63000
07.09000
08.09000
05.08000
05.71000
05.99000
07.80000
07.63000
09.48000
06.14000
09.32000
05.31000
09.27000
07.12000
05.84000
5
26
31
10
30
24
5
16
23
5
17
33
5
8
32
34
15
28
5
6
12
19
14
29
5
22
25
20
27
4
5
18
11
3
13
21
5
2
35
1
9
7
670.52690
