35
7
134.73000
162.59000
192.94000
124.47000
168.86000
114.77000
136.07000
140.92000
183.91000
187.81000
147.11000
109.94000
160.50000
148.64000
138.70000
174.25000
180.80000
153.27000
100.06000
140.63000
178.56000
196.77000
146.95000
129.94000
189.08000
163.27000
171.71000
127.08000
199.22000
175.97000
193.24000
131.04000
197.41000
147.11000
107.00000
173.12000
160.27000
194.28000
142.98000
153.63000
129.06000
101.08000
172.97000
128.06000
126.14000
134.69000
166.67000
121.95000
154.00000
108.92000
108.60000
174.90000
116.68000
126.66000
159.85000
190.57000
169.81000
129.85000
108.06000
186.69000
170.56000
149.49000
117.44000
145.04000
127.67000
155.67000
178.76000
161.47000
151.44000
107.49000
155.32000
117.25000
120.73000
193.27000
139.95000
128.49000
149.77000
100.58000
160.51000
159.93000
160.72000
196.90000
146.84000
133.97000
177.93000
142.93000
155.32000
187.09000
127.32000
188.42000
118.91000
119.82000
186.41000
122.20000
197.15000
146.77000
134.22000
122.14000
126.11000
146.59000
101.39000
105.19000
168.43000
112.02000
120.08000
174.88000
180.81000
138.15000
149.31000
177.13000
110.80000
110.40000
151.69000
118.34000
113.15000
185.36000
195.84000
167.03000
189.56000
182.32000
127.98000
130.76000
168.30000
134.63000
195.93000
106.16000
154.21000
139.70000
199.05000
128.92000
178.68000
109.00000
138.27000
123.80000
149.67000
118.08000
166.08000
154.63000
101.71000
156.52000
119.23000
159.21000
159.68000
134.63000
104.21000
188.43000
107.49000
185.66000
180.52000
184.45000
170.33000
178.18000
164.70000
162.65000
121.79000
128.33000
124.87000
177.48000
162.00000
166.36000
130.71000
172.43000
167.68000
186.53000
103.46000
130.08000
142.10000
197.22000
165.91000
122.05000
165.09000
170.82000
192.45000
159.05000
143.06000
182.98000
172.14000
186.42000
181.38000
130.54000
168.65000
194.76000
106.97000
165.62000
106.96000
153.99000
196.52000
137.21000
125.51000
126.35000
195.48000
158.34000
114.29000
113.17000
175.87000
156.10000
164.86000
104.82000
186.29000
121.66000
120.31000
130.75000
101.87000
160.24000
125.35000
109.47000
174.32000
141.14000
176.19000
198.54000
187.88000
104.70000
173.45000
161.58000
160.36000
174.69000
150.81000
188.69000
111.19000
186.61000
126.72000
107.02000
181.15000
186.29000
161.48000
125.70000
187.58000
183.66000
166.96000
192.91000
174.37000
102.68000
156.58000
145.91000
161.98000
131.40000
195.33000
161.02000
197.43000
171.91000
149.78000
103.63000
104.30000
190.38000
138.02000
03.27000
02.93000
02.80000
02.50000
04.35000
03.67000
01.83000
02.31000
03.28000
04.98000
03.28000
01.88000
04.39000
04.81000
03.62000
02.07000
03.82000
02.45000
02.16000
04.08000
03.52000
04.48000
02.99000
03.40000
01.25000
02.82000
01.04000
03.85000
04.58000
04.68000
04.04000
03.53000
04.92000
02.58000
02.53000
03.83000
03.44000
01.96000
02.47000
04.77000
02.24000
03.02000
02.95000
02.50000
01.20000
03.93000
02.36000
03.96000
02.04000
01.03000
04.53000
02.39000
02.26000
03.97000
04.16000
03.36000
01.18000
01.72000
04.71000
02.74000
01.96000
04.56000
04.48000
04.71000
01.53000
02.07000
02.58000
03.78000
04.67000
01.17000
01.52000
03.68000
01.67000
01.16000
02.76000
01.80000
03.11000
01.04000
04.25000
01.57000
02.29000
01.30000
04.41000
02.28000
02.28000
04.66000
02.48000
01.57000
01.97000
03.14000
04.49000
01.37000
02.05000
04.09000
01.31000
01.92000
03.06000
04.17000
02.61000
03.79000
03.30000
03.33000
02.87000
01.85000
04.92000
04.13000
04.76000
02.57000
01.98000
02.43000
04.43000
02.25000
04.50000
01.12000
03.98000
01.66000
01.57000
01.97000
01.21000
04.50000
01.64000
02.08000
02.72000
04.76000
04.97000
03.85000
01.93000
04.75000
01.65000
05.00000
01.08000
01.10000
01.56000
04.55000
01.21000
02.73000
04.40000
04.86000
04.17000
04.91000
04.46000
02.72000
03.85000
04.63000
01.38000
04.66000
01.26000
03.73000
04.90000
03.64000
01.42000
01.92000
03.04000
03.82000
01.52000
03.25000
01.62000
04.68000
03.53000
02.10000
02.29000
02.98000
04.24000
01.15000
04.48000
02.81000
01.27000
01.41000
03.48000
01.59000
03.03000
04.18000
04.35000
04.04000
02.76000
04.69000
04.48000
04.41000
04.04000
03.02000
01.89000
03.73000
03.99000
04.91000
03.84000
02.00000
04.83000
02.48000
03.73000
01.76000
03.10000
04.17000
04.75000
04.85000
04.16000
04.72000
01.93000
02.42000
04.19000
03.21000
04.08000
04.94000
04.15000
04.99000
03.84000
04.19000
03.85000
03.76000
03.66000
03.25000
03.98000
03.35000
04.93000
04.60000
03.62000
03.86000
02.52000
04.54000
04.41000
01.41000
01.83000
02.60000
03.48000
04.48000
01.65000
03.67000
04.73000
01.90000
02.55000
03.99000
04.90000
04.78000
04.91000
01.07000
03.53000
04.56000
02.94000
03.76000
04.98000
02.98000
02.64000
02.22000
04.43000
02.12000
03.86000
5
12
19
35
20
6
5
15
30
18
16
24
5
8
3
13
32
31
5
27
17
21
29
34
5
7
5
4
1
25
5
23
14
26
10
28
5
11
2
9
33
22
601.53750
