35
10
95.36000
92.79000
97.43000
95.35000
16.28000
7.38000
38.77000
28.87000
93.40000
27.21000
97.83000
81.74000
8.43000
38.20000
67.71000
53.27000
61.87000
50.02000
63.27000
64.48000
83.94000
97.09000
26.10000
63.19000
28.62000
40.56000
21.57000
21.92000
72.65000
63.37000
40.78000
36.97000
21.51000
76.18000
99.58000
25.18000
77.68000
87.53000
90.36000
10.52000
46.26000
89.65000
62.23000
77.46000
33.89000
25.06000
81.19000
34.58000
3.84000
11.72000
23.87000
12.21000
43.11000
93.33000
88.67000
66.41000
65.46000
41.33000
3.71000
80.01000
9.42000
47.92000
16.89000
59.58000
36.24000
33.06000
4.85000
36.46000
34.93000
40.44000
21.66000
86.05000
85.98000
8.03000
25.26000
3.78000
24.01000
35.81000
33.17000
55.84000
17.59000
54.26000
5.56000
10.61000
39.26000
42.12000
26.34000
57.18000
86.32000
2.87000
6.18000
13.41000
81.80000
63.73000
78.50000
18.90000
72.51000
79.69000
5.47000
40.02000
30.97000
29.48000
69.01000
67.86000
53.49000
49.88000
25.16000
18.24000
69.11000
15.20000
99.32000
18.36000
75.64000
81.15000
58.44000
85.29000
60.14000
87.28000
94.72000
70.92000
29.18000
95.82000
29.10000
49.88000
14.08000
94.80000
4.28000
22.57000
70.91000
96.97000
88.72000
14.11000
82.51000
40.86000
78.61000
74.40000
55.44000
87.71000
91.91000
80.07000
1.20000
82.91000
62.63000
65.10000
75.13000
62.96000
35.27000
11.97000
27.78000
59.51000
77.09000
20.39000
97.76000
20.34000
43.07000
50.52000
53.42000
16.99000
10.94000
87.27000
83.87000
46.77000
83.18000
41.32000
6.97000
32.70000
90.02000
46.09000
61.31000
21.59000
84.45000
61.74000
15.25000
84.98000
45.19000
56.44000
64.61000
62.20000
45.58000
39.06000
34.59000
55.12000
44.84000
81.05000
16.84000
39.54000
65.87000
52.86000
36.52000
96.29000
47.17000
47.68000
44.51000
33.93000
51.00000
84.47000
16.44000
81.79000
65.38000
8.92000
51.70000
97.95000
4.06000
87.49000
76.43000
64.22000
3.56000
17.37000
41.51000
86.19000
93.47000
57.49000
72.36000
68.38000
29.31000
43.44000
82.33000
2.44000
66.34000
3.82000
77.67000
95.20000
28.59000
65.87000
92.78000
90.28000
61.85000
84.56000
87.84000
53.02000
39.68000
38.63000
47.76000
73.54000
58.36000
30.56000
81.21000
68.68000
40.93000
88.57000
24.61000
79.06000
34.20000
67.65000
36.12000
97.60000
74.49000
42.66000
30.67000
53.28000
75.84000
3.46000
90.95000
90.47000
7.98000
92.38000
57.46000
11.55000
25.97000
25.16000
97.64000
39.67000
12.65000
37.33000
7.70000
26.70000
73.58000
92.13000
4.59000
47.28000
42.09000
78.59000
32.99000
2.81000
73.25000
9.47000
62.37000
17.41000
49.90000
21.27000
92.76000
17.27000
21.80000
29.41000
36.72000
90.73000
92.34000
20.67000
83.12000
98.12000
90.71000
21.85000
37.44000
49.10000
32.78000
54.99000
26.90000
77.10000
58.14000
67.89000
5.50000
43.27000
34.15000
33.07000
50.95000
31.54000
50.92000
46.84000
67.75000
51.58000
25.30000
32.25000
84.12000
38.80000
96.90000
17.42000
35.44000
22.72000
41.58000
24.49000
60.27000
11.96000
50.56000
25.39000
47.30000
7.59000
12.65000
51.42000
83.55000
53.30000
27.25000
59.68000
82.78000
19.55000
20.48000
31.97000
82.49000
98.53000
42.24000
73.88000
45.96000
12.20000
68.17000
18.73000
60.19000
2.25000
98.64000
21.59000
38.95000
38.13000
02.04000
02.01000
02.49000
01.43000
03.60000
03.40000
04.70000
01.65000
04.47000
02.28000
02.89000
01.65000
03.24000
04.48000
02.14000
01.77000
03.49000
04.83000
04.52000
03.32000
01.79000
03.16000
01.13000
04.63000
03.71000
04.30000
04.02000
01.05000
03.85000
02.07000
02.29000
04.88000
01.77000
03.30000
02.01000
01.07000
01.62000
03.85000
01.71000
02.60000
04.74000
03.48000
02.56000
02.49000
01.81000
03.43000
01.95000
03.94000
01.27000
01.43000
02.84000
03.15000
04.57000
04.17000
01.18000
01.34000
02.18000
03.35000
01.92000
04.69000
01.54000
03.68000
03.01000
04.42000
03.11000
02.86000
03.41000
04.73000
04.33000
03.59000
01.17000
01.60000
02.49000
01.70000
02.52000
01.42000
04.91000
03.31000
01.60000
03.21000
02.85000
04.29000
03.23000
03.04000
03.63000
03.24000
01.25000
01.99000
03.59000
03.72000
02.47000
02.15000
04.04000
02.31000
02.74000
02.58000
03.33000
04.60000
02.88000
03.37000
04.78000
01.16000
04.71000
01.59000
04.71000
03.87000
02.99000
01.71000
01.44000
04.14000
02.63000
03.89000
01.41000
04.47000
04.46000
02.22000
04.29000
04.29000
01.19000
02.65000
01.30000
04.07000
02.53000
04.14000
04.63000
01.26000
03.16000
02.64000
03.49000
02.31000
02.81000
03.11000
04.09000
02.68000
02.16000
03.49000
01.63000
02.82000
02.93000
02.75000
01.87000
03.03000
04.44000
03.24000
01.50000
03.11000
03.48000
04.46000
02.09000
03.43000
04.38000
04.47000
02.71000
02.34000
04.73000
04.11000
03.43000
03.16000
03.10000
01.19000
01.34000
02.21000
03.06000
02.54000
02.51000
04.82000
01.21000
04.00000
02.02000
01.33000
03.10000
02.39000
03.95000
03.06000
03.33000
01.02000
01.60000
02.48000
02.35000
04.51000
04.18000
04.84000
03.50000
01.05000
01.52000
04.48000
02.27000
02.34000
02.58000
03.61000
02.10000
01.10000
01.30000
01.42000
03.46000
03.02000
04.65000
02.13000
03.78000
02.80000
04.57000
02.92000
01.53000
04.16000
02.01000
02.01000
04.16000
03.79000
02.93000
02.60000
02.17000
02.67000
04.15000
03.30000
02.35000
02.84000
04.47000
04.89000
04.52000
04.37000
04.82000
01.50000
02.01000
03.82000
01.03000
04.19000
01.14000
02.78000
01.91000
01.06000
01.24000
03.82000
01.31000
01.17000
02.63000
02.52000
02.04000
02.60000
02.65000
03.46000
03.93000
04.44000
03.63000
04.22000
03.82000
01.36000
03.44000
02.84000
02.35000
02.43000
01.53000
01.41000
01.42000
01.86000
04.26000
04.69000
04.11000
03.62000
04.83000
03.16000
02.12000
04.65000
01.45000
04.25000
04.15000
02.92000
01.32000
04.42000
03.90000
01.36000
04.64000
01.13000
04.09000
03.94000
04.62000
04.83000
04.41000
03.62000
03.45000
02.96000
04.25000
04.87000
02.18000
01.76000
04.26000
04.25000
01.98000
04.23000
02.11000
01.89000
04.77000
03.74000
01.37000
04.62000
04.64000
01.64000
02.62000
04.26000
04.67000
04.24000
03.44000
01.64000
04.92000
02.87000
02.40000
02.60000
02.49000
01.86000
03.09000
01.96000
03.44000
02.54000
02.08000
03.54000
02.86000
03.06000
02.10000
02.38000
02.61000
01.20000
01.66000
02.82000
02.21000
04.35000
02.05000
02.73000
03.75000
04.70000
04.72000
04.81000
03.17000
03.45000
04.13000
04.78000
01.43000
02.81000
03.73000
03.34000
04.48000
01.99000
03.97000
02.18000
03.28000
01.18000
02.31000
04.02000
01.78000
01.58000
01.21000
04.55000
2
23
5
5
15
26
17
24
32
6
22
4
14
6
13
20
2
16
27
4
30
19
25
1
2
34
28
3
35
10
8
5
18
33
7
31
29
3
3
2
21
3
9
12
11
47.22483
