35
4
172.01000
109.04000
115.63000
149.44000
157.20000
124.70000
126.80000
177.41000
179.51000
175.14000
195.41000
110.48000
179.58000
101.01000
162.10000
189.29000
198.04000
142.91000
167.49000
154.44000
175.51000
141.47000
152.19000
146.58000
152.61000
137.33000
156.84000
106.31000
169.97000
171.10000
122.07000
174.28000
168.21000
183.41000
188.49000
112.39000
178.55000
161.35000
179.79000
154.42000
157.35000
162.28000
194.44000
180.64000
199.26000
130.22000
105.01000
156.70000
169.91000
130.80000
177.14000
148.22000
134.91000
129.65000
176.43000
120.81000
159.90000
192.39000
168.52000
140.10000
110.50000
184.65000
119.04000
171.73000
152.34000
172.05000
193.60000
181.31000
151.03000
120.21000
191.92000
183.57000
140.60000
133.96000
148.66000
133.77000
152.43000
131.83000
113.24000
101.97000
117.41000
143.01000
176.28000
178.79000
126.17000
158.12000
128.41000
154.85000
169.33000
167.79000
160.25000
120.78000
137.51000
162.64000
162.43000
167.20000
121.34000
133.29000
125.57000
184.74000
111.44000
170.37000
140.29000
164.02000
198.44000
102.92000
193.48000
113.11000
100.33000
120.24000
114.47000
151.25000
175.34000
158.09000
147.40000
117.72000
120.10000
132.10000
107.89000
128.17000
150.23000
157.89000
111.57000
198.22000
181.36000
151.09000
174.06000
143.48000
129.12000
127.33000
110.99000
179.59000
109.13000
102.22000
137.99000
122.17000
137.02000
191.39000
170.67000
186.84000
01.68000
04.69000
01.41000
02.92000
01.63000
01.22000
02.73000
02.48000
02.11000
02.58000
02.16000
02.42000
02.27000
03.89000
02.82000
01.88000
01.22000
04.28000
03.84000
03.98000
02.08000
02.87000
04.34000
03.84000
04.00000
02.78000
03.45000
04.58000
02.08000
03.14000
04.28000
01.34000
03.45000
03.07000
01.98000
04.15000
03.23000
02.88000
02.82000
02.58000
03.50000
02.75000
03.29000
03.91000
01.20000
03.57000
01.25000
04.26000
04.45000
01.48000
04.82000
03.75000
01.38000
04.60000
02.13000
02.52000
04.10000
01.04000
01.31000
04.68000
04.76000
02.95000
02.47000
02.36000
03.46000
02.44000
01.75000
03.69000
04.35000
03.63000
01.39000
01.62000
01.06000
01.21000
01.87000
03.13000
03.43000
01.51000
02.40000
03.49000
04.42000
01.21000
04.13000
03.81000
01.16000
01.43000
04.16000
01.22000
02.77000
03.31000
03.63000
04.85000
02.38000
03.97000
03.66000
03.81000
01.11000
04.53000
01.37000
03.25000
04.09000
02.12000
01.89000
04.27000
04.43000
02.10000
04.29000
02.55000
02.27000
01.62000
01.62000
04.08000
01.62000
03.68000
02.52000
03.20000
01.60000
02.40000
01.12000
02.05000
04.34000
03.91000
03.53000
02.75000
03.95000
02.33000
03.88000
03.42000
02.57000
03.78000
04.30000
02.19000
02.32000
02.40000
02.91000
01.18000
01.33000
04.30000
01.84000
02.52000
9
6
3
22
7
12
23
14
2
28
8
20
21
17
34
35
19
1
26
9
16
27
15
8
33
9
10
31
11
9
32
5
13
24
30
4
29
25
18
1195.87500
