35
7
141.16000
199.62000
111.61000
181.99000
113.57000
116.45000
198.96000
137.18000
144.79000
190.20000
132.87000
175.54000
154.48000
114.40000
140.06000
141.38000
113.90000
121.61000
173.81000
193.03000
195.84000
133.46000
163.94000
152.90000
124.67000
110.65000
166.86000
157.49000
126.31000
102.92000
115.51000
107.31000
178.27000
199.10000
169.43000
189.51000
196.60000
153.63000
133.99000
155.19000
162.76000
148.99000
178.21000
115.72000
181.96000
179.12000
161.68000
148.20000
195.76000
184.39000
182.99000
193.79000
197.26000
144.26000
167.27000
107.71000
181.15000
127.23000
116.23000
109.26000
193.67000
140.86000
158.16000
131.79000
182.62000
181.78000
197.88000
172.70000
147.36000
185.70000
129.28000
171.53000
176.62000
172.39000
146.07000
199.68000
118.36000
198.43000
107.13000
170.82000
113.63000
193.33000
106.37000
158.94000
125.86000
144.33000
114.25000
102.06000
170.04000
177.75000
127.77000
152.29000
162.71000
108.98000
120.53000
125.78000
172.00000
192.46000
192.68000
152.77000
167.59000
171.69000
120.92000
127.54000
170.71000
178.71000
114.51000
137.15000
101.90000
160.98000
162.30000
164.29000
188.56000
157.36000
187.67000
138.83000
135.49000
112.92000
156.39000
131.60000
127.99000
161.79000
110.79000
177.53000
102.92000
177.17000
119.78000
125.58000
198.72000
121.31000
128.79000
188.80000
105.37000
195.53000
109.87000
194.27000
114.43000
190.21000
111.60000
133.17000
197.38000
169.43000
114.64000
172.69000
118.15000
149.48000
122.15000
122.86000
106.57000
143.34000
146.78000
181.06000
168.24000
142.96000
126.19000
115.02000
110.35000
129.36000
174.58000
156.52000
191.63000
122.59000
132.73000
151.42000
172.38000
131.79000
117.97000
109.63000
164.48000
105.15000
174.19000
155.11000
181.35000
179.93000
121.86000
179.17000
126.58000
156.75000
106.62000
189.49000
196.08000
192.96000
190.05000
174.20000
130.59000
198.96000
136.42000
183.84000
157.59000
113.54000
155.23000
183.01000
106.14000
164.61000
132.57000
100.36000
156.85000
119.09000
181.10000
178.63000
191.90000
133.00000
190.01000
124.60000
145.03000
101.40000
175.09000
159.13000
151.54000
108.43000
189.49000
156.26000
187.58000
133.22000
192.41000
123.88000
131.39000
171.51000
155.48000
142.15000
143.83000
191.78000
133.52000
158.50000
174.24000
179.73000
107.95000
134.40000
173.57000
110.12000
136.71000
195.38000
144.30000
196.75000
104.32000
181.04000
190.48000
142.52000
171.88000
195.05000
167.72000
189.36000
127.02000
155.14000
133.22000
06.80000
08.91000
09.10000
07.22000
08.73000
05.85000
06.34000
05.63000
08.81000
05.58000
07.30000
06.64000
06.56000
06.56000
05.46000
06.11000
08.81000
06.43000
05.35000
07.78000
07.13000
09.42000
09.98000
05.80000
05.37000
08.95000
08.40000
07.19000
07.14000
05.03000
08.16000
09.37000
08.32000
06.86000
07.83000
05.44000
06.12000
09.20000
08.94000
05.79000
06.34000
07.95000
07.48000
09.50000
05.56000
07.81000
05.85000
07.48000
05.04000
05.23000
06.74000
06.08000
08.32000
05.79000
08.89000
09.51000
08.69000
06.71000
09.55000
07.37000
06.72000
09.36000
06.96000
07.16000
07.74000
06.74000
07.90000
06.77000
09.35000
06.01000
08.82000
06.91000
09.57000
05.08000
08.12000
08.99000
05.80000
07.82000
08.99000
07.19000
05.95000
06.56000
09.84000
07.93000
08.01000
05.72000
07.59000
07.99000
07.23000
08.84000
05.19000
07.06000
08.63000
06.11000
09.12000
05.23000
09.49000
06.88000
06.84000
05.44000
06.86000
07.11000
09.35000
06.07000
05.05000
06.73000
05.00000
06.16000
09.05000
05.80000
09.50000
09.48000
05.88000
06.59000
05.57000
08.26000
05.63000
09.82000
05.83000
09.39000
07.99000
07.89000
06.45000
05.13000
09.94000
07.31000
09.58000
05.63000
08.21000
06.24000
05.91000
06.42000
06.81000
06.99000
07.14000
05.96000
09.50000
08.50000
08.47000
08.06000
08.08000
08.85000
06.77000
05.23000
07.69000
06.85000
07.15000
06.19000
06.60000
06.60000
08.17000
08.52000
06.48000
06.82000
06.68000
09.56000
08.74000
07.86000
08.04000
07.06000
07.09000
09.19000
08.64000
06.62000
09.96000
06.96000
08.38000
09.26000
08.09000
06.43000
08.18000
08.89000
06.95000
09.52000
07.46000
09.47000
05.25000
06.79000
07.56000
07.42000
09.89000
09.96000
06.40000
09.29000
09.23000
06.49000
09.01000
10.00000
06.66000
08.06000
06.45000
07.36000
05.30000
07.98000
08.31000
09.57000
05.57000
08.72000
05.20000
07.72000
07.64000
09.38000
06.23000
08.29000
08.96000
08.19000
06.54000
05.66000
06.72000
05.03000
07.05000
06.83000
05.46000
06.67000
07.10000
07.28000
06.30000
08.12000
08.84000
05.21000
06.30000
06.10000
06.54000
06.01000
05.55000
05.26000
05.48000
07.95000
08.92000
06.88000
09.47000
09.71000
08.53000
06.40000
08.34000
07.85000
06.28000
05.87000
05.42000
09.31000
06.32000
06.50000
05.07000
08.94000
07.58000
5
18
21
32
13
15
5
26
6
3
29
9
5
8
33
24
4
27
5
17
2
5
7
14
5
34
23
10
28
22
5
11
31
16
35
25
5
1
20
19
30
12
690.79270
