35
4
99.69000
56.73000
28.49000
22.56000
35.71000
4.36000
52.12000
44.26000
33.24000
11.18000
58.37000
95.76000
33.51000
18.42000
87.46000
19.29000
76.73000
66.28000
80.60000
53.05000
5.11000
95.99000
78.03000
39.26000
56.89000
48.77000
20.96000
18.16000
74.27000
63.83000
48.59000
29.95000
97.47000
82.40000
3.17000
15.39000
57.35000
24.51000
84.19000
9.23000
19.54000
39.54000
44.75000
12.19000
68.95000
46.67000
26.02000
89.23000
72.57000
11.86000
92.97000
8.32000
95.35000
99.09000
13.58000
32.42000
4.27000
76.32000
50.80000
28.52000
62.29000
8.52000
71.61000
61.56000
37.39000
59.66000
41.99000
97.54000
93.53000
96.71000
89.45000
67.30000
80.50000
50.77000
12.78000
64.61000
21.25000
58.14000
67.63000
5.47000
39.37000
4.44000
46.70000
78.62000
26.58000
78.37000
39.72000
76.77000
72.59000
72.66000
37.40000
89.64000
69.13000
77.04000
30.47000
8.95000
6.90000
82.21000
9.64000
23.41000
74.64000
78.89000
64.63000
24.75000
65.06000
82.99000
47.79000
73.84000
50.80000
92.60000
91.96000
66.93000
12.33000
48.28000
73.71000
13.83000
67.66000
64.51000
8.49000
29.01000
34.26000
57.75000
10.78000
28.93000
26.61000
43.48000
96.05000
29.08000
60.16000
37.16000
81.75000
44.91000
51.39000
54.26000
82.38000
91.90000
15.77000
11.25000
14.38000
86.51000
04.68000
03.33000
02.26000
02.55000
02.59000
04.09000
02.06000
02.84000
02.06000
02.68000
04.97000
04.51000
02.19000
02.22000
02.11000
02.69000
02.11000
01.83000
04.60000
04.51000
04.96000
04.64000
03.58000
01.10000
01.85000
01.78000
02.16000
03.57000
03.91000
04.37000
03.47000
03.06000
02.26000
03.53000
02.64000
04.70000
04.64000
04.21000
01.13000
04.92000
02.95000
02.36000
04.13000
01.04000
03.69000
02.48000
01.63000
01.18000
02.98000
04.67000
01.74000
01.47000
04.94000
01.08000
04.59000
02.02000
01.71000
03.81000
02.31000
02.97000
01.40000
01.01000
03.01000
04.44000
04.15000
04.79000
02.83000
02.56000
02.07000
03.27000
01.01000
04.92000
03.61000
04.57000
01.59000
04.79000
02.58000
03.71000
03.23000
04.49000
01.17000
03.26000
03.06000
01.17000
04.51000
04.34000
02.19000
03.93000
01.73000
04.07000
01.76000
01.91000
01.94000
03.58000
02.89000
04.23000
02.27000
03.99000
02.70000
04.01000
03.84000
02.43000
02.33000
02.39000
03.79000
02.33000
01.65000
01.11000
04.08000
02.76000
04.15000
04.05000
01.10000
02.74000
03.21000
01.59000
03.74000
04.37000
04.97000
03.85000
02.14000
01.79000
03.54000
04.96000
02.42000
01.12000
01.06000
03.04000
02.71000
04.49000
03.64000
04.23000
01.12000
02.02000
01.42000
02.63000
03.79000
03.83000
04.51000
04.39000
8
24
31
4
16
28
35
6
21
9
2
9
3
17
1
20
22
15
5
9
13
25
7
30
29
27
26
12
10
9
8
23
11
19
32
34
18
33
14
170.92380
