35
4
135.72000
152.90000
160.09000
125.91000
158.01000
153.12000
147.04000
164.62000
169.77000
115.47000
193.77000
185.77000
111.63000
180.59000
140.92000
130.00000
124.23000
189.08000
129.12000
137.92000
148.17000
181.59000
198.97000
150.17000
124.09000
198.73000
191.12000
107.36000
192.62000
181.13000
146.18000
150.12000
194.37000
169.41000
104.78000
134.10000
130.98000
128.64000
144.50000
147.55000
108.36000
149.04000
193.27000
116.30000
194.94000
157.55000
134.07000
105.98000
156.35000
119.80000
132.50000
182.20000
158.21000
101.40000
154.20000
110.60000
166.16000
167.99000
164.79000
156.79000
145.81000
185.20000
129.90000
186.41000
162.78000
118.63000
115.15000
165.07000
182.71000
133.93000
122.34000
174.88000
149.98000
104.52000
159.45000
149.79000
174.60000
147.01000
144.24000
157.53000
142.21000
167.66000
167.33000
188.73000
143.44000
157.08000
119.36000
134.03000
168.91000
105.90000
190.94000
184.03000
109.25000
104.74000
172.70000
129.37000
155.09000
144.24000
155.26000
160.67000
197.04000
115.01000
129.26000
168.56000
125.74000
192.26000
190.19000
131.78000
128.99000
170.37000
170.98000
122.49000
143.11000
127.60000
197.31000
150.15000
110.56000
179.58000
184.80000
130.36000
146.99000
141.94000
149.07000
178.77000
168.01000
130.30000
105.75000
110.99000
189.25000
160.29000
170.46000
142.65000
126.33000
147.52000
158.82000
189.37000
194.88000
107.64000
186.47000
166.78000
07.15000
06.30000
07.03000
06.54000
06.19000
08.97000
07.01000
09.07000
08.07000
08.57000
09.26000
05.47000
06.69000
09.01000
07.71000
09.67000
05.94000
09.19000
06.25000
05.56000
09.74000
08.02000
08.79000
07.06000
06.99000
09.41000
09.23000
08.06000
06.61000
07.25000
06.49000
07.47000
07.49000
05.46000
09.47000
08.30000
09.35000
05.98000
08.09000
07.82000
07.09000
05.08000
05.74000
05.29000
09.70000
07.21000
05.84000
05.87000
07.33000
07.53000
08.55000
09.72000
05.15000
06.20000
09.01000
06.99000
08.30000
08.37000
07.40000
07.85000
06.95000
09.20000
08.85000
07.44000
06.25000
08.84000
08.53000
05.92000
06.35000
07.45000
09.54000
06.87000
07.14000
09.32000
07.77000
09.74000
07.87000
07.68000
05.10000
08.94000
08.40000
05.57000
07.94000
05.87000
05.14000
09.39000
07.68000
06.94000
09.49000
05.56000
05.74000
08.55000
07.86000
05.47000
08.53000
07.11000
06.66000
05.53000
07.44000
09.03000
07.29000
07.15000
08.89000
05.70000
06.16000
05.56000
07.74000
05.32000
09.01000
08.03000
07.62000
06.53000
09.52000
09.89000
06.92000
08.45000
08.28000
08.78000
08.30000
08.73000
07.94000
07.37000
09.41000
05.03000
06.17000
08.30000
07.92000
05.01000
05.61000
09.24000
06.46000
06.33000
08.92000
07.85000
07.71000
06.63000
08.77000
06.77000
09.31000
08.59000
8
34
5
30
2
17
25
10
16
9
9
11
14
13
19
21
15
6
31
9
35
24
20
18
8
26
32
1
4
9
3
27
23
7
29
33
28
22
12
1441.93000
