35
7
104.85000
123.64000
128.02000
135.00000
125.61000
119.47000
159.08000
175.83000
134.48000
178.00000
119.72000
154.65000
186.69000
193.92000
178.47000
173.14000
101.52000
113.47000
142.88000
159.60000
112.33000
184.45000
109.59000
118.85000
116.52000
106.22000
114.29000
182.28000
125.57000
179.72000
181.73000
157.87000
115.02000
157.43000
175.74000
159.36000
195.90000
103.74000
103.17000
153.13000
122.29000
148.00000
129.95000
130.53000
178.70000
199.21000
114.16000
188.59000
117.21000
173.92000
171.16000
100.88000
153.98000
140.24000
155.42000
167.56000
119.25000
167.86000
110.43000
165.33000
107.30000
178.01000
118.76000
197.46000
126.48000
193.49000
152.05000
143.80000
149.20000
188.68000
177.35000
163.33000
199.84000
174.04000
183.70000
176.58000
180.90000
148.57000
158.35000
150.52000
190.10000
180.54000
174.51000
154.03000
176.44000
108.37000
194.43000
132.58000
152.93000
122.05000
119.43000
158.19000
146.69000
113.14000
139.89000
179.44000
148.87000
124.75000
185.26000
171.49000
164.70000
101.56000
174.03000
186.03000
163.47000
136.53000
174.27000
145.88000
178.01000
155.23000
174.68000
119.82000
150.25000
129.37000
136.85000
137.74000
105.03000
117.68000
180.87000
140.42000
188.21000
180.46000
115.85000
145.19000
109.70000
129.59000
189.99000
195.94000
193.47000
178.49000
140.55000
113.14000
127.56000
192.15000
143.85000
143.81000
114.06000
137.12000
165.26000
111.52000
193.81000
158.99000
140.83000
158.95000
116.73000
193.02000
106.19000
122.29000
104.17000
123.60000
183.04000
119.17000
184.81000
131.34000
138.31000
162.22000
101.36000
198.42000
128.00000
140.67000
160.61000
158.58000
147.18000
170.28000
183.42000
147.12000
179.99000
143.38000
154.69000
150.92000
149.62000
178.88000
173.39000
158.39000
168.32000
181.92000
147.70000
170.66000
144.59000
179.50000
127.33000
158.11000
133.32000
148.45000
141.50000
189.46000
139.49000
146.74000
115.77000
167.22000
176.90000
158.89000
189.71000
195.43000
148.45000
145.97000
167.00000
129.71000
196.07000
195.65000
165.37000
127.24000
150.78000
172.11000
166.59000
196.75000
182.63000
166.15000
166.52000
148.55000
178.17000
132.75000
167.02000
179.75000
178.15000
109.47000
146.14000
146.20000
136.14000
187.75000
186.07000
110.17000
173.77000
197.41000
109.23000
196.03000
151.73000
194.86000
152.09000
129.71000
119.79000
113.05000
115.20000
188.69000
166.75000
111.50000
113.14000
152.03000
170.50000
126.29000
124.59000
150.35000
147.98000
120.08000
142.26000
04.90000
03.45000
04.38000
03.88000
04.70000
01.19000
03.22000
02.25000
03.98000
04.97000
03.58000
04.63000
02.13000
01.42000
03.22000
04.81000
02.82000
03.00000
03.25000
01.39000
04.06000
01.97000
02.06000
03.80000
04.16000
04.41000
01.38000
02.27000
03.74000
04.21000
04.23000
01.85000
03.73000
01.06000
04.95000
04.93000
02.74000
01.95000
04.07000
02.26000
02.74000
03.75000
02.30000
04.12000
01.19000
02.28000
02.70000
04.86000
01.86000
01.56000
01.43000
01.65000
04.80000
03.40000
01.95000
04.49000
04.38000
01.45000
01.04000
02.15000
03.29000
03.16000
02.80000
04.25000
02.52000
03.80000
04.62000
03.22000
03.39000
04.43000
02.87000
03.37000
03.29000
03.87000
03.36000
02.24000
01.60000
03.92000
02.72000
04.39000
02.60000
02.64000
02.16000
03.56000
02.40000
01.41000
04.22000
04.28000
01.44000
03.45000
02.72000
03.91000
02.48000
03.76000
04.84000
02.63000
04.57000
03.17000
01.02000
01.42000
01.08000
02.32000
03.06000
04.07000
01.70000
01.69000
01.57000
02.65000
03.18000
02.74000
01.65000
02.11000
03.42000
04.71000
01.38000
02.85000
03.82000
02.54000
04.36000
01.99000
04.88000
03.00000
03.48000
03.44000
03.40000
02.66000
02.96000
03.93000
02.51000
01.90000
04.34000
03.01000
01.64000
02.94000
04.45000
01.04000
02.55000
03.79000
01.45000
01.19000
01.08000
03.98000
04.17000
04.50000
04.05000
01.07000
03.33000
01.11000
03.35000
02.14000
04.17000
04.26000
01.52000
03.52000
04.67000
02.42000
03.45000
01.33000
04.10000
02.91000
02.31000
01.54000
01.06000
01.81000
01.61000
01.91000
03.44000
02.06000
01.16000
02.00000
02.46000
03.39000
03.08000
01.22000
02.66000
03.90000
03.51000
01.82000
02.55000
03.71000
04.55000
02.38000
01.78000
03.52000
01.51000
01.23000
01.98000
02.37000
01.32000
04.08000
03.50000
04.13000
01.24000
04.43000
03.98000
03.45000
02.81000
01.62000
04.40000
03.82000
01.92000
02.78000
03.03000
03.54000
02.75000
04.87000
01.46000
01.71000
03.80000
04.64000
01.91000
01.85000
02.33000
02.21000
01.60000
04.04000
04.31000
03.17000
03.40000
02.61000
03.06000
03.98000
02.70000
03.97000
01.88000
03.73000
02.23000
03.36000
02.40000
01.31000
02.00000
02.82000
02.55000
01.41000
01.37000
01.22000
02.58000
04.54000
04.99000
04.21000
03.06000
01.05000
04.82000
02.29000
02.85000
5
17
29
11
33
1
5
3
28
21
22
4
5
16
32
10
24
25
5
35
13
18
20
26
5
7
9
19
15
5
5
14
23
8
27
6
5
2
34
31
30
12
655.33700
