35
7
54.30000
85.53000
16.05000
75.34000
38.52000
14.09000
84.20000
7.23000
19.02000
31.91000
99.58000
90.14000
99.19000
89.66000
42.62000
46.57000
74.62000
15.76000
56.17000
46.03000
76.53000
60.97000
98.99000
61.60000
27.35000
56.80000
94.26000
18.41000
86.17000
59.11000
78.11000
41.11000
5.24000
1.51000
51.06000
48.45000
61.82000
14.34000
33.05000
78.80000
6.52000
89.99000
27.88000
16.87000
77.14000
77.51000
60.93000
1.27000
27.50000
97.69000
10.52000
73.12000
95.57000
50.14000
16.40000
27.63000
62.99000
58.74000
34.25000
57.50000
96.59000
26.20000
83.16000
10.53000
5.86000
79.50000
97.14000
33.04000
84.47000
25.43000
4.86000
42.11000
13.76000
53.04000
47.35000
81.82000
13.88000
31.95000
17.40000
8.10000
28.26000
48.52000
73.33000
80.18000
55.11000
96.68000
90.38000
63.87000
81.81000
48.21000
7.19000
72.99000
35.43000
98.15000
73.35000
24.94000
30.19000
22.34000
7.86000
86.15000
20.98000
18.93000
38.64000
28.61000
50.89000
40.11000
73.23000
92.37000
26.52000
30.29000
20.66000
5.92000
65.62000
52.28000
2.09000
88.04000
63.00000
45.88000
73.76000
25.64000
63.28000
76.21000
8.79000
2.16000
1.26000
86.17000
39.75000
54.11000
48.39000
44.98000
17.13000
21.53000
68.31000
96.64000
52.84000
92.50000
62.31000
15.46000
74.70000
60.67000
97.61000
2.87000
19.98000
58.87000
43.24000
96.55000
38.44000
94.33000
92.52000
91.03000
55.04000
91.56000
99.78000
96.28000
23.91000
56.13000
57.06000
50.56000
12.09000
94.14000
44.56000
66.95000
51.05000
65.75000
82.14000
86.81000
87.19000
30.65000
79.84000
28.31000
31.31000
99.59000
85.37000
33.89000
6.15000
9.90000
27.22000
21.96000
66.71000
23.97000
31.84000
31.00000
12.93000
21.05000
50.10000
14.01000
76.10000
76.28000
81.75000
53.14000
9.26000
18.90000
66.22000
58.81000
74.37000
75.67000
31.12000
17.24000
2.80000
29.38000
42.71000
39.95000
34.85000
60.41000
57.45000
17.26000
78.23000
4.15000
70.45000
63.78000
59.39000
75.71000
30.59000
12.68000
63.75000
94.80000
83.97000
33.55000
79.07000
78.82000
17.65000
8.79000
88.84000
25.58000
75.81000
91.66000
41.03000
82.96000
46.29000
65.76000
95.47000
4.36000
3.08000
87.46000
79.47000
89.27000
58.88000
42.44000
32.21000
44.69000
18.53000
90.18000
56.33000
24.68000
22.56000
09.84000
08.09000
07.81000
08.89000
07.86000
06.05000
06.60000
07.01000
05.28000
08.69000
05.95000
09.20000
08.92000
05.98000
06.35000
05.01000
07.26000
06.42000
08.64000
06.25000
07.91000
09.52000
06.57000
09.51000
05.14000
08.31000
09.29000
08.62000
07.33000
06.81000
08.81000
07.20000
09.52000
07.60000
07.57000
09.92000
08.49000
07.22000
08.70000
06.01000
06.09000
07.74000
09.69000
05.54000
08.45000
09.81000
07.46000
05.00000
05.35000
07.64000
07.96000
05.66000
08.25000
08.93000
07.50000
06.06000
07.72000
07.42000
05.31000
09.49000
06.00000
05.35000
06.00000
06.52000
09.44000
05.97000
07.05000
07.47000
06.05000
06.07000
05.53000
08.99000
05.87000
07.51000
05.31000
06.01000
08.67000
07.53000
06.14000
09.67000
08.14000
05.05000
06.54000
08.18000
07.05000
08.48000
07.91000
09.55000
09.81000
09.76000
07.05000
09.02000
09.97000
06.83000
08.63000
06.60000
07.72000
06.15000
07.74000
09.58000
07.41000
05.21000
07.34000
05.00000
09.99000
07.48000
08.16000
07.30000
09.35000
09.93000
08.44000
05.77000
09.84000
08.27000
08.64000
08.16000
05.48000
09.11000
07.75000
09.40000
07.01000
05.08000
07.64000
09.20000
06.80000
07.35000
05.58000
09.52000
06.39000
08.07000
06.71000
07.10000
08.93000
07.93000
06.58000
05.94000
06.72000
08.62000
08.62000
09.82000
05.63000
05.06000
09.54000
06.11000
07.55000
06.67000
05.14000
08.46000
05.09000
09.02000
06.11000
06.05000
07.82000
07.94000
06.89000
05.55000
09.46000
05.28000
09.82000
08.37000
05.35000
06.42000
07.64000
08.21000
09.97000
07.74000
05.96000
08.51000
09.47000
09.13000
05.80000
05.01000
09.11000
06.51000
06.06000
06.96000
08.74000
06.92000
06.07000
07.94000
05.32000
06.20000
08.72000
08.45000
06.15000
05.13000
08.73000
09.60000
08.78000
08.76000
06.01000
09.77000
09.89000
08.16000
08.38000
07.09000
07.80000
07.92000
09.04000
06.99000
09.96000
08.65000
09.07000
09.62000
05.46000
09.46000
09.96000
07.43000
07.56000
05.48000
08.10000
09.01000
05.99000
05.89000
05.45000
06.57000
08.77000
08.22000
08.73000
06.40000
06.01000
08.17000
07.92000
06.33000
08.22000
05.02000
08.41000
06.46000
05.05000
09.05000
08.49000
06.63000
07.77000
09.07000
06.82000
08.99000
06.83000
09.90000
09.96000
05.42000
09.28000
09.88000
09.87000
05.08000
06.33000
5
25
28
8
33
34
6
9
29
16
6
30
13
4
32
31
21
1
7
27
26
18
7
10
19
20
4
15
3
35
2
4
5
11
17
24
5
14
4
12
22
23
65.42654
