35
7
141.65000
122.17000
188.24000
115.68000
131.56000
128.56000
170.44000
110.30000
168.69000
143.29000
147.21000
197.52000
101.23000
110.26000
142.50000
190.75000
166.44000
149.92000
144.36000
155.00000
140.63000
109.29000
154.89000
156.81000
189.20000
111.97000
140.25000
114.29000
116.57000
108.09000
180.67000
147.13000
116.26000
124.36000
120.43000
129.22000
105.41000
130.55000
129.35000
150.04000
194.07000
164.82000
132.42000
136.46000
173.41000
140.73000
134.45000
122.21000
138.50000
174.05000
156.28000
142.59000
173.45000
157.11000
182.82000
184.47000
101.48000
108.81000
113.05000
136.27000
134.83000
124.62000
110.00000
137.99000
124.82000
126.55000
150.78000
131.18000
111.83000
113.18000
154.60000
153.29000
104.43000
110.08000
146.63000
131.63000
162.75000
100.93000
194.60000
166.68000
111.44000
172.98000
102.17000
114.04000
192.47000
113.86000
187.05000
130.91000
136.82000
187.79000
131.05000
126.00000
114.57000
185.54000
130.00000
109.64000
184.86000
174.44000
143.82000
143.68000
145.87000
148.39000
146.49000
191.56000
184.85000
168.08000
122.99000
157.20000
106.30000
137.70000
151.42000
131.14000
192.66000
101.36000
155.81000
159.16000
125.36000
192.01000
136.69000
118.73000
193.22000
169.17000
108.65000
188.91000
174.12000
168.93000
150.37000
100.31000
185.00000
153.93000
154.57000
185.11000
131.87000
163.38000
178.03000
127.06000
159.79000
163.05000
191.61000
111.46000
105.18000
149.43000
172.44000
149.15000
103.57000
115.39000
180.05000
144.29000
163.88000
155.55000
139.87000
197.10000
182.74000
174.76000
149.34000
106.96000
195.84000
104.41000
119.91000
174.79000
127.93000
152.45000
127.13000
153.09000
142.83000
153.42000
160.60000
195.90000
193.43000
118.39000
173.97000
108.84000
171.67000
185.00000
134.98000
130.81000
129.69000
122.82000
176.78000
162.35000
113.85000
170.08000
193.83000
191.76000
181.50000
177.96000
195.63000
188.71000
176.16000
123.20000
176.45000
174.45000
180.39000
109.04000
144.65000
171.77000
165.82000
115.34000
172.64000
155.04000
143.15000
148.47000
146.90000
100.19000
112.14000
191.42000
117.97000
134.71000
111.59000
153.68000
136.98000
182.84000
145.12000
152.72000
134.84000
155.00000
179.69000
153.73000
179.11000
119.27000
175.59000
108.05000
196.89000
167.20000
123.20000
164.26000
179.35000
141.89000
151.96000
197.52000
131.70000
188.04000
180.39000
159.52000
123.24000
101.88000
166.04000
128.55000
137.32000
181.20000
155.55000
159.43000
121.34000
175.39000
134.61000
01.06000
02.97000
02.09000
01.03000
02.53000
01.66000
03.26000
01.67000
01.39000
01.92000
03.15000
04.76000
01.86000
04.46000
04.88000
02.68000
01.48000
04.85000
03.88000
01.65000
01.09000
03.44000
01.90000
03.67000
02.83000
03.39000
01.01000
04.58000
04.17000
04.69000
01.57000
04.00000
03.90000
02.13000
04.27000
03.72000
01.74000
01.14000
04.43000
03.52000
02.23000
04.36000
03.97000
03.02000
02.90000
01.15000
01.70000
04.16000
02.35000
03.61000
01.12000
04.70000
04.47000
02.66000
02.03000
04.23000
04.49000
02.04000
02.57000
02.13000
02.93000
04.29000
01.16000
03.60000
03.64000
04.77000
02.55000
01.66000
03.77000
01.65000
04.19000
03.82000
02.44000
01.02000
01.87000
02.60000
01.45000
01.33000
04.90000
02.13000
04.67000
02.46000
02.84000
01.75000
01.08000
03.88000
03.57000
04.59000
04.95000
03.91000
03.26000
03.61000
01.88000
01.64000
04.43000
03.56000
02.76000
02.99000
01.87000
03.03000
01.82000
02.70000
04.71000
04.40000
02.59000
03.22000
02.88000
04.59000
03.05000
01.38000
01.07000
01.77000
01.57000
04.83000
02.20000
04.02000
01.58000
03.60000
04.22000
04.05000
02.45000
04.55000
03.37000
02.37000
04.81000
01.35000
04.21000
01.30000
04.63000
04.48000
01.62000
02.99000
03.20000
03.24000
02.78000
03.39000
01.11000
03.74000
01.19000
02.25000
01.57000
03.51000
04.09000
01.04000
04.46000
01.99000
01.65000
01.55000
04.98000
04.13000
01.01000
02.71000
01.53000
03.34000
04.47000
02.58000
03.84000
01.87000
04.67000
03.05000
02.93000
04.75000
02.52000
03.83000
01.15000
01.84000
01.29000
04.44000
02.15000
01.82000
04.54000
02.19000
04.89000
02.16000
02.13000
04.74000
01.09000
03.00000
02.96000
01.20000
04.56000
03.60000
04.27000
03.47000
03.07000
01.49000
03.46000
01.20000
01.40000
01.46000
03.24000
01.84000
03.65000
01.11000
04.59000
04.65000
03.22000
04.88000
04.83000
02.71000
04.82000
01.99000
03.58000
04.91000
02.48000
04.48000
04.78000
01.94000
01.56000
01.22000
01.22000
04.61000
01.94000
01.96000
03.64000
02.07000
02.24000
03.99000
02.55000
02.03000
04.23000
04.18000
04.70000
03.52000
03.09000
02.70000
01.16000
03.36000
01.27000
04.55000
01.29000
02.19000
02.55000
01.50000
02.78000
02.46000
02.03000
02.18000
01.63000
02.43000
04.11000
02.00000
02.14000
02.18000
04.50000
5
4
6
13
35
14
5
28
2
24
17
22
5
8
3
16
25
11
5
23
7
31
15
9
5
27
1
18
32
5
5
19
34
30
20
29
5
21
10
33
26
12
603.77060
