35
4
125.33000
135.44000
142.84000
142.70000
119.25000
195.77000
184.63000
137.23000
194.05000
134.65000
127.61000
180.61000
190.37000
192.69000
112.41000
113.46000
148.82000
110.52000
179.66000
176.42000
110.02000
128.76000
169.98000
110.11000
114.62000
188.04000
124.00000
155.15000
103.21000
128.99000
182.34000
152.16000
116.45000
192.23000
185.62000
119.56000
118.47000
183.63000
171.54000
140.25000
199.37000
160.10000
185.17000
138.89000
137.13000
197.32000
188.46000
181.11000
197.37000
160.94000
147.06000
132.53000
145.73000
116.58000
126.58000
158.79000
147.82000
129.86000
192.65000
125.49000
169.27000
166.40000
110.89000
198.28000
175.70000
191.84000
146.92000
142.77000
132.75000
171.79000
102.53000
163.94000
137.22000
130.81000
167.23000
133.04000
128.88000
119.46000
183.52000
163.89000
117.45000
165.16000
142.02000
147.10000
193.54000
158.54000
133.35000
173.31000
147.78000
190.23000
148.15000
133.13000
170.80000
150.84000
177.04000
117.20000
153.21000
131.02000
110.64000
116.13000
185.65000
121.37000
139.57000
120.56000
158.73000
113.23000
106.66000
147.52000
111.83000
102.18000
197.72000
104.16000
103.78000
105.41000
194.46000
182.89000
159.23000
138.56000
112.52000
199.35000
193.80000
117.23000
167.52000
169.15000
123.13000
157.06000
175.08000
107.92000
162.83000
173.67000
150.83000
131.28000
128.54000
182.69000
110.40000
154.86000
135.87000
199.75000
169.40000
194.29000
01.77000
01.50000
03.63000
02.71000
02.66000
02.68000
03.28000
04.29000
02.85000
03.43000
03.78000
04.99000
01.46000
02.88000
04.27000
03.97000
01.61000
04.15000
03.86000
04.32000
02.43000
02.38000
01.69000
01.20000
03.04000
04.68000
04.87000
01.71000
02.57000
02.18000
04.53000
04.98000
04.15000
02.00000
03.80000
01.65000
02.30000
01.57000
02.67000
04.64000
04.32000
02.37000
01.26000
03.28000
04.52000
04.88000
02.09000
01.69000
03.01000
01.22000
01.29000
04.00000
03.94000
03.52000
02.97000
02.32000
03.41000
03.91000
03.27000
04.79000
01.57000
02.50000
02.31000
03.54000
02.52000
03.42000
04.21000
02.67000
02.40000
02.80000
01.35000
02.71000
01.70000
03.33000
02.87000
03.95000
04.49000
02.73000
03.21000
02.79000
04.65000
04.28000
03.48000
04.34000
03.31000
01.12000
04.80000
01.74000
01.59000
02.35000
04.32000
04.10000
04.62000
01.12000
03.14000
04.55000
01.52000
02.54000
02.40000
04.22000
01.42000
03.73000
03.21000
04.22000
01.43000
03.97000
03.32000
04.53000
04.50000
04.90000
02.24000
01.84000
03.82000
01.11000
01.48000
01.49000
04.51000
02.74000
03.17000
01.62000
04.72000
03.90000
01.42000
04.34000
02.55000
02.72000
02.37000
03.79000
04.14000
01.33000
04.13000
02.09000
03.60000
01.85000
04.83000
01.36000
03.07000
02.40000
02.60000
03.73000
9
24
22
21
10
16
33
18
15
27
8
13
35
34
2
28
20
19
25
9
3
1
29
8
6
32
30
26
11
9
31
9
7
14
12
17
23
4
5
1194.68200
