35
7
46.96000
11.70000
68.97000
32.62000
41.68000
31.19000
26.55000
69.89000
97.51000
12.50000
23.85000
60.91000
66.87000
29.62000
19.25000
30.98000
51.23000
96.25000
96.44000
19.30000
54.60000
17.22000
18.88000
29.50000
33.04000
32.08000
71.34000
79.12000
43.16000
72.51000
20.40000
51.13000
93.61000
9.88000
54.91000
10.87000
36.63000
46.84000
78.68000
88.49000
41.01000
82.59000
77.49000
88.12000
38.92000
95.34000
46.90000
67.52000
3.45000
7.49000
16.44000
48.87000
57.71000
77.13000
41.95000
68.30000
29.37000
56.52000
57.05000
27.32000
94.14000
33.60000
21.68000
39.41000
33.29000
85.46000
70.55000
83.42000
75.13000
30.88000
71.17000
74.32000
25.10000
27.74000
15.56000
59.49000
45.91000
57.13000
40.71000
51.45000
97.86000
35.39000
72.52000
5.87000
76.70000
30.32000
13.68000
40.86000
28.18000
49.42000
90.19000
90.42000
98.64000
89.35000
9.82000
53.00000
89.45000
86.46000
1.66000
38.95000
1.53000
65.25000
73.58000
24.05000
84.84000
70.26000
70.03000
89.82000
82.36000
8.94000
42.40000
43.44000
14.99000
95.98000
66.63000
45.33000
22.57000
60.42000
40.77000
48.07000
22.47000
16.51000
37.66000
67.66000
82.14000
18.13000
57.46000
35.01000
72.55000
9.36000
77.10000
43.49000
14.73000
71.95000
99.83000
2.34000
30.25000
78.80000
6.67000
82.26000
70.11000
58.60000
95.23000
93.33000
6.16000
69.71000
49.76000
63.94000
30.64000
68.02000
33.43000
80.99000
81.04000
26.98000
15.45000
93.95000
96.41000
8.22000
40.81000
16.73000
66.84000
13.05000
81.83000
74.17000
82.96000
31.96000
87.59000
59.50000
88.46000
94.08000
33.50000
76.92000
28.57000
19.74000
69.75000
91.64000
51.97000
48.98000
74.48000
46.58000
14.99000
17.09000
51.96000
70.34000
1.96000
64.91000
42.06000
95.38000
71.02000
14.32000
85.12000
68.09000
83.87000
72.35000
99.32000
97.29000
52.26000
88.71000
29.10000
8.72000
88.49000
1.29000
92.73000
87.52000
58.89000
83.63000
39.75000
38.77000
29.36000
4.48000
46.35000
16.78000
15.04000
83.54000
59.18000
35.03000
55.11000
78.84000
88.06000
36.71000
60.83000
5.06000
20.19000
50.22000
13.00000
27.48000
66.10000
18.85000
91.98000
3.55000
17.11000
48.31000
34.17000
27.38000
86.84000
60.25000
72.52000
83.25000
69.68000
39.74000
95.03000
95.14000
83.36000
84.75000
90.24000
08.73000
09.41000
06.55000
08.93000
06.39000
07.48000
07.38000
06.54000
06.75000
07.67000
07.90000
06.22000
09.66000
06.25000
06.90000
06.67000
07.25000
08.67000
09.22000
09.42000
06.42000
06.97000
08.18000
06.44000
06.31000
07.39000
08.15000
07.56000
05.86000
07.75000
06.99000
08.02000
06.25000
05.06000
08.59000
06.89000
09.81000
09.35000
05.14000
06.90000
08.36000
08.55000
09.57000
06.30000
09.83000
07.56000
09.15000
08.84000
05.82000
05.65000
06.92000
08.67000
05.16000
06.20000
06.91000
07.80000
06.48000
09.25000
06.68000
08.66000
05.64000
08.98000
09.80000
06.57000
08.28000
06.21000
08.36000
07.21000
07.32000
05.89000
08.27000
07.93000
08.89000
07.81000
07.58000
08.04000
07.29000
06.57000
07.86000
09.69000
07.92000
09.41000
07.84000
07.11000
09.08000
08.54000
09.75000
09.91000
06.34000
05.34000
06.85000
05.57000
05.03000
07.81000
05.93000
06.99000
07.74000
08.10000
09.77000
09.94000
06.83000
09.99000
09.68000
05.61000
06.93000
09.28000
09.29000
06.54000
05.36000
06.55000
09.21000
07.52000
09.46000
05.16000
09.47000
08.77000
09.16000
08.68000
08.02000
09.96000
09.47000
07.30000
06.33000
06.18000
07.68000
05.34000
06.88000
05.39000
05.84000
08.78000
05.64000
05.95000
08.26000
07.75000
09.65000
09.11000
09.02000
08.98000
09.42000
06.50000
08.38000
08.65000
09.13000
07.29000
09.85000
08.53000
06.59000
06.79000
07.38000
09.19000
07.84000
06.83000
07.94000
07.13000
05.05000
07.57000
08.25000
05.53000
08.89000
09.55000
07.33000
06.68000
06.06000
06.20000
08.94000
09.53000
06.77000
06.36000
09.11000
07.15000
07.26000
06.74000
08.64000
09.28000
07.27000
08.07000
09.55000
08.02000
08.74000
05.96000
09.28000
08.02000
07.57000
08.50000
09.84000
09.76000
07.69000
08.42000
09.91000
07.75000
05.49000
06.35000
07.95000
08.10000
05.87000
08.30000
09.68000
06.10000
09.74000
08.18000
05.59000
08.65000
06.53000
05.27000
08.42000
06.81000
06.69000
06.76000
05.69000
08.26000
07.73000
05.22000
06.38000
06.01000
05.34000
09.61000
06.78000
05.48000
06.23000
06.59000
06.84000
09.25000
09.98000
09.35000
06.97000
09.76000
07.19000
08.99000
07.33000
06.13000
06.98000
07.00000
05.38000
06.59000
09.49000
07.74000
08.30000
06.02000
08.37000
05.97000
05.58000
08.45000
08.27000
09.35000
06.45000
3
24
11
23
5
30
16
1
15
14
5
19
4
25
17
29
6
32
28
8
5
34
31
4
9
26
22
18
6
33
7
6
35
10
27
6
2
21
3
13
20
12
91.23268
