35
4
177.12000
177.44000
152.40000
172.15000
195.94000
122.05000
137.83000
169.71000
133.15000
182.70000
161.97000
153.61000
129.37000
100.02000
165.42000
164.50000
125.22000
114.63000
188.83000
142.98000
161.33000
167.15000
172.80000
129.70000
178.32000
198.21000
157.97000
165.26000
116.82000
148.44000
184.96000
190.31000
117.46000
158.45000
194.40000
159.11000
119.91000
143.06000
160.04000
103.92000
159.31000
112.39000
100.92000
164.18000
193.06000
179.99000
168.96000
105.52000
186.80000
111.48000
129.80000
193.57000
106.16000
172.49000
149.07000
193.94000
116.74000
128.64000
192.38000
172.27000
184.19000
145.55000
125.37000
194.18000
174.12000
188.86000
113.65000
125.29000
152.16000
124.18000
119.44000
187.86000
132.99000
138.28000
101.23000
183.43000
160.50000
172.14000
172.11000
178.24000
122.40000
100.55000
122.70000
162.92000
109.33000
114.15000
143.63000
128.09000
111.91000
103.55000
125.52000
164.38000
120.77000
159.39000
158.99000
162.41000
126.52000
172.27000
134.68000
112.81000
119.80000
132.84000
143.20000
106.20000
191.23000
113.90000
120.40000
157.91000
177.47000
156.66000
149.64000
137.11000
176.35000
151.20000
122.07000
175.90000
176.24000
113.15000
153.31000
189.92000
192.74000
158.14000
158.99000
194.77000
141.51000
101.78000
154.74000
106.10000
138.14000
159.70000
156.17000
139.52000
198.28000
147.53000
178.92000
110.67000
137.54000
180.89000
138.60000
135.15000
09.25000
09.13000
05.40000
05.03000
06.63000
07.96000
08.42000
06.54000
07.50000
05.63000
06.88000
06.35000
05.78000
06.05000
09.69000
08.36000
05.35000
08.13000
05.76000
06.48000
05.14000
05.77000
08.99000
09.61000
09.05000
07.87000
08.30000
06.67000
05.98000
08.36000
07.58000
06.55000
09.84000
06.12000
05.74000
09.37000
09.65000
08.79000
09.56000
09.49000
08.40000
05.86000
08.71000
08.55000
09.25000
09.44000
05.04000
06.69000
07.34000
09.69000
08.69000
09.08000
07.85000
06.76000
09.84000
05.87000
05.92000
05.81000
08.62000
07.22000
06.71000
06.99000
05.21000
08.28000
05.38000
05.47000
09.75000
09.21000
07.08000
06.39000
08.33000
07.72000
09.44000
08.47000
07.67000
05.31000
07.55000
05.94000
09.90000
09.26000
06.75000
05.47000
06.42000
05.99000
08.45000
08.48000
08.64000
06.89000
09.05000
06.37000
07.97000
08.37000
09.96000
05.54000
05.81000
06.83000
07.58000
07.41000
08.57000
08.70000
08.33000
08.37000
07.65000
05.36000
08.60000
07.48000
08.45000
09.23000
09.64000
05.57000
06.38000
07.47000
07.75000
07.14000
09.08000
08.03000
06.96000
09.85000
09.21000
08.56000
09.92000
06.36000
09.42000
06.70000
09.30000
09.31000
07.38000
05.13000
07.74000
06.38000
05.72000
06.50000
07.91000
05.20000
07.13000
08.45000
07.46000
08.45000
09.24000
08.66000
8
4
3
17
25
9
14
6
24
9
28
22
35
7
18
33
8
32
15
9
26
34
12
11
20
16
5
30
19
9
29
27
23
1
2
10
31
13
21
1428.16400
