35
4
101.70000
175.43000
168.62000
198.31000
170.61000
130.67000
112.74000
190.09000
125.09000
119.15000
162.74000
185.41000
105.77000
181.47000
159.25000
124.90000
153.27000
158.27000
142.89000
149.17000
108.21000
190.17000
154.29000
198.86000
111.23000
117.81000
134.08000
114.59000
102.94000
181.79000
122.88000
136.99000
123.97000
122.75000
161.30000
116.08000
106.32000
162.33000
137.46000
186.66000
116.41000
134.77000
101.37000
177.38000
175.54000
110.17000
147.13000
153.86000
149.35000
154.15000
140.39000
181.74000
103.45000
132.33000
146.75000
126.63000
103.48000
110.34000
131.85000
154.17000
115.05000
153.81000
161.30000
129.97000
103.80000
128.35000
100.75000
119.66000
135.35000
199.60000
153.84000
105.97000
165.57000
112.97000
142.55000
112.75000
196.09000
129.14000
162.53000
110.97000
103.20000
132.06000
104.42000
191.24000
177.52000
112.34000
158.83000
144.19000
109.68000
160.62000
116.39000
160.45000
190.30000
167.51000
167.73000
130.64000
110.00000
123.65000
103.46000
145.38000
159.42000
119.66000
114.22000
195.31000
129.18000
118.56000
147.22000
183.76000
151.07000
198.61000
152.43000
165.09000
165.76000
110.14000
130.51000
185.71000
111.13000
168.75000
197.09000
161.23000
102.83000
190.09000
167.80000
107.29000
156.46000
189.77000
158.26000
139.50000
187.65000
183.43000
184.09000
173.50000
112.04000
186.67000
160.93000
124.90000
145.23000
115.14000
104.39000
109.34000
07.76000
07.73000
07.36000
06.59000
07.01000
09.34000
05.95000
08.34000
09.67000
07.21000
09.90000
05.81000
09.64000
05.25000
08.13000
07.90000
05.85000
07.38000
09.54000
08.53000
07.19000
07.48000
08.03000
06.60000
07.56000
09.48000
07.52000
06.00000
05.89000
07.28000
06.91000
05.66000
06.06000
09.77000
05.10000
05.64000
06.36000
05.41000
07.29000
06.28000
08.88000
06.39000
07.37000
05.14000
05.29000
08.17000
06.41000
07.39000
05.75000
05.92000
09.58000
08.18000
05.42000
09.79000
07.03000
07.66000
09.45000
09.93000
08.93000
06.00000
07.99000
06.51000
05.42000
08.35000
06.22000
09.67000
06.66000
09.87000
09.27000
09.58000
06.54000
06.98000
05.12000
06.42000
09.22000
07.26000
07.15000
05.92000
08.46000
05.07000
08.95000
08.65000
05.66000
06.83000
06.91000
06.03000
07.24000
08.94000
07.45000
09.47000
09.59000
07.80000
06.97000
05.36000
09.13000
09.82000
06.87000
05.11000
07.25000
06.41000
08.57000
05.13000
05.37000
08.97000
08.47000
07.15000
07.14000
05.40000
06.00000
09.02000
08.05000
07.70000
06.11000
07.42000
09.28000
05.36000
07.87000
05.00000
08.48000
06.04000
08.93000
09.43000
08.31000
07.38000
06.95000
08.35000
06.43000
07.05000
09.59000
09.43000
05.50000
07.70000
09.49000
05.32000
08.16000
07.00000
09.33000
08.68000
07.08000
07.58000
9
17
28
7
29
21
25
1
26
13
9
14
18
2
30
32
24
8
23
22
9
10
33
16
4
27
6
5
19
11
8
3
15
20
31
9
34
35
12
1348.72500
