35
4
6.92000
99.36000
21.24000
19.91000
84.40000
93.90000
65.29000
4.60000
55.56000
54.05000
72.62000
74.01000
59.62000
20.02000
83.45000
70.35000
37.79000
32.03000
39.01000
33.84000
30.29000
31.31000
78.51000
4.70000
77.34000
58.06000
44.18000
23.16000
21.17000
53.52000
75.22000
30.42000
99.98000
57.90000
13.86000
68.67000
63.93000
98.81000
23.52000
36.29000
39.91000
87.22000
34.61000
86.49000
52.85000
91.71000
65.64000
86.25000
68.72000
78.24000
82.58000
1.54000
53.47000
12.78000
51.40000
95.32000
72.09000
59.29000
37.06000
36.57000
90.54000
84.76000
5.54000
88.24000
74.79000
55.14000
21.80000
18.32000
89.81000
35.41000
48.77000
98.20000
24.76000
64.18000
20.66000
9.29000
10.58000
18.98000
92.35000
5.47000
91.56000
4.73000
56.55000
77.48000
60.41000
12.17000
2.99000
18.02000
6.86000
32.00000
21.38000
15.83000
20.62000
54.96000
3.44000
61.61000
92.42000
71.75000
38.90000
47.09000
14.96000
73.09000
19.46000
61.98000
75.98000
83.83000
70.93000
81.34000
58.84000
23.02000
19.75000
71.69000
29.82000
18.89000
90.99000
76.95000
31.94000
86.91000
3.12000
13.59000
80.69000
44.55000
68.60000
95.09000
92.54000
6.27000
5.92000
39.90000
82.94000
86.54000
28.53000
61.50000
67.37000
3.84000
52.90000
76.36000
61.31000
70.63000
94.51000
99.94000
05.76000
05.04000
05.25000
06.40000
07.66000
09.83000
07.85000
08.30000
06.92000
06.07000
07.25000
08.62000
07.45000
07.68000
07.38000
06.25000
08.15000
08.57000
07.13000
05.11000
07.93000
07.63000
05.41000
09.11000
05.69000
08.78000
06.13000
07.14000
05.35000
05.93000
08.20000
08.12000
05.80000
07.97000
05.51000
05.52000
05.88000
05.94000
05.89000
08.21000
05.11000
06.10000
05.43000
09.63000
10.00000
05.08000
08.20000
09.95000
05.69000
08.03000
09.35000
09.32000
07.34000
05.10000
09.05000
07.90000
05.12000
06.46000
07.44000
05.83000
09.17000
07.26000
09.69000
08.28000
09.65000
07.66000
05.95000
05.41000
06.72000
07.81000
06.83000
06.11000
05.34000
06.29000
06.14000
09.95000
08.16000
09.13000
06.58000
07.14000
07.82000
08.52000
09.55000
09.09000
05.71000
05.88000
06.47000
07.21000
08.25000
07.61000
08.73000
07.90000
06.84000
05.12000
07.75000
07.58000
07.88000
09.81000
09.92000
07.64000
07.79000
08.10000
06.67000
09.49000
07.97000
07.48000
05.37000
06.68000
07.42000
07.14000
06.38000
09.20000
05.70000
09.45000
05.08000
05.72000
05.50000
07.09000
09.15000
08.88000
09.49000
07.69000
06.23000
06.35000
05.32000
08.93000
08.98000
05.78000
05.65000
08.46000
05.06000
09.82000
08.14000
08.93000
07.11000
06.13000
05.44000
08.00000
07.81000
07.37000
8
27
34
20
3
35
1
8
24
8
2
5
4
32
33
19
28
17
10
30
13
18
16
31
7
6
10
12
25
9
11
23
26
9
15
21
22
29
14
223.12050
