35
10
63.72000
62.88000
36.04000
12.03000
28.26000
58.06000
61.71000
62.20000
47.86000
97.58000
35.90000
3.77000
64.14000
30.23000
11.59000
93.88000
43.44000
26.55000
66.52000
20.47000
75.87000
83.83000
6.17000
90.20000
78.29000
26.11000
56.76000
40.49000
91.30000
98.19000
73.28000
29.50000
81.25000
74.62000
34.45000
32.87000
15.83000
78.11000
45.93000
20.96000
22.97000
53.29000
83.92000
71.50000
95.00000
23.06000
97.26000
54.96000
59.04000
68.25000
24.46000
64.53000
63.98000
96.43000
26.80000
20.15000
85.45000
39.93000
92.27000
64.54000
24.86000
53.81000
35.64000
68.13000
6.32000
20.91000
92.42000
25.13000
79.73000
46.79000
49.99000
9.77000
37.61000
17.40000
35.00000
33.28000
85.92000
2.94000
50.03000
9.57000
48.43000
26.53000
18.13000
65.86000
58.56000
29.78000
85.09000
57.15000
76.48000
78.03000
25.45000
61.15000
87.11000
63.40000
34.51000
81.36000
1.11000
1.75000
35.31000
46.99000
50.91000
32.67000
74.64000
11.04000
97.67000
35.81000
98.28000
9.89000
74.59000
37.95000
41.67000
18.70000
4.21000
75.19000
17.94000
10.21000
41.15000
48.91000
83.16000
96.19000
55.85000
83.26000
21.16000
17.13000
42.53000
30.12000
36.50000
33.32000
20.13000
63.13000
61.52000
33.74000
32.34000
83.67000
53.29000
31.18000
48.62000
17.88000
92.63000
63.14000
27.01000
53.43000
68.80000
98.28000
92.07000
1.26000
76.36000
2.58000
39.90000
9.86000
89.09000
43.64000
71.99000
88.89000
23.86000
45.50000
18.58000
74.78000
20.26000
54.96000
31.64000
26.69000
44.66000
44.56000
89.91000
28.55000
88.16000
11.59000
97.86000
90.01000
67.62000
77.09000
83.72000
47.50000
23.64000
76.93000
46.91000
57.50000
99.87000
84.82000
30.02000
73.86000
19.17000
89.63000
27.93000
99.70000
43.19000
23.68000
28.65000
79.72000
73.30000
42.03000
44.94000
82.37000
35.65000
27.52000
15.31000
2.84000
79.12000
85.72000
2.03000
58.10000
80.34000
49.96000
92.11000
93.83000
39.71000
75.30000
1.30000
79.49000
54.47000
47.51000
81.99000
41.22000
75.45000
9.40000
61.58000
4.30000
31.52000
67.35000
89.36000
80.65000
6.60000
14.46000
63.64000
75.74000
10.34000
64.59000
6.46000
17.81000
77.18000
60.34000
63.60000
58.83000
68.27000
67.07000
9.62000
78.55000
67.54000
75.89000
39.81000
80.43000
84.65000
3.65000
77.20000
12.73000
42.02000
2.61000
94.20000
47.87000
31.04000
92.09000
25.84000
55.66000
55.44000
83.25000
48.75000
98.35000
35.19000
50.74000
95.26000
64.97000
13.98000
93.92000
23.43000
67.27000
60.25000
39.96000
13.10000
43.75000
69.21000
37.72000
70.85000
56.70000
59.81000
62.84000
29.98000
94.11000
75.75000
16.73000
41.31000
42.99000
5.66000
6.47000
63.11000
61.12000
2.93000
83.65000
98.60000
63.64000
68.23000
54.15000
15.13000
23.10000
81.27000
1.88000
1.80000
35.79000
45.54000
35.53000
74.48000
24.74000
88.28000
90.50000
75.77000
36.76000
64.46000
27.96000
71.02000
44.39000
51.81000
30.82000
51.34000
44.92000
53.81000
26.20000
59.80000
5.98000
27.00000
47.05000
87.81000
34.99000
23.40000
54.94000
37.23000
45.06000
12.56000
44.08000
56.94000
42.76000
56.73000
33.42000
23.57000
59.42000
44.93000
66.67000
36.53000
52.11000
88.91000
14.25000
21.93000
2.65000
28.21000
68.39000
29.67000
16.62000
24.06000
50.02000
35.39000
26.34000
03.57000
03.24000
01.94000
04.45000
02.47000
03.48000
04.56000
03.15000
04.94000
04.60000
03.66000
01.27000
02.06000
04.92000
04.83000
03.63000
01.92000
03.78000
02.64000
04.07000
01.59000
01.50000
04.68000
01.40000
03.14000
03.40000
03.52000
03.46000
01.66000
03.83000
04.74000
03.08000
01.23000
02.09000
02.92000
03.41000
03.55000
01.08000
03.34000
04.23000
03.62000
03.60000
01.80000
01.73000
04.08000
03.01000
03.50000
03.62000
01.88000
01.54000
03.89000
02.59000
02.98000
02.38000
03.42000
04.34000
02.31000
01.73000
03.55000
03.59000
03.85000
04.80000
02.73000
04.04000
04.54000
01.79000
04.42000
02.38000
02.33000
03.91000
03.22000
04.73000
01.14000
02.76000
03.44000
02.36000
02.82000
04.11000
02.28000
03.95000
01.15000
03.10000
01.06000
02.10000
03.96000
02.81000
02.10000
02.38000
04.07000
03.31000
04.74000
03.37000
03.32000
01.68000
01.30000
04.64000
04.53000
04.00000
01.12000
02.78000
03.53000
01.35000
02.51000
03.36000
01.14000
02.88000
03.09000
01.84000
04.56000
04.32000
02.20000
04.59000
01.47000
01.75000
01.58000
01.69000
01.62000
03.12000
02.43000
03.58000
04.71000
01.40000
02.95000
01.73000
03.46000
02.53000
02.35000
04.58000
03.55000
01.47000
04.82000
01.60000
03.70000
02.17000
03.57000
03.23000
03.60000
01.59000
04.80000
04.92000
02.50000
03.27000
03.76000
01.19000
01.84000
03.88000
01.20000
04.20000
01.63000
03.37000
04.25000
04.89000
01.46000
04.57000
03.00000
04.57000
01.91000
03.32000
04.54000
01.58000
04.55000
04.43000
04.93000
03.25000
03.96000
01.74000
01.25000
01.91000
03.72000
02.08000
03.59000
02.88000
04.41000
01.27000
03.02000
04.37000
01.74000
03.70000
01.57000
04.42000
04.35000
02.85000
02.05000
01.09000
01.42000
01.09000
02.08000
02.59000
02.40000
01.14000
01.62000
02.12000
01.75000
02.70000
01.62000
01.88000
02.90000
02.47000
04.05000
01.08000
02.33000
02.15000
03.84000
03.92000
01.48000
04.45000
04.96000
03.60000
02.80000
01.07000
03.43000
01.82000
04.83000
02.85000
01.93000
03.54000
01.47000
03.55000
02.54000
03.87000
02.51000
04.77000
03.09000
03.87000
04.29000
02.09000
02.42000
01.65000
04.13000
04.08000
04.36000
04.26000
04.36000
04.33000
01.72000
03.79000
04.32000
01.42000
04.35000
01.32000
04.32000
02.91000
03.06000
02.92000
01.70000
04.52000
04.90000
04.37000
04.98000
01.58000
04.11000
04.97000
03.27000
02.20000
03.28000
01.73000
02.75000
02.84000
04.12000
01.62000
03.62000
04.95000
01.32000
04.57000
03.08000
02.99000
02.59000
03.55000
03.33000
04.41000
04.63000
04.52000
03.59000
01.66000
01.15000
02.41000
04.05000
04.19000
02.84000
01.19000
02.31000
03.48000
02.27000
01.58000
03.51000
02.19000
01.57000
02.26000
01.31000
01.05000
02.88000
02.12000
03.77000
03.37000
04.77000
02.99000
03.99000
01.49000
02.83000
03.70000
04.02000
04.74000
01.62000
04.07000
02.97000
03.44000
02.73000
04.94000
04.89000
04.93000
04.74000
04.12000
02.87000
01.53000
03.22000
04.39000
02.70000
03.63000
01.74000
04.50000
03.50000
02.86000
04.50000
02.42000
02.07000
04.65000
04.38000
02.86000
04.38000
04.18000
01.84000
03.53000
01.36000
01.66000
02.34000
03.13000
04.98000
02.31000
04.32000
01.36000
04.19000
04.30000
03.25000
02.93000
04.95000
02.86000
03.57000
01.54000
02.19000
02.19000
3
5
15
23
3
11
2
30
3
29
10
28
2
33
24
3
9
8
6
4
21
22
26
34
4
20
14
13
19
4
35
18
1
3
5
32
4
7
16
17
4
25
31
12
27
47.27209
