35
7
95.62000
52.59000
51.19000
58.25000
49.28000
99.23000
49.97000
13.26000
23.51000
49.65000
16.80000
7.66000
46.68000
82.64000
17.95000
53.96000
62.10000
81.57000
9.87000
42.48000
76.48000
79.83000
86.68000
87.84000
11.47000
13.39000
34.66000
83.45000
50.12000
67.22000
74.78000
48.01000
92.42000
31.88000
21.17000
60.69000
48.81000
22.76000
97.07000
31.03000
46.24000
10.92000
7.60000
78.22000
34.55000
48.73000
90.08000
61.64000
39.04000
39.66000
61.19000
64.96000
98.91000
86.73000
22.77000
49.66000
19.77000
47.00000
16.36000
3.51000
17.19000
76.07000
72.64000
89.08000
73.11000
83.59000
62.99000
99.22000
84.45000
79.77000
46.58000
1.57000
91.53000
15.14000
98.19000
37.89000
76.07000
69.13000
64.92000
81.93000
77.51000
27.85000
67.17000
64.24000
19.04000
14.43000
66.05000
40.63000
35.75000
54.54000
11.80000
43.75000
29.20000
26.89000
91.35000
33.51000
13.82000
9.74000
84.82000
45.65000
67.50000
33.40000
8.97000
43.17000
84.03000
97.06000
1.96000
18.11000
98.87000
62.57000
71.96000
6.52000
1.50000
96.35000
28.94000
38.72000
2.72000
94.13000
39.73000
17.39000
22.62000
2.69000
12.81000
69.53000
94.23000
67.35000
43.85000
1.92000
16.97000
89.49000
69.19000
43.65000
99.22000
70.02000
14.34000
4.59000
19.74000
60.90000
41.47000
17.92000
19.76000
23.61000
7.14000
75.11000
69.68000
24.70000
60.53000
87.35000
6.99000
38.85000
28.46000
86.63000
81.27000
82.45000
25.15000
46.79000
11.52000
24.94000
5.50000
66.97000
25.67000
34.30000
12.59000
25.12000
19.06000
32.55000
29.15000
23.49000
98.96000
42.27000
27.11000
42.09000
40.05000
38.09000
17.04000
33.98000
34.88000
64.20000
42.39000
63.14000
27.53000
82.88000
31.80000
59.57000
4.74000
65.61000
18.99000
91.47000
15.00000
50.42000
65.59000
5.85000
71.20000
27.43000
73.90000
72.00000
2.18000
87.25000
34.41000
41.03000
96.18000
74.57000
75.26000
86.33000
61.39000
33.63000
16.78000
61.09000
65.39000
59.70000
66.90000
18.63000
49.23000
41.33000
13.74000
95.51000
20.78000
47.24000
77.42000
24.11000
30.74000
73.37000
79.81000
42.81000
25.49000
80.42000
29.94000
69.77000
14.86000
80.14000
74.53000
49.44000
22.58000
85.82000
52.47000
2.08000
36.80000
62.80000
39.29000
73.23000
59.60000
76.96000
99.75000
88.26000
57.48000
01.12000
03.06000
03.23000
02.89000
04.46000
02.58000
02.39000
04.55000
01.37000
01.33000
04.47000
04.00000
02.41000
03.63000
03.47000
01.72000
04.45000
01.63000
02.64000
01.01000
04.68000
01.27000
04.58000
01.97000
02.60000
04.31000
01.21000
03.52000
02.02000
02.34000
03.73000
01.40000
01.05000
02.74000
04.67000
04.75000
03.69000
01.91000
04.50000
03.86000
02.60000
02.40000
01.23000
02.23000
02.67000
04.43000
04.17000
02.88000
02.86000
01.71000
01.68000
01.69000
04.39000
03.74000
03.41000
01.31000
04.83000
01.86000
02.31000
01.24000
04.05000
03.20000
04.69000
03.77000
02.25000
04.72000
04.11000
04.00000
01.91000
03.17000
02.01000
03.96000
03.65000
04.32000
03.45000
02.96000
05.00000
02.70000
04.24000
01.58000
04.36000
04.20000
03.78000
02.24000
01.05000
03.88000
04.80000
04.19000
04.69000
04.63000
03.32000
01.46000
01.20000
03.16000
02.68000
04.91000
02.86000
03.98000
03.54000
04.21000
02.20000
01.41000
01.87000
01.84000
02.11000
04.89000
03.88000
04.26000
04.16000
02.31000
01.96000
04.93000
04.31000
01.02000
02.80000
04.87000
04.57000
03.65000
04.19000
01.85000
04.63000
02.66000
03.21000
02.49000
02.49000
02.32000
02.27000
04.20000
04.46000
04.69000
03.07000
01.23000
03.15000
03.66000
04.67000
02.61000
03.51000
02.94000
01.38000
02.20000
04.23000
01.90000
03.96000
01.90000
01.34000
04.89000
02.93000
03.56000
02.16000
03.85000
01.32000
03.36000
02.45000
02.81000
03.29000
02.46000
02.25000
03.58000
04.30000
02.85000
03.95000
03.81000
01.14000
01.32000
02.22000
02.95000
01.88000
03.47000
02.08000
04.26000
03.95000
01.74000
04.82000
04.82000
04.05000
01.23000
03.41000
03.35000
04.64000
02.15000
04.34000
02.07000
02.24000
01.61000
01.20000
02.72000
01.18000
01.32000
02.12000
02.68000
03.97000
01.85000
03.54000
01.14000
04.47000
04.54000
04.19000
01.13000
01.82000
01.56000
03.14000
03.47000
02.50000
01.91000
01.77000
04.80000
02.29000
01.36000
01.76000
03.57000
02.75000
04.26000
02.94000
02.73000
01.32000
03.28000
03.31000
04.88000
04.79000
02.83000
01.07000
02.14000
04.76000
04.02000
04.75000
01.28000
02.12000
02.78000
03.13000
02.87000
01.10000
03.82000
03.36000
03.29000
03.22000
02.71000
04.86000
04.76000
01.32000
03.80000
01.39000
01.28000
01.56000
02.25000
02.99000
6
8
20
15
11
28
31
6
5
34
13
25
16
14
5
18
12
7
23
27
4
35
2
32
22
5
33
9
26
21
19
5
29
10
30
4
17
4
3
24
6
1
79.65298
