35
10
138.69000
190.05000
157.83000
155.30000
176.32000
171.88000
151.65000
110.55000
180.33000
106.11000
147.96000
107.45000
179.21000
127.50000
187.79000
193.27000
126.48000
195.82000
137.14000
140.28000
100.67000
195.84000
187.04000
145.75000
105.28000
137.32000
153.49000
131.93000
168.83000
155.02000
177.52000
146.10000
144.84000
108.72000
125.14000
133.09000
115.55000
137.11000
179.84000
150.94000
171.74000
191.82000
128.02000
128.55000
162.02000
131.50000
113.62000
122.58000
199.27000
125.29000
162.01000
114.66000
121.40000
167.32000
123.59000
111.44000
191.28000
176.75000
173.75000
144.55000
196.82000
197.71000
112.88000
170.64000
150.90000
199.33000
166.38000
171.34000
191.41000
175.77000
164.11000
187.75000
185.89000
159.80000
136.64000
170.99000
171.48000
152.25000
109.60000
123.53000
184.27000
143.87000
192.78000
161.37000
146.52000
163.19000
120.94000
125.54000
105.52000
163.71000
153.83000
182.05000
133.51000
123.95000
176.24000
121.91000
127.77000
147.44000
197.92000
161.14000
110.56000
162.68000
153.64000
140.76000
129.15000
125.67000
171.87000
192.46000
161.40000
185.59000
118.89000
101.21000
122.53000
112.02000
152.05000
117.29000
138.75000
192.85000
115.48000
141.09000
166.69000
140.97000
178.34000
198.00000
187.99000
194.27000
134.76000
138.41000
109.30000
115.64000
103.87000
137.72000
162.26000
192.98000
129.83000
196.31000
103.51000
139.17000
181.78000
139.58000
170.81000
187.68000
109.10000
163.41000
175.12000
191.50000
134.14000
175.50000
140.51000
133.06000
187.64000
145.86000
158.01000
109.65000
173.14000
184.24000
143.63000
143.51000
119.14000
125.40000
138.39000
181.92000
179.16000
129.13000
108.30000
197.15000
131.71000
180.17000
144.38000
186.45000
180.32000
188.30000
162.64000
172.10000
153.49000
147.32000
108.35000
126.80000
120.10000
171.41000
168.68000
168.71000
186.19000
107.81000
131.27000
129.38000
139.11000
175.65000
171.49000
140.44000
166.74000
119.10000
189.75000
158.54000
181.97000
107.27000
111.43000
165.32000
122.70000
134.31000
186.93000
167.42000
151.82000
119.37000
191.63000
196.48000
157.21000
106.59000
125.93000
109.13000
118.09000
150.40000
147.12000
127.68000
103.02000
127.16000
173.74000
137.57000
161.26000
186.70000
131.66000
191.37000
165.06000
107.51000
105.65000
180.09000
111.69000
193.13000
105.48000
119.74000
123.41000
172.06000
165.91000
151.34000
147.49000
197.83000
146.71000
140.90000
156.19000
148.95000
132.64000
179.44000
146.79000
128.92000
133.47000
144.32000
182.68000
129.56000
122.42000
122.25000
177.64000
113.84000
146.82000
122.35000
180.02000
142.36000
128.85000
195.02000
196.48000
178.02000
187.64000
115.64000
158.64000
108.70000
167.34000
184.60000
123.15000
147.30000
137.08000
127.31000
171.66000
131.70000
191.00000
194.14000
110.79000
124.81000
148.26000
160.49000
172.20000
114.50000
134.87000
107.69000
117.36000
163.49000
157.50000
199.22000
178.40000
101.28000
142.20000
120.10000
100.13000
120.19000
142.48000
130.10000
148.58000
192.47000
136.85000
113.98000
114.76000
115.39000
128.84000
181.51000
114.69000
111.21000
146.96000
167.45000
189.38000
127.21000
144.73000
131.57000
104.85000
135.65000
100.65000
158.64000
152.11000
189.60000
193.28000
169.97000
178.70000
184.87000
149.26000
142.15000
182.34000
101.23000
131.90000
123.12000
178.46000
120.34000
179.10000
107.02000
117.46000
148.83000
153.74000
113.01000
174.72000
118.34000
143.73000
185.21000
150.65000
185.52000
161.94000
192.76000
170.62000
131.99000
146.27000
129.82000
185.04000
164.41000
159.62000
115.52000
02.04000
03.91000
03.20000
02.57000
03.00000
02.63000
04.54000
01.60000
02.24000
01.31000
03.83000
01.88000
04.35000
03.77000
04.15000
01.74000
02.90000
02.86000
01.58000
04.51000
04.47000
04.39000
01.19000
02.52000
04.64000
03.20000
01.06000
01.08000
03.99000
03.11000
04.27000
02.54000
04.09000
04.95000
02.91000
02.92000
03.32000
01.54000
01.98000
02.04000
01.39000
04.35000
03.14000
02.23000
03.63000
01.22000
04.06000
04.70000
04.47000
03.84000
01.69000
03.65000
03.38000
04.93000
02.00000
02.29000
04.81000
02.17000
03.92000
04.82000
02.21000
02.29000
03.41000
04.45000
02.04000
04.97000
01.44000
03.37000
03.75000
02.93000
02.07000
01.84000
03.32000
02.59000
04.65000
03.20000
01.46000
01.97000
01.43000
02.49000
02.58000
03.70000
03.23000
01.80000
04.02000
04.35000
01.89000
04.20000
04.10000
01.51000
02.23000
01.77000
02.15000
01.75000
02.07000
03.58000
02.50000
04.66000
04.26000
03.72000
02.48000
02.80000
04.61000
01.26000
04.41000
01.49000
01.44000
04.23000
03.23000
03.87000
01.93000
02.87000
02.15000
02.51000
04.33000
04.88000
02.71000
02.88000
03.34000
02.22000
02.11000
03.42000
02.68000
03.83000
02.55000
03.59000
03.04000
03.67000
03.25000
03.84000
02.12000
04.70000
04.40000
01.63000
02.64000
02.86000
03.20000
03.40000
04.28000
03.11000
02.36000
03.77000
02.53000
03.48000
03.94000
02.47000
04.75000
02.32000
04.44000
02.89000
01.80000
04.41000
04.94000
01.36000
01.26000
04.59000
03.51000
03.21000
03.71000
02.68000
03.23000
02.76000
02.73000
03.52000
04.19000
03.34000
04.90000
04.93000
03.46000
01.29000
01.79000
01.74000
03.12000
01.92000
01.98000
02.71000
04.33000
04.08000
02.11000
02.70000
01.53000
02.06000
04.75000
01.46000
02.72000
02.03000
01.21000
04.70000
02.83000
04.21000
04.97000
03.11000
01.83000
01.79000
02.45000
04.41000
04.67000
04.98000
01.13000
01.29000
01.30000
04.98000
01.45000
03.47000
02.68000
02.00000
04.87000
01.63000
04.75000
01.23000
01.04000
03.68000
03.73000
03.11000
04.76000
02.44000
03.57000
01.02000
01.93000
01.52000
01.90000
03.91000
03.88000
03.49000
04.56000
04.86000
02.95000
03.94000
02.37000
01.95000
04.45000
03.44000
03.15000
02.26000
02.72000
03.57000
03.74000
01.86000
01.09000
02.91000
01.96000
01.83000
03.88000
01.04000
04.65000
04.28000
04.32000
01.61000
01.90000
04.12000
04.68000
02.82000
02.85000
01.55000
04.40000
02.96000
01.14000
02.52000
02.68000
02.50000
02.46000
01.99000
03.73000
02.88000
01.53000
03.90000
04.74000
02.57000
02.04000
01.22000
03.92000
01.01000
04.70000
03.89000
04.48000
02.65000
03.20000
02.87000
02.61000
04.95000
03.90000
03.00000
02.08000
01.42000
03.90000
01.80000
04.60000
03.79000
02.71000
03.33000
02.09000
02.69000
01.90000
04.42000
02.62000
01.42000
04.05000
02.89000
03.28000
04.33000
04.73000
01.57000
02.14000
04.74000
04.53000
04.29000
02.27000
04.98000
01.02000
03.88000
03.76000
04.38000
04.78000
02.17000
03.69000
04.69000
04.85000
03.77000
04.61000
01.77000
02.20000
03.74000
02.36000
04.56000
04.60000
02.90000
01.27000
03.27000
03.51000
01.96000
03.28000
01.10000
03.36000
02.62000
03.35000
02.26000
01.63000
03.59000
01.43000
03.96000
04.76000
04.56000
02.47000
04.38000
04.21000
02.24000
04.44000
02.75000
04.43000
02.34000
4
10
25
21
34
3
18
28
12
3
22
24
17
4
6
26
7
32
3
1
20
3
4
35
9
33
2
4
19
14
15
5
3
27
4
30
4
23
11
31
8
3
13
16
29
442.28850
