35
7
131.47000
189.24000
109.56000
125.33000
116.51000
139.03000
178.96000
179.09000
109.55000
179.51000
111.70000
126.75000
109.18000
151.86000
100.89000
147.75000
140.53000
111.30000
141.23000
110.59000
105.31000
177.10000
178.94000
122.86000
131.81000
182.63000
161.84000
181.17000
124.85000
125.30000
189.27000
121.21000
115.82000
116.58000
162.18000
137.20000
140.03000
108.34000
192.89000
130.63000
104.42000
131.24000
100.86000
111.66000
175.73000
189.87000
194.53000
167.54000
124.42000
122.25000
188.90000
124.60000
147.52000
180.48000
100.52000
198.21000
118.60000
180.73000
197.51000
142.82000
137.82000
153.23000
149.54000
101.93000
181.88000
192.26000
177.85000
158.11000
154.05000
106.16000
172.72000
194.15000
127.75000
122.56000
165.82000
120.41000
118.94000
111.36000
187.95000
124.61000
122.23000
137.14000
124.39000
140.86000
179.95000
134.82000
112.02000
142.38000
161.00000
153.38000
189.27000
191.40000
110.84000
105.85000
146.11000
189.25000
101.49000
119.34000
174.12000
126.31000
181.54000
185.00000
116.39000
132.03000
126.12000
197.56000
104.21000
126.01000
134.08000
105.74000
161.57000
112.25000
187.03000
140.70000
160.94000
123.01000
163.51000
170.16000
109.49000
139.29000
177.73000
125.92000
165.96000
181.15000
170.45000
153.83000
190.66000
157.74000
159.00000
163.79000
195.46000
117.23000
187.30000
179.79000
193.77000
196.90000
175.78000
189.86000
150.59000
173.04000
117.97000
151.47000
172.37000
187.85000
123.47000
156.69000
138.32000
148.73000
160.65000
105.59000
165.52000
136.95000
139.03000
162.76000
183.01000
180.40000
144.70000
156.87000
171.42000
146.01000
190.29000
130.65000
112.91000
189.81000
165.03000
190.88000
141.24000
106.84000
184.68000
158.41000
191.70000
181.25000
141.57000
118.16000
151.15000
122.84000
137.74000
197.97000
172.92000
159.76000
185.38000
199.25000
179.30000
197.42000
116.75000
117.36000
172.41000
121.50000
113.24000
113.76000
103.18000
106.77000
132.82000
114.00000
174.10000
167.03000
160.00000
157.67000
189.23000
105.18000
155.88000
148.44000
104.17000
163.16000
108.09000
104.03000
176.11000
171.96000
180.85000
106.23000
107.63000
111.92000
153.27000
198.38000
126.54000
146.81000
134.26000
182.25000
192.69000
150.90000
157.27000
112.34000
177.30000
156.74000
175.59000
147.00000
153.18000
185.97000
119.04000
108.64000
144.71000
199.29000
144.02000
133.73000
177.80000
146.44000
183.50000
122.81000
129.95000
116.25000
196.99000
190.48000
180.20000
186.61000
120.57000
05.25000
09.12000
05.26000
09.93000
07.68000
09.44000
06.95000
06.25000
09.61000
06.22000
08.59000
07.31000
08.75000
05.81000
08.71000
08.70000
08.84000
07.41000
05.62000
07.64000
07.12000
05.63000
09.87000
05.50000
06.84000
07.97000
06.80000
05.27000
09.79000
07.32000
09.00000
09.12000
08.75000
09.46000
08.83000
08.80000
09.97000
06.13000
05.56000
06.43000
05.34000
06.57000
08.80000
07.25000
05.37000
06.72000
08.65000
05.67000
07.00000
08.40000
05.34000
05.25000
08.17000
06.27000
08.90000
06.17000
05.35000
05.42000
06.60000
07.76000
06.01000
08.81000
05.50000
06.01000
06.14000
09.80000
09.92000
06.03000
07.77000
09.64000
09.36000
09.26000
05.62000
09.17000
05.23000
05.56000
06.81000
05.82000
08.69000
06.50000
06.90000
07.00000
09.46000
09.46000
07.01000
09.97000
09.51000
05.96000
09.34000
09.89000
05.57000
09.16000
09.54000
07.30000
06.64000
06.37000
09.33000
05.64000
06.49000
06.52000
08.91000
08.73000
06.15000
07.70000
09.52000
09.93000
05.72000
08.80000
06.30000
07.19000
09.29000
09.70000
08.07000
08.01000
08.51000
08.25000
07.02000
09.73000
09.81000
09.80000
08.50000
05.08000
06.87000
08.84000
08.92000
09.69000
08.16000
06.50000
08.16000
09.57000
09.38000
08.06000
07.15000
08.63000
06.03000
05.41000
05.31000
06.15000
05.85000
09.62000
06.80000
06.56000
09.38000
09.16000
07.33000
05.35000
09.01000
07.46000
06.31000
05.17000
06.40000
07.98000
09.81000
08.83000
09.71000
09.05000
07.43000
09.53000
09.32000
08.12000
09.76000
08.35000
05.43000
09.30000
05.92000
06.78000
05.47000
05.81000
06.04000
09.20000
06.63000
07.55000
08.79000
05.36000
08.41000
06.66000
06.24000
09.61000
06.01000
08.32000
05.29000
05.09000
06.91000
08.70000
09.99000
05.62000
06.76000
07.44000
05.62000
09.49000
05.42000
05.82000
05.99000
05.36000
10.00000
09.29000
05.93000
09.79000
07.41000
09.90000
08.76000
09.74000
06.79000
08.87000
08.85000
05.04000
07.08000
09.04000
09.05000
05.93000
05.56000
09.97000
09.13000
09.88000
07.48000
05.52000
08.03000
09.07000
06.77000
09.53000
08.82000
08.90000
05.23000
09.60000
06.02000
08.12000
09.46000
09.98000
07.65000
05.87000
08.30000
09.09000
07.76000
09.19000
05.36000
06.94000
08.90000
05.48000
06.51000
07.73000
09.64000
05.07000
07.39000
07.26000
07.06000
5
18
21
32
13
15
5
26
6
3
29
9
5
8
33
24
4
27
5
17
2
5
7
14
5
34
23
10
28
22
5
11
31
16
35
25
5
1
20
19
30
12
647.15010
