35
7
115.58000
167.69000
105.23000
158.66000
167.96000
168.15000
197.04000
197.12000
108.50000
174.72000
108.32000
188.05000
184.61000
136.78000
124.79000
112.87000
157.78000
105.25000
121.19000
129.52000
153.52000
182.61000
111.34000
122.52000
111.45000
172.93000
198.12000
152.97000
135.23000
131.82000
123.48000
108.50000
142.58000
116.46000
118.42000
120.44000
178.03000
136.66000
187.67000
170.67000
142.98000
149.51000
139.95000
104.98000
128.61000
178.35000
180.16000
150.06000
179.21000
194.41000
140.89000
159.20000
153.12000
170.49000
143.75000
162.22000
172.76000
130.96000
149.45000
115.53000
174.61000
101.74000
107.74000
152.07000
159.20000
160.33000
107.44000
131.38000
141.13000
185.79000
108.06000
173.28000
137.94000
178.82000
169.44000
105.40000
133.23000
104.66000
103.08000
114.26000
137.98000
162.59000
149.37000
198.45000
193.33000
145.74000
187.75000
183.12000
154.53000
148.77000
186.73000
169.98000
140.84000
117.93000
153.88000
187.30000
185.63000
101.01000
185.82000
139.90000
186.31000
197.40000
118.25000
159.20000
154.34000
141.50000
101.04000
165.83000
119.15000
177.38000
118.10000
139.79000
150.06000
104.29000
141.51000
189.42000
135.44000
185.66000
158.53000
185.18000
113.33000
136.48000
195.47000
124.10000
135.82000
173.30000
167.71000
179.75000
119.08000
164.23000
129.70000
152.29000
193.34000
178.95000
124.95000
118.42000
152.87000
138.71000
136.01000
181.41000
196.07000
134.75000
113.85000
112.53000
170.48000
140.55000
126.24000
175.80000
129.78000
144.12000
135.32000
119.91000
144.82000
130.76000
175.21000
187.20000
150.52000
137.33000
119.10000
146.57000
195.83000
102.27000
129.26000
143.48000
193.81000
115.57000
106.99000
149.95000
171.55000
168.77000
142.69000
114.56000
120.22000
104.99000
165.79000
119.95000
143.33000
168.97000
176.56000
152.85000
165.77000
101.53000
111.44000
140.37000
133.73000
144.84000
189.58000
120.17000
114.96000
106.09000
191.99000
106.46000
141.23000
144.01000
138.74000
140.00000
158.39000
118.90000
138.96000
138.12000
176.36000
142.64000
140.84000
144.74000
119.12000
128.65000
181.63000
180.29000
174.69000
141.92000
179.54000
117.40000
121.85000
114.87000
144.27000
151.22000
103.83000
118.52000
116.28000
185.48000
148.23000
152.16000
134.38000
129.68000
119.66000
144.85000
126.46000
169.91000
146.78000
177.20000
159.46000
118.83000
172.32000
131.39000
189.39000
165.63000
103.06000
141.16000
111.30000
126.10000
159.85000
141.81000
109.35000
192.56000
127.60000
04.85000
01.25000
03.19000
04.23000
03.04000
03.13000
01.93000
04.58000
02.71000
03.83000
01.40000
01.19000
04.18000
03.44000
01.30000
02.29000
02.06000
01.83000
02.68000
02.94000
03.29000
04.73000
01.87000
02.99000
01.13000
01.63000
04.52000
01.11000
01.13000
03.87000
03.61000
04.78000
03.16000
02.57000
01.41000
04.72000
04.75000
02.72000
02.63000
02.97000
02.31000
04.98000
04.99000
03.68000
01.44000
04.88000
03.86000
01.67000
02.84000
03.88000
01.33000
04.53000
01.51000
03.24000
04.80000
02.69000
04.75000
02.04000
01.00000
03.38000
02.19000
03.16000
01.95000
04.64000
03.77000
03.31000
02.99000
01.33000
01.72000
02.99000
03.33000
04.93000
01.20000
01.65000
02.40000
01.23000
03.99000
04.22000
01.87000
04.87000
01.71000
02.51000
02.89000
02.04000
03.42000
03.34000
01.91000
03.71000
04.49000
01.34000
04.73000
03.69000
04.60000
04.97000
04.43000
04.57000
01.77000
02.49000
03.41000
03.78000
02.29000
03.97000
03.40000
03.54000
02.78000
02.37000
03.13000
02.63000
03.35000
04.06000
02.40000
01.77000
02.74000
04.38000
01.97000
04.40000
03.66000
01.73000
01.37000
04.06000
03.54000
04.31000
03.44000
03.10000
02.13000
04.13000
04.34000
02.69000
03.49000
03.02000
03.53000
04.82000
01.99000
02.62000
01.80000
02.28000
04.32000
02.38000
03.23000
04.68000
04.36000
01.80000
04.80000
04.07000
01.34000
04.97000
03.50000
04.38000
02.20000
01.96000
03.67000
03.55000
04.43000
04.56000
03.20000
02.49000
01.85000
02.32000
03.31000
02.95000
02.57000
04.64000
02.54000
01.47000
03.04000
02.73000
02.72000
03.40000
02.00000
03.58000
03.00000
04.92000
02.50000
04.04000
01.86000
03.28000
02.20000
02.55000
04.73000
04.54000
02.30000
04.39000
03.61000
01.81000
02.99000
02.49000
02.36000
04.56000
02.16000
02.01000
01.27000
01.11000
01.98000
01.88000
03.91000
04.54000
02.96000
04.89000
03.21000
02.79000
01.90000
03.59000
03.36000
04.58000
01.93000
02.39000
01.91000
01.46000
02.49000
03.47000
01.20000
03.26000
04.55000
04.16000
04.31000
04.28000
02.38000
03.34000
01.61000
03.82000
02.77000
04.48000
02.45000
02.72000
03.99000
02.09000
01.46000
04.67000
04.58000
04.51000
04.63000
02.13000
01.43000
03.88000
03.24000
02.41000
03.72000
02.13000
03.86000
01.61000
02.94000
01.04000
02.42000
02.66000
02.91000
5
35
11
18
19
20
5
10
23
32
25
27
5
6
5
9
28
1
5
30
31
24
2
16
5
26
12
4
34
3
5
17
14
15
8
21
5
22
13
33
7
29
608.53420
