35
4
34.33000
89.36000
51.17000
68.11000
30.22000
14.68000
38.37000
8.33000
68.28000
54.10000
38.35000
82.76000
89.74000
49.85000
91.34000
34.63000
35.81000
42.14000
39.55000
3.15000
45.71000
71.19000
22.20000
28.54000
60.67000
78.22000
79.52000
52.02000
21.89000
4.46000
53.71000
14.81000
68.61000
88.11000
84.00000
98.82000
54.34000
52.58000
42.74000
25.05000
1.32000
24.36000
49.57000
83.38000
34.75000
61.72000
26.85000
41.76000
21.61000
31.62000
39.53000
64.17000
26.86000
98.03000
53.60000
17.57000
16.48000
28.92000
35.01000
65.94000
55.43000
87.25000
48.73000
76.23000
10.67000
41.01000
60.74000
14.43000
46.19000
54.14000
54.00000
42.81000
35.59000
70.08000
49.47000
88.86000
69.75000
85.59000
95.25000
71.51000
50.57000
82.56000
83.04000
80.48000
67.76000
51.71000
3.57000
7.49000
13.05000
82.76000
45.55000
41.26000
75.15000
67.43000
1.70000
73.50000
46.79000
95.44000
60.75000
94.95000
17.67000
58.50000
15.40000
96.30000
77.53000
13.28000
48.81000
61.26000
93.39000
65.78000
24.32000
90.66000
16.79000
26.46000
72.74000
85.49000
20.85000
9.79000
11.55000
61.19000
22.04000
31.24000
54.23000
33.24000
35.81000
7.26000
18.22000
17.11000
77.65000
52.35000
18.02000
28.27000
64.02000
82.95000
69.08000
82.19000
10.38000
15.55000
87.87000
95.33000
02.41000
02.37000
01.70000
04.40000
01.82000
02.59000
02.66000
03.32000
01.12000
01.97000
03.08000
02.96000
03.43000
03.65000
02.07000
02.46000
03.89000
02.75000
02.76000
04.94000
01.60000
02.40000
04.28000
01.52000
03.70000
01.71000
01.75000
03.34000
01.31000
03.81000
02.29000
01.51000
01.57000
03.84000
01.03000
02.88000
03.99000
04.48000
04.51000
02.05000
02.89000
02.62000
04.66000
02.21000
04.32000
01.82000
01.39000
03.48000
04.39000
02.20000
02.83000
01.99000
03.23000
03.88000
01.10000
01.87000
04.96000
02.98000
04.33000
03.23000
01.72000
03.63000
04.64000
02.21000
01.62000
01.97000
02.16000
02.93000
04.79000
02.10000
03.96000
02.73000
02.08000
03.44000
04.55000
01.44000
02.48000
02.35000
04.04000
04.83000
02.35000
04.51000
03.56000
02.03000
02.80000
03.04000
04.23000
02.17000
04.97000
03.06000
03.18000
02.36000
01.98000
01.71000
01.53000
03.74000
02.96000
04.11000
04.41000
03.43000
01.03000
03.37000
04.95000
02.56000
01.31000
02.66000
03.10000
03.90000
01.87000
04.65000
04.67000
01.19000
02.26000
02.77000
02.40000
03.67000
01.87000
03.14000
02.42000
01.46000
02.83000
03.89000
02.85000
04.70000
03.26000
03.15000
01.82000
03.51000
01.29000
03.04000
01.44000
04.01000
03.04000
01.68000
03.86000
04.32000
02.65000
01.20000
03.18000
02.58000
9
24
29
5
28
11
32
8
30
20
7
15
34
7
4
10
33
6
8
35
31
3
2
18
19
25
17
11
26
12
22
9
16
27
1
23
14
13
21
213.27490
