35
7
116.97000
166.38000
141.49000
113.83000
129.69000
123.74000
129.92000
161.49000
157.04000
114.46000
159.61000
121.68000
112.05000
128.53000
131.87000
166.43000
121.82000
157.51000
137.10000
144.32000
177.52000
144.51000
104.73000
130.51000
184.37000
134.21000
153.27000
176.69000
111.65000
122.85000
140.29000
161.14000
142.72000
108.24000
112.42000
119.47000
185.54000
152.64000
181.72000
169.03000
168.84000
191.35000
122.99000
140.85000
118.03000
142.02000
192.74000
152.26000
143.04000
116.54000
139.15000
147.15000
167.82000
128.33000
199.48000
145.99000
180.43000
142.38000
150.04000
195.80000
182.95000
125.24000
156.22000
120.15000
141.55000
195.03000
122.46000
169.20000
136.46000
171.43000
178.01000
114.91000
188.68000
102.34000
139.62000
168.42000
122.83000
185.48000
117.15000
105.62000
130.40000
165.45000
166.61000
115.71000
118.17000
176.00000
183.06000
114.46000
106.99000
152.43000
150.63000
194.20000
181.77000
181.62000
192.52000
173.84000
141.49000
151.98000
120.99000
148.82000
149.19000
103.50000
187.35000
141.18000
181.96000
179.43000
141.86000
184.03000
125.23000
173.68000
157.78000
163.96000
178.01000
151.83000
142.47000
195.25000
167.97000
117.93000
198.78000
138.98000
198.78000
127.60000
168.67000
182.79000
188.16000
138.02000
183.14000
190.90000
117.89000
157.92000
112.26000
154.08000
183.84000
197.61000
115.16000
139.66000
145.90000
118.96000
190.04000
141.53000
113.07000
197.99000
131.39000
116.30000
119.01000
149.86000
103.79000
132.61000
145.69000
161.11000
154.02000
174.19000
129.57000
157.67000
131.84000
174.02000
171.19000
117.05000
126.06000
191.61000
185.15000
118.28000
114.58000
163.05000
150.11000
191.99000
114.33000
150.98000
158.80000
170.35000
131.31000
194.61000
168.01000
137.10000
110.60000
153.21000
175.63000
110.26000
151.69000
126.17000
118.86000
139.08000
170.21000
176.30000
162.20000
109.01000
131.88000
131.90000
139.03000
167.88000
133.36000
197.79000
146.73000
115.05000
110.32000
105.37000
196.80000
151.43000
187.53000
162.59000
164.76000
129.53000
128.80000
103.99000
140.22000
103.40000
187.02000
140.63000
176.84000
178.65000
101.37000
175.88000
144.07000
161.94000
132.84000
153.08000
198.59000
174.54000
174.62000
122.01000
188.88000
116.25000
181.14000
182.83000
145.17000
156.76000
195.92000
112.24000
161.73000
117.30000
101.52000
113.52000
146.93000
120.68000
169.57000
166.49000
173.16000
141.25000
110.76000
177.56000
126.92000
154.96000
124.86000
129.68000
158.72000
02.77000
03.28000
02.25000
02.30000
03.35000
02.95000
01.02000
04.16000
02.23000
02.18000
01.90000
03.08000
03.85000
04.17000
02.73000
04.42000
02.96000
03.93000
02.67000
04.35000
02.63000
02.30000
04.19000
03.84000
04.22000
03.90000
03.06000
02.69000
01.42000
03.19000
02.37000
01.52000
02.23000
02.43000
02.53000
03.65000
04.69000
03.42000
01.50000
04.60000
01.67000
03.20000
04.80000
03.44000
02.80000
01.11000
03.75000
04.09000
04.90000
01.72000
02.56000
03.29000
03.09000
01.42000
02.77000
04.57000
04.80000
02.42000
01.21000
04.31000
03.78000
02.71000
04.03000
01.65000
02.10000
02.14000
04.72000
04.60000
04.12000
04.34000
04.21000
03.50000
02.71000
02.19000
02.88000
03.85000
02.46000
02.52000
04.71000
02.72000
01.46000
02.79000
04.97000
03.40000
04.90000
04.95000
02.25000
02.01000
04.28000
02.77000
04.46000
01.46000
03.41000
03.82000
02.82000
01.49000
04.40000
03.49000
01.84000
04.64000
01.70000
02.99000
01.39000
02.27000
04.06000
01.32000
02.26000
04.75000
04.96000
04.62000
01.29000
01.81000
03.36000
03.42000
01.13000
01.26000
01.35000
03.23000
03.44000
01.79000
04.50000
03.37000
01.19000
02.86000
04.69000
02.99000
04.64000
02.79000
02.09000
03.03000
03.40000
04.66000
03.22000
04.25000
04.37000
02.42000
02.87000
01.25000
01.77000
02.77000
01.78000
02.45000
01.47000
04.68000
04.60000
04.72000
04.60000
01.25000
03.00000
01.42000
03.45000
03.34000
02.60000
03.45000
02.06000
01.01000
01.33000
03.50000
03.76000
01.10000
03.44000
02.09000
01.20000
01.30000
01.50000
01.55000
02.36000
04.09000
02.37000
04.01000
04.52000
02.75000
01.24000
01.43000
04.26000
02.47000
04.54000
02.59000
01.24000
01.55000
03.77000
01.50000
01.71000
01.93000
01.04000
01.04000
02.07000
02.21000
02.36000
01.46000
04.71000
03.83000
02.03000
04.86000
03.35000
01.00000
04.69000
01.10000
01.03000
02.78000
03.26000
01.91000
04.08000
03.03000
04.99000
02.79000
04.17000
02.40000
01.45000
01.06000
03.23000
04.17000
02.85000
04.26000
01.96000
02.62000
01.59000
02.98000
02.51000
04.62000
02.11000
03.78000
04.36000
04.15000
02.77000
04.29000
04.28000
02.02000
02.25000
03.95000
02.37000
03.83000
01.57000
02.03000
04.02000
01.99000
02.02000
03.62000
01.96000
01.75000
03.23000
01.59000
02.21000
03.14000
01.14000
5
19
34
6
13
23
5
29
15
10
1
8
5
4
32
14
2
9
5
33
24
17
26
30
5
25
22
27
35
7
5
11
3
20
28
16
5
5
18
21
31
12
623.78280
