35
10
184.96000
193.51000
131.05000
163.80000
110.42000
168.57000
166.49000
139.52000
131.73000
122.40000
177.67000
127.02000
164.91000
177.26000
193.10000
161.06000
150.97000
180.42000
166.30000
101.40000
155.94000
104.14000
175.79000
132.82000
170.83000
145.69000
125.08000
165.07000
111.65000
127.33000
142.69000
132.92000
119.42000
196.33000
182.13000
194.43000
171.17000
175.27000
165.19000
171.35000
135.22000
173.34000
166.45000
173.48000
170.66000
115.56000
136.17000
144.95000
177.88000
158.57000
187.25000
154.90000
182.28000
184.00000
157.56000
197.47000
134.24000
198.50000
110.02000
191.81000
109.16000
133.71000
132.50000
182.05000
107.42000
146.27000
137.89000
137.34000
154.42000
117.82000
119.59000
108.94000
142.20000
107.97000
142.57000
181.65000
136.75000
196.83000
154.86000
159.40000
191.11000
164.35000
153.74000
145.70000
115.06000
126.56000
161.46000
169.07000
143.36000
124.47000
125.28000
183.02000
135.78000
124.09000
117.48000
166.07000
177.08000
116.44000
135.33000
121.73000
177.03000
117.54000
101.08000
178.52000
170.40000
155.69000
147.97000
114.42000
114.77000
138.51000
169.01000
172.54000
112.32000
187.64000
197.87000
131.53000
180.39000
178.48000
166.18000
179.30000
163.11000
111.41000
130.60000
128.74000
129.63000
111.83000
172.75000
117.74000
174.08000
130.12000
199.29000
109.18000
115.61000
141.68000
141.85000
190.96000
198.36000
146.91000
157.07000
175.97000
117.89000
141.62000
143.03000
122.14000
147.02000
130.37000
131.07000
180.79000
135.48000
151.98000
189.58000
136.57000
161.79000
191.23000
109.57000
186.74000
129.46000
157.88000
107.06000
153.56000
167.02000
186.70000
123.06000
184.31000
127.97000
137.44000
123.58000
151.24000
190.82000
194.88000
199.65000
151.63000
159.11000
168.78000
167.28000
162.72000
115.17000
158.23000
154.45000
178.99000
108.65000
135.98000
108.29000
191.75000
160.44000
110.42000
198.75000
107.64000
133.43000
100.68000
101.24000
158.31000
115.50000
150.90000
116.12000
100.38000
119.56000
130.24000
168.81000
115.51000
183.48000
132.82000
109.69000
110.34000
170.16000
177.79000
114.15000
116.49000
167.49000
109.30000
181.95000
104.27000
164.71000
188.76000
115.30000
198.14000
132.60000
107.07000
179.56000
179.28000
133.17000
117.53000
134.51000
113.69000
138.68000
198.65000
164.89000
192.39000
146.39000
153.95000
180.49000
131.41000
178.57000
111.94000
116.07000
171.75000
182.49000
126.13000
131.39000
179.43000
130.40000
175.05000
111.22000
145.46000
119.58000
146.74000
199.80000
199.85000
138.83000
129.11000
117.51000
124.41000
107.76000
152.20000
183.07000
105.51000
168.50000
153.92000
190.64000
193.56000
127.67000
197.14000
159.34000
163.94000
116.94000
169.77000
133.32000
117.03000
192.92000
184.69000
181.73000
178.24000
137.28000
179.78000
198.69000
197.95000
156.64000
117.96000
103.35000
151.56000
105.36000
152.69000
158.04000
111.47000
186.70000
167.72000
100.35000
168.77000
197.10000
175.98000
114.10000
114.79000
177.58000
124.72000
152.81000
109.31000
194.14000
186.21000
194.99000
137.09000
137.81000
157.71000
144.15000
107.89000
124.61000
161.50000
128.83000
156.48000
195.54000
144.83000
102.52000
142.62000
116.62000
179.98000
143.74000
162.52000
116.49000
109.08000
113.19000
154.95000
152.78000
181.44000
161.11000
171.41000
190.55000
159.29000
170.07000
181.05000
155.18000
124.24000
177.96000
177.99000
197.06000
182.96000
147.67000
181.39000
191.58000
167.07000
167.10000
135.37000
139.13000
133.22000
149.13000
109.09000
165.11000
163.05000
131.66000
196.69000
119.91000
163.19000
01.19000
03.67000
01.56000
03.16000
02.49000
04.07000
04.78000
04.61000
02.53000
01.27000
01.16000
02.89000
03.39000
04.60000
03.28000
01.84000
04.16000
04.38000
04.72000
02.29000
04.91000
03.94000
04.05000
02.05000
02.72000
03.62000
04.86000
03.97000
03.67000
04.73000
03.72000
03.86000
02.84000
01.61000
02.21000
01.87000
02.17000
01.21000
02.21000
03.77000
03.18000
04.69000
04.87000
02.90000
03.87000
03.13000
03.57000
01.95000
04.19000
01.72000
04.76000
04.63000
01.11000
02.67000
03.89000
03.65000
04.56000
01.19000
01.41000
04.71000
01.51000
01.47000
02.78000
02.51000
03.91000
04.71000
02.45000
04.76000
04.71000
01.13000
04.21000
01.06000
02.79000
03.01000
01.61000
02.56000
04.73000
01.69000
02.54000
01.70000
01.74000
01.19000
03.34000
02.07000
04.65000
03.57000
01.32000
04.24000
01.29000
03.92000
02.82000
01.79000
04.49000
02.31000
03.17000
01.29000
04.07000
03.83000
02.69000
02.34000
02.86000
02.55000
02.71000
01.49000
04.69000
01.04000
04.18000
01.68000
04.64000
04.55000
01.66000
02.28000
01.06000
04.34000
02.45000
03.01000
01.27000
03.38000
02.76000
01.35000
03.97000
01.62000
03.78000
03.73000
04.87000
04.01000
03.73000
01.62000
04.66000
04.51000
01.80000
03.46000
01.06000
02.06000
02.19000
02.71000
04.76000
04.63000
02.12000
01.83000
01.10000
04.16000
03.28000
02.73000
02.57000
01.54000
04.82000
04.85000
03.18000
01.23000
04.14000
01.57000
01.49000
01.06000
02.34000
01.21000
01.10000
03.84000
01.49000
01.10000
02.56000
01.42000
04.67000
03.57000
03.47000
02.62000
03.95000
03.95000
02.40000
01.26000
04.42000
02.56000
02.93000
04.18000
04.15000
04.36000
01.23000
03.74000
02.64000
03.16000
02.33000
03.29000
02.63000
02.63000
04.68000
03.49000
02.46000
01.98000
04.74000
02.04000
01.10000
01.41000
03.96000
01.64000
02.51000
02.11000
04.79000
02.00000
03.63000
02.30000
02.68000
03.82000
02.41000
01.17000
02.10000
04.80000
01.82000
02.94000
04.48000
03.65000
04.86000
04.67000
04.54000
01.67000
03.64000
04.25000
04.30000
01.44000
04.96000
03.61000
02.39000
04.41000
01.66000
02.83000
02.14000
01.15000
03.55000
02.98000
03.88000
03.24000
01.46000
02.15000
04.93000
03.25000
03.22000
03.40000
03.62000
02.77000
01.67000
02.83000
03.28000
04.37000
02.63000
01.50000
04.23000
03.33000
01.33000
03.46000
04.93000
02.51000
04.83000
03.70000
02.41000
01.06000
02.85000
01.41000
01.13000
02.42000
04.07000
02.54000
04.28000
03.05000
02.20000
02.03000
04.07000
04.40000
03.95000
03.85000
01.71000
04.92000
01.02000
04.95000
03.39000
04.08000
02.12000
03.28000
04.32000
02.32000
04.94000
01.78000
01.52000
01.15000
01.71000
04.64000
01.35000
02.00000
01.36000
01.55000
03.95000
01.92000
02.68000
02.07000
04.39000
03.24000
03.26000
03.01000
02.75000
01.27000
01.67000
02.21000
04.11000
04.35000
01.49000
02.50000
02.54000
01.80000
03.30000
03.70000
01.13000
03.96000
04.68000
02.65000
03.95000
02.16000
04.21000
02.63000
01.97000
03.70000
01.31000
01.92000
01.56000
01.52000
01.63000
02.57000
01.22000
02.93000
02.87000
04.29000
01.91000
02.14000
04.49000
03.79000
01.57000
02.35000
02.94000
02.76000
03.17000
03.76000
03.67000
03.91000
02.65000
03.58000
01.14000
02.94000
04.98000
04.00000
02.81000
04.56000
04.09000
04.24000
3
10
9
20
4
35
24
26
30
4
2
33
4
28
4
8
17
27
21
3
6
15
18
4
16
32
13
25
3
14
3
12
3
22
23
34
4
7
1
11
31
3
5
19
29
456.09740
