35
4
168.14000
139.13000
157.02000
154.47000
153.22000
114.06000
186.84000
160.47000
112.94000
161.29000
111.61000
109.08000
187.92000
121.42000
171.95000
140.91000
118.78000
135.10000
108.49000
196.59000
146.15000
142.95000
161.84000
116.75000
110.65000
185.58000
172.65000
142.02000
152.91000
103.63000
181.52000
113.01000
113.56000
137.72000
129.09000
150.97000
172.77000
107.30000
148.57000
192.11000
185.06000
176.10000
165.46000
154.96000
197.97000
149.41000
115.78000
105.14000
177.11000
192.86000
165.15000
108.28000
188.11000
172.08000
179.19000
129.99000
196.60000
152.70000
123.53000
135.91000
168.19000
100.32000
163.79000
191.65000
168.53000
180.59000
165.60000
162.85000
163.22000
159.13000
100.05000
142.45000
115.08000
163.89000
148.88000
194.12000
137.76000
181.98000
143.05000
101.28000
151.08000
150.87000
173.18000
154.57000
145.67000
161.20000
129.90000
144.59000
112.17000
103.58000
103.82000
161.98000
141.19000
168.64000
185.59000
197.37000
123.36000
147.01000
165.82000
141.37000
149.30000
129.30000
135.14000
184.62000
109.65000
124.49000
121.86000
131.90000
168.12000
170.62000
156.04000
167.59000
125.06000
174.78000
139.65000
169.13000
189.25000
152.60000
188.32000
152.14000
176.32000
119.70000
117.69000
132.24000
101.88000
191.71000
143.36000
125.06000
181.58000
184.25000
180.98000
146.23000
131.02000
112.95000
146.16000
111.36000
165.84000
193.43000
154.53000
136.10000
07.49000
09.90000
07.85000
08.95000
07.43000
06.68000
06.71000
06.69000
07.43000
08.86000
07.58000
09.30000
06.39000
05.36000
09.35000
05.66000
08.21000
05.07000
05.95000
09.70000
06.81000
06.92000
06.28000
05.32000
06.09000
09.79000
09.24000
06.43000
09.96000
07.60000
08.74000
06.92000
07.32000
09.25000
08.68000
07.64000
06.90000
07.46000
07.70000
05.81000
07.22000
07.11000
07.95000
06.98000
08.69000
07.33000
09.44000
06.30000
06.47000
08.28000
07.32000
08.93000
05.73000
05.12000
06.74000
05.01000
06.62000
08.00000
07.88000
09.72000
09.29000
07.08000
05.87000
08.21000
08.89000
07.51000
05.88000
05.62000
05.60000
09.45000
09.69000
06.12000
06.84000
07.46000
06.48000
07.79000
08.17000
09.79000
07.72000
07.39000
07.16000
05.76000
09.81000
06.32000
05.21000
06.76000
09.16000
05.99000
08.72000
09.20000
07.18000
07.81000
09.10000
09.49000
05.28000
08.17000
07.76000
09.03000
09.86000
08.50000
06.11000
09.24000
07.32000
05.18000
05.54000
07.01000
07.47000
05.49000
06.53000
07.09000
07.16000
07.76000
08.43000
09.72000
05.68000
06.41000
05.49000
07.55000
05.70000
09.09000
05.37000
08.23000
09.86000
08.45000
05.73000
09.43000
05.82000
07.15000
09.21000
08.81000
06.24000
07.85000
08.49000
09.00000
08.78000
08.21000
06.20000
07.68000
06.09000
05.88000
9
16
14
28
25
6
32
9
11
30
9
34
33
21
13
24
3
27
12
17
9
15
18
5
35
7
10
19
20
1
8
26
4
22
23
2
8
31
29
1431.59500
