35
10
23.63000
28.49000
95.72000
23.44000
11.32000
43.30000
87.20000
21.99000
84.82000
55.85000
51.77000
57.13000
74.36000
1.54000
30.03000
76.67000
32.91000
38.56000
87.32000
53.15000
38.22000
52.81000
16.76000
82.85000
93.76000
53.97000
32.21000
88.82000
29.77000
76.45000
75.26000
18.85000
97.21000
80.43000
13.28000
97.70000
74.80000
10.66000
31.39000
15.71000
79.12000
92.79000
19.27000
74.88000
25.92000
93.52000
2.42000
34.29000
26.95000
81.31000
5.98000
73.75000
20.75000
50.34000
79.83000
1.84000
69.56000
19.57000
1.60000
47.89000
62.40000
32.71000
68.70000
69.97000
12.03000
59.19000
9.24000
49.90000
54.96000
93.21000
9.56000
94.58000
28.76000
19.11000
25.98000
61.67000
18.67000
17.74000
87.70000
67.97000
30.87000
35.68000
6.40000
30.34000
87.41000
2.13000
14.47000
88.38000
37.07000
69.09000
72.11000
10.45000
50.40000
17.29000
65.21000
84.64000
25.70000
48.20000
3.46000
29.82000
84.00000
91.06000
20.26000
84.60000
74.10000
96.01000
15.67000
66.67000
94.88000
3.47000
63.88000
63.47000
61.94000
83.51000
31.86000
25.75000
66.51000
27.14000
62.30000
52.92000
65.67000
45.12000
25.64000
71.10000
41.25000
75.97000
15.10000
31.18000
98.83000
82.94000
49.62000
7.80000
71.71000
54.05000
73.89000
1.34000
15.99000
2.06000
57.37000
36.94000
30.02000
13.30000
25.54000
28.29000
4.04000
81.58000
92.02000
40.58000
9.16000
83.61000
8.80000
56.41000
36.46000
16.65000
76.35000
85.43000
2.82000
1.76000
25.91000
63.08000
47.83000
85.74000
9.46000
48.52000
38.85000
43.12000
5.73000
26.66000
65.99000
69.19000
18.20000
7.18000
46.10000
87.01000
75.10000
6.81000
75.81000
25.80000
67.39000
6.02000
72.62000
96.03000
86.15000
49.91000
29.90000
68.81000
99.60000
58.42000
22.28000
74.47000
95.75000
75.25000
50.14000
70.08000
87.37000
69.85000
39.63000
37.47000
12.95000
36.42000
40.63000
82.21000
33.77000
92.90000
28.78000
37.62000
38.84000
85.01000
4.46000
58.78000
33.90000
56.55000
45.21000
76.36000
44.83000
11.81000
82.70000
12.61000
24.68000
69.13000
97.04000
61.93000
45.00000
9.23000
73.16000
17.43000
4.07000
33.59000
20.71000
92.96000
22.95000
71.44000
73.11000
32.13000
49.43000
76.77000
91.54000
98.29000
56.04000
28.30000
60.91000
84.56000
40.08000
28.52000
89.89000
75.43000
41.65000
27.62000
90.53000
38.62000
88.60000
62.84000
96.25000
80.99000
26.89000
50.59000
92.50000
54.44000
61.09000
53.14000
98.23000
33.59000
24.52000
58.50000
58.14000
18.85000
72.27000
79.43000
40.67000
35.33000
87.15000
54.44000
40.04000
33.94000
75.74000
45.80000
75.19000
89.31000
69.36000
41.52000
63.77000
96.45000
69.41000
64.25000
1.02000
11.03000
42.36000
84.19000
19.83000
98.53000
46.02000
80.79000
74.18000
22.12000
46.73000
26.59000
43.79000
63.71000
35.61000
17.89000
31.14000
34.97000
28.50000
76.72000
64.48000
69.32000
66.02000
51.88000
97.77000
27.93000
15.52000
14.92000
10.75000
93.71000
66.10000
4.39000
61.68000
18.47000
77.08000
74.85000
67.33000
45.19000
71.90000
50.18000
8.11000
14.09000
17.53000
11.21000
20.54000
18.39000
62.83000
63.52000
67.88000
77.03000
84.45000
40.41000
39.13000
35.70000
82.78000
96.98000
46.07000
61.87000
82.95000
17.04000
27.20000
50.72000
35.86000
5.18000
44.78000
21.21000
03.90000
04.59000
01.11000
02.19000
03.86000
04.33000
03.74000
01.02000
03.68000
02.59000
03.89000
01.68000
03.92000
03.21000
04.62000
02.47000
02.16000
03.01000
02.02000
02.73000
04.99000
03.82000
01.17000
02.79000
03.98000
04.46000
04.15000
03.98000
03.71000
04.77000
02.03000
04.62000
01.76000
01.58000
02.89000
02.75000
03.07000
02.90000
01.21000
02.94000
04.36000
03.32000
02.62000
02.27000
04.88000
01.86000
04.85000
01.95000
03.07000
02.22000
04.86000
04.17000
02.38000
01.10000
04.60000
04.14000
03.28000
04.21000
03.02000
02.06000
03.22000
02.25000
04.08000
03.14000
04.64000
02.92000
04.73000
01.58000
03.00000
02.92000
04.93000
02.48000
04.96000
03.52000
03.22000
02.82000
03.60000
03.16000
02.28000
04.65000
01.78000
02.71000
04.92000
02.06000
04.83000
02.75000
02.97000
02.12000
03.10000
04.86000
01.27000
04.92000
03.89000
03.61000
01.64000
03.52000
03.54000
02.58000
02.91000
04.02000
03.39000
02.36000
04.91000
01.47000
01.75000
02.88000
01.36000
03.69000
02.80000
04.67000
02.65000
04.77000
02.04000
01.78000
01.91000
02.28000
04.99000
03.68000
01.85000
04.18000
04.85000
04.82000
02.17000
03.42000
03.81000
04.64000
03.58000
01.95000
01.09000
03.62000
03.77000
02.73000
04.88000
03.18000
01.46000
01.70000
04.39000
01.80000
04.34000
03.83000
03.79000
02.50000
03.60000
03.99000
02.04000
02.39000
01.76000
03.78000
02.76000
04.55000
04.32000
01.40000
03.05000
01.33000
02.86000
03.66000
04.98000
02.04000
01.95000
02.41000
03.62000
01.02000
03.16000
02.46000
03.05000
01.60000
01.09000
01.64000
04.36000
04.10000
03.30000
02.79000
01.62000
01.85000
02.37000
03.76000
03.60000
02.87000
02.31000
03.74000
01.42000
02.36000
03.60000
02.55000
04.29000
01.91000
01.78000
01.89000
03.16000
01.73000
02.32000
04.48000
01.97000
03.02000
03.65000
02.02000
01.69000
03.97000
01.24000
03.20000
04.26000
03.81000
03.53000
01.73000
04.64000
02.71000
03.98000
04.32000
02.77000
01.90000
03.92000
04.95000
03.23000
01.75000
01.51000
03.34000
02.72000
01.58000
01.11000
03.62000
03.27000
01.94000
02.06000
04.35000
02.70000
03.94000
04.68000
01.12000
03.84000
01.63000
02.30000
02.50000
02.52000
02.10000
01.25000
02.08000
03.57000
01.43000
04.86000
02.43000
04.82000
04.69000
01.46000
03.13000
01.09000
02.90000
02.90000
02.76000
01.82000
01.56000
01.96000
02.81000
02.00000
02.86000
02.44000
04.86000
03.59000
04.77000
03.55000
01.37000
04.27000
02.24000
01.49000
01.79000
02.76000
03.22000
01.46000
04.56000
02.76000
04.66000
01.66000
01.16000
04.96000
04.52000
01.29000
04.02000
03.08000
01.75000
04.57000
02.61000
01.43000
02.56000
03.32000
02.07000
04.75000
03.70000
01.45000
03.57000
04.45000
02.13000
02.10000
02.14000
02.08000
02.68000
01.36000
01.12000
04.24000
03.17000
04.31000
04.83000
02.49000
02.44000
01.02000
02.61000
01.43000
04.31000
02.57000
04.78000
02.61000
01.61000
01.04000
02.68000
04.63000
04.17000
01.50000
03.61000
04.52000
01.13000
03.16000
04.58000
04.90000
03.52000
02.97000
01.32000
01.40000
01.17000
01.01000
04.05000
01.46000
02.77000
03.21000
03.96000
01.54000
02.04000
04.53000
01.27000
03.09000
01.68000
04.92000
01.16000
04.56000
01.39000
01.34000
01.86000
01.42000
01.87000
03.74000
02.55000
02.10000
04.83000
3
4
35
14
6
3
30
32
24
12
21
5
7
22
13
29
16
5
2
27
33
31
5
4
28
23
18
17
2
26
34
3
8
19
6
1
25
2
9
20
4
11
15
10
1
46.13125
