35
4
21.43000
74.21000
93.62000
76.40000
58.01000
63.04000
55.76000
88.64000
54.78000
34.48000
47.71000
4.60000
51.96000
28.77000
10.68000
62.51000
89.77000
86.11000
83.88000
5.59000
10.42000
48.73000
10.54000
72.06000
52.15000
55.85000
28.88000
5.13000
57.16000
48.69000
80.12000
43.03000
65.67000
67.45000
6.47000
73.83000
77.15000
67.80000
16.62000
44.52000
75.94000
86.36000
52.84000
3.45000
66.82000
26.64000
64.13000
15.57000
15.77000
52.60000
16.48000
46.86000
86.76000
31.22000
73.84000
63.29000
47.74000
27.45000
4.19000
30.82000
62.70000
7.27000
70.50000
14.42000
97.60000
35.65000
40.73000
79.07000
19.40000
78.55000
54.73000
96.35000
39.36000
17.42000
29.60000
88.92000
73.80000
74.58000
47.04000
59.86000
47.16000
55.98000
97.76000
98.89000
49.17000
51.32000
73.48000
97.72000
70.53000
51.32000
63.92000
47.08000
2.97000
46.71000
59.79000
36.67000
35.21000
28.20000
51.83000
57.24000
58.97000
85.51000
30.74000
99.48000
64.96000
70.74000
55.61000
84.20000
72.43000
12.05000
20.08000
91.36000
49.00000
88.93000
37.37000
93.32000
86.11000
19.85000
23.93000
6.56000
1.24000
18.27000
94.24000
44.53000
7.85000
99.67000
65.76000
24.72000
22.41000
81.51000
52.98000
61.58000
60.39000
78.26000
71.35000
71.60000
38.27000
6.40000
37.34000
70.22000
03.36000
04.47000
01.69000
01.41000
01.34000
04.49000
01.19000
03.09000
01.14000
03.61000
02.08000
01.44000
01.90000
04.97000
03.49000
03.59000
02.73000
03.68000
04.53000
04.65000
02.76000
02.88000
04.33000
03.76000
01.12000
01.68000
02.02000
04.03000
04.93000
03.21000
04.72000
04.60000
01.31000
02.60000
03.57000
04.39000
03.58000
04.86000
01.78000
01.67000
03.70000
04.84000
01.87000
01.38000
01.78000
03.31000
01.97000
03.64000
01.95000
04.38000
02.23000
04.57000
04.32000
04.20000
02.75000
04.30000
01.03000
02.89000
03.67000
02.97000
04.19000
04.56000
01.11000
04.68000
01.94000
01.35000
03.19000
01.57000
02.39000
01.37000
02.19000
01.44000
01.70000
04.78000
04.78000
02.13000
01.57000
02.14000
03.20000
02.44000
01.83000
01.68000
02.60000
03.50000
03.63000
04.54000
04.08000
02.43000
04.08000
03.82000
04.78000
04.36000
04.31000
04.67000
01.81000
02.41000
01.44000
04.21000
04.32000
01.70000
04.60000
03.55000
01.41000
03.37000
02.91000
04.62000
01.07000
01.79000
02.96000
03.58000
03.48000
01.27000
04.40000
03.12000
04.48000
02.38000
03.50000
01.34000
02.22000
03.25000
02.39000
04.38000
02.79000
02.00000
03.19000
02.37000
04.35000
04.75000
04.03000
01.42000
05.00000
01.64000
03.03000
03.67000
02.87000
02.78000
02.31000
03.23000
04.10000
02.29000
8
18
30
10
1
21
12
35
28
11
31
25
14
34
11
19
13
29
9
27
24
6
7
3
26
22
4
23
10
2
32
8
6
17
5
20
15
33
16
229.11130
