35
10
65.63000
38.98000
91.46000
5.65000
25.95000
18.66000
42.77000
54.48000
32.53000
29.23000
48.26000
46.22000
57.92000
49.43000
92.87000
70.99000
99.42000
82.73000
87.27000
45.64000
80.06000
58.37000
65.86000
10.77000
46.64000
29.33000
87.82000
31.74000
70.70000
73.34000
39.06000
99.65000
50.54000
94.87000
28.25000
71.73000
15.05000
6.16000
31.08000
74.41000
83.71000
57.67000
60.05000
60.37000
96.29000
64.80000
33.15000
79.50000
59.38000
89.83000
68.32000
8.43000
4.31000
21.76000
11.26000
45.56000
86.13000
71.36000
29.42000
18.01000
88.69000
78.13000
18.01000
74.67000
18.54000
5.34000
94.97000
92.18000
6.03000
39.01000
1.11000
50.42000
94.36000
69.10000
95.80000
61.35000
15.93000
1.31000
2.90000
25.53000
95.04000
86.51000
72.37000
2.15000
1.06000
99.27000
84.95000
75.11000
22.08000
36.86000
44.13000
56.09000
74.97000
20.33000
77.13000
78.50000
2.32000
96.47000
38.92000
3.51000
67.49000
39.83000
7.25000
14.04000
63.60000
66.88000
1.69000
28.01000
29.49000
69.33000
82.41000
87.25000
26.68000
29.24000
2.36000
42.29000
76.77000
27.44000
96.05000
85.31000
31.63000
70.51000
29.74000
37.26000
64.90000
90.77000
88.44000
40.84000
77.97000
45.30000
86.92000
65.51000
95.98000
14.91000
62.68000
6.46000
69.82000
6.18000
77.99000
80.64000
91.28000
70.93000
55.12000
48.62000
87.96000
45.06000
49.46000
44.44000
60.72000
20.12000
58.75000
83.14000
43.98000
36.70000
30.77000
19.70000
96.90000
61.18000
37.07000
30.86000
6.40000
84.64000
74.94000
21.09000
79.15000
23.95000
67.42000
18.63000
52.57000
18.71000
61.32000
76.45000
84.82000
35.28000
29.16000
4.13000
67.52000
27.26000
86.91000
43.30000
92.47000
76.29000
40.94000
28.04000
88.61000
24.68000
46.80000
70.12000
25.39000
95.58000
86.31000
9.05000
95.02000
41.86000
67.04000
6.09000
19.44000
37.16000
20.33000
49.25000
40.36000
81.87000
2.24000
52.30000
28.21000
3.13000
93.59000
52.74000
76.21000
48.82000
72.64000
90.36000
51.52000
68.08000
56.41000
60.60000
6.51000
74.55000
8.23000
31.47000
8.64000
15.33000
42.96000
25.02000
86.13000
23.85000
3.21000
88.04000
93.97000
60.26000
53.33000
94.07000
10.89000
10.49000
85.42000
40.41000
38.37000
82.20000
16.34000
48.10000
6.64000
12.81000
84.70000
64.93000
67.68000
98.20000
34.84000
23.13000
43.59000
98.51000
52.57000
92.33000
22.36000
71.17000
38.88000
53.64000
65.81000
59.89000
93.16000
62.13000
87.71000
34.12000
42.55000
99.64000
26.57000
87.04000
35.94000
73.73000
43.64000
39.62000
48.96000
15.72000
27.95000
34.56000
81.99000
80.70000
91.25000
41.29000
61.19000
52.49000
8.92000
6.67000
70.92000
88.26000
42.06000
63.53000
12.49000
72.92000
86.28000
97.53000
34.94000
8.63000
39.87000
13.15000
48.93000
10.22000
23.88000
36.62000
88.89000
19.32000
85.08000
22.93000
15.98000
2.27000
97.04000
49.80000
13.12000
49.17000
57.03000
21.71000
89.98000
76.90000
86.11000
65.90000
82.98000
44.12000
86.45000
13.30000
53.94000
21.65000
70.11000
88.57000
12.80000
61.73000
8.91000
62.62000
87.87000
41.01000
33.18000
22.47000
25.86000
58.87000
99.99000
79.87000
93.21000
41.45000
92.18000
74.34000
86.12000
38.63000
16.31000
68.14000
23.55000
26.05000
2.71000
49.29000
48.19000
4.10000
8.44000
30.53000
07.95000
07.32000
06.13000
07.63000
05.10000
09.12000
06.05000
07.85000
08.05000
09.04000
05.57000
09.54000
05.97000
05.32000
06.98000
09.03000
09.26000
07.43000
08.81000
08.93000
09.58000
06.09000
05.85000
08.09000
09.84000
08.27000
09.13000
06.59000
09.21000
07.19000
05.94000
05.80000
08.09000
07.33000
09.81000
09.85000
08.94000
08.62000
08.82000
09.69000
06.98000
08.71000
08.03000
07.37000
08.83000
05.84000
06.02000
05.33000
08.49000
05.57000
09.91000
07.28000
06.21000
09.71000
08.09000
08.14000
08.51000
06.34000
05.19000
09.12000
08.13000
09.77000
07.08000
07.65000
09.07000
05.57000
05.89000
07.42000
06.60000
05.56000
07.25000
06.77000
07.60000
09.71000
05.06000
06.10000
05.54000
07.37000
09.10000
05.32000
07.43000
09.66000
06.35000
05.47000
08.35000
05.74000
05.04000
08.84000
09.66000
06.02000
09.63000
08.95000
08.96000
07.16000
05.84000
05.60000
05.09000
07.08000
05.66000
09.82000
08.15000
09.92000
07.30000
08.89000
09.49000
08.84000
09.16000
05.00000
06.82000
07.85000
05.76000
05.56000
08.73000
08.61000
07.03000
07.22000
07.95000
08.89000
07.29000
05.87000
06.90000
07.68000
07.11000
08.62000
09.29000
05.24000
08.30000
08.86000
05.05000
08.07000
08.93000
06.22000
05.37000
08.93000
08.31000
06.58000
07.70000
06.82000
07.01000
07.07000
05.33000
09.88000
08.29000
05.15000
05.25000
08.29000
09.97000
09.19000
06.61000
09.38000
07.20000
09.54000
09.19000
06.99000
07.89000
08.18000
09.03000
06.22000
06.20000
08.33000
08.41000
08.41000
07.54000
09.47000
05.87000
06.16000
08.56000
07.30000
06.19000
08.33000
07.19000
08.82000
05.41000
05.00000
07.57000
06.46000
07.55000
05.30000
06.68000
05.29000
09.24000
05.30000
09.28000
07.69000
05.61000
05.85000
09.33000
06.71000
06.29000
08.16000
09.60000
06.67000
07.15000
09.67000
09.09000
08.14000
05.32000
09.06000
08.04000
07.93000
09.19000
06.27000
07.98000
09.11000
08.38000
07.50000
06.64000
06.00000
08.77000
05.20000
08.65000
09.72000
07.97000
06.75000
09.05000
08.49000
06.63000
06.44000
07.09000
09.98000
05.96000
08.89000
05.39000
05.85000
06.69000
08.90000
07.79000
09.00000
05.78000
07.49000
09.38000
08.60000
06.46000
06.95000
06.51000
05.05000
08.20000
05.81000
06.79000
05.02000
06.72000
08.87000
09.05000
06.43000
09.00000
09.24000
05.10000
05.66000
06.67000
05.61000
05.78000
06.74000
05.91000
06.47000
06.53000
09.48000
05.65000
05.22000
07.29000
05.39000
08.98000
06.47000
09.26000
07.21000
05.20000
06.11000
09.88000
08.95000
09.89000
06.27000
07.84000
05.87000
09.85000
05.32000
08.07000
09.47000
08.15000
07.90000
06.77000
07.50000
09.15000
08.33000
05.12000
07.01000
06.82000
10.00000
08.08000
08.52000
05.64000
07.94000
06.60000
05.26000
05.99000
06.63000
09.21000
09.83000
09.55000
06.78000
05.70000
06.07000
09.23000
05.39000
07.11000
09.09000
09.18000
05.66000
05.71000
05.23000
09.82000
07.07000
05.04000
07.09000
07.80000
05.34000
09.90000
07.46000
08.19000
05.49000
07.45000
05.17000
08.17000
06.05000
06.34000
08.71000
05.26000
07.25000
07.94000
06.77000
09.71000
05.91000
05.63000
09.31000
08.03000
05.11000
09.02000
07.50000
07.97000
09.16000
09.00000
08.79000
08.53000
08.62000
07.71000
06.87000
09.97000
05.31000
08.51000
06.69000
08.79000
07.29000
3
6
24
4
4
20
34
3
18
8
19
33
27
14
9
8
1
15
3
13
29
10
2
35
21
3
22
31
28
4
11
32
7
17
1
25
4
23
12
16
2
3
5
26
30
46.64910
