35
10
29.60000
7.19000
29.07000
73.02000
1.65000
83.75000
55.29000
86.24000
89.10000
42.23000
40.87000
75.92000
35.55000
28.42000
38.77000
2.24000
5.35000
14.85000
27.74000
48.11000
88.61000
97.82000
11.26000
25.19000
4.18000
2.37000
17.55000
66.92000
89.68000
72.31000
99.59000
34.44000
14.45000
82.16000
38.12000
93.13000
18.12000
61.00000
83.59000
99.36000
15.18000
90.69000
36.48000
18.02000
1.33000
14.42000
37.42000
16.53000
1.70000
12.02000
24.93000
89.11000
66.17000
90.06000
61.27000
56.70000
71.38000
81.87000
35.45000
62.00000
17.72000
43.53000
59.23000
74.46000
29.32000
55.85000
71.13000
88.28000
57.08000
26.41000
37.74000
7.95000
96.40000
12.18000
37.61000
89.25000
90.74000
73.30000
4.08000
35.15000
84.35000
34.80000
58.20000
71.90000
12.67000
36.28000
48.76000
54.46000
33.86000
44.10000
47.30000
60.56000
33.82000
49.36000
51.11000
93.70000
22.25000
67.93000
82.24000
83.09000
33.54000
41.40000
88.49000
81.72000
27.87000
82.50000
78.01000
77.26000
98.01000
69.92000
96.01000
45.83000
64.34000
16.64000
46.35000
69.80000
86.95000
22.05000
84.09000
62.93000
36.28000
12.29000
92.06000
62.75000
5.53000
37.24000
76.83000
32.50000
13.65000
72.54000
69.73000
59.20000
5.34000
19.59000
27.83000
56.61000
49.06000
2.50000
31.95000
62.25000
78.29000
34.22000
83.43000
51.50000
60.37000
10.07000
75.30000
38.73000
35.06000
32.75000
33.67000
99.30000
5.83000
12.96000
73.41000
57.25000
99.93000
84.10000
37.11000
58.37000
73.33000
8.33000
89.14000
75.20000
3.76000
67.59000
22.59000
6.05000
92.70000
73.54000
51.33000
70.95000
71.39000
60.59000
17.96000
89.07000
55.81000
12.01000
33.93000
92.69000
43.54000
35.70000
56.07000
91.67000
19.77000
17.81000
8.14000
18.35000
71.51000
2.06000
88.50000
27.78000
13.52000
56.89000
25.30000
2.81000
81.33000
77.50000
66.42000
49.00000
40.18000
82.85000
88.50000
98.67000
76.09000
17.62000
91.93000
9.90000
3.82000
49.27000
79.47000
80.43000
58.54000
68.82000
12.45000
34.37000
54.54000
16.98000
64.59000
45.70000
35.31000
89.24000
22.82000
6.51000
97.16000
91.08000
94.80000
31.67000
64.12000
50.72000
17.94000
62.79000
81.99000
21.14000
49.43000
66.21000
24.31000
80.08000
75.16000
33.04000
86.38000
33.02000
5.82000
78.14000
92.23000
72.99000
12.70000
97.08000
91.16000
58.61000
78.65000
86.77000
37.09000
89.57000
29.94000
1.33000
72.74000
30.15000
83.53000
14.43000
31.43000
66.35000
85.11000
27.43000
68.26000
12.94000
4.13000
65.47000
66.02000
6.42000
32.79000
79.45000
31.31000
10.06000
91.04000
45.00000
94.45000
11.86000
24.58000
61.51000
90.98000
16.57000
41.50000
92.86000
13.56000
83.60000
81.09000
51.10000
10.16000
71.59000
1.53000
86.74000
47.13000
52.10000
78.55000
85.69000
16.57000
22.42000
18.63000
57.63000
33.35000
4.58000
48.00000
36.97000
39.06000
45.39000
21.64000
82.88000
99.06000
18.38000
17.29000
81.28000
6.46000
19.85000
38.41000
98.13000
78.02000
27.62000
45.79000
67.52000
1.59000
91.03000
11.23000
71.91000
67.77000
34.95000
42.12000
6.50000
29.45000
63.95000
2.74000
88.24000
60.26000
11.36000
79.08000
63.84000
61.58000
32.25000
85.92000
1.73000
58.57000
9.45000
60.77000
94.13000
2.09000
48.53000
65.88000
62.98000
65.79000
81.82000
09.46000
07.00000
07.69000
05.21000
05.69000
08.72000
09.62000
07.94000
07.25000
06.15000
05.52000
07.04000
07.99000
07.19000
07.36000
08.56000
08.00000
06.01000
08.37000
09.78000
08.63000
08.01000
08.03000
09.24000
07.48000
09.86000
07.04000
06.71000
08.40000
09.47000
07.39000
08.23000
06.48000
05.99000
07.29000
08.55000
09.69000
06.74000
08.44000
05.58000
05.06000
05.37000
08.17000
06.19000
07.40000
05.37000
05.92000
05.01000
07.90000
09.49000
06.02000
07.93000
08.99000
06.73000
09.03000
07.06000
09.38000
07.35000
06.78000
05.79000
09.00000
07.85000
07.32000
08.76000
09.04000
05.99000
09.98000
06.82000
06.95000
05.77000
06.64000
06.64000
07.66000
09.07000
08.42000
08.66000
06.68000
08.06000
08.08000
09.01000
08.63000
09.95000
07.26000
08.41000
08.29000
08.60000
08.90000
08.83000
06.68000
09.10000
07.13000
08.50000
06.11000
07.80000
07.38000
06.88000
05.09000
07.29000
06.30000
09.71000
08.43000
06.44000
06.80000
08.94000
07.14000
08.39000
05.97000
08.32000
05.56000
06.16000
07.31000
06.61000
09.89000
05.41000
09.22000
06.81000
06.00000
06.08000
08.19000
06.99000
08.52000
09.36000
06.99000
06.48000
08.34000
07.69000
09.61000
05.83000
07.59000
09.77000
06.32000
06.87000
09.63000
05.53000
08.61000
07.66000
09.11000
06.17000
09.24000
07.51000
07.05000
08.38000
08.56000
09.34000
07.55000
08.65000
06.48000
09.29000
06.97000
09.63000
07.28000
05.93000
09.80000
09.86000
08.57000
05.94000
06.76000
09.12000
09.19000
07.22000
09.82000
08.46000
09.25000
08.94000
07.20000
05.15000
05.08000
06.49000
08.38000
07.73000
09.28000
06.54000
09.08000
05.99000
05.71000
08.92000
08.31000
06.19000
08.81000
08.38000
09.63000
07.76000
07.57000
08.85000
08.00000
05.94000
07.26000
05.59000
05.24000
09.11000
07.83000
05.10000
09.42000
06.91000
05.45000
05.14000
09.86000
05.19000
07.59000
09.71000
07.11000
06.11000
07.92000
09.06000
08.00000
08.03000
06.39000
09.71000
05.60000
05.58000
08.14000
09.62000
06.61000
06.09000
08.34000
06.72000
08.66000
07.97000
08.30000
07.94000
05.84000
08.86000
05.29000
09.62000
08.54000
08.24000
07.87000
09.37000
08.44000
06.82000
05.81000
06.03000
08.43000
06.58000
05.14000
09.69000
07.68000
05.74000
08.16000
06.71000
06.60000
08.77000
08.40000
09.69000
06.85000
05.25000
06.49000
09.26000
06.98000
07.83000
07.59000
08.87000
06.43000
08.84000
06.38000
05.18000
07.60000
08.87000
09.99000
06.88000
05.74000
09.71000
06.79000
08.90000
07.35000
09.45000
06.40000
07.43000
05.19000
07.40000
09.72000
09.93000
08.27000
09.12000
08.87000
05.08000
06.83000
06.43000
07.23000
07.81000
08.93000
06.61000
05.36000
06.52000
09.22000
06.35000
06.82000
09.14000
06.11000
05.86000
09.16000
07.85000
09.69000
09.33000
05.58000
09.93000
06.32000
07.15000
05.56000
08.91000
08.59000
05.99000
09.83000
09.59000
05.34000
08.76000
05.35000
07.99000
06.69000
09.62000
05.35000
06.40000
08.96000
08.97000
09.30000
06.76000
09.97000
07.80000
08.06000
08.44000
05.54000
05.38000
09.95000
05.12000
09.82000
06.39000
07.22000
07.69000
05.24000
09.81000
05.46000
08.28000
05.50000
05.91000
06.48000
05.26000
05.54000
06.18000
08.34000
08.27000
06.55000
08.39000
05.35000
08.18000
05.97000
06.54000
08.10000
07.13000
07.49000
05.87000
3
34
9
35
3
8
33
22
4
14
19
16
4
2
5
13
3
31
28
3
4
7
10
24
23
4
6
32
29
21
5
1
2
11
25
15
4
27
30
20
17
3
26
18
12
50.34831
