35
10
184.69000
158.16000
199.73000
113.24000
143.99000
130.38000
180.40000
173.28000
185.97000
144.74000
101.75000
136.60000
182.88000
179.77000
148.55000
194.21000
132.00000
138.97000
130.56000
162.13000
155.59000
150.86000
182.54000
181.38000
100.91000
168.96000
164.26000
117.96000
140.23000
171.79000
160.50000
162.91000
170.82000
162.85000
181.00000
104.69000
188.40000
114.03000
178.41000
151.91000
142.49000
184.78000
154.13000
105.67000
138.38000
184.15000
121.85000
116.37000
182.72000
175.04000
100.71000
159.41000
107.13000
145.32000
134.85000
135.16000
168.28000
107.89000
193.41000
169.03000
147.79000
100.65000
170.53000
111.39000
152.30000
186.47000
185.35000
137.65000
113.46000
153.26000
126.66000
182.62000
176.02000
140.83000
172.87000
106.33000
115.32000
140.49000
140.53000
168.76000
174.71000
130.64000
183.14000
129.69000
120.18000
183.53000
179.23000
173.87000
142.76000
196.44000
132.30000
111.07000
158.46000
191.64000
170.88000
176.07000
108.29000
116.38000
148.48000
128.62000
158.28000
142.93000
143.61000
153.49000
199.44000
151.62000
178.58000
183.82000
135.75000
159.14000
124.16000
160.44000
196.18000
122.14000
180.77000
180.23000
133.46000
122.26000
186.32000
137.33000
198.00000
166.13000
103.69000
150.88000
165.17000
185.39000
120.77000
165.02000
135.39000
136.70000
150.46000
148.90000
134.02000
101.68000
130.64000
196.65000
111.47000
186.98000
124.21000
127.41000
171.67000
123.96000
153.40000
138.23000
163.80000
124.17000
148.63000
153.31000
117.71000
186.26000
194.90000
122.65000
168.15000
151.23000
139.46000
199.76000
174.90000
185.10000
154.59000
163.16000
122.72000
178.90000
137.55000
116.35000
121.38000
148.62000
110.60000
187.87000
105.64000
135.30000
121.01000
131.21000
135.26000
104.94000
141.04000
161.06000
118.19000
123.66000
144.01000
109.97000
130.48000
131.76000
121.38000
177.35000
162.10000
161.64000
149.54000
176.08000
182.21000
138.69000
110.13000
144.05000
184.94000
113.31000
109.79000
144.16000
189.43000
160.88000
180.16000
164.30000
139.83000
181.80000
177.87000
117.35000
105.27000
101.46000
184.58000
141.21000
179.90000
170.24000
195.73000
189.12000
102.61000
197.75000
113.49000
192.82000
134.27000
168.52000
159.92000
133.10000
124.48000
158.87000
151.03000
132.22000
101.75000
103.58000
127.85000
137.45000
119.61000
162.40000
156.38000
121.06000
156.56000
120.11000
127.64000
180.31000
116.13000
186.47000
157.64000
137.47000
126.83000
196.24000
187.41000
139.79000
142.17000
129.57000
182.42000
182.65000
146.52000
187.28000
154.21000
196.66000
153.18000
165.51000
117.70000
100.13000
198.60000
108.39000
173.29000
149.70000
195.70000
185.06000
146.36000
127.01000
182.35000
189.67000
187.31000
138.71000
121.45000
141.36000
171.53000
116.42000
100.89000
184.26000
199.41000
116.80000
133.55000
187.52000
196.34000
121.48000
180.41000
167.20000
178.08000
121.96000
180.46000
159.57000
166.11000
109.37000
127.65000
139.78000
121.76000
108.27000
119.22000
111.36000
154.82000
134.66000
177.45000
102.82000
100.04000
129.56000
149.60000
167.67000
117.19000
159.00000
107.94000
184.44000
191.04000
113.97000
149.73000
156.63000
131.34000
110.51000
197.25000
112.76000
172.88000
103.83000
185.60000
163.11000
178.91000
130.32000
133.51000
112.55000
113.50000
143.44000
134.56000
133.20000
113.92000
118.58000
120.38000
112.93000
124.30000
156.13000
147.61000
164.64000
113.80000
181.47000
197.90000
126.21000
176.53000
145.01000
177.88000
160.55000
131.66000
122.12000
119.19000
155.54000
123.32000
113.21000
178.48000
124.07000
04.64000
03.84000
04.01000
04.94000
01.43000
01.15000
03.36000
02.83000
02.56000
03.65000
04.09000
02.58000
03.34000
01.92000
04.01000
01.26000
04.10000
03.53000
01.95000
04.96000
02.18000
01.08000
01.75000
04.75000
03.91000
04.13000
04.23000
04.71000
04.60000
03.26000
03.21000
01.91000
04.59000
02.06000
01.54000
01.38000
01.48000
02.82000
04.03000
02.90000
04.75000
03.65000
04.82000
03.89000
03.24000
01.29000
02.82000
02.30000
04.18000
04.20000
03.74000
01.08000
03.75000
01.83000
02.27000
04.18000
03.17000
04.64000
02.12000
04.56000
04.63000
04.08000
04.00000
04.16000
03.34000
04.59000
01.60000
01.95000
03.51000
03.64000
03.98000
02.61000
01.13000
03.73000
03.15000
03.55000
04.26000
04.68000
02.01000
02.09000
03.24000
01.03000
02.12000
03.06000
02.13000
04.09000
02.06000
04.30000
02.02000
02.20000
01.41000
04.62000
04.98000
04.69000
04.76000
03.85000
02.10000
01.88000
01.67000
02.83000
01.45000
01.10000
02.72000
03.38000
04.10000
01.10000
03.96000
04.95000
02.10000
02.70000
04.56000
02.39000
03.04000
01.89000
04.08000
02.89000
03.01000
04.88000
01.98000
03.17000
03.96000
02.87000
02.71000
04.92000
04.84000
04.06000
03.73000
02.85000
01.60000
01.66000
03.48000
04.67000
03.21000
01.86000
01.43000
03.06000
03.61000
03.88000
02.02000
03.75000
04.71000
03.36000
04.39000
02.67000
04.19000
01.93000
04.62000
02.58000
02.51000
03.33000
04.98000
02.23000
03.49000
02.63000
03.79000
03.20000
03.97000
03.91000
04.39000
04.07000
01.76000
04.26000
03.09000
04.40000
03.71000
01.74000
01.24000
04.80000
01.63000
03.43000
01.15000
02.82000
04.36000
01.42000
02.16000
01.20000
04.65000
03.07000
02.71000
02.15000
02.56000
03.04000
04.93000
01.13000
02.39000
04.64000
01.30000
04.60000
03.86000
04.84000
02.04000
04.01000
03.66000
01.57000
02.33000
03.81000
03.50000
01.81000
02.39000
01.46000
02.08000
01.49000
03.42000
03.41000
03.10000
01.57000
03.62000
01.11000
03.28000
04.01000
02.98000
02.52000
02.55000
03.91000
02.20000
04.49000
03.22000
02.95000
04.22000
04.32000
03.12000
01.90000
03.14000
03.33000
02.82000
04.57000
02.02000
03.86000
03.90000
03.79000
04.94000
01.24000
04.93000
01.40000
04.99000
03.79000
01.51000
04.23000
04.23000
04.84000
02.20000
04.09000
01.76000
02.72000
04.58000
01.36000
01.78000
02.52000
03.90000
02.56000
02.85000
01.10000
02.92000
01.56000
01.18000
01.18000
01.53000
01.04000
04.70000
03.99000
02.20000
04.72000
02.37000
03.72000
04.37000
01.29000
04.15000
03.57000
04.49000
04.47000
04.98000
03.74000
04.02000
04.95000
04.83000
01.45000
01.42000
02.44000
04.64000
02.90000
02.24000
02.65000
02.31000
04.41000
03.39000
02.79000
02.04000
04.27000
01.14000
02.64000
03.89000
05.00000
03.81000
01.77000
02.71000
04.68000
04.73000
04.77000
02.32000
02.39000
02.23000
01.21000
03.55000
02.20000
03.64000
01.67000
04.22000
01.20000
01.29000
01.73000
03.17000
01.47000
04.50000
01.96000
04.22000
03.22000
04.87000
02.30000
04.64000
02.48000
04.12000
04.93000
01.62000
03.60000
01.25000
03.27000
02.95000
01.52000
04.46000
02.77000
03.33000
04.21000
02.94000
01.88000
02.47000
04.61000
02.91000
04.05000
01.07000
04.68000
03.57000
01.75000
04.84000
03.36000
01.12000
04.42000
04.47000
04.63000
04.75000
02.51000
3
6
26
4
4
1
9
27
23
3
14
7
22
3
17
18
35
3
34
21
2
4
31
5
20
30
4
24
3
15
16
4
13
10
11
28
4
32
19
25
12
3
8
29
33
440.99980
