35
4
132.36000
171.71000
150.43000
173.08000
133.25000
163.62000
185.91000
160.90000
138.47000
107.51000
146.01000
171.02000
188.63000
144.00000
171.38000
144.05000
124.36000
113.73000
102.63000
120.62000
186.28000
157.30000
180.39000
141.35000
115.03000
115.35000
145.29000
146.88000
151.23000
128.51000
137.94000
177.82000
135.49000
137.39000
198.97000
141.26000
197.02000
197.83000
184.58000
199.68000
137.13000
192.49000
112.89000
146.99000
195.04000
158.86000
191.81000
148.82000
136.38000
162.56000
186.96000
170.78000
126.76000
169.20000
163.98000
178.52000
131.82000
144.43000
188.48000
137.65000
117.17000
153.87000
126.09000
113.79000
148.45000
163.13000
142.44000
172.58000
191.27000
137.84000
123.41000
140.18000
178.09000
104.97000
102.70000
117.22000
108.56000
100.78000
132.01000
104.45000
134.37000
102.08000
101.97000
192.49000
146.14000
199.50000
103.21000
171.95000
134.50000
183.67000
126.34000
133.48000
190.07000
145.20000
162.01000
167.68000
103.48000
174.73000
100.82000
165.19000
165.35000
162.87000
133.40000
116.62000
166.30000
131.43000
116.81000
133.12000
190.75000
126.67000
154.39000
114.02000
122.19000
122.13000
133.60000
102.94000
153.07000
133.43000
170.05000
115.53000
199.01000
176.20000
179.38000
167.40000
175.64000
166.07000
177.22000
174.17000
198.58000
118.66000
179.18000
151.48000
183.46000
149.59000
100.89000
114.94000
145.90000
174.49000
157.97000
180.19000
01.20000
04.80000
01.74000
01.47000
02.76000
03.69000
03.65000
01.35000
04.80000
01.34000
03.60000
03.55000
02.44000
04.87000
04.72000
03.20000
02.82000
01.42000
02.13000
03.42000
01.05000
02.10000
02.97000
03.35000
04.27000
02.05000
02.34000
02.10000
03.59000
04.39000
03.39000
02.80000
02.14000
04.23000
01.23000
01.54000
01.75000
03.11000
02.73000
01.50000
02.16000
03.23000
01.06000
03.80000
01.44000
03.74000
02.31000
04.56000
03.70000
04.78000
02.62000
03.90000
01.08000
02.45000
02.11000
01.95000
01.70000
04.90000
04.89000
02.83000
01.69000
04.25000
03.11000
02.67000
01.16000
04.61000
04.87000
01.59000
04.25000
02.12000
01.31000
01.40000
02.01000
01.02000
02.58000
03.19000
01.65000
01.06000
02.85000
04.76000
02.84000
01.44000
03.25000
03.24000
02.71000
03.29000
04.89000
03.74000
02.40000
03.73000
04.90000
03.40000
03.02000
03.88000
04.41000
03.33000
01.70000
04.88000
04.54000
04.67000
03.57000
03.84000
02.42000
04.54000
01.74000
03.97000
04.66000
01.20000
02.34000
01.65000
03.50000
01.09000
02.42000
04.29000
02.35000
01.02000
03.56000
02.04000
03.32000
03.11000
03.90000
01.01000
04.56000
01.49000
01.56000
03.32000
04.17000
02.28000
02.66000
03.11000
04.28000
03.60000
01.32000
02.50000
03.03000
03.59000
03.68000
03.62000
02.53000
04.36000
8
21
10
28
33
19
16
24
20
8
18
22
26
35
6
14
23
32
10
4
8
1
12
27
5
13
34
29
17
9
3
7
11
25
15
30
31
9
2
1154.62100
