35
4
15.85000
67.72000
45.70000
23.89000
16.09000
25.23000
92.93000
51.99000
70.88000
10.22000
66.33000
28.68000
22.44000
62.91000
6.10000
93.18000
9.98000
25.52000
51.48000
87.71000
73.74000
37.27000
44.67000
52.48000
55.92000
39.37000
25.89000
27.72000
95.75000
72.05000
35.38000
53.64000
35.44000
76.52000
14.33000
26.88000
3.40000
97.67000
85.63000
91.27000
42.13000
15.80000
91.40000
3.13000
80.69000
11.87000
79.99000
25.41000
85.05000
51.87000
17.37000
25.10000
21.18000
2.74000
67.49000
67.16000
53.04000
28.47000
97.34000
18.56000
47.61000
95.03000
72.87000
43.26000
69.86000
69.38000
59.07000
8.24000
85.75000
16.48000
57.82000
87.16000
3.68000
67.88000
9.69000
67.95000
49.93000
73.82000
24.24000
96.72000
55.21000
73.60000
92.18000
65.18000
10.24000
57.93000
6.23000
63.06000
4.74000
17.53000
54.11000
81.07000
29.43000
42.13000
28.53000
10.93000
75.02000
23.44000
19.23000
41.36000
33.24000
51.17000
16.90000
64.09000
92.80000
67.77000
22.60000
91.23000
44.21000
24.84000
4.77000
31.41000
79.47000
1.48000
72.24000
48.37000
9.76000
13.13000
42.47000
58.58000
48.56000
75.28000
29.94000
77.53000
13.32000
5.39000
50.11000
21.66000
18.51000
16.92000
19.45000
5.46000
79.61000
26.35000
52.43000
44.39000
14.09000
49.15000
65.52000
54.93000
02.68000
04.03000
02.39000
02.80000
01.56000
04.34000
04.08000
03.05000
02.84000
02.32000
03.72000
02.54000
01.62000
01.10000
04.43000
04.39000
01.05000
03.80000
01.35000
03.72000
04.23000
01.54000
01.59000
03.65000
02.31000
01.45000
04.28000
03.32000
02.39000
02.65000
04.54000
01.84000
03.62000
04.27000
01.51000
01.89000
01.44000
03.29000
04.59000
04.31000
01.23000
03.94000
04.87000
02.22000
02.03000
04.15000
04.23000
03.74000
03.98000
04.02000
02.79000
01.01000
03.20000
03.71000
04.70000
02.14000
03.81000
03.31000
02.05000
03.25000
01.94000
02.97000
03.00000
04.49000
01.72000
02.81000
03.65000
01.96000
03.28000
02.95000
04.03000
02.89000
04.48000
03.24000
01.90000
01.50000
03.42000
03.31000
01.18000
03.31000
04.32000
01.13000
02.98000
01.42000
04.31000
01.82000
04.44000
04.96000
04.51000
02.50000
02.67000
03.07000
02.06000
04.31000
02.81000
04.86000
02.07000
04.36000
01.98000
03.46000
01.67000
03.79000
01.30000
04.00000
01.99000
04.84000
04.06000
03.05000
03.62000
02.40000
04.82000
03.15000
02.44000
02.58000
04.25000
02.95000
02.99000
03.52000
04.46000
04.56000
03.39000
03.34000
03.58000
02.11000
01.77000
04.16000
03.73000
01.74000
04.24000
04.11000
03.05000
01.55000
04.93000
01.32000
03.65000
03.69000
01.98000
01.91000
03.67000
02.26000
7
22
8
13
35
4
10
15
11
1
23
18
16
25
33
7
11
2
9
19
9
31
30
29
20
28
5
26
17
3
8
34
14
32
24
27
12
21
6
176.69430
