35
4
90.13000
50.07000
53.15000
51.28000
84.52000
33.64000
65.54000
88.81000
1.21000
36.18000
20.33000
16.92000
78.41000
97.92000
56.74000
73.84000
59.34000
61.07000
16.99000
2.77000
83.22000
64.85000
40.31000
41.95000
91.27000
50.47000
67.90000
33.58000
24.71000
58.17000
40.99000
17.89000
22.75000
29.14000
98.79000
89.89000
96.02000
85.18000
20.47000
64.57000
35.18000
48.56000
74.01000
82.39000
95.59000
38.06000
83.29000
10.32000
45.24000
19.67000
14.29000
12.34000
48.08000
58.34000
30.97000
54.40000
70.09000
21.04000
99.30000
3.49000
77.23000
71.74000
86.25000
23.55000
35.48000
77.42000
56.79000
80.58000
9.80000
4.04000
26.35000
15.90000
66.12000
43.06000
24.69000
53.40000
86.51000
45.77000
64.81000
43.74000
94.55000
95.67000
38.45000
76.65000
80.96000
84.51000
35.31000
43.84000
36.46000
2.98000
46.12000
35.02000
50.76000
39.81000
61.59000
40.93000
15.58000
86.72000
72.45000
52.28000
20.65000
35.43000
69.41000
59.78000
56.68000
40.70000
48.85000
49.23000
24.30000
81.80000
9.28000
16.58000
92.34000
53.51000
89.81000
21.27000
40.72000
70.29000
8.90000
78.77000
82.91000
48.63000
79.04000
6.55000
36.36000
3.97000
18.68000
18.08000
15.55000
50.80000
41.30000
29.82000
35.96000
6.58000
63.36000
57.25000
14.04000
84.78000
1.33000
16.84000
05.52000
08.09000
06.70000
06.14000
07.83000
07.35000
06.90000
07.84000
08.16000
09.98000
07.08000
07.38000
05.42000
09.89000
06.15000
08.65000
08.51000
05.99000
08.00000
05.56000
06.35000
07.19000
06.55000
07.01000
07.83000
07.39000
05.69000
06.92000
06.87000
05.49000
09.35000
09.19000
07.37000
05.40000
06.42000
08.68000
06.22000
09.54000
06.72000
05.61000
06.35000
08.81000
05.14000
07.26000
09.35000
05.37000
06.51000
08.77000
05.39000
09.38000
06.00000
05.31000
09.62000
05.99000
08.76000
07.04000
07.19000
05.36000
09.94000
09.10000
08.27000
07.65000
09.70000
06.65000
08.00000
08.01000
08.20000
09.86000
06.55000
06.60000
07.65000
05.45000
07.89000
07.77000
05.76000
07.94000
08.29000
06.16000
08.79000
08.83000
06.81000
08.64000
08.15000
09.52000
09.85000
06.63000
05.23000
06.41000
08.83000
06.54000
06.46000
05.92000
05.15000
09.75000
08.22000
09.45000
05.22000
07.69000
06.94000
08.41000
05.44000
06.77000
09.01000
09.19000
07.22000
05.75000
05.52000
05.93000
07.12000
05.27000
05.08000
07.25000
06.00000
06.56000
07.70000
09.17000
09.26000
07.27000
06.02000
09.33000
09.56000
05.06000
07.71000
05.40000
09.55000
07.58000
05.42000
05.03000
06.89000
07.48000
06.81000
05.88000
09.24000
07.43000
09.53000
05.60000
09.25000
05.09000
06.24000
06.85000
7
28
31
10
33
11
12
9
9
18
30
4
16
17
15
13
35
25
7
8
5
26
1
27
2
20
12
3
23
22
7
24
6
14
32
19
29
21
34
209.27760
