35
10
141.35000
108.25000
103.80000
150.59000
112.66000
147.17000
180.86000
111.70000
135.40000
196.98000
167.35000
144.85000
181.83000
136.21000
148.03000
141.03000
149.21000
168.36000
132.67000
116.28000
159.80000
121.95000
156.04000
111.60000
160.89000
150.50000
177.90000
193.01000
124.72000
132.52000
183.02000
151.52000
148.57000
171.53000
181.17000
161.49000
136.09000
197.53000
111.40000
116.81000
190.47000
135.76000
196.79000
197.42000
105.40000
121.37000
192.93000
153.73000
187.53000
117.23000
118.95000
161.12000
168.49000
111.24000
119.01000
119.98000
104.93000
116.29000
162.24000
155.70000
178.48000
170.28000
142.77000
118.67000
195.79000
136.09000
179.76000
184.29000
188.49000
101.61000
159.66000
183.67000
149.40000
109.60000
178.82000
110.01000
196.03000
196.27000
188.18000
143.83000
131.49000
142.18000
141.24000
144.89000
121.78000
119.58000
116.52000
197.96000
157.93000
125.76000
117.55000
112.80000
155.96000
182.96000
172.82000
124.18000
156.87000
138.46000
135.87000
191.87000
126.68000
164.53000
185.20000
100.63000
156.41000
145.49000
134.83000
141.13000
101.53000
109.56000
104.14000
183.66000
145.06000
147.85000
103.24000
188.12000
184.20000
142.01000
170.02000
148.64000
169.34000
198.67000
167.37000
184.36000
175.87000
149.48000
183.18000
139.42000
104.19000
151.08000
130.35000
182.96000
179.68000
185.11000
146.76000
109.13000
152.74000
158.20000
195.31000
137.06000
188.43000
152.12000
141.01000
152.09000
189.45000
165.91000
129.51000
115.12000
121.00000
110.32000
137.79000
101.16000
117.83000
126.37000
113.11000
163.72000
139.71000
180.07000
127.75000
181.31000
171.42000
162.43000
178.97000
157.46000
122.71000
189.49000
189.03000
120.67000
128.36000
102.24000
105.20000
124.47000
148.12000
166.70000
199.75000
158.81000
168.56000
159.06000
165.62000
187.71000
103.01000
106.52000
174.54000
153.82000
175.56000
194.50000
152.99000
170.03000
155.33000
148.41000
182.62000
174.23000
136.48000
118.63000
170.07000
129.32000
138.14000
180.56000
146.98000
123.19000
104.46000
134.59000
169.99000
168.72000
104.57000
106.10000
120.74000
103.81000
132.62000
145.49000
197.43000
114.33000
143.13000
164.12000
135.01000
117.54000
128.99000
118.78000
170.02000
126.08000
142.14000
161.77000
118.46000
162.22000
111.12000
127.86000
121.35000
173.21000
189.42000
176.83000
144.70000
131.33000
155.58000
193.42000
179.53000
133.84000
113.10000
187.41000
141.86000
103.01000
190.49000
193.57000
172.70000
186.10000
141.28000
141.76000
156.20000
144.20000
190.76000
177.89000
123.60000
146.00000
152.40000
153.28000
101.44000
156.02000
171.56000
112.08000
190.14000
130.88000
161.13000
123.42000
115.07000
152.24000
159.01000
181.45000
126.62000
126.72000
128.09000
105.30000
100.20000
185.98000
156.26000
139.12000
136.18000
186.65000
156.41000
152.05000
159.96000
110.37000
161.96000
153.13000
103.93000
142.02000
167.78000
105.94000
182.09000
124.26000
189.48000
115.36000
196.64000
186.73000
124.31000
184.89000
157.33000
145.44000
194.56000
143.05000
198.93000
141.42000
147.47000
143.35000
181.22000
140.68000
155.32000
164.31000
188.95000
134.23000
115.38000
109.45000
131.90000
138.09000
149.90000
107.28000
144.82000
184.74000
155.84000
142.61000
156.33000
163.09000
147.80000
103.28000
144.34000
146.82000
111.64000
153.90000
116.93000
111.31000
179.00000
182.37000
118.23000
156.96000
106.53000
101.56000
117.39000
109.16000
175.86000
149.36000
108.55000
118.30000
193.63000
188.68000
110.84000
159.77000
191.49000
107.40000
168.42000
133.96000
126.07000
118.41000
05.66000
09.40000
05.26000
05.18000
09.85000
06.03000
10.00000
07.38000
09.14000
08.83000
06.13000
06.60000
07.69000
06.04000
05.95000
09.16000
05.91000
07.12000
07.98000
07.69000
05.46000
07.80000
07.02000
06.01000
09.24000
05.04000
09.10000
09.23000
06.43000
07.08000
06.50000
08.70000
07.43000
08.38000
07.76000
08.44000
08.68000
08.74000
06.57000
09.13000
07.72000
09.65000
06.11000
06.34000
07.98000
08.76000
09.35000
07.51000
08.48000
06.66000
08.42000
06.32000
09.47000
05.14000
06.70000
07.73000
07.44000
07.27000
08.81000
07.93000
05.17000
07.38000
05.64000
09.35000
06.64000
06.03000
09.32000
05.68000
07.11000
05.04000
07.13000
08.96000
05.02000
07.71000
05.16000
09.74000
07.83000
05.85000
07.47000
07.21000
05.14000
07.91000
06.04000
07.41000
07.03000
08.06000
09.09000
07.62000
09.85000
06.71000
06.09000
06.37000
06.21000
05.52000
07.76000
08.46000
09.94000
07.39000
06.08000
09.91000
06.16000
06.50000
09.27000
08.02000
06.19000
06.27000
09.25000
09.08000
08.00000
09.79000
06.44000
05.98000
06.71000
07.49000
09.47000
08.91000
06.39000
07.12000
07.66000
08.75000
09.48000
07.69000
06.58000
07.61000
09.68000
09.45000
08.04000
08.89000
06.92000
08.90000
05.11000
07.21000
07.40000
08.80000
07.10000
08.44000
08.55000
08.15000
09.59000
09.73000
09.24000
09.59000
05.71000
08.36000
07.25000
05.76000
07.01000
06.06000
08.50000
05.16000
08.15000
08.12000
07.77000
06.63000
07.05000
06.52000
06.09000
05.26000
07.87000
09.47000
05.76000
07.40000
06.01000
06.45000
05.29000
05.65000
08.14000
08.18000
09.49000
08.86000
07.17000
06.64000
09.38000
07.13000
07.25000
09.57000
09.74000
08.76000
09.13000
08.76000
08.80000
07.82000
07.17000
07.68000
07.45000
06.11000
05.10000
09.39000
05.34000
09.82000
05.66000
08.22000
08.32000
06.40000
07.86000
09.72000
08.55000
09.54000
06.95000
05.73000
09.39000
09.18000
09.44000
09.29000
05.47000
06.50000
08.09000
09.74000
07.67000
08.96000
08.08000
07.73000
09.21000
05.79000
09.12000
05.26000
06.93000
07.01000
08.37000
09.81000
08.36000
07.80000
08.42000
08.02000
09.23000
07.93000
08.10000
07.83000
06.51000
08.44000
07.54000
08.37000
08.43000
06.62000
08.06000
05.07000
09.45000
06.00000
07.27000
09.58000
05.31000
06.37000
09.01000
09.82000
07.97000
06.36000
06.39000
07.91000
05.97000
06.10000
08.39000
07.95000
06.50000
05.26000
09.14000
07.08000
08.71000
07.23000
08.58000
06.79000
05.67000
06.63000
07.89000
09.85000
06.69000
09.33000
09.52000
05.24000
07.35000
07.48000
07.16000
08.23000
09.46000
09.44000
05.75000
05.32000
06.08000
09.85000
06.49000
09.27000
08.92000
07.53000
09.88000
07.11000
09.50000
08.64000
06.01000
07.71000
05.51000
09.07000
09.49000
09.09000
07.36000
08.29000
08.87000
08.84000
06.71000
07.03000
08.93000
05.82000
06.47000
07.27000
05.69000
05.11000
05.81000
07.21000
06.45000
08.08000
05.12000
06.35000
09.74000
07.31000
06.08000
05.39000
05.34000
07.12000
09.53000
08.68000
05.67000
08.42000
07.00000
05.29000
08.88000
09.23000
08.99000
08.71000
09.72000
08.23000
05.76000
05.78000
06.56000
05.37000
08.83000
09.54000
09.03000
06.84000
05.93000
09.33000
08.02000
05.09000
06.08000
05.70000
05.65000
08.79000
09.53000
05.48000
05.30000
07.90000
07.79000
06.72000
3
14
20
2
4
19
35
4
22
3
11
15
16
3
1
23
5
4
8
31
12
30
3
18
32
33
3
9
17
27
4
13
25
26
10
4
29
34
6
3
4
28
7
21
24
473.19530
