35
10
62.22000
45.98000
69.87000
82.28000
40.19000
34.49000
44.01000
11.32000
42.30000
36.40000
34.73000
97.80000
10.13000
98.50000
95.02000
4.91000
9.06000
94.34000
5.61000
14.54000
30.18000
21.20000
66.97000
37.38000
89.35000
99.12000
10.35000
8.84000
29.17000
77.91000
86.71000
87.09000
14.01000
29.10000
76.79000
16.22000
9.11000
82.48000
31.62000
26.25000
55.22000
88.89000
68.35000
18.31000
85.77000
9.46000
99.00000
60.84000
26.89000
24.00000
62.08000
49.04000
27.48000
40.10000
19.84000
1.86000
63.17000
89.07000
59.30000
62.00000
35.35000
28.99000
94.23000
99.92000
68.15000
39.69000
63.13000
10.80000
13.46000
28.74000
70.31000
70.00000
49.18000
9.32000
54.84000
48.16000
81.53000
82.55000
38.44000
47.17000
96.16000
63.89000
43.18000
95.25000
28.46000
92.95000
16.85000
47.38000
36.62000
37.08000
30.98000
80.29000
6.55000
85.39000
82.87000
98.46000
46.91000
55.74000
95.56000
31.13000
93.13000
87.72000
16.85000
30.27000
6.37000
67.09000
43.20000
61.43000
97.77000
64.88000
73.50000
25.67000
24.59000
17.33000
56.25000
90.17000
77.28000
23.83000
47.51000
69.70000
27.31000
10.51000
29.11000
1.77000
66.88000
27.27000
7.62000
47.63000
16.92000
49.74000
14.37000
96.30000
20.14000
78.31000
6.43000
61.54000
45.99000
39.10000
64.62000
79.87000
33.19000
24.88000
59.27000
81.08000
59.09000
61.94000
61.70000
59.15000
35.83000
29.84000
38.37000
44.04000
65.90000
37.23000
5.14000
57.80000
78.52000
19.55000
2.61000
48.21000
27.67000
35.94000
96.14000
86.82000
90.10000
71.35000
78.82000
71.93000
71.27000
36.42000
65.53000
25.58000
98.41000
64.58000
96.86000
30.45000
34.35000
67.63000
90.54000
81.95000
28.57000
37.88000
79.75000
49.93000
56.16000
36.16000
93.23000
64.70000
6.13000
7.19000
32.36000
83.34000
89.22000
19.41000
21.30000
87.69000
45.97000
67.02000
10.91000
84.30000
37.61000
69.97000
75.85000
5.51000
52.18000
71.96000
18.49000
6.39000
3.43000
42.44000
4.35000
55.09000
46.33000
77.95000
21.76000
18.05000
6.87000
76.13000
42.32000
46.12000
83.67000
57.63000
50.94000
31.42000
76.03000
25.94000
57.30000
88.80000
5.99000
9.29000
95.80000
60.87000
19.34000
60.66000
27.63000
12.97000
88.63000
59.78000
35.70000
35.23000
13.14000
10.14000
30.67000
44.49000
12.92000
4.13000
8.16000
25.09000
25.68000
7.07000
6.75000
42.16000
75.17000
1.23000
59.29000
78.47000
36.50000
48.86000
85.73000
10.67000
39.98000
38.97000
30.78000
37.13000
42.70000
83.32000
61.88000
84.00000
26.48000
21.43000
74.22000
3.16000
96.88000
14.55000
86.77000
67.25000
87.24000
50.70000
44.21000
78.65000
84.56000
7.43000
31.66000
54.97000
14.62000
12.70000
70.21000
4.82000
26.42000
70.43000
46.85000
15.06000
86.32000
54.15000
39.30000
70.59000
86.44000
60.17000
51.05000
82.10000
42.62000
11.52000
11.32000
83.99000
94.47000
53.99000
72.09000
36.43000
10.35000
61.14000
14.10000
23.35000
78.36000
30.24000
38.82000
16.42000
83.16000
38.88000
14.92000
3.52000
94.44000
43.43000
53.38000
95.23000
45.69000
47.60000
4.15000
87.76000
85.80000
57.97000
28.50000
99.05000
91.40000
6.86000
15.44000
73.80000
62.88000
49.33000
76.74000
80.46000
25.37000
68.23000
51.90000
14.23000
28.76000
70.11000
3.18000
92.06000
48.69000
86.31000
09.30000
09.97000
09.41000
05.78000
05.88000
06.28000
05.49000
07.51000
06.63000
08.38000
06.86000
08.20000
05.37000
09.17000
05.50000
08.88000
07.22000
07.81000
09.64000
06.84000
08.52000
09.72000
08.74000
05.61000
06.86000
06.55000
08.54000
09.98000
06.10000
06.22000
06.00000
05.98000
06.33000
07.87000
09.34000
08.27000
05.68000
09.68000
09.07000
05.97000
09.87000
08.08000
07.34000
06.71000
06.74000
09.81000
06.84000
05.12000
07.46000
07.61000
06.89000
07.06000
09.48000
05.49000
08.06000
09.69000
06.50000
08.70000
07.17000
06.36000
08.46000
08.75000
07.27000
06.71000
06.54000
08.38000
07.69000
06.63000
08.19000
06.61000
09.30000
08.90000
05.53000
09.29000
09.66000
07.80000
05.05000
07.69000
07.97000
06.35000
05.07000
07.83000
05.89000
05.29000
05.37000
08.55000
06.33000
06.57000
06.99000
09.95000
08.45000
08.42000
07.21000
08.37000
07.66000
05.32000
09.58000
06.43000
05.63000
07.99000
08.87000
07.95000
05.25000
08.40000
06.12000
09.10000
06.19000
07.23000
08.67000
06.55000
06.92000
07.42000
05.23000
06.18000
05.16000
07.73000
08.03000
07.94000
07.43000
06.22000
06.70000
08.01000
06.47000
07.22000
07.12000
08.83000
06.29000
06.30000
06.41000
09.10000
07.15000
05.25000
07.96000
08.76000
05.54000
07.17000
06.39000
09.01000
09.23000
06.35000
09.30000
09.27000
05.76000
07.45000
09.40000
06.51000
08.32000
05.04000
09.77000
07.04000
07.61000
09.40000
09.86000
09.40000
06.20000
07.21000
05.42000
08.38000
07.96000
06.36000
08.40000
10.00000
07.97000
06.02000
07.03000
06.55000
07.59000
06.60000
05.79000
06.58000
09.41000
09.77000
05.39000
09.85000
07.29000
06.49000
06.81000
09.57000
08.61000
09.95000
08.40000
05.49000
08.61000
06.37000
05.24000
07.48000
05.25000
06.01000
09.15000
08.90000
08.46000
05.38000
08.21000
09.40000
09.44000
07.22000
06.72000
09.85000
05.63000
05.55000
05.25000
07.37000
05.71000
05.62000
05.63000
05.36000
09.64000
08.93000
05.91000
08.43000
07.74000
05.74000
09.80000
05.11000
06.40000
07.73000
08.48000
05.67000
07.39000
07.66000
07.36000
06.56000
08.01000
06.88000
06.84000
07.27000
06.77000
08.00000
08.59000
08.50000
08.48000
09.85000
05.52000
07.25000
09.17000
07.54000
06.79000
06.72000
06.12000
07.42000
07.80000
06.40000
07.86000
07.08000
05.22000
09.69000
07.74000
07.30000
05.60000
05.89000
05.30000
09.01000
05.60000
08.73000
05.00000
08.12000
09.28000
08.79000
08.97000
08.32000
06.88000
07.87000
05.58000
09.55000
09.91000
09.04000
09.47000
08.00000
06.13000
06.63000
06.51000
06.12000
09.53000
06.19000
08.83000
07.58000
05.37000
09.55000
09.82000
07.34000
05.94000
08.10000
06.01000
05.49000
06.35000
08.44000
08.88000
05.63000
07.18000
08.64000
08.95000
09.43000
08.54000
07.87000
09.44000
09.19000
06.77000
06.53000
09.81000
08.43000
09.47000
06.29000
05.79000
06.93000
05.48000
05.06000
09.37000
05.75000
09.91000
06.99000
08.74000
07.15000
09.11000
07.49000
08.40000
08.46000
05.08000
08.53000
06.74000
08.70000
08.60000
06.29000
08.81000
08.40000
06.54000
09.41000
09.48000
08.44000
06.33000
06.91000
09.31000
05.96000
06.66000
09.03000
05.12000
09.32000
07.47000
07.29000
09.98000
08.16000
09.95000
09.43000
08.20000
08.35000
06.55000
09.46000
05.35000
07.04000
05.96000
07.64000
4
13
8
28
16
3
18
11
21
3
35
4
23
4
17
22
30
19
2
10
15
5
24
29
33
14
34
3
26
31
7
5
25
6
27
1
9
2
3
2
4
20
32
12
5
40.20902
