35
10
128.76000
146.79000
118.74000
162.11000
104.64000
135.87000
183.76000
116.17000
167.48000
190.15000
131.25000
134.04000
164.56000
163.13000
120.98000
181.76000
168.14000
133.34000
137.72000
150.34000
175.48000
104.28000
191.24000
155.78000
108.86000
104.48000
116.29000
139.11000
115.53000
187.45000
172.65000
166.35000
167.77000
131.71000
145.08000
160.52000
117.14000
138.03000
143.05000
144.37000
110.51000
155.38000
152.38000
173.44000
153.10000
177.52000
198.64000
173.13000
126.55000
142.35000
175.95000
193.82000
137.51000
112.75000
103.47000
110.90000
117.62000
176.61000
125.33000
124.76000
123.51000
146.82000
110.67000
160.80000
136.84000
161.28000
153.63000
169.41000
164.23000
182.88000
161.68000
120.78000
168.35000
145.82000
125.15000
185.47000
114.56000
135.49000
158.11000
155.68000
166.39000
119.94000
189.07000
166.19000
164.86000
146.43000
171.55000
176.74000
175.98000
187.24000
184.07000
172.12000
190.77000
139.63000
130.13000
162.09000
125.25000
125.87000
138.27000
181.41000
120.42000
193.21000
161.98000
189.84000
142.31000
160.39000
137.40000
102.13000
189.79000
110.71000
139.34000
128.37000
147.79000
148.92000
153.49000
167.71000
121.33000
131.67000
192.75000
189.28000
135.78000
140.60000
195.00000
187.23000
141.55000
182.35000
123.14000
180.69000
114.03000
188.55000
165.05000
113.80000
153.60000
115.86000
133.63000
155.71000
185.66000
145.90000
166.77000
100.55000
192.64000
192.17000
103.90000
107.21000
157.40000
187.18000
133.28000
187.99000
175.73000
154.61000
142.99000
171.07000
157.39000
110.47000
155.30000
184.96000
137.16000
195.78000
117.47000
183.19000
174.79000
176.55000
101.76000
144.27000
155.06000
143.81000
105.44000
171.71000
187.72000
113.56000
150.78000
194.03000
107.55000
126.82000
185.04000
127.74000
181.96000
149.82000
108.43000
117.79000
134.89000
152.76000
164.53000
152.47000
102.08000
141.16000
103.84000
119.67000
127.67000
115.40000
183.00000
132.29000
180.81000
100.88000
183.65000
128.22000
155.64000
147.98000
112.44000
170.35000
171.29000
132.10000
100.99000
146.56000
171.91000
153.63000
105.96000
169.76000
126.63000
137.96000
197.25000
111.30000
183.22000
169.48000
172.70000
168.29000
155.96000
136.31000
112.36000
116.16000
160.30000
114.52000
107.25000
152.16000
199.75000
113.89000
173.39000
198.58000
102.83000
169.17000
151.79000
102.66000
123.06000
140.13000
108.47000
136.69000
138.94000
111.53000
134.44000
197.91000
154.00000
193.15000
145.72000
108.61000
196.76000
155.61000
116.26000
114.21000
120.02000
119.98000
155.15000
185.46000
178.74000
124.78000
174.42000
103.60000
102.41000
189.16000
149.46000
100.26000
178.92000
157.26000
180.66000
132.08000
121.15000
198.22000
193.41000
180.71000
167.01000
106.17000
138.10000
152.78000
179.38000
100.27000
190.11000
179.93000
146.14000
124.64000
149.85000
118.81000
125.45000
179.36000
116.62000
134.79000
172.93000
163.20000
107.34000
178.32000
146.84000
132.94000
182.50000
168.89000
119.44000
167.08000
126.86000
197.50000
187.99000
169.16000
150.17000
180.16000
174.76000
167.67000
187.21000
157.90000
127.02000
116.14000
197.75000
196.73000
117.02000
193.09000
166.54000
187.67000
142.04000
102.02000
103.35000
105.89000
163.60000
100.33000
156.68000
146.76000
122.27000
161.61000
183.87000
187.92000
116.51000
145.26000
196.80000
179.78000
152.93000
114.17000
114.63000
197.71000
163.19000
156.23000
181.48000
142.12000
103.92000
184.33000
166.50000
138.38000
156.77000
136.36000
163.84000
136.90000
128.38000
175.22000
192.62000
113.07000
150.38000
188.79000
02.96000
05.00000
04.71000
04.24000
04.51000
03.03000
04.69000
01.60000
01.88000
03.49000
01.03000
01.55000
01.39000
03.96000
02.55000
04.17000
02.37000
03.00000
03.07000
02.54000
01.15000
04.21000
01.44000
02.74000
03.06000
04.16000
01.46000
03.84000
02.42000
04.43000
03.99000
01.91000
02.56000
03.59000
02.83000
03.13000
04.17000
02.77000
02.78000
01.01000
03.47000
02.75000
04.29000
01.71000
01.11000
02.41000
01.62000
02.19000
03.30000
01.20000
03.47000
04.40000
01.24000
03.57000
03.55000
03.29000
03.13000
02.97000
04.55000
02.82000
02.18000
01.86000
02.19000
03.93000
04.58000
03.69000
01.16000
04.59000
01.55000
04.92000
03.82000
01.26000
03.47000
01.74000
03.67000
04.03000
04.52000
02.64000
01.44000
04.39000
03.15000
02.42000
01.70000
02.16000
02.43000
03.40000
02.02000
02.18000
02.45000
04.91000
04.99000
02.27000
04.27000
03.28000
02.19000
01.26000
01.98000
03.84000
02.18000
02.98000
02.66000
04.92000
02.56000
04.25000
02.38000
04.43000
01.98000
03.52000
03.07000
01.64000
04.56000
03.75000
01.05000
04.56000
01.93000
02.65000
01.42000
02.39000
04.54000
03.94000
01.12000
01.32000
03.83000
04.32000
02.12000
04.56000
04.27000
01.48000
03.37000
04.32000
03.31000
02.14000
04.81000
01.80000
03.40000
01.99000
03.40000
03.20000
03.99000
01.74000
01.68000
04.84000
01.19000
01.43000
03.19000
02.79000
04.07000
04.21000
04.53000
02.30000
03.57000
04.96000
04.51000
01.44000
05.00000
04.27000
02.98000
03.30000
02.70000
03.70000
04.74000
03.96000
03.99000
01.85000
03.65000
04.48000
01.21000
02.28000
02.51000
02.96000
03.68000
01.57000
01.17000
02.47000
01.73000
04.52000
04.01000
01.63000
02.37000
01.28000
01.79000
02.96000
03.89000
04.94000
02.10000
02.30000
03.68000
04.94000
03.66000
03.58000
02.93000
03.74000
02.16000
03.77000
03.86000
04.80000
02.31000
04.80000
01.66000
04.56000
01.81000
01.65000
04.53000
04.48000
03.37000
02.26000
01.69000
03.01000
02.68000
03.58000
04.71000
02.97000
04.17000
01.78000
03.76000
01.29000
02.66000
04.05000
01.35000
02.95000
03.61000
03.20000
02.56000
04.29000
02.60000
02.06000
01.47000
02.63000
04.20000
04.46000
01.16000
04.30000
02.00000
03.23000
01.70000
04.63000
02.56000
04.20000
04.19000
03.94000
01.48000
02.19000
02.68000
03.57000
03.32000
03.50000
01.67000
04.37000
01.40000
04.65000
03.44000
04.83000
02.92000
01.20000
03.82000
03.90000
04.90000
02.86000
01.75000
01.81000
04.78000
04.31000
01.20000
03.74000
01.03000
01.28000
03.11000
03.91000
01.10000
02.45000
01.44000
01.52000
01.43000
01.54000
03.14000
04.76000
03.48000
01.24000
04.17000
02.85000
04.19000
04.73000
04.42000
03.79000
02.40000
04.65000
02.57000
03.66000
03.69000
04.50000
04.83000
04.14000
03.39000
02.88000
01.05000
02.31000
01.82000
03.35000
02.03000
04.23000
04.32000
02.50000
03.63000
01.00000
01.21000
01.91000
02.65000
04.69000
03.82000
04.15000
04.93000
04.38000
04.48000
04.80000
01.29000
01.17000
03.40000
02.40000
03.57000
03.46000
02.11000
04.37000
02.19000
01.96000
04.80000
03.89000
02.76000
02.63000
02.69000
01.44000
03.00000
04.42000
03.96000
02.46000
01.61000
03.28000
01.83000
01.40000
02.29000
04.17000
02.49000
01.73000
01.74000
01.04000
01.15000
03.88000
01.66000
04.84000
02.01000
01.32000
3
18
3
5
3
23
21
20
3
31
16
28
3
8
17
13
4
33
27
14
4
4
24
32
10
12
4
9
25
19
22
4
2
29
15
11
4
35
26
7
34
3
30
1
6
440.01310
