35
10
161.06000
176.37000
121.49000
151.62000
110.30000
131.06000
163.88000
126.84000
182.65000
140.19000
181.12000
111.40000
137.86000
169.80000
145.49000
183.80000
160.71000
110.88000
154.25000
147.57000
160.95000
179.46000
129.67000
131.21000
173.36000
116.55000
119.01000
188.26000
157.69000
188.17000
194.54000
197.21000
198.73000
185.33000
153.52000
132.96000
110.41000
160.13000
141.27000
108.37000
125.46000
105.08000
172.39000
154.20000
193.05000
186.26000
149.99000
108.33000
107.33000
154.06000
180.73000
133.66000
187.43000
183.89000
196.24000
118.08000
177.50000
176.12000
153.16000
174.48000
146.68000
156.15000
133.13000
140.74000
189.11000
174.38000
142.79000
179.77000
123.92000
106.18000
149.35000
103.64000
143.58000
163.92000
118.07000
144.72000
119.36000
130.86000
183.04000
121.22000
183.77000
178.72000
185.27000
180.38000
190.32000
167.26000
190.78000
194.48000
117.54000
181.24000
190.58000
160.79000
168.93000
130.43000
100.68000
101.56000
173.01000
149.60000
162.12000
164.07000
183.30000
198.52000
140.89000
120.58000
178.31000
170.22000
174.26000
165.64000
159.47000
199.06000
195.00000
189.26000
144.18000
156.61000
196.90000
173.03000
119.62000
112.02000
105.35000
198.61000
123.68000
159.43000
170.74000
172.63000
119.25000
117.97000
168.46000
126.74000
194.22000
131.80000
198.91000
117.57000
161.48000
170.04000
187.46000
126.77000
158.92000
126.85000
184.51000
160.97000
168.31000
143.95000
153.38000
194.94000
120.99000
189.43000
140.31000
197.38000
194.62000
127.83000
131.21000
178.87000
111.46000
187.67000
160.83000
180.44000
118.80000
122.47000
188.94000
168.10000
188.88000
110.75000
100.31000
132.87000
118.98000
156.01000
104.70000
190.76000
131.36000
186.77000
136.89000
182.78000
173.29000
156.56000
156.62000
193.62000
128.16000
195.68000
143.80000
106.17000
166.53000
147.79000
126.08000
169.81000
103.75000
198.06000
182.39000
184.92000
196.43000
159.36000
181.87000
176.89000
126.23000
169.60000
118.65000
196.12000
199.79000
191.65000
111.89000
117.98000
148.75000
113.43000
105.72000
142.88000
129.74000
147.80000
169.29000
196.20000
124.41000
132.67000
153.90000
148.61000
100.33000
100.09000
113.21000
155.92000
196.88000
183.74000
194.75000
115.24000
139.28000
196.17000
102.02000
136.34000
143.56000
159.62000
163.55000
153.97000
150.72000
121.37000
132.84000
127.91000
126.78000
153.69000
188.43000
142.91000
162.76000
153.83000
133.81000
108.76000
174.67000
144.07000
197.51000
160.20000
103.54000
139.36000
146.30000
107.75000
105.39000
189.76000
169.33000
124.52000
146.78000
102.68000
122.93000
116.49000
109.56000
109.74000
195.00000
127.80000
194.13000
167.59000
198.42000
127.59000
125.87000
157.86000
171.08000
110.01000
155.18000
187.21000
175.88000
194.19000
157.44000
187.26000
100.70000
124.28000
133.05000
114.66000
158.44000
169.41000
144.53000
197.92000
114.45000
191.88000
147.61000
120.21000
196.02000
160.69000
175.75000
180.16000
116.91000
184.54000
113.71000
168.78000
174.38000
166.93000
171.25000
102.08000
190.69000
136.39000
183.14000
121.08000
113.11000
146.44000
109.16000
191.80000
113.91000
175.58000
134.05000
105.25000
190.34000
127.34000
167.60000
177.44000
164.69000
165.63000
163.93000
184.44000
169.50000
138.09000
199.96000
194.60000
155.38000
198.55000
137.36000
121.08000
199.08000
109.89000
195.27000
139.26000
132.23000
160.00000
117.84000
149.53000
111.49000
161.79000
174.20000
177.29000
118.49000
153.13000
158.49000
172.93000
159.87000
196.91000
189.87000
111.84000
167.28000
181.04000
112.46000
194.40000
01.54000
02.94000
01.40000
02.55000
01.41000
02.22000
03.22000
02.49000
04.77000
01.22000
02.31000
03.57000
04.43000
04.02000
02.00000
04.35000
02.22000
03.68000
02.61000
04.42000
04.98000
02.30000
01.47000
04.36000
04.52000
02.95000
04.91000
01.74000
01.69000
01.70000
04.25000
03.14000
02.30000
03.64000
03.83000
04.53000
02.35000
01.27000
04.43000
03.55000
01.18000
02.07000
01.45000
02.36000
01.95000
02.77000
01.15000
04.43000
01.36000
01.32000
02.71000
02.21000
01.13000
04.69000
02.35000
01.15000
03.95000
04.81000
01.28000
03.70000
01.53000
02.65000
01.68000
01.31000
02.56000
04.15000
02.78000
02.44000
04.76000
04.28000
04.16000
03.71000
04.87000
04.52000
04.51000
04.44000
03.50000
03.27000
03.56000
03.17000
01.74000
02.57000
04.39000
02.23000
01.18000
03.23000
03.08000
04.95000
04.38000
03.08000
04.70000
03.65000
02.94000
04.97000
03.33000
03.67000
01.42000
04.70000
02.06000
03.33000
01.41000
03.12000
04.95000
01.96000
01.48000
01.00000
01.09000
01.71000
03.30000
02.92000
01.54000
04.38000
02.20000
01.64000
04.50000
04.08000
02.47000
04.87000
02.93000
03.01000
03.55000
01.31000
02.78000
04.39000
01.89000
04.67000
02.99000
04.40000
02.96000
01.64000
03.53000
04.25000
01.21000
03.92000
01.34000
02.15000
04.08000
04.24000
02.39000
01.30000
04.36000
02.43000
03.58000
04.26000
02.45000
03.44000
02.68000
01.57000
04.28000
03.56000
03.56000
03.64000
03.17000
03.35000
02.04000
01.55000
01.45000
04.40000
02.95000
03.38000
02.45000
01.28000
04.12000
02.20000
02.49000
01.57000
04.38000
04.10000
02.92000
01.85000
03.55000
04.16000
02.05000
03.70000
02.47000
02.53000
04.66000
03.09000
02.37000
04.71000
02.31000
02.66000
02.88000
01.02000
04.34000
02.69000
02.75000
03.39000
03.98000
01.65000
01.69000
04.80000
03.40000
02.99000
04.41000
03.18000
01.83000
03.16000
04.60000
01.50000
03.46000
03.61000
04.97000
03.71000
01.49000
02.80000
01.22000
02.75000
02.14000
04.19000
03.09000
02.19000
04.85000
04.38000
01.20000
01.60000
01.61000
03.75000
02.88000
01.02000
03.12000
01.92000
03.73000
03.27000
03.45000
04.22000
04.32000
04.19000
01.69000
04.97000
02.23000
04.61000
01.91000
03.50000
04.03000
02.34000
01.19000
04.14000
01.31000
04.22000
01.61000
04.22000
02.64000
02.08000
02.24000
04.01000
03.41000
01.78000
03.57000
04.97000
03.21000
02.89000
03.29000
02.67000
03.59000
03.23000
04.70000
01.33000
02.01000
01.51000
03.74000
02.14000
04.92000
01.41000
01.38000
03.31000
03.76000
03.65000
03.55000
04.04000
03.01000
01.93000
01.22000
04.54000
04.09000
02.94000
02.34000
02.01000
01.48000
02.41000
04.98000
02.62000
02.32000
04.61000
03.64000
03.04000
04.69000
02.58000
01.55000
01.19000
04.60000
04.19000
04.53000
02.16000
02.36000
01.02000
03.41000
04.01000
03.31000
01.66000
02.02000
01.83000
01.78000
03.68000
01.18000
03.69000
01.10000
01.65000
02.73000
02.67000
01.59000
03.16000
01.49000
04.86000
04.58000
01.72000
04.36000
03.09000
03.10000
04.34000
03.91000
03.31000
04.80000
04.66000
03.55000
01.83000
03.81000
03.11000
04.98000
01.59000
04.33000
01.16000
02.90000
02.55000
03.57000
01.27000
01.02000
01.66000
03.74000
02.87000
04.03000
04.87000
04.03000
02.43000
01.65000
03.14000
04.64000
01.41000
04.57000
04.43000
3
15
6
12
4
21
14
7
35
4
34
25
2
26
3
20
16
33
4
22
17
23
27
3
8
29
24
4
10
5
4
3
4
13
9
11
30
3
28
32
18
3
1
19
31
446.43840
