35
7
31.43000
15.11000
52.06000
91.53000
48.17000
28.28000
39.69000
98.06000
82.99000
9.06000
15.68000
97.59000
18.09000
70.50000
11.53000
49.28000
71.33000
54.98000
72.61000
12.83000
53.76000
78.65000
10.74000
98.98000
13.08000
85.97000
47.65000
24.02000
85.17000
97.19000
72.50000
50.31000
48.61000
59.87000
87.37000
52.92000
47.41000
73.83000
63.45000
94.43000
51.41000
83.76000
77.25000
41.88000
76.30000
78.79000
93.05000
23.04000
50.67000
45.15000
40.23000
18.72000
40.80000
94.35000
60.10000
11.27000
3.13000
17.71000
60.37000
34.09000
31.79000
28.85000
61.67000
23.13000
12.07000
21.17000
49.08000
64.40000
65.91000
13.38000
56.56000
42.24000
48.61000
80.59000
41.78000
37.15000
41.99000
97.14000
37.47000
62.24000
15.75000
23.48000
5.48000
68.92000
43.90000
15.98000
70.11000
59.66000
41.11000
59.33000
72.54000
38.47000
10.23000
16.00000
16.42000
60.42000
91.80000
71.75000
18.28000
83.11000
19.50000
92.15000
60.09000
16.19000
60.70000
14.96000
55.03000
59.37000
40.04000
49.70000
35.39000
26.82000
12.57000
70.36000
55.32000
55.86000
79.64000
30.68000
73.58000
20.58000
64.69000
59.19000
13.36000
44.09000
27.79000
13.74000
9.78000
53.07000
18.21000
25.94000
63.36000
25.23000
24.87000
55.73000
89.55000
38.82000
25.87000
39.83000
67.24000
25.17000
11.23000
60.17000
68.59000
50.54000
51.49000
20.22000
18.37000
96.30000
79.53000
30.09000
92.51000
43.26000
74.99000
15.69000
48.67000
84.16000
6.70000
77.70000
4.96000
66.77000
80.13000
46.12000
93.39000
38.43000
93.96000
24.72000
14.39000
97.49000
83.53000
44.60000
76.33000
46.89000
73.34000
14.63000
56.99000
95.47000
57.86000
6.04000
9.45000
85.76000
38.49000
55.95000
88.56000
6.21000
87.05000
27.78000
36.50000
69.67000
31.58000
17.58000
3.86000
94.52000
85.31000
98.20000
6.62000
49.19000
5.15000
71.79000
74.72000
2.67000
32.15000
14.28000
4.49000
74.98000
50.07000
27.92000
2.21000
90.69000
30.81000
92.73000
83.03000
45.08000
64.37000
52.52000
12.58000
61.77000
80.32000
47.46000
71.55000
36.94000
3.02000
40.61000
96.52000
7.10000
3.94000
1.16000
36.97000
10.28000
45.70000
73.12000
4.81000
36.59000
30.62000
30.80000
26.86000
77.66000
48.17000
21.29000
94.37000
77.16000
28.50000
19.99000
14.53000
79.34000
88.93000
01.23000
04.17000
03.00000
04.60000
02.27000
02.34000
01.35000
03.11000
02.18000
01.01000
01.17000
02.03000
01.24000
04.46000
04.65000
04.31000
03.04000
01.80000
04.28000
04.72000
04.49000
04.95000
04.88000
03.83000
01.80000
02.65000
01.57000
02.03000
04.50000
02.43000
01.78000
01.52000
01.44000
04.66000
03.27000
02.65000
03.00000
04.60000
02.27000
01.23000
04.45000
03.04000
02.32000
04.78000
04.44000
03.86000
02.19000
03.80000
01.62000
02.71000
04.44000
02.63000
01.95000
04.08000
01.95000
01.40000
04.71000
03.26000
03.89000
02.06000
04.49000
04.37000
01.77000
02.38000
01.20000
02.32000
03.39000
01.93000
02.05000
04.85000
03.46000
01.31000
02.81000
01.58000
01.79000
03.41000
04.43000
03.10000
04.91000
03.43000
01.49000
04.11000
03.45000
01.23000
03.02000
03.67000
04.34000
02.53000
01.37000
01.62000
04.83000
04.84000
02.18000
04.65000
02.48000
03.48000
02.42000
04.22000
01.17000
01.60000
04.38000
02.64000
01.08000
04.14000
01.64000
04.75000
03.91000
02.84000
04.05000
01.38000
03.71000
02.16000
03.08000
02.27000
04.77000
03.56000
03.70000
03.04000
02.09000
04.33000
01.33000
02.10000
02.99000
03.53000
02.69000
02.70000
01.08000
04.06000
03.79000
02.87000
02.31000
02.61000
03.99000
01.46000
02.93000
03.70000
03.94000
04.16000
03.48000
01.66000
04.50000
01.70000
02.79000
01.78000
03.12000
03.25000
03.16000
01.47000
02.29000
01.33000
02.53000
02.70000
02.47000
02.91000
04.25000
04.11000
01.45000
01.79000
04.03000
02.15000
04.30000
04.57000
03.84000
01.07000
01.44000
04.69000
02.02000
02.96000
02.59000
04.36000
03.17000
01.71000
02.76000
04.64000
04.24000
04.89000
04.68000
04.94000
02.73000
01.62000
01.41000
03.47000
04.30000
02.38000
04.96000
02.03000
03.83000
03.36000
02.19000
02.98000
01.08000
04.59000
01.25000
03.48000
04.09000
03.89000
01.60000
01.51000
03.25000
02.89000
04.02000
01.88000
01.24000
01.06000
04.60000
02.19000
03.05000
01.64000
04.75000
02.85000
02.85000
03.49000
01.97000
02.23000
03.37000
02.89000
01.29000
03.30000
04.26000
02.89000
02.98000
03.15000
03.33000
01.06000
04.25000
03.52000
04.71000
02.79000
03.63000
04.94000
04.83000
03.28000
02.97000
04.78000
02.45000
01.54000
01.41000
03.21000
04.61000
02.41000
01.42000
01.20000
04.70000
02.51000
02.79000
5
10
25
2
20
23
4
30
31
35
22
4
29
12
24
13
3
7
8
1
5
27
6
17
34
19
6
26
28
4
9
3
32
8
14
5
18
33
11
21
15
16
64.98582
