35
7
4.89000
86.53000
41.17000
88.04000
68.63000
60.78000
95.94000
65.49000
35.95000
29.19000
32.11000
34.46000
17.59000
39.46000
91.15000
18.68000
26.84000
29.48000
95.32000
6.31000
29.05000
74.80000
91.16000
98.43000
90.11000
42.15000
3.03000
63.54000
29.94000
34.92000
78.56000
80.06000
66.03000
46.70000
47.21000
56.93000
1.69000
89.91000
96.45000
22.58000
78.48000
19.61000
86.00000
76.38000
43.86000
85.49000
88.93000
27.05000
30.24000
84.67000
21.85000
93.23000
72.55000
1.42000
75.18000
61.98000
58.81000
56.72000
69.62000
31.29000
76.54000
64.70000
99.67000
63.56000
66.36000
76.15000
88.14000
37.13000
69.38000
32.07000
51.10000
17.51000
81.79000
16.82000
11.79000
20.16000
23.71000
71.17000
63.55000
75.10000
43.42000
63.40000
68.85000
86.94000
96.98000
35.04000
15.45000
73.23000
43.00000
16.78000
65.92000
15.95000
88.13000
78.00000
13.13000
9.98000
44.57000
79.23000
22.73000
15.64000
72.57000
18.68000
88.68000
7.16000
36.92000
37.39000
95.61000
96.63000
30.55000
33.16000
61.38000
92.00000
73.31000
71.97000
92.40000
60.48000
92.24000
5.05000
23.30000
2.58000
65.07000
19.35000
12.00000
31.78000
70.06000
92.96000
94.22000
27.93000
38.52000
44.66000
35.00000
82.84000
2.31000
78.40000
71.14000
54.73000
44.32000
40.78000
69.75000
13.74000
15.62000
71.60000
80.82000
45.62000
54.11000
32.60000
49.15000
76.06000
25.02000
2.29000
63.10000
56.11000
74.70000
76.36000
28.46000
82.20000
4.50000
92.13000
75.31000
66.70000
13.36000
74.11000
13.53000
84.39000
54.23000
85.48000
75.30000
25.97000
81.63000
79.60000
73.58000
43.56000
2.11000
48.48000
45.66000
90.97000
94.82000
29.93000
45.78000
36.57000
86.32000
32.52000
1.78000
33.06000
97.35000
65.18000
88.96000
11.34000
97.91000
71.97000
86.27000
64.76000
10.02000
35.65000
95.94000
3.60000
54.26000
27.13000
98.02000
97.54000
7.25000
56.99000
98.82000
36.19000
43.15000
25.99000
81.49000
67.58000
90.18000
71.56000
91.52000
32.08000
47.91000
65.90000
54.30000
68.34000
85.81000
75.08000
69.70000
48.45000
38.54000
92.39000
11.04000
98.25000
95.75000
9.30000
25.41000
10.98000
3.12000
52.95000
88.21000
88.82000
2.88000
43.67000
52.62000
4.36000
91.32000
38.46000
95.14000
38.11000
68.24000
83.47000
72.06000
39.02000
81.53000
03.89000
02.57000
04.64000
03.00000
04.59000
01.94000
01.46000
04.77000
04.54000
01.09000
03.22000
01.63000
04.32000
04.23000
02.64000
04.71000
04.32000
04.88000
03.28000
01.43000
02.73000
03.89000
01.50000
01.55000
01.57000
03.42000
04.45000
03.13000
04.66000
04.92000
04.13000
02.54000
03.65000
03.19000
03.33000
02.19000
01.02000
02.49000
01.11000
02.21000
02.01000
02.14000
01.71000
03.60000
04.07000
04.35000
03.25000
03.55000
01.15000
03.70000
01.84000
01.57000
03.01000
04.11000
04.40000
01.45000
01.23000
04.79000
02.66000
01.34000
03.20000
02.27000
03.16000
03.65000
02.11000
04.38000
01.27000
01.14000
02.98000
04.30000
01.39000
01.62000
02.30000
03.93000
04.80000
02.02000
01.51000
03.35000
01.73000
04.15000
02.87000
01.36000
02.86000
01.56000
01.68000
02.93000
03.67000
02.13000
01.08000
02.33000
02.45000
02.05000
02.04000
01.17000
02.31000
03.81000
01.31000
02.34000
01.17000
02.23000
01.47000
04.06000
01.75000
02.42000
04.91000
02.45000
03.79000
02.92000
01.75000
02.78000
02.46000
01.08000
02.62000
02.96000
01.79000
02.56000
01.94000
03.01000
03.81000
01.31000
04.41000
02.28000
03.39000
01.55000
02.54000
01.43000
02.19000
03.87000
02.67000
04.42000
02.71000
03.13000
02.92000
04.52000
02.22000
02.51000
03.26000
02.33000
02.85000
03.51000
04.68000
04.51000
03.64000
04.25000
02.38000
03.93000
01.87000
03.03000
01.83000
03.36000
03.14000
03.99000
03.30000
01.20000
04.86000
01.42000
04.86000
03.17000
01.27000
03.97000
04.40000
04.30000
01.40000
04.55000
01.63000
02.92000
03.12000
02.41000
04.05000
02.71000
03.10000
01.13000
04.99000
02.61000
02.82000
04.86000
02.94000
04.02000
04.19000
04.74000
04.21000
01.27000
03.79000
04.51000
04.68000
03.94000
04.06000
02.56000
01.98000
04.81000
01.78000
01.56000
03.56000
03.97000
02.57000
02.51000
04.68000
02.82000
02.84000
02.72000
02.44000
02.09000
03.82000
01.82000
01.70000
03.79000
01.57000
03.74000
01.18000
01.27000
01.61000
02.77000
02.74000
02.36000
01.70000
04.53000
04.26000
01.69000
01.98000
03.17000
01.67000
01.10000
03.80000
01.42000
01.98000
03.74000
03.33000
02.35000
02.01000
04.08000
01.55000
03.32000
02.40000
01.90000
02.26000
02.04000
01.61000
04.29000
02.07000
02.48000
01.90000
03.65000
04.39000
04.97000
03.34000
5
12
29
20
1
27
5
25
5
7
2
19
5
22
30
32
4
34
5
24
14
35
15
28
5
9
6
17
10
33
5
3
31
18
21
8
5
11
13
16
26
23
82.58234
