35
7
36.78000
98.23000
63.41000
56.29000
11.98000
97.83000
48.99000
14.10000
86.57000
77.50000
22.26000
56.27000
3.52000
35.85000
23.99000
77.00000
39.49000
96.76000
9.83000
71.01000
64.30000
63.93000
97.90000
84.08000
85.43000
64.34000
24.19000
64.53000
99.55000
3.79000
83.16000
11.74000
43.00000
12.36000
88.15000
75.71000
57.09000
73.26000
44.23000
34.18000
81.23000
58.59000
58.88000
36.36000
40.50000
22.94000
6.80000
46.05000
21.29000
36.05000
24.64000
78.09000
49.64000
94.98000
64.99000
49.86000
41.79000
74.57000
44.84000
28.79000
51.63000
73.96000
93.12000
83.88000
23.23000
70.11000
6.16000
38.14000
38.35000
66.25000
33.66000
17.40000
10.41000
15.27000
7.84000
88.40000
23.74000
33.33000
44.41000
11.79000
61.64000
35.53000
15.50000
70.01000
58.88000
63.76000
54.69000
2.56000
87.93000
87.25000
12.44000
45.48000
12.42000
52.00000
99.68000
89.87000
31.66000
29.30000
46.22000
28.35000
37.13000
67.26000
41.32000
2.63000
57.97000
34.12000
11.81000
12.03000
25.51000
62.34000
27.34000
53.83000
54.92000
48.73000
66.30000
59.87000
56.00000
30.57000
96.73000
37.27000
9.95000
21.92000
51.10000
44.16000
35.63000
63.15000
73.79000
41.25000
43.10000
72.41000
75.63000
40.29000
80.05000
93.17000
80.35000
54.58000
84.38000
46.68000
76.10000
49.44000
33.00000
7.81000
33.27000
30.59000
57.93000
80.26000
2.57000
87.08000
18.91000
57.22000
12.01000
27.87000
53.36000
47.13000
26.56000
79.70000
89.90000
36.21000
74.58000
25.39000
95.79000
36.97000
99.38000
45.30000
27.47000
38.74000
8.67000
73.83000
78.08000
57.13000
21.10000
46.92000
33.89000
84.54000
22.72000
24.78000
42.39000
37.25000
35.02000
68.83000
87.93000
58.60000
56.11000
72.54000
81.61000
35.99000
90.77000
84.76000
9.25000
50.02000
1.84000
56.93000
43.88000
59.06000
12.61000
90.50000
1.16000
47.78000
63.29000
90.49000
81.95000
76.67000
58.50000
12.96000
30.77000
34.48000
15.79000
13.50000
76.33000
83.79000
17.05000
47.61000
21.33000
50.11000
77.77000
48.25000
21.55000
11.66000
38.32000
18.31000
37.68000
85.97000
41.52000
28.31000
2.96000
28.79000
46.15000
51.33000
37.79000
67.65000
74.39000
12.48000
4.28000
60.39000
63.36000
36.44000
50.67000
39.62000
13.59000
1.93000
66.90000
64.29000
38.53000
86.20000
31.07000
08.85000
05.08000
09.15000
05.66000
05.66000
05.33000
09.11000
09.15000
08.74000
09.29000
06.02000
09.31000
09.54000
09.69000
06.20000
09.67000
08.63000
05.26000
08.86000
08.54000
08.24000
08.23000
08.61000
06.47000
09.73000
06.86000
07.95000
08.79000
06.11000
07.94000
09.76000
08.11000
09.53000
09.25000
09.83000
08.03000
09.47000
09.87000
06.92000
06.81000
07.46000
07.12000
08.58000
05.92000
06.61000
08.25000
05.42000
08.34000
06.32000
05.20000
09.25000
09.34000
05.16000
05.90000
09.74000
08.91000
08.31000
06.83000
06.98000
09.36000
05.11000
05.47000
08.93000
07.72000
06.53000
07.80000
08.95000
08.31000
07.68000
05.83000
06.31000
05.13000
05.55000
07.47000
07.62000
09.20000
08.77000
09.60000
07.04000
07.60000
09.60000
09.84000
06.47000
05.01000
05.42000
09.34000
08.16000
08.42000
07.74000
05.26000
07.26000
09.56000
09.74000
08.29000
09.32000
07.44000
08.70000
05.11000
07.78000
05.81000
08.59000
05.95000
06.46000
05.71000
07.47000
09.73000
09.02000
07.02000
07.59000
06.96000
05.15000
07.86000
06.97000
08.74000
05.31000
06.08000
06.97000
06.91000
06.84000
08.08000
07.93000
06.84000
07.48000
07.57000
09.36000
09.91000
07.83000
08.00000
07.38000
06.04000
08.93000
05.09000
07.26000
06.12000
09.67000
09.32000
05.91000
09.60000
09.34000
08.44000
07.48000
08.31000
05.48000
08.10000
07.31000
08.68000
09.71000
09.06000
05.65000
06.73000
05.44000
09.50000
09.19000
08.52000
05.47000
07.58000
06.24000
08.64000
08.00000
08.68000
09.26000
07.69000
09.14000
08.00000
07.35000
09.80000
05.35000
07.96000
08.75000
05.08000
06.01000
05.78000
08.34000
07.21000
05.89000
08.28000
07.41000
06.25000
05.24000
09.01000
07.71000
09.22000
07.72000
05.31000
09.69000
07.04000
05.72000
07.28000
08.00000
05.02000
07.52000
09.76000
08.94000
06.96000
06.79000
09.90000
07.92000
07.68000
05.10000
09.57000
07.01000
05.52000
09.39000
07.95000
07.43000
09.83000
09.50000
08.95000
07.02000
08.48000
06.62000
06.99000
07.27000
09.52000
09.10000
06.65000
08.02000
06.39000
06.85000
05.39000
05.20000
09.38000
05.70000
05.03000
06.40000
07.99000
09.42000
07.16000
05.90000
05.26000
07.14000
05.61000
07.08000
05.21000
05.89000
09.00000
09.98000
05.42000
08.09000
08.20000
08.78000
09.44000
09.04000
08.86000
09.29000
5
1
11
19
30
13
3
24
25
12
6
28
4
21
5
34
18
4
6
17
3
2
5
35
31
9
27
7
7
20
32
29
33
14
16
22
5
26
10
8
23
15
83.85549
