35
7
126.57000
120.83000
114.07000
117.88000
125.40000
151.92000
107.03000
195.43000
168.00000
170.21000
159.65000
189.56000
180.29000
125.47000
104.89000
100.81000
139.76000
106.52000
102.26000
143.78000
125.47000
191.22000
187.86000
197.12000
168.02000
196.54000
124.33000
153.56000
199.61000
128.46000
150.87000
169.90000
103.96000
132.07000
133.26000
176.55000
108.95000
175.31000
109.67000
142.52000
165.99000
183.77000
117.72000
168.00000
148.53000
144.76000
165.60000
186.32000
104.37000
154.92000
158.15000
194.91000
132.88000
149.95000
126.76000
105.23000
134.99000
154.60000
179.40000
192.82000
163.19000
132.69000
150.58000
147.28000
171.52000
137.10000
151.38000
122.28000
165.62000
159.77000
177.84000
176.03000
168.25000
128.14000
159.82000
184.56000
190.32000
191.11000
167.92000
188.23000
125.88000
128.20000
102.27000
117.27000
144.61000
182.91000
139.59000
165.97000
167.75000
137.83000
183.15000
142.66000
118.10000
164.57000
112.79000
119.78000
170.02000
173.83000
134.89000
183.78000
199.45000
165.37000
132.42000
185.22000
133.87000
102.90000
195.29000
130.21000
175.16000
134.40000
128.98000
142.81000
156.60000
116.52000
109.58000
142.45000
145.78000
150.61000
109.11000
156.23000
134.23000
127.03000
176.17000
175.31000
165.08000
175.22000
185.89000
104.91000
183.00000
113.70000
189.98000
114.32000
184.24000
100.04000
166.72000
186.89000
166.59000
180.86000
170.94000
170.04000
199.09000
158.56000
167.48000
175.41000
125.39000
174.15000
106.58000
141.11000
148.04000
127.59000
119.65000
142.00000
178.91000
167.07000
150.58000
102.03000
131.42000
129.83000
119.83000
109.27000
170.57000
192.21000
174.42000
165.79000
162.90000
119.58000
137.93000
137.78000
126.54000
116.39000
160.52000
105.44000
181.16000
176.13000
168.89000
150.43000
187.66000
169.39000
121.36000
172.97000
139.64000
152.49000
107.09000
128.29000
172.83000
116.88000
100.09000
123.18000
120.98000
157.65000
116.13000
178.51000
119.39000
158.92000
147.53000
179.17000
154.92000
143.88000
113.20000
124.15000
116.00000
124.78000
108.60000
176.47000
142.62000
152.96000
155.74000
113.25000
176.34000
168.78000
133.56000
136.79000
135.36000
177.98000
108.90000
109.19000
163.61000
199.48000
169.97000
178.16000
164.18000
101.99000
177.85000
147.35000
192.70000
127.44000
120.20000
134.48000
106.34000
106.85000
161.22000
121.34000
113.84000
110.29000
191.69000
103.79000
125.50000
196.88000
178.92000
141.73000
103.19000
164.83000
116.84000
109.15000
110.35000
03.40000
04.11000
03.32000
04.12000
04.03000
04.20000
02.69000
04.41000
04.97000
02.88000
03.46000
02.78000
01.11000
04.20000
03.68000
01.15000
01.15000
03.48000
02.20000
03.78000
01.61000
01.38000
04.70000
03.23000
04.80000
01.87000
01.66000
02.37000
04.88000
02.24000
02.37000
04.38000
01.78000
03.06000
04.94000
03.81000
03.13000
03.78000
01.90000
04.30000
02.65000
01.46000
03.33000
03.72000
04.67000
01.90000
04.55000
04.06000
01.46000
03.49000
02.96000
03.63000
03.09000
03.97000
04.81000
03.05000
03.45000
02.36000
03.14000
03.27000
02.25000
04.99000
03.81000
03.52000
02.99000
03.53000
03.48000
03.37000
03.00000
04.94000
02.31000
02.39000
03.87000
03.90000
04.18000
02.65000
01.47000
01.91000
01.48000
01.56000
03.00000
04.09000
04.20000
01.49000
02.12000
03.22000
01.11000
01.12000
02.27000
03.38000
01.85000
01.45000
02.72000
01.99000
02.81000
03.80000
04.54000
03.76000
01.24000
03.78000
04.62000
02.72000
01.19000
01.33000
01.67000
04.25000
02.90000
02.66000
01.16000
01.85000
02.44000
03.31000
01.50000
04.44000
02.91000
03.58000
02.48000
01.86000
01.68000
02.21000
03.10000
01.26000
02.90000
02.27000
04.20000
01.10000
03.57000
01.13000
02.42000
01.18000
03.47000
04.47000
04.20000
04.57000
03.22000
04.30000
03.80000
03.69000
02.24000
04.93000
02.22000
01.66000
03.16000
04.25000
03.49000
04.04000
01.93000
03.41000
04.77000
04.95000
02.38000
04.40000
02.61000
04.59000
01.25000
02.36000
01.43000
04.50000
02.09000
04.71000
03.41000
01.52000
01.25000
01.22000
02.57000
01.81000
01.90000
01.93000
02.73000
02.82000
04.02000
03.22000
03.55000
03.34000
02.41000
02.67000
04.33000
04.69000
03.87000
03.82000
04.40000
01.85000
04.91000
01.09000
02.28000
04.31000
03.65000
03.68000
03.93000
02.68000
04.19000
03.07000
03.11000
04.84000
01.44000
03.09000
03.40000
02.03000
03.14000
01.86000
04.18000
02.76000
03.84000
01.81000
02.67000
02.89000
02.89000
03.68000
03.86000
03.56000
01.18000
02.95000
01.60000
04.24000
02.79000
02.99000
02.38000
03.66000
02.67000
03.50000
02.06000
04.43000
03.50000
02.05000
03.94000
03.51000
04.75000
02.50000
03.16000
03.17000
04.72000
01.05000
04.69000
01.02000
02.53000
04.20000
01.28000
03.94000
04.08000
02.74000
03.51000
02.17000
04.11000
01.82000
01.77000
5
19
7
3
5
15
5
4
8
2
21
20
5
14
23
25
26
13
5
6
10
27
1
29
5
17
11
16
30
32
5
9
18
33
28
12
5
22
24
35
34
31
601.43040
