35
4
141.78000
194.94000
118.39000
174.48000
164.63000
179.32000
148.08000
189.53000
161.33000
110.20000
121.94000
171.40000
172.50000
128.22000
180.59000
160.72000
138.78000
174.00000
164.66000
198.12000
100.79000
188.16000
114.76000
124.20000
199.15000
111.33000
171.53000
179.61000
174.49000
184.13000
175.59000
104.97000
167.42000
147.19000
167.57000
166.38000
124.59000
106.03000
171.88000
134.89000
109.37000
161.17000
157.74000
118.07000
162.72000
163.80000
195.00000
181.55000
150.28000
179.54000
149.26000
190.95000
137.66000
174.01000
186.18000
111.90000
190.50000
112.84000
171.35000
110.03000
174.42000
161.66000
170.42000
150.95000
155.05000
186.09000
149.01000
100.29000
198.00000
151.75000
112.53000
154.47000
121.11000
163.10000
195.12000
145.95000
108.40000
189.36000
159.77000
104.65000
173.06000
128.14000
197.10000
121.18000
105.71000
170.08000
197.73000
186.17000
196.98000
105.79000
152.29000
190.25000
137.49000
125.90000
151.41000
124.05000
117.87000
121.03000
185.71000
178.18000
128.75000
181.81000
145.82000
143.27000
160.74000
100.45000
140.46000
143.47000
165.19000
137.91000
120.45000
148.22000
183.18000
163.86000
155.35000
199.29000
163.90000
193.95000
160.78000
112.29000
122.95000
143.78000
152.37000
102.86000
175.98000
128.99000
145.74000
186.62000
138.60000
165.20000
156.52000
179.19000
126.44000
168.04000
100.33000
196.20000
155.13000
153.13000
192.80000
153.28000
02.14000
02.89000
03.28000
01.81000
04.31000
01.93000
01.13000
01.66000
02.62000
04.39000
02.68000
02.50000
04.19000
01.39000
03.05000
03.45000
04.15000
04.06000
01.38000
03.63000
01.63000
03.53000
04.78000
02.16000
03.74000
02.91000
04.38000
02.17000
01.61000
01.34000
03.31000
02.80000
02.37000
01.94000
04.69000
01.10000
02.33000
01.33000
04.77000
01.11000
02.64000
03.44000
01.44000
04.35000
03.71000
04.85000
04.95000
02.96000
01.68000
01.69000
03.41000
01.06000
04.67000
02.08000
04.96000
02.77000
04.80000
02.15000
01.72000
04.23000
02.21000
02.02000
01.80000
01.54000
01.01000
01.81000
01.35000
02.85000
01.33000
01.66000
01.83000
02.72000
01.70000
02.70000
01.96000
02.03000
01.76000
02.34000
01.24000
02.27000
01.54000
01.47000
04.80000
04.58000
02.16000
01.23000
01.76000
02.07000
04.75000
02.73000
01.26000
03.87000
02.43000
03.11000
04.40000
03.10000
04.32000
03.48000
04.32000
04.89000
03.55000
04.98000
02.15000
02.37000
01.25000
04.68000
01.12000
03.57000
03.33000
02.53000
04.12000
01.85000
02.27000
02.77000
01.54000
03.57000
02.69000
03.51000
03.49000
02.86000
02.70000
02.88000
04.10000
01.84000
04.44000
03.01000
01.49000
02.64000
02.03000
02.02000
01.80000
03.39000
01.59000
02.03000
03.15000
02.20000
01.25000
01.17000
03.65000
01.20000
9
14
34
21
24
11
26
32
17
23
9
5
8
29
3
2
6
33
9
25
9
12
7
1
4
15
10
20
31
27
8
35
22
28
19
13
16
18
30
1188.04300
