35
10
94.69000
31.20000
63.60000
22.12000
8.58000
76.14000
32.92000
62.21000
80.60000
11.70000
84.76000
68.90000
17.22000
45.54000
36.97000
64.24000
44.68000
14.07000
29.17000
95.02000
17.96000
75.48000
27.71000
34.78000
14.78000
16.66000
23.70000
78.81000
38.64000
45.31000
32.98000
51.16000
18.75000
96.82000
96.16000
50.20000
27.83000
18.42000
40.98000
83.66000
92.97000
86.65000
93.36000
18.14000
27.51000
68.45000
6.05000
82.94000
17.45000
7.52000
76.43000
37.15000
75.55000
71.32000
32.64000
60.59000
41.33000
56.04000
23.56000
60.83000
76.05000
79.63000
24.83000
69.20000
68.72000
86.80000
36.84000
42.76000
32.11000
46.98000
31.99000
19.64000
96.86000
1.58000
85.13000
26.82000
48.27000
73.37000
2.19000
9.41000
75.71000
38.78000
65.09000
57.50000
77.50000
99.27000
85.52000
87.96000
75.66000
85.09000
97.87000
42.38000
18.00000
49.21000
62.33000
85.12000
75.06000
69.36000
62.81000
9.30000
46.12000
50.02000
9.97000
28.76000
52.24000
90.47000
95.89000
69.94000
91.63000
18.93000
96.56000
4.78000
11.72000
71.62000
36.71000
91.89000
26.17000
13.82000
34.30000
9.93000
67.32000
31.53000
34.01000
56.26000
92.22000
38.52000
5.31000
58.02000
82.71000
72.29000
41.39000
65.11000
45.37000
96.11000
62.21000
53.17000
11.51000
97.99000
12.45000
22.56000
92.85000
3.48000
12.95000
3.52000
45.48000
27.46000
4.47000
75.73000
89.14000
63.68000
42.36000
69.09000
91.18000
84.67000
6.34000
67.54000
42.72000
87.74000
97.89000
80.73000
58.60000
94.92000
48.25000
44.10000
80.43000
54.00000
9.39000
16.80000
74.57000
36.54000
59.06000
82.75000
32.12000
39.83000
2.71000
2.88000
33.69000
29.86000
82.51000
94.15000
15.34000
7.10000
34.10000
76.57000
69.99000
67.49000
31.03000
43.33000
49.53000
19.61000
36.58000
13.39000
28.59000
92.78000
38.75000
30.44000
7.56000
46.07000
50.30000
63.92000
11.57000
59.31000
9.75000
9.05000
90.52000
40.06000
78.36000
82.77000
22.04000
19.67000
21.58000
93.37000
49.06000
77.68000
56.65000
97.81000
29.29000
89.99000
64.89000
29.12000
27.75000
77.31000
93.10000
39.29000
4.61000
5.99000
14.83000
8.03000
43.78000
65.16000
25.37000
37.82000
55.94000
72.65000
47.75000
57.91000
75.49000
69.08000
29.78000
22.27000
62.62000
20.80000
42.99000
8.63000
2.24000
72.62000
57.27000
65.23000
77.49000
42.68000
39.46000
67.69000
62.34000
31.23000
19.34000
98.09000
82.20000
63.37000
77.73000
94.96000
32.26000
90.02000
23.20000
21.54000
30.48000
86.80000
85.08000
63.86000
21.54000
54.09000
22.44000
36.66000
73.91000
17.04000
15.11000
76.48000
82.77000
25.53000
69.66000
47.56000
21.22000
68.21000
37.96000
19.42000
8.04000
80.61000
99.73000
37.20000
24.98000
35.05000
78.90000
35.90000
1.28000
64.95000
16.07000
62.30000
88.90000
31.49000
75.59000
88.95000
68.59000
18.57000
50.56000
14.14000
42.82000
35.88000
55.86000
57.92000
39.83000
18.82000
33.07000
69.07000
13.59000
26.56000
47.56000
60.57000
70.33000
69.39000
29.19000
69.75000
52.89000
91.10000
91.22000
15.91000
70.75000
25.22000
43.34000
54.11000
37.66000
39.20000
9.67000
67.18000
90.14000
28.25000
40.11000
61.69000
92.45000
11.31000
11.29000
68.97000
32.60000
32.08000
22.60000
46.09000
22.35000
60.01000
99.18000
73.88000
99.22000
89.30000
04.58000
04.74000
03.68000
02.20000
04.24000
03.58000
03.74000
02.75000
02.98000
01.93000
04.06000
01.60000
04.39000
02.61000
02.70000
04.08000
01.03000
01.46000
02.74000
04.51000
02.49000
03.30000
04.26000
02.22000
03.35000
01.97000
04.35000
01.54000
03.18000
04.28000
01.07000
03.81000
02.56000
02.07000
01.51000
04.15000
01.09000
01.97000
02.74000
03.09000
03.76000
04.83000
01.08000
02.29000
02.51000
02.41000
04.61000
01.94000
02.79000
01.43000
01.27000
03.24000
03.07000
01.57000
04.02000
04.41000
02.78000
03.55000
02.81000
04.63000
02.39000
01.07000
04.60000
04.12000
03.34000
04.83000
01.33000
04.08000
04.10000
02.54000
02.94000
02.48000
04.81000
01.94000
03.53000
04.71000
02.86000
03.46000
02.87000
04.17000
01.95000
04.13000
02.78000
01.94000
02.39000
03.52000
02.09000
04.09000
01.52000
02.21000
04.63000
01.72000
01.67000
01.78000
03.22000
02.88000
02.17000
04.81000
03.70000
04.67000
03.33000
02.88000
04.89000
01.16000
02.50000
02.13000
01.90000
04.24000
01.83000
02.12000
01.70000
01.58000
03.52000
03.30000
01.08000
04.72000
02.02000
02.12000
01.76000
04.59000
01.54000
04.04000
02.42000
01.17000
03.27000
03.51000
02.78000
03.40000
01.43000
03.98000
03.53000
01.23000
03.21000
01.91000
02.39000
01.62000
04.82000
02.75000
02.05000
04.52000
03.34000
04.05000
01.67000
02.72000
02.93000
04.05000
03.67000
02.00000
01.74000
04.82000
02.30000
01.09000
03.84000
01.69000
04.14000
01.81000
02.31000
02.98000
04.76000
03.00000
03.23000
02.02000
04.75000
04.48000
01.68000
01.14000
01.69000
03.07000
01.74000
03.66000
02.14000
04.61000
04.48000
01.93000
01.69000
04.75000
03.90000
03.26000
02.05000
02.32000
04.32000
02.78000
04.23000
01.33000
04.13000
04.46000
01.17000
02.48000
01.30000
03.52000
01.31000
03.49000
02.78000
04.15000
02.12000
03.06000
04.52000
03.57000
02.03000
04.87000
03.48000
03.97000
04.51000
01.65000
01.60000
04.55000
02.01000
03.10000
01.84000
01.53000
02.02000
01.28000
02.74000
03.76000
03.43000
04.46000
03.92000
01.11000
02.34000
02.76000
01.14000
03.75000
01.08000
01.75000
03.24000
03.74000
02.98000
04.01000
04.02000
02.17000
04.37000
01.12000
02.33000
01.11000
02.56000
01.66000
02.00000
03.64000
03.90000
03.20000
03.84000
01.84000
03.71000
04.33000
01.70000
04.69000
04.14000
02.03000
02.91000
03.26000
03.80000
02.80000
02.38000
03.84000
04.00000
04.43000
01.85000
03.39000
02.92000
02.37000
02.03000
03.85000
03.79000
01.09000
04.62000
04.18000
02.79000
02.03000
04.34000
04.34000
01.14000
03.64000
04.87000
01.27000
01.03000
01.38000
02.92000
04.93000
01.67000
03.70000
03.63000
02.21000
01.55000
03.11000
03.70000
02.25000
03.66000
03.62000
02.37000
03.55000
02.04000
04.69000
04.21000
01.96000
03.75000
04.65000
02.81000
02.31000
04.88000
02.83000
04.75000
02.41000
02.51000
03.55000
01.59000
01.09000
02.72000
04.16000
01.93000
02.20000
04.58000
02.97000
03.33000
02.54000
04.17000
02.19000
01.55000
04.72000
01.41000
03.33000
01.48000
04.46000
01.83000
04.36000
01.38000
03.08000
03.83000
02.48000
03.71000
04.26000
04.35000
03.90000
03.91000
04.72000
01.35000
03.82000
02.45000
02.15000
01.79000
02.45000
04.77000
03.26000
01.61000
04.97000
01.33000
03.76000
01.77000
01.61000
03.58000
04.33000
3
26
21
25
2
20
14
5
10
33
30
4
9
3
12
8
32
4
3
27
7
2
5
29
6
28
22
1
5
17
18
34
15
35
2
19
24
3
31
5
13
3
11
23
16
50.82087
