35
4
147.68000
103.79000
126.64000
195.74000
179.72000
186.23000
112.01000
192.85000
153.59000
158.15000
159.52000
149.74000
109.90000
160.17000
109.79000
107.04000
189.28000
132.92000
103.45000
105.39000
132.36000
117.02000
181.11000
185.40000
179.76000
153.10000
183.40000
187.70000
172.11000
181.78000
150.96000
152.92000
150.03000
143.69000
124.40000
152.54000
109.25000
157.11000
112.00000
191.33000
164.11000
100.90000
123.80000
156.51000
174.27000
153.88000
123.72000
113.71000
105.35000
181.70000
177.37000
128.55000
122.98000
149.97000
150.38000
166.66000
192.78000
124.32000
108.38000
193.66000
180.38000
170.37000
116.99000
175.17000
151.41000
153.75000
141.83000
176.83000
171.48000
140.09000
185.88000
161.22000
172.54000
162.68000
188.51000
170.98000
145.10000
109.95000
178.66000
128.42000
150.50000
100.22000
146.96000
124.17000
179.37000
124.11000
184.04000
148.85000
122.31000
172.24000
180.52000
193.09000
169.97000
135.24000
127.02000
147.51000
112.97000
103.73000
114.17000
102.73000
141.93000
168.34000
132.59000
149.38000
147.48000
142.11000
104.62000
131.65000
108.59000
147.41000
136.63000
191.35000
103.21000
190.43000
147.77000
196.59000
134.77000
186.79000
153.66000
162.98000
118.90000
152.12000
169.93000
106.16000
171.21000
102.05000
112.19000
141.74000
107.33000
152.19000
196.09000
185.35000
142.90000
118.18000
137.23000
152.63000
193.53000
115.64000
151.25000
159.18000
06.51000
07.25000
05.55000
06.99000
08.78000
07.27000
05.45000
05.45000
06.04000
05.13000
07.28000
06.18000
07.17000
09.72000
09.94000
08.10000
06.09000
09.95000
07.35000
05.12000
06.71000
09.72000
08.41000
06.13000
07.93000
07.96000
07.02000
05.06000
08.66000
08.55000
07.09000
05.79000
07.80000
05.40000
07.53000
05.97000
09.84000
08.24000
06.29000
08.88000
08.15000
06.02000
06.68000
09.07000
09.41000
08.67000
05.10000
06.71000
08.78000
06.34000
06.71000
06.95000
06.42000
09.20000
06.67000
09.96000
07.48000
07.39000
05.12000
05.88000
07.12000
06.08000
07.24000
09.87000
05.50000
05.41000
08.17000
07.10000
07.77000
05.56000
08.94000
09.02000
07.53000
05.54000
07.03000
06.35000
05.76000
07.88000
08.25000
07.79000
05.31000
05.01000
08.99000
09.72000
07.59000
08.35000
05.66000
08.57000
09.01000
09.31000
09.68000
05.73000
05.97000
09.28000
07.44000
07.62000
09.88000
09.68000
05.35000
05.63000
07.15000
06.91000
09.83000
06.19000
09.18000
08.48000
06.52000
09.33000
06.61000
09.06000
05.91000
07.38000
07.23000
05.24000
09.68000
09.85000
08.56000
09.66000
05.48000
09.39000
08.26000
09.99000
05.98000
08.66000
08.98000
08.88000
08.83000
05.33000
08.37000
08.98000
06.69000
07.04000
09.10000
07.96000
07.20000
06.45000
08.82000
08.47000
08.04000
06.22000
9
32
9
3
20
13
2
19
16
15
9
31
35
24
18
8
17
4
7
14
9
11
34
29
12
30
25
10
27
28
8
26
23
6
1
5
33
22
21
1391.79400
