35
7
54.48000
35.44000
96.74000
39.94000
64.76000
57.88000
23.71000
94.75000
69.04000
30.82000
71.22000
21.81000
39.25000
33.28000
13.95000
92.75000
84.97000
71.60000
36.52000
85.72000
7.95000
29.90000
89.95000
27.96000
44.63000
16.62000
40.21000
47.21000
24.60000
17.98000
14.66000
25.29000
14.15000
46.49000
55.60000
16.53000
80.92000
61.93000
46.75000
6.07000
26.06000
27.19000
55.78000
80.89000
36.07000
78.00000
69.03000
87.23000
30.27000
67.55000
56.12000
21.36000
65.66000
73.33000
99.54000
79.10000
89.41000
50.63000
48.24000
12.34000
87.34000
80.03000
62.08000
69.49000
34.47000
20.91000
67.35000
55.01000
43.47000
55.94000
9.65000
87.62000
76.72000
97.96000
77.79000
53.95000
20.72000
77.76000
87.46000
50.36000
57.14000
86.37000
40.75000
43.74000
52.72000
48.12000
3.15000
52.02000
11.85000
12.66000
54.09000
94.68000
27.11000
6.45000
39.41000
44.25000
31.73000
82.20000
16.87000
71.81000
47.14000
71.46000
8.67000
3.48000
34.41000
38.89000
38.59000
43.81000
22.15000
34.07000
15.44000
67.95000
16.64000
87.78000
30.98000
73.15000
87.79000
20.73000
84.21000
47.96000
49.75000
26.42000
39.53000
31.97000
52.31000
27.66000
72.26000
66.32000
36.46000
23.03000
25.16000
45.19000
80.84000
37.44000
51.91000
62.30000
55.27000
72.57000
72.58000
64.45000
83.25000
48.97000
85.33000
4.59000
21.25000
82.58000
7.04000
56.19000
6.47000
59.19000
21.30000
46.02000
9.30000
68.66000
25.00000
83.28000
88.26000
78.65000
77.45000
31.23000
43.56000
83.11000
53.89000
51.65000
60.60000
52.81000
90.98000
60.38000
66.43000
83.80000
42.28000
73.82000
76.27000
50.92000
22.81000
48.19000
98.38000
83.08000
37.33000
15.22000
4.79000
84.54000
26.69000
51.54000
7.63000
18.66000
20.14000
88.45000
24.68000
46.44000
10.47000
58.81000
61.90000
8.72000
53.90000
45.52000
64.89000
69.60000
22.58000
34.03000
67.45000
72.99000
50.06000
60.84000
43.04000
87.10000
85.84000
65.00000
53.28000
57.94000
30.91000
97.94000
94.67000
19.41000
4.80000
46.69000
27.29000
4.77000
73.22000
12.62000
62.25000
17.63000
13.95000
47.69000
64.73000
92.15000
14.69000
7.41000
87.08000
41.33000
29.58000
95.35000
22.32000
1.41000
26.65000
21.59000
49.65000
85.48000
37.38000
42.31000
89.94000
36.89000
8.16000
19.20000
53.22000
07.18000
08.81000
05.88000
06.88000
07.74000
07.15000
08.79000
07.23000
05.53000
08.70000
08.52000
06.40000
07.32000
08.98000
06.69000
05.71000
08.99000
09.53000
07.85000
06.30000
08.09000
05.40000
06.91000
06.52000
06.29000
07.68000
06.68000
09.53000
06.91000
05.94000
05.36000
05.73000
07.41000
05.78000
09.05000
06.05000
08.74000
07.67000
05.20000
06.68000
07.76000
09.52000
06.77000
06.35000
08.29000
09.12000
07.78000
05.85000
05.03000
06.19000
05.33000
08.24000
06.86000
06.52000
09.42000
06.35000
09.29000
09.36000
05.44000
05.28000
06.95000
05.01000
06.67000
09.89000
06.14000
07.27000
06.78000
07.31000
07.29000
05.98000
06.43000
05.42000
05.26000
07.90000
07.55000
06.91000
08.05000
07.39000
05.12000
05.80000
08.16000
08.22000
06.31000
09.61000
08.29000
09.36000
08.69000
08.11000
05.28000
05.77000
07.74000
05.85000
07.58000
05.96000
09.31000
09.65000
07.82000
09.43000
07.14000
06.09000
05.26000
09.21000
05.38000
09.01000
08.29000
07.27000
08.31000
05.01000
09.73000
06.08000
09.37000
05.09000
08.46000
09.22000
07.14000
09.99000
06.90000
06.36000
09.28000
08.95000
05.72000
05.68000
08.83000
08.47000
09.72000
06.38000
06.73000
09.82000
05.33000
06.17000
09.30000
06.52000
08.14000
08.78000
05.76000
06.89000
05.38000
06.45000
05.72000
06.47000
09.31000
07.22000
07.82000
06.72000
06.37000
05.04000
08.32000
09.98000
05.10000
09.71000
07.38000
09.56000
07.49000
05.10000
08.12000
06.40000
07.18000
08.61000
09.04000
08.73000
06.93000
08.66000
06.57000
09.53000
06.15000
07.19000
07.48000
09.05000
08.40000
07.13000
06.46000
07.31000
08.87000
09.95000
08.60000
09.72000
05.25000
06.33000
06.99000
08.69000
05.69000
08.87000
08.34000
06.61000
05.34000
09.82000
06.64000
06.40000
09.17000
07.28000
05.50000
05.72000
08.77000
07.86000
08.89000
09.52000
09.89000
09.21000
08.68000
07.49000
09.90000
07.47000
07.14000
06.62000
05.33000
09.82000
09.42000
08.64000
09.33000
06.92000
09.43000
06.23000
09.35000
08.07000
09.13000
05.31000
09.41000
07.90000
09.59000
06.24000
07.79000
06.76000
06.98000
08.65000
07.42000
06.98000
05.35000
06.93000
07.87000
09.39000
09.16000
07.73000
07.85000
05.86000
05.74000
07.49000
07.70000
06.74000
07.83000
09.88000
06.92000
08.42000
06.06000
08.37000
06.63000
5
22
30
26
15
21
3
28
31
25
7
27
29
20
33
1
34
17
2
3
2
6
11
35
9
13
7
4
6
12
14
16
10
19
6
6
32
23
18
8
5
24
98.74287
