35
4
111.77000
191.34000
112.73000
196.11000
150.71000
124.81000
155.78000
120.03000
183.03000
149.33000
112.53000
105.30000
149.37000
105.52000
123.61000
192.55000
190.33000
133.99000
129.63000
122.41000
146.56000
175.38000
171.22000
135.49000
158.67000
170.31000
189.00000
172.42000
167.29000
159.40000
123.61000
173.83000
113.04000
183.29000
115.67000
142.82000
116.86000
157.92000
147.51000
168.68000
156.05000
145.81000
125.69000
185.00000
164.61000
106.96000
106.04000
157.40000
108.16000
107.01000
154.18000
151.50000
152.31000
111.57000
135.75000
132.93000
162.71000
186.27000
116.37000
167.31000
104.96000
196.74000
161.66000
120.27000
144.69000
108.60000
137.25000
157.44000
147.54000
187.48000
119.69000
107.20000
113.61000
172.36000
130.97000
101.01000
108.11000
141.97000
106.34000
169.06000
112.01000
181.12000
136.43000
101.98000
115.93000
180.46000
111.85000
190.40000
110.50000
130.61000
123.23000
124.93000
186.35000
122.18000
161.19000
196.20000
134.09000
145.81000
116.37000
194.85000
144.36000
192.13000
179.39000
111.48000
107.78000
138.01000
116.34000
105.36000
106.12000
146.20000
129.76000
187.49000
126.69000
181.18000
161.37000
104.21000
123.25000
158.56000
126.79000
171.16000
111.44000
193.97000
141.65000
103.95000
106.88000
103.04000
121.58000
118.20000
125.19000
101.39000
182.19000
129.55000
182.01000
104.65000
139.12000
153.63000
192.95000
128.44000
107.98000
106.04000
02.43000
02.83000
04.27000
02.34000
01.92000
03.22000
03.77000
04.38000
03.20000
01.70000
02.62000
04.06000
01.41000
01.37000
03.96000
04.51000
03.66000
01.37000
02.90000
04.84000
01.07000
04.81000
02.57000
04.18000
04.78000
02.84000
02.10000
01.66000
01.91000
02.56000
04.61000
04.41000
03.59000
03.11000
01.23000
02.14000
02.78000
01.94000
03.84000
04.51000
01.80000
01.37000
02.68000
01.03000
01.50000
01.01000
02.27000
03.82000
02.00000
04.98000
02.72000
01.00000
03.43000
01.41000
04.15000
04.71000
01.91000
02.42000
02.71000
03.06000
01.56000
04.14000
02.50000
04.18000
02.52000
02.69000
03.65000
04.19000
04.91000
02.20000
04.82000
04.05000
04.07000
02.87000
04.75000
02.33000
02.52000
04.56000
02.00000
04.70000
04.84000
02.90000
01.68000
04.29000
04.16000
03.02000
04.92000
02.22000
01.60000
02.04000
04.84000
03.61000
02.28000
01.09000
02.57000
01.60000
03.34000
01.29000
03.24000
01.30000
01.90000
03.77000
03.97000
03.84000
03.08000
02.78000
04.94000
01.37000
01.96000
01.40000
01.18000
03.62000
01.85000
01.80000
04.24000
02.72000
01.61000
02.12000
04.24000
04.78000
03.38000
04.47000
03.31000
03.95000
01.28000
02.99000
03.57000
02.34000
01.43000
03.78000
03.15000
02.08000
01.97000
05.00000
04.17000
01.29000
01.01000
04.74000
04.75000
02.11000
8
13
18
10
5
1
33
8
3
9
11
19
26
30
14
12
31
32
15
9
28
24
9
6
7
35
34
2
17
9
20
27
4
23
21
22
16
25
29
1114.43000
