35
4
174.80000
108.46000
182.62000
169.02000
178.44000
110.74000
104.83000
188.70000
129.38000
182.97000
144.65000
198.63000
168.22000
165.77000
142.69000
139.46000
135.61000
199.77000
139.58000
151.79000
172.17000
125.59000
175.95000
176.25000
118.51000
183.85000
192.43000
153.47000
115.27000
115.19000
129.63000
124.08000
103.07000
160.22000
128.18000
103.15000
179.63000
111.27000
143.64000
173.84000
100.57000
174.07000
146.14000
120.15000
101.03000
145.29000
110.96000
107.69000
146.63000
190.55000
103.75000
102.09000
103.00000
175.49000
190.11000
168.97000
135.76000
165.73000
135.67000
173.97000
110.54000
126.89000
106.07000
182.70000
192.96000
124.60000
166.92000
160.79000
148.64000
124.48000
100.26000
150.38000
112.62000
196.97000
177.52000
142.39000
143.79000
147.98000
185.27000
100.05000
100.77000
109.94000
114.14000
113.98000
174.18000
173.50000
154.75000
174.81000
154.65000
129.26000
197.72000
173.17000
132.80000
167.87000
133.70000
199.68000
199.25000
179.93000
153.29000
144.96000
144.63000
156.08000
147.12000
199.64000
159.57000
101.54000
108.99000
166.06000
162.84000
165.98000
168.70000
140.77000
178.53000
154.87000
169.26000
197.73000
142.87000
183.82000
126.29000
152.57000
171.49000
168.45000
155.42000
120.91000
180.03000
124.40000
172.26000
118.38000
184.09000
167.29000
192.45000
160.60000
199.31000
112.75000
131.61000
163.19000
141.32000
176.39000
105.37000
141.79000
04.58000
03.05000
04.72000
02.99000
02.55000
01.44000
04.97000
03.79000
03.86000
04.43000
04.11000
02.76000
03.61000
03.16000
01.26000
03.03000
04.94000
04.75000
03.54000
03.71000
02.96000
04.31000
02.09000
03.94000
04.82000
04.99000
04.03000
02.84000
01.62000
01.89000
04.48000
03.53000
04.50000
02.15000
02.57000
02.31000
03.72000
03.08000
04.91000
03.56000
01.19000
01.77000
01.08000
04.73000
02.11000
04.45000
02.78000
01.95000
02.61000
03.24000
02.12000
03.35000
02.82000
02.28000
03.24000
01.05000
02.87000
01.67000
02.24000
03.17000
02.87000
01.56000
03.27000
01.85000
02.96000
02.06000
02.45000
01.21000
03.25000
03.30000
01.89000
03.17000
04.06000
01.35000
04.16000
03.92000
04.35000
03.52000
03.77000
01.79000
02.56000
01.37000
01.85000
01.91000
03.79000
04.03000
03.51000
01.39000
01.17000
04.63000
01.89000
01.38000
03.83000
04.29000
02.12000
02.99000
04.89000
04.13000
01.30000
03.35000
01.49000
01.28000
04.58000
03.57000
02.73000
03.85000
04.58000
04.91000
04.04000
03.97000
03.52000
04.30000
04.76000
02.16000
02.55000
02.82000
04.64000
04.54000
03.81000
02.59000
01.81000
01.23000
01.41000
01.74000
02.39000
02.37000
01.49000
02.39000
04.50000
02.07000
02.17000
02.68000
02.28000
02.47000
01.58000
04.72000
01.84000
01.69000
01.83000
02.64000
9
15
6
29
30
2
32
22
33
7
9
8
27
24
16
26
18
28
17
9
9
31
12
25
13
14
10
11
20
3
8
19
34
35
21
23
5
4
1
1141.89200
