35
4
121.68000
154.14000
179.46000
144.34000
134.60000
125.08000
129.69000
151.43000
132.31000
103.46000
135.04000
186.27000
155.44000
129.91000
136.10000
189.49000
144.61000
145.06000
173.53000
101.72000
140.44000
189.54000
187.93000
163.59000
183.56000
103.95000
119.93000
115.71000
114.60000
128.94000
110.16000
198.72000
174.18000
105.13000
199.24000
148.54000
164.25000
106.22000
195.01000
102.73000
103.06000
121.26000
184.13000
170.03000
158.90000
182.23000
173.08000
116.06000
197.37000
154.74000
127.48000
106.46000
184.11000
104.42000
112.96000
106.84000
184.74000
196.91000
195.15000
182.83000
164.89000
197.81000
139.66000
100.06000
190.18000
172.77000
112.13000
124.14000
126.23000
187.39000
119.69000
172.91000
178.09000
120.23000
148.41000
125.76000
179.48000
150.83000
145.13000
181.76000
144.18000
129.89000
100.46000
131.53000
162.80000
148.03000
105.03000
165.70000
125.98000
195.88000
149.48000
174.90000
124.35000
164.08000
124.42000
149.75000
148.51000
143.23000
120.47000
180.87000
189.11000
123.97000
128.27000
158.88000
136.77000
174.84000
160.20000
153.77000
120.64000
102.47000
167.47000
160.41000
152.64000
192.04000
153.09000
186.81000
170.79000
159.17000
132.68000
148.58000
190.72000
119.49000
121.86000
161.36000
128.06000
188.63000
136.27000
140.76000
198.44000
182.20000
191.52000
102.41000
117.47000
115.84000
103.24000
161.94000
100.78000
105.16000
187.05000
134.96000
07.24000
09.26000
07.43000
07.24000
08.32000
06.95000
08.54000
05.13000
07.93000
09.77000
07.63000
05.11000
09.98000
06.64000
08.61000
06.08000
08.38000
06.44000
05.39000
06.95000
07.02000
08.10000
06.87000
06.63000
09.82000
05.52000
06.97000
09.02000
05.68000
07.60000
09.57000
08.02000
08.51000
08.26000
08.60000
08.07000
07.70000
09.10000
06.67000
07.10000
06.85000
09.62000
08.90000
05.42000
09.70000
09.51000
07.40000
08.17000
06.40000
08.92000
07.33000
05.52000
07.11000
08.00000
08.86000
07.62000
06.98000
06.91000
07.13000
09.63000
06.18000
05.81000
07.29000
06.70000
09.86000
09.85000
09.52000
09.00000
08.17000
09.18000
07.38000
07.26000
05.68000
07.38000
07.50000
09.07000
05.52000
08.15000
08.67000
06.66000
07.11000
07.90000
07.29000
06.43000
06.87000
08.04000
09.78000
09.79000
06.19000
09.97000
07.53000
08.15000
06.48000
05.11000
06.97000
07.91000
09.16000
09.85000
09.48000
05.47000
05.62000
05.60000
06.49000
07.26000
07.27000
05.19000
08.16000
06.85000
09.00000
05.86000
09.70000
06.29000
07.45000
08.49000
05.73000
09.02000
09.23000
05.73000
08.92000
07.70000
06.99000
05.25000
06.92000
09.97000
08.40000
09.69000
07.38000
08.50000
06.09000
06.72000
07.97000
05.94000
07.74000
08.99000
06.34000
09.95000
05.99000
09.16000
05.15000
08.19000
9
8
14
26
1
7
20
34
31
10
9
2
17
16
6
29
13
21
19
3
8
24
11
23
35
25
9
12
4
9
15
22
5
18
27
32
30
28
33
1391.19200
