35
4
143.81000
165.01000
184.48000
103.63000
112.95000
141.97000
109.30000
172.60000
178.60000
113.10000
150.94000
106.04000
181.38000
119.01000
150.02000
144.58000
161.93000
100.34000
147.18000
128.86000
160.85000
197.71000
183.03000
199.48000
118.79000
151.75000
198.21000
197.08000
176.36000
103.07000
133.33000
162.29000
174.19000
192.31000
129.02000
120.65000
181.88000
118.14000
142.18000
168.32000
162.41000
191.89000
175.76000
134.56000
140.43000
167.03000
139.62000
185.01000
181.55000
109.19000
199.42000
185.29000
151.42000
183.99000
120.76000
101.02000
115.64000
157.06000
169.27000
197.83000
139.85000
194.02000
110.58000
141.34000
189.67000
160.50000
110.32000
197.19000
130.72000
122.11000
125.26000
109.97000
185.65000
166.99000
182.76000
125.77000
102.92000
185.15000
157.47000
168.95000
182.72000
125.99000
140.02000
130.12000
115.67000
180.14000
121.03000
199.90000
192.40000
138.22000
191.12000
168.93000
103.52000
190.86000
140.93000
127.83000
139.67000
128.67000
161.08000
167.22000
191.47000
142.29000
142.19000
177.72000
149.54000
133.83000
199.44000
124.39000
140.95000
107.96000
160.83000
161.52000
148.55000
187.00000
118.54000
111.37000
110.27000
186.58000
188.19000
189.57000
141.75000
122.31000
185.40000
111.74000
158.60000
109.82000
125.80000
193.50000
176.45000
164.74000
125.01000
150.48000
110.93000
102.69000
198.66000
198.31000
177.66000
139.30000
162.37000
152.60000
09.57000
05.38000
09.04000
07.82000
05.65000
05.61000
07.40000
09.87000
08.51000
07.96000
09.48000
08.49000
07.05000
06.34000
09.20000
07.60000
05.17000
09.65000
05.45000
06.10000
06.79000
06.82000
07.16000
07.90000
05.80000
06.73000
08.21000
06.91000
06.12000
08.30000
07.52000
07.02000
06.65000
05.43000
09.00000
08.04000
09.82000
08.56000
09.82000
08.98000
08.65000
06.21000
06.32000
08.39000
09.11000
09.91000
09.52000
06.42000
06.34000
09.81000
09.59000
08.22000
05.52000
06.06000
06.67000
08.96000
06.80000
08.82000
05.93000
08.78000
05.33000
08.25000
07.51000
07.85000
06.26000
09.50000
06.59000
06.32000
09.76000
07.72000
08.56000
09.57000
05.77000
07.45000
07.79000
05.38000
06.67000
08.53000
05.70000
08.32000
09.43000
07.45000
08.68000
09.82000
05.48000
05.62000
08.14000
06.28000
06.21000
09.46000
05.48000
09.10000
08.02000
05.37000
07.12000
09.69000
07.34000
09.74000
09.46000
09.45000
05.55000
09.00000
08.91000
09.80000
09.08000
09.43000
08.09000
07.31000
09.74000
09.06000
07.45000
08.12000
07.79000
09.20000
08.61000
08.27000
08.97000
07.52000
09.22000
05.41000
05.94000
06.66000
06.96000
07.22000
06.35000
09.29000
09.46000
06.33000
07.86000
08.05000
09.39000
05.41000
08.13000
05.61000
09.41000
07.11000
09.81000
09.62000
07.17000
09.09000
9
33
20
25
5
14
31
4
30
18
8
13
24
8
26
22
32
35
34
9
9
6
15
12
7
17
1
23
2
9
27
16
29
3
19
10
28
11
21
1422.94400
