35
10
179.28000
103.80000
187.63000
114.74000
130.97000
120.48000
107.40000
182.37000
154.09000
125.88000
197.25000
190.49000
102.17000
179.77000
123.19000
111.35000
153.73000
166.92000
176.24000
142.23000
112.27000
197.10000
172.41000
105.39000
106.32000
105.06000
152.71000
148.10000
189.38000
150.58000
183.17000
142.62000
139.98000
118.42000
154.80000
100.24000
144.19000
163.30000
175.98000
156.98000
126.49000
164.14000
148.12000
119.20000
169.82000
158.15000
147.12000
168.53000
112.09000
139.47000
123.37000
111.62000
116.18000
127.24000
152.27000
180.11000
169.98000
165.60000
134.20000
130.63000
186.39000
123.69000
194.56000
144.83000
103.29000
195.66000
183.73000
129.35000
183.57000
100.64000
184.26000
189.47000
143.72000
175.23000
119.36000
120.15000
156.92000
195.78000
166.23000
162.71000
171.16000
120.59000
159.64000
158.15000
133.69000
103.17000
159.36000
172.49000
116.79000
122.03000
150.15000
196.76000
117.71000
180.70000
141.78000
146.95000
158.73000
107.68000
169.00000
164.10000
187.11000
156.49000
191.60000
114.21000
175.11000
149.32000
182.83000
111.54000
152.01000
184.96000
169.33000
181.35000
178.60000
189.05000
125.17000
122.95000
105.98000
174.50000
119.50000
161.72000
115.78000
179.20000
146.45000
148.06000
114.66000
166.02000
125.16000
157.35000
134.24000
122.88000
199.78000
189.99000
131.18000
162.65000
139.44000
171.37000
187.10000
123.23000
138.29000
151.87000
165.15000
145.84000
168.52000
144.71000
163.38000
117.51000
155.64000
158.44000
140.28000
175.76000
151.32000
141.77000
111.86000
142.85000
184.06000
129.45000
119.14000
166.05000
107.39000
181.24000
128.14000
117.63000
199.81000
181.92000
129.87000
194.85000
164.85000
141.24000
140.34000
119.97000
131.01000
193.98000
100.58000
140.27000
151.83000
129.37000
167.95000
150.80000
144.17000
111.30000
151.46000
164.03000
137.54000
163.74000
176.67000
116.72000
119.69000
130.84000
143.98000
165.51000
103.50000
181.73000
178.77000
192.04000
126.87000
110.56000
131.44000
102.95000
152.69000
136.46000
177.38000
129.89000
168.84000
103.58000
116.97000
129.48000
188.23000
181.06000
175.62000
183.38000
153.54000
112.01000
166.45000
175.75000
171.56000
109.85000
147.44000
143.64000
186.71000
145.53000
146.07000
173.00000
196.26000
122.58000
172.09000
179.86000
122.46000
169.51000
160.28000
105.24000
112.58000
139.83000
170.40000
115.14000
138.89000
112.06000
187.22000
100.58000
198.65000
189.72000
120.49000
177.58000
114.13000
101.32000
104.99000
137.02000
163.90000
133.41000
138.08000
125.23000
161.04000
119.57000
196.89000
150.07000
161.31000
126.93000
171.53000
186.93000
196.35000
143.38000
106.13000
136.19000
122.80000
181.81000
169.84000
123.26000
122.30000
180.11000
156.80000
198.51000
101.50000
101.17000
186.14000
137.34000
192.03000
132.87000
102.02000
140.15000
150.54000
188.12000
131.87000
179.51000
120.94000
151.50000
159.56000
103.15000
111.45000
111.45000
179.40000
117.46000
155.24000
176.33000
169.89000
107.23000
143.32000
143.41000
134.56000
182.20000
191.71000
134.97000
101.93000
177.15000
141.43000
198.26000
125.49000
151.85000
158.48000
105.55000
183.79000
191.05000
133.89000
154.11000
180.32000
104.53000
183.67000
126.87000
106.99000
122.73000
194.47000
180.17000
164.46000
172.67000
109.96000
125.28000
100.55000
164.61000
132.38000
168.84000
178.15000
117.69000
137.13000
142.47000
185.15000
176.05000
124.60000
102.84000
134.44000
108.83000
120.19000
131.56000
163.92000
110.16000
174.27000
135.30000
136.46000
199.20000
162.25000
145.68000
139.97000
120.09000
05.20000
08.20000
07.80000
06.70000
08.35000
05.44000
09.64000
07.70000
08.60000
07.17000
08.79000
05.43000
07.92000
09.44000
05.33000
09.06000
09.52000
09.54000
05.62000
09.01000
07.90000
05.99000
07.26000
06.92000
08.75000
08.59000
09.08000
05.71000
09.07000
08.37000
06.20000
09.55000
07.07000
07.61000
09.95000
07.20000
08.24000
07.39000
09.72000
06.82000
08.47000
05.55000
09.14000
05.93000
09.87000
05.05000
09.84000
07.28000
06.74000
06.76000
09.27000
09.89000
09.65000
07.82000
06.11000
08.99000
05.41000
06.60000
05.31000
06.11000
07.09000
07.74000
08.06000
08.98000
09.02000
07.10000
06.80000
06.62000
06.74000
06.83000
07.13000
07.50000
05.07000
05.91000
05.03000
06.14000
07.66000
09.98000
08.98000
05.82000
07.91000
06.22000
08.76000
05.38000
08.73000
06.61000
05.41000
09.91000
09.28000
09.38000
06.21000
05.77000
09.97000
08.98000
09.70000
05.55000
07.45000
06.15000
05.66000
08.10000
09.65000
07.85000
05.13000
08.52000
05.71000
06.39000
09.24000
08.78000
05.31000
09.56000
05.49000
09.48000
05.71000
07.78000
06.65000
09.73000
06.29000
09.11000
07.35000
05.72000
09.82000
07.86000
08.47000
09.88000
05.31000
09.61000
07.14000
05.91000
08.00000
06.16000
06.73000
08.76000
09.41000
05.59000
06.88000
09.60000
07.27000
07.22000
08.46000
05.89000
06.44000
07.77000
06.42000
05.97000
08.39000
05.03000
08.94000
08.33000
06.35000
07.12000
08.00000
08.06000
07.92000
05.69000
09.30000
09.95000
06.95000
08.66000
09.83000
05.04000
08.53000
05.19000
07.81000
05.61000
09.02000
05.68000
07.70000
05.19000
06.01000
06.80000
05.24000
08.57000
08.35000
06.46000
07.40000
09.86000
07.52000
06.06000
08.35000
07.73000
07.10000
09.39000
09.12000
05.33000
05.75000
07.12000
06.88000
06.06000
08.39000
05.74000
09.70000
09.52000
06.23000
08.02000
06.90000
06.61000
06.69000
07.95000
09.05000
09.45000
08.48000
05.79000
07.96000
06.41000
06.53000
08.04000
06.70000
07.14000
07.03000
07.46000
09.95000
09.72000
07.76000
05.57000
08.70000
09.07000
08.47000
08.32000
05.69000
05.56000
09.35000
09.66000
06.33000
08.65000
08.92000
07.19000
07.29000
09.08000
06.99000
09.76000
06.47000
08.81000
09.58000
07.46000
08.04000
06.07000
08.97000
06.64000
07.40000
05.32000
08.71000
09.90000
06.21000
07.30000
08.58000
07.17000
07.47000
05.45000
05.05000
06.99000
09.15000
08.23000
07.64000
06.63000
05.68000
08.15000
08.17000
09.78000
07.30000
07.01000
05.02000
06.38000
05.53000
07.90000
07.81000
07.62000
08.11000
05.11000
07.43000
05.95000
09.04000
09.22000
06.00000
05.05000
08.59000
07.05000
06.90000
09.87000
08.26000
06.66000
06.87000
06.17000
08.14000
08.79000
05.18000
08.92000
05.94000
07.50000
07.48000
05.88000
08.55000
08.28000
07.00000
09.33000
07.34000
06.54000
08.20000
07.82000
09.89000
08.95000
06.82000
06.12000
05.05000
08.40000
09.81000
05.27000
07.93000
09.07000
05.41000
07.56000
09.86000
06.36000
08.08000
06.52000
08.46000
09.21000
07.71000
06.51000
05.37000
08.40000
05.73000
06.37000
07.35000
09.14000
07.28000
05.24000
08.60000
05.43000
07.91000
05.25000
07.81000
07.51000
09.44000
09.78000
09.93000
06.90000
09.94000
08.46000
06.15000
06.34000
08.73000
07.17000
08.90000
09.85000
06.37000
08.04000
06.88000
07.67000
09.67000
09.45000
4
24
13
2
25
4
14
35
1
30
3
15
20
19
3
22
12
3
3
9
7
33
4
29
5
23
16
3
4
11
6
4
18
32
26
27
4
34
21
8
28
3
31
17
10
472.65770
