35
7
49.59000
95.24000
89.02000
16.66000
84.78000
66.89000
26.47000
62.89000
17.44000
2.70000
69.13000
20.57000
19.03000
69.89000
67.49000
26.76000
52.19000
16.46000
34.46000
71.53000
19.23000
12.71000
95.86000
47.53000
9.61000
7.75000
44.94000
96.44000
52.49000
75.96000
84.88000
64.49000
67.19000
70.53000
86.27000
63.73000
92.37000
29.43000
85.38000
45.41000
16.49000
5.47000
7.92000
35.56000
29.61000
28.15000
89.52000
92.34000
52.59000
38.82000
78.57000
77.45000
94.47000
54.66000
83.89000
2.63000
4.97000
20.12000
30.21000
79.17000
18.96000
54.45000
4.69000
74.42000
14.01000
6.21000
9.42000
54.26000
54.83000
96.74000
66.90000
3.40000
18.46000
6.21000
55.07000
43.57000
99.71000
15.07000
85.47000
33.91000
22.16000
60.22000
87.48000
54.24000
50.09000
55.19000
4.38000
86.91000
40.95000
88.28000
40.90000
66.32000
88.85000
76.11000
19.68000
27.43000
79.08000
11.10000
24.78000
56.22000
34.61000
10.96000
55.20000
42.25000
66.56000
18.80000
70.17000
43.76000
92.76000
2.77000
9.30000
81.13000
91.95000
60.50000
59.98000
16.55000
37.24000
51.36000
49.48000
50.51000
41.32000
59.03000
17.02000
88.01000
8.02000
44.99000
65.21000
85.11000
77.89000
96.01000
13.60000
98.42000
83.61000
77.64000
42.17000
37.59000
94.56000
79.76000
47.81000
11.82000
34.64000
14.40000
51.60000
93.95000
10.94000
21.04000
83.03000
54.84000
72.50000
32.31000
54.02000
65.87000
42.76000
77.74000
85.74000
52.16000
80.79000
15.18000
16.32000
39.38000
37.85000
75.24000
44.28000
5.25000
1.87000
19.85000
85.07000
28.03000
49.96000
82.74000
18.58000
39.03000
99.89000
28.93000
35.59000
8.14000
86.51000
73.29000
84.27000
87.83000
87.38000
87.70000
39.98000
84.19000
46.39000
43.81000
16.93000
90.96000
31.36000
42.31000
34.22000
54.92000
49.79000
12.17000
25.87000
23.38000
98.33000
57.20000
88.32000
94.73000
14.33000
10.46000
34.92000
71.88000
20.28000
77.85000
39.46000
6.78000
80.38000
95.53000
79.51000
11.07000
76.80000
61.26000
68.03000
83.02000
67.25000
56.20000
64.60000
16.44000
43.39000
35.07000
21.81000
25.72000
20.46000
70.73000
54.64000
79.30000
52.34000
64.33000
94.02000
48.15000
83.12000
91.81000
35.30000
52.30000
95.52000
57.39000
84.74000
15.32000
61.47000
40.13000
17.03000
10.85000
90.56000
06.73000
07.10000
07.16000
08.73000
07.97000
06.97000
06.68000
07.97000
08.57000
05.47000
07.84000
07.57000
05.06000
09.77000
05.79000
09.27000
05.59000
05.55000
06.08000
07.09000
07.46000
09.50000
07.14000
09.77000
09.63000
06.84000
07.79000
08.37000
05.17000
08.80000
09.75000
08.66000
08.81000
05.12000
05.13000
08.24000
08.17000
08.54000
09.30000
05.14000
09.83000
07.58000
07.17000
05.22000
06.83000
07.77000
08.53000
07.15000
08.67000
05.48000
08.98000
09.39000
06.47000
05.60000
09.55000
07.67000
05.51000
09.07000
09.14000
07.47000
07.69000
05.30000
07.04000
06.53000
09.07000
09.74000
05.43000
07.39000
07.35000
06.37000
06.84000
08.62000
07.59000
06.34000
05.79000
09.00000
09.04000
05.26000
08.42000
06.39000
08.37000
06.88000
07.92000
06.19000
08.06000
06.81000
05.41000
08.57000
07.18000
09.17000
07.34000
05.97000
09.00000
09.08000
08.10000
05.60000
08.37000
05.21000
07.45000
06.93000
09.34000
07.21000
08.05000
09.19000
07.55000
07.12000
07.46000
06.55000
09.87000
08.95000
09.94000
09.70000
07.35000
05.31000
05.59000
07.75000
06.82000
05.00000
08.08000
07.83000
08.71000
07.85000
08.98000
06.83000
05.09000
07.19000
05.24000
08.89000
07.16000
07.38000
06.70000
07.96000
07.79000
06.29000
08.59000
05.21000
08.95000
07.79000
09.04000
06.60000
07.92000
07.85000
06.71000
05.80000
06.12000
06.09000
06.29000
07.89000
07.74000
09.33000
05.11000
06.83000
07.02000
05.60000
07.30000
06.47000
07.36000
08.94000
09.90000
05.43000
08.79000
06.89000
05.32000
09.57000
05.50000
08.05000
08.87000
09.55000
08.30000
09.48000
06.25000
08.26000
07.15000
09.30000
06.07000
06.93000
05.63000
06.81000
08.50000
06.40000
08.71000
08.71000
05.65000
05.46000
09.46000
05.15000
09.66000
07.39000
05.10000
08.38000
05.13000
07.76000
07.00000
06.64000
09.57000
06.90000
08.17000
06.72000
05.85000
07.41000
05.75000
06.41000
09.77000
06.64000
08.53000
07.01000
07.49000
09.22000
09.43000
05.84000
07.33000
06.63000
07.98000
09.32000
08.02000
09.62000
06.24000
09.02000
05.07000
05.55000
07.98000
06.85000
08.16000
09.45000
08.42000
09.29000
07.37000
08.58000
06.88000
08.80000
05.67000
05.01000
09.33000
06.39000
06.41000
08.04000
05.89000
09.05000
05.84000
06.75000
08.33000
07.32000
05.60000
07.50000
07.52000
4
13
16
9
10
8
32
30
8
22
7
28
31
21
5
29
3
4
17
2
6
11
26
35
20
6
5
4
23
18
24
25
5
19
12
27
1
33
3
14
15
34
71.22268
