35
7
189.02000
113.16000
125.48000
185.60000
156.91000
119.08000
137.16000
184.13000
138.97000
106.84000
133.59000
111.06000
195.50000
185.58000
132.11000
176.30000
138.38000
103.47000
176.61000
103.82000
181.03000
197.78000
187.56000
181.66000
188.44000
144.83000
111.97000
111.92000
127.16000
109.99000
173.43000
160.75000
115.31000
197.71000
122.09000
120.83000
139.31000
157.17000
140.46000
152.02000
163.64000
177.77000
131.08000
176.41000
165.13000
176.78000
167.89000
136.71000
125.96000
110.22000
140.09000
139.72000
179.87000
173.16000
163.44000
106.27000
162.16000
149.72000
130.30000
121.29000
159.71000
163.09000
159.54000
183.74000
160.92000
125.54000
146.64000
156.67000
105.81000
188.39000
116.41000
143.93000
116.90000
196.80000
179.11000
101.86000
142.00000
146.71000
171.15000
119.87000
113.51000
127.88000
177.05000
137.56000
135.47000
143.18000
157.89000
158.60000
163.50000
134.55000
101.31000
100.72000
154.78000
133.00000
171.53000
145.69000
118.04000
108.61000
159.32000
189.37000
163.59000
120.50000
132.00000
191.66000
153.29000
110.38000
158.89000
175.24000
117.49000
112.12000
130.92000
158.92000
175.21000
193.50000
134.33000
125.83000
154.82000
115.21000
125.52000
112.44000
182.25000
127.01000
137.46000
119.30000
134.98000
117.73000
129.66000
160.99000
192.07000
165.23000
138.21000
116.19000
184.14000
186.46000
125.75000
177.61000
143.36000
187.43000
131.49000
102.05000
109.50000
103.80000
137.75000
176.09000
161.79000
108.20000
110.31000
172.04000
171.46000
110.70000
122.56000
130.63000
184.76000
118.86000
102.76000
185.18000
149.49000
129.32000
155.76000
133.12000
165.01000
177.76000
112.95000
185.92000
132.26000
188.96000
182.28000
119.12000
103.72000
126.71000
198.29000
122.31000
133.44000
143.92000
172.04000
132.65000
150.54000
187.18000
104.94000
132.80000
195.50000
115.13000
156.75000
115.06000
163.96000
115.89000
162.79000
195.58000
124.03000
143.90000
123.22000
104.60000
145.40000
142.66000
114.74000
136.40000
149.30000
194.74000
140.63000
199.33000
158.53000
171.78000
180.71000
165.80000
147.47000
184.46000
141.39000
122.29000
192.03000
132.54000
169.75000
103.75000
163.61000
128.08000
137.43000
156.70000
189.32000
187.99000
134.69000
186.79000
110.90000
151.66000
106.99000
107.03000
118.34000
120.41000
126.35000
144.54000
103.18000
184.62000
141.36000
190.47000
108.54000
173.74000
127.15000
150.05000
179.10000
106.26000
135.44000
192.57000
111.10000
139.76000
144.51000
101.37000
102.34000
07.11000
05.04000
05.53000
07.73000
05.51000
08.15000
07.40000
06.66000
08.74000
05.30000
07.26000
06.42000
05.24000
07.64000
05.01000
08.01000
05.75000
05.43000
06.57000
05.33000
05.75000
05.59000
06.36000
07.69000
07.99000
09.17000
09.83000
07.26000
09.98000
08.85000
05.95000
06.62000
06.51000
06.48000
09.69000
08.20000
08.15000
05.26000
07.41000
05.76000
05.42000
09.76000
07.28000
06.91000
08.08000
08.82000
05.93000
07.75000
06.29000
06.55000
07.47000
09.77000
07.48000
06.18000
07.04000
07.34000
08.88000
07.59000
08.29000
05.21000
09.94000
09.81000
05.88000
06.04000
09.90000
08.50000
08.00000
07.88000
05.26000
08.45000
07.85000
06.95000
07.90000
06.45000
08.55000
06.59000
07.40000
05.14000
08.06000
09.79000
06.90000
05.48000
06.18000
08.12000
08.28000
09.52000
06.27000
08.53000
05.71000
08.48000
07.67000
05.85000
08.10000
05.20000
08.26000
05.32000
06.64000
06.68000
06.92000
05.07000
07.30000
06.54000
06.04000
08.60000
08.28000
05.92000
06.39000
09.78000
07.02000
06.60000
05.53000
06.65000
08.97000
09.17000
08.17000
08.61000
09.60000
07.01000
08.35000
07.69000
07.50000
05.17000
08.62000
06.32000
08.56000
07.82000
07.55000
09.80000
08.42000
05.78000
07.23000
08.83000
09.99000
09.01000
05.77000
07.01000
05.94000
09.11000
09.78000
08.31000
06.73000
06.07000
07.28000
07.49000
07.39000
09.95000
06.19000
08.61000
08.89000
07.94000
07.35000
07.91000
06.81000
06.41000
09.01000
07.90000
06.46000
08.36000
07.97000
06.46000
05.45000
05.95000
06.99000
09.37000
06.13000
07.95000
07.40000
07.79000
08.14000
07.29000
06.51000
05.80000
05.85000
08.55000
05.16000
05.62000
08.06000
08.04000
07.73000
07.13000
07.16000
06.98000
09.60000
06.40000
07.19000
08.83000
06.53000
08.51000
05.43000
07.91000
06.01000
06.42000
08.94000
05.22000
09.03000
08.49000
07.01000
05.85000
07.59000
05.97000
08.74000
06.57000
07.23000
05.50000
05.46000
08.26000
09.49000
06.61000
08.30000
08.48000
07.58000
07.32000
06.40000
06.69000
06.20000
07.00000
05.73000
09.43000
06.10000
05.19000
05.14000
05.44000
07.93000
07.44000
08.62000
07.01000
08.42000
07.17000
09.94000
08.09000
07.75000
08.22000
05.14000
06.76000
07.18000
07.30000
05.01000
07.75000
06.43000
06.51000
07.62000
09.92000
06.27000
05.86000
05.80000
5
10
20
18
12
26
5
25
34
8
15
21
5
24
27
22
6
3
5
30
1
5
13
35
5
32
7
2
28
29
5
14
33
9
17
4
5
11
23
16
31
19
647.82060
