35
10
68.28000
13.86000
89.15000
60.78000
62.84000
29.22000
41.60000
9.31000
66.84000
6.15000
20.68000
88.22000
71.38000
40.95000
29.89000
10.17000
92.32000
56.66000
97.45000
7.59000
71.25000
1.08000
78.34000
40.65000
73.53000
44.74000
50.29000
94.25000
90.28000
85.95000
16.79000
79.07000
38.34000
47.74000
6.07000
61.84000
14.36000
61.52000
45.79000
47.96000
29.78000
95.45000
84.71000
81.84000
58.26000
35.02000
71.92000
83.44000
75.44000
10.57000
94.41000
96.45000
81.70000
78.16000
65.96000
90.32000
3.17000
21.62000
24.08000
59.26000
87.75000
45.52000
31.03000
22.21000
14.07000
82.19000
74.82000
22.87000
79.52000
88.70000
4.83000
92.84000
89.83000
25.86000
95.86000
17.61000
97.60000
44.53000
84.65000
22.77000
11.05000
55.61000
42.75000
87.05000
13.13000
50.22000
66.46000
15.94000
14.48000
44.20000
78.82000
35.67000
49.53000
78.17000
27.61000
1.21000
78.45000
19.47000
83.38000
89.30000
86.15000
57.22000
45.43000
6.42000
82.31000
44.29000
29.57000
16.23000
39.80000
35.37000
99.00000
80.88000
94.29000
59.23000
62.85000
51.67000
43.41000
66.75000
26.72000
89.84000
5.10000
33.58000
21.91000
84.42000
23.07000
59.10000
5.51000
48.17000
66.75000
69.45000
58.34000
18.59000
31.37000
15.51000
87.97000
57.95000
34.85000
70.93000
26.73000
55.26000
75.85000
7.80000
11.71000
73.27000
66.13000
25.69000
51.61000
37.19000
17.31000
46.33000
1.56000
5.61000
81.37000
29.91000
25.92000
50.07000
39.04000
60.33000
16.78000
68.87000
91.80000
48.27000
89.00000
84.05000
69.89000
28.14000
85.18000
43.40000
26.27000
59.12000
70.69000
18.48000
38.68000
27.11000
36.63000
71.34000
38.82000
1.91000
91.76000
25.06000
83.19000
37.19000
77.36000
84.75000
16.29000
17.74000
66.34000
34.22000
73.63000
36.78000
9.60000
78.07000
20.47000
14.26000
80.77000
49.60000
42.82000
92.87000
82.24000
4.90000
54.44000
44.06000
39.15000
24.78000
92.86000
60.03000
1.38000
16.83000
22.32000
60.73000
57.16000
33.91000
43.05000
39.83000
11.31000
76.88000
19.60000
30.24000
90.03000
71.27000
60.60000
14.02000
30.75000
57.70000
14.83000
44.17000
90.63000
2.50000
52.84000
99.42000
56.59000
94.80000
72.92000
84.24000
37.30000
53.45000
97.12000
26.86000
67.18000
18.05000
73.22000
79.27000
7.39000
53.95000
72.78000
18.84000
56.12000
42.35000
32.58000
71.16000
7.59000
30.28000
36.89000
19.55000
78.76000
66.07000
43.52000
74.78000
41.07000
75.87000
34.31000
76.35000
86.72000
10.54000
15.82000
86.54000
36.66000
43.74000
19.37000
93.35000
33.60000
76.85000
2.05000
10.54000
46.98000
36.01000
44.68000
73.63000
71.00000
70.10000
31.75000
12.55000
14.12000
98.93000
34.86000
14.50000
13.19000
62.86000
55.52000
66.58000
9.91000
10.61000
10.59000
91.84000
32.48000
75.58000
39.67000
38.07000
34.91000
19.95000
10.13000
75.81000
94.92000
26.64000
12.05000
4.36000
17.98000
6.32000
61.31000
43.76000
30.34000
92.39000
99.51000
42.80000
85.96000
51.99000
52.26000
8.26000
49.02000
28.33000
58.38000
78.23000
40.94000
26.52000
82.59000
89.81000
48.04000
90.26000
26.27000
99.08000
83.08000
90.01000
13.56000
87.85000
84.59000
19.96000
94.35000
62.72000
15.81000
97.06000
46.26000
54.99000
62.77000
68.02000
67.70000
21.74000
40.22000
1.28000
84.79000
43.80000
04.43000
04.22000
02.17000
02.83000
02.19000
04.52000
04.16000
04.35000
01.05000
03.72000
01.16000
04.32000
02.10000
02.16000
04.77000
01.57000
03.41000
01.17000
03.56000
03.92000
04.06000
03.07000
03.09000
04.20000
04.13000
03.18000
01.97000
04.23000
04.70000
01.85000
03.75000
02.86000
03.84000
04.39000
01.02000
04.62000
03.08000
03.07000
01.95000
04.19000
04.65000
04.96000
02.80000
02.21000
04.89000
02.54000
02.17000
04.39000
02.75000
04.01000
01.51000
01.44000
02.18000
02.57000
03.28000
01.07000
04.14000
04.43000
02.92000
03.96000
02.58000
04.78000
04.89000
03.83000
04.45000
03.84000
02.65000
03.38000
01.71000
02.81000
03.23000
04.83000
02.60000
01.15000
01.11000
04.92000
03.69000
04.99000
01.62000
01.52000
02.47000
03.99000
04.11000
01.20000
04.75000
03.24000
04.90000
03.54000
01.37000
04.82000
01.31000
01.12000
04.16000
03.80000
03.68000
03.52000
01.94000
04.26000
03.33000
01.32000
04.54000
03.28000
04.59000
02.08000
02.79000
04.71000
02.89000
03.18000
03.50000
01.98000
01.23000
01.65000
03.77000
03.53000
04.62000
03.76000
01.07000
03.31000
04.25000
01.95000
01.09000
04.27000
04.34000
01.67000
02.54000
02.37000
02.08000
01.39000
01.13000
02.56000
03.68000
04.54000
01.54000
02.79000
04.34000
03.58000
01.50000
02.01000
04.27000
03.97000
02.24000
04.09000
01.60000
04.76000
01.14000
02.70000
01.61000
03.05000
03.03000
03.24000
02.77000
03.03000
01.49000
02.51000
01.17000
04.05000
03.10000
02.36000
01.87000
02.44000
03.42000
01.61000
02.97000
03.51000
03.05000
04.08000
03.53000
01.59000
03.56000
02.61000
03.63000
04.02000
03.53000
03.03000
04.36000
04.03000
04.32000
04.66000
03.41000
01.14000
02.01000
04.02000
02.35000
01.66000
01.44000
02.25000
01.12000
03.79000
02.05000
04.07000
01.69000
02.73000
04.31000
03.18000
03.01000
02.68000
01.67000
02.28000
01.02000
04.86000
04.58000
01.08000
04.68000
03.45000
04.49000
04.27000
03.95000
01.67000
01.85000
01.57000
01.90000
01.89000
01.59000
02.69000
02.99000
04.28000
01.10000
02.57000
03.23000
02.80000
03.04000
01.51000
02.45000
04.55000
01.74000
01.08000
01.48000
01.58000
04.55000
03.86000
02.14000
02.99000
03.77000
01.42000
03.26000
02.86000
04.75000
02.35000
04.68000
04.24000
01.81000
04.22000
03.21000
03.24000
02.27000
04.88000
04.92000
03.91000
01.43000
02.36000
03.18000
03.31000
01.41000
04.68000
03.18000
01.17000
01.36000
02.30000
04.63000
02.42000
03.48000
02.68000
04.23000
01.03000
02.98000
02.26000
03.67000
03.95000
04.05000
02.50000
01.67000
03.13000
03.90000
01.85000
01.93000
03.52000
04.74000
03.77000
01.15000
03.08000
01.38000
02.71000
04.41000
03.16000
03.35000
01.88000
01.99000
04.07000
01.44000
01.23000
02.12000
01.19000
01.74000
02.08000
01.35000
02.35000
03.31000
02.76000
01.28000
04.38000
02.24000
02.59000
04.48000
01.10000
03.60000
01.91000
02.53000
03.35000
01.48000
02.05000
04.00000
02.95000
02.95000
01.32000
02.48000
02.49000
03.47000
03.83000
02.18000
02.49000
01.42000
04.60000
03.97000
04.09000
01.43000
04.70000
04.18000
01.99000
03.44000
01.33000
01.25000
03.90000
04.43000
04.70000
02.63000
02.52000
02.33000
02.00000
04.78000
03.55000
04.09000
01.44000
01.16000
01.70000
01.69000
04.22000
02.21000
04.67000
04.06000
04.55000
4
35
31
8
20
3
23
30
22
4
4
34
1
26
2
17
16
4
14
2
12
11
5
10
19
25
3
32
4
7
15
33
18
4
29
9
6
28
3
27
13
21
2
5
24
45.63118
