35
7
39.30000
58.30000
13.36000
74.56000
89.33000
83.96000
26.11000
57.95000
58.35000
90.28000
47.25000
5.63000
42.02000
82.03000
74.21000
15.97000
75.68000
90.30000
19.36000
89.89000
84.83000
23.98000
56.48000
81.36000
33.65000
16.23000
76.27000
43.88000
73.49000
78.04000
32.86000
82.03000
97.39000
48.66000
92.29000
94.88000
68.59000
46.27000
66.00000
95.75000
92.15000
41.04000
75.72000
1.70000
56.07000
3.02000
27.03000
79.70000
3.41000
8.16000
13.27000
53.78000
15.91000
59.70000
42.70000
45.52000
65.50000
38.67000
88.01000
29.54000
63.74000
50.40000
36.81000
81.01000
10.41000
78.02000
38.13000
29.14000
42.93000
31.97000
75.91000
92.63000
14.64000
15.92000
97.57000
22.35000
75.74000
51.54000
22.86000
49.43000
55.25000
47.11000
76.62000
66.52000
42.63000
50.75000
52.10000
17.30000
67.05000
37.85000
53.47000
45.00000
47.82000
59.59000
50.31000
46.90000
41.93000
94.48000
26.16000
20.83000
95.54000
97.78000
27.94000
15.65000
95.50000
33.45000
38.86000
96.15000
55.74000
55.82000
32.65000
35.72000
8.00000
92.64000
76.74000
73.14000
11.41000
88.36000
95.87000
23.71000
3.84000
63.23000
78.18000
50.77000
60.86000
63.81000
25.76000
22.20000
49.19000
14.45000
4.12000
54.94000
72.23000
63.78000
92.66000
69.47000
24.54000
40.26000
38.24000
37.31000
63.69000
43.67000
16.52000
26.91000
97.91000
81.27000
18.60000
44.98000
79.58000
67.28000
75.33000
68.58000
3.83000
17.32000
9.35000
33.65000
52.94000
22.79000
3.72000
26.19000
51.87000
3.40000
57.43000
34.74000
12.76000
53.66000
34.88000
98.90000
85.42000
96.37000
12.41000
61.80000
12.82000
31.12000
30.77000
37.66000
80.13000
50.09000
94.35000
29.18000
71.92000
32.34000
29.50000
83.02000
10.89000
2.15000
79.33000
56.24000
37.54000
46.30000
63.40000
5.45000
83.57000
30.35000
62.68000
38.30000
20.36000
44.17000
73.05000
66.00000
5.45000
55.41000
54.83000
50.78000
37.04000
58.05000
81.25000
55.44000
3.51000
22.82000
39.81000
99.16000
25.12000
29.87000
85.56000
73.94000
32.31000
71.82000
64.18000
9.44000
42.06000
47.67000
75.22000
81.37000
43.31000
16.36000
34.13000
70.99000
14.15000
13.60000
18.78000
8.61000
70.36000
2.43000
21.97000
25.09000
19.89000
21.65000
99.92000
5.32000
6.35000
37.37000
25.76000
33.76000
63.53000
01.80000
04.74000
03.53000
04.27000
02.43000
04.03000
04.46000
02.22000
01.94000
02.22000
04.44000
04.05000
02.74000
04.74000
01.77000
03.85000
02.54000
01.82000
01.08000
03.50000
04.37000
02.51000
03.30000
02.71000
02.58000
04.66000
03.69000
05.00000
04.82000
04.94000
01.80000
03.68000
02.06000
04.83000
03.51000
03.31000
04.71000
02.50000
04.55000
03.44000
03.42000
01.41000
02.72000
04.65000
02.42000
04.85000
04.03000
04.56000
02.50000
01.62000
03.17000
02.63000
03.74000
01.33000
01.14000
02.12000
03.55000
04.41000
03.25000
04.11000
02.64000
04.07000
01.12000
01.49000
03.05000
04.37000
02.68000
04.95000
02.11000
02.16000
04.83000
01.69000
01.95000
04.73000
04.36000
04.33000
02.99000
02.56000
01.64000
04.72000
02.98000
01.81000
03.42000
01.89000
01.08000
02.64000
04.74000
04.66000
03.75000
02.03000
02.98000
01.67000
02.77000
03.79000
03.84000
03.37000
01.24000
04.53000
03.31000
04.02000
03.56000
03.65000
01.69000
03.70000
01.45000
03.95000
04.34000
01.63000
03.93000
04.69000
04.13000
04.95000
01.03000
02.25000
03.88000
01.96000
01.00000
01.36000
02.73000
01.07000
01.36000
01.55000
04.10000
04.47000
02.96000
03.19000
01.74000
02.17000
03.94000
01.44000
01.71000
02.01000
01.78000
04.30000
04.39000
03.61000
03.25000
02.54000
02.46000
04.44000
03.04000
01.88000
02.32000
04.64000
02.02000
04.66000
01.98000
04.31000
02.44000
04.25000
01.07000
04.88000
02.88000
04.77000
03.11000
04.10000
03.24000
01.13000
03.89000
01.56000
02.75000
01.06000
01.54000
04.64000
01.94000
03.12000
02.50000
02.54000
04.64000
02.65000
03.51000
04.28000
04.00000
01.83000
01.64000
04.02000
01.63000
02.53000
04.40000
01.23000
04.63000
03.89000
01.05000
02.44000
01.10000
01.32000
01.86000
02.99000
04.00000
02.31000
02.70000
02.01000
03.61000
01.14000
03.76000
04.46000
01.53000
04.92000
03.54000
03.09000
04.65000
03.58000
04.85000
04.49000
03.21000
03.84000
04.81000
03.04000
04.71000
03.26000
01.18000
01.80000
01.13000
04.66000
01.24000
02.91000
01.14000
02.66000
01.49000
04.35000
03.90000
03.23000
03.88000
02.81000
04.75000
01.24000
04.64000
02.80000
04.36000
02.34000
04.35000
02.67000
02.68000
01.03000
01.88000
04.54000
04.99000
02.60000
04.41000
04.36000
03.88000
01.15000
01.43000
01.90000
01.27000
4
1
19
3
12
5
32
15
18
14
9
3
29
6
4
5
23
2
8
16
26
6
20
7
25
22
33
13
6
5
10
35
17
11
34
6
28
21
27
24
31
30
79.85806
