35
4
113.01000
186.07000
146.80000
188.81000
144.77000
136.39000
124.47000
158.87000
128.50000
111.34000
124.43000
173.87000
104.84000
151.55000
187.30000
174.45000
114.40000
197.65000
153.72000
101.22000
197.82000
190.25000
164.29000
194.81000
195.72000
169.99000
159.66000
195.85000
148.71000
177.48000
180.45000
144.96000
197.44000
153.36000
167.27000
106.24000
156.08000
185.60000
137.22000
104.95000
184.33000
122.50000
168.12000
121.45000
184.29000
110.01000
153.55000
121.38000
121.58000
113.76000
159.11000
170.36000
161.83000
199.37000
150.44000
134.01000
170.65000
132.47000
193.16000
177.96000
113.67000
178.68000
152.90000
167.83000
156.53000
103.62000
195.28000
169.25000
164.84000
172.92000
160.68000
139.80000
151.64000
178.08000
165.07000
172.62000
124.79000
159.74000
179.64000
100.77000
103.44000
182.04000
195.02000
114.89000
178.21000
135.62000
101.83000
105.59000
139.72000
111.10000
190.70000
163.50000
178.59000
199.11000
152.24000
179.25000
185.47000
190.26000
177.09000
143.47000
150.95000
175.19000
155.88000
146.77000
165.69000
138.83000
126.04000
148.31000
142.63000
122.50000
128.02000
175.85000
109.18000
147.80000
138.05000
102.82000
191.58000
130.35000
171.72000
144.85000
105.44000
185.78000
144.69000
117.57000
166.40000
129.70000
172.55000
136.61000
190.09000
177.75000
170.95000
117.59000
192.11000
145.56000
155.51000
176.12000
188.11000
148.74000
141.85000
127.85000
03.60000
01.22000
04.37000
03.84000
01.70000
01.34000
01.47000
02.10000
02.57000
03.51000
04.89000
03.96000
01.32000
02.85000
01.76000
04.56000
01.09000
02.48000
03.20000
03.01000
04.99000
01.53000
04.35000
02.44000
04.16000
03.13000
04.32000
01.98000
01.71000
02.39000
02.24000
04.75000
04.78000
02.45000
01.23000
02.39000
01.87000
04.36000
02.75000
03.77000
01.96000
01.65000
03.02000
04.02000
02.44000
01.88000
01.74000
03.25000
03.44000
01.16000
03.05000
01.60000
01.09000
03.61000
03.07000
03.19000
03.51000
01.36000
01.92000
04.14000
02.82000
02.55000
03.73000
04.59000
03.16000
03.28000
04.62000
04.64000
04.63000
03.69000
02.69000
02.36000
03.17000
01.28000
01.20000
01.71000
01.93000
03.27000
03.49000
02.62000
01.03000
01.39000
02.68000
02.22000
01.60000
04.75000
03.90000
01.62000
04.75000
02.48000
04.28000
01.96000
03.63000
03.71000
04.93000
04.36000
03.34000
01.56000
02.99000
01.94000
01.02000
01.15000
03.58000
03.84000
01.79000
03.77000
03.80000
01.18000
01.48000
01.08000
01.16000
01.73000
03.60000
02.39000
02.56000
03.34000
04.81000
01.84000
02.12000
04.15000
03.25000
01.54000
01.96000
02.27000
01.03000
03.62000
04.22000
03.84000
04.29000
02.20000
03.02000
02.98000
03.15000
03.42000
04.47000
01.80000
03.73000
01.39000
02.71000
02.45000
8
29
13
24
34
9
20
3
32
9
15
23
12
4
1
28
26
31
5
9
11
22
30
18
7
14
10
25
17
9
6
33
35
19
27
21
2
16
8
1212.12300
