35
4
155.47000
109.60000
177.72000
101.87000
113.15000
181.74000
166.85000
166.79000
168.90000
199.60000
174.37000
147.75000
163.35000
103.82000
140.90000
185.38000
137.12000
135.02000
107.07000
120.30000
130.83000
133.82000
113.49000
193.14000
185.12000
140.84000
100.79000
144.51000
140.60000
196.72000
109.61000
115.05000
137.90000
142.08000
180.56000
145.35000
109.15000
189.49000
164.75000
114.85000
171.29000
167.12000
186.96000
117.00000
194.97000
160.19000
103.53000
117.41000
145.83000
134.34000
180.08000
181.71000
189.48000
155.20000
182.24000
175.53000
191.56000
188.39000
175.64000
164.49000
117.69000
199.53000
125.90000
114.22000
133.48000
154.25000
198.64000
190.34000
104.58000
118.18000
125.05000
189.22000
117.89000
116.39000
104.10000
164.46000
195.00000
157.27000
126.92000
143.63000
161.19000
197.39000
184.13000
117.36000
107.09000
127.38000
166.38000
176.27000
123.33000
137.86000
164.27000
110.99000
100.53000
119.47000
168.44000
112.13000
129.32000
162.81000
169.50000
170.33000
100.32000
158.52000
158.09000
176.21000
104.15000
129.82000
116.81000
124.95000
102.15000
122.86000
138.13000
125.52000
139.20000
159.88000
144.82000
177.88000
119.44000
156.48000
152.52000
197.64000
158.50000
128.31000
176.84000
100.43000
171.99000
190.98000
133.41000
101.89000
175.55000
160.12000
137.86000
117.62000
184.80000
151.35000
105.81000
163.26000
115.36000
180.31000
152.89000
154.44000
05.99000
05.15000
09.78000
06.10000
06.91000
09.22000
06.62000
06.87000
09.38000
07.68000
06.95000
06.50000
07.30000
09.44000
09.67000
08.87000
09.56000
08.40000
08.70000
07.90000
05.08000
08.48000
07.94000
07.49000
07.77000
08.56000
06.30000
06.55000
06.53000
07.58000
07.69000
08.99000
05.26000
09.41000
06.00000
07.85000
08.78000
05.43000
08.55000
08.65000
08.50000
05.64000
09.88000
05.80000
05.23000
09.77000
08.30000
09.46000
09.13000
07.99000
08.98000
09.78000
05.37000
05.46000
07.06000
06.93000
09.09000
07.33000
07.71000
06.06000
05.45000
08.75000
06.08000
07.32000
09.62000
09.89000
07.33000
05.87000
06.73000
05.90000
05.27000
05.15000
09.18000
09.07000
09.40000
05.16000
09.23000
09.86000
08.22000
05.84000
07.16000
07.02000
08.12000
08.58000
09.39000
06.94000
05.52000
09.79000
07.31000
06.04000
06.82000
05.88000
07.34000
05.73000
08.43000
08.26000
05.89000
07.40000
06.76000
08.33000
09.35000
07.47000
08.21000
07.49000
09.13000
05.19000
07.68000
06.45000
06.82000
05.11000
06.17000
05.87000
08.57000
09.68000
08.11000
08.77000
05.10000
06.57000
06.14000
07.80000
09.06000
08.42000
07.93000
05.64000
08.10000
07.90000
06.14000
09.92000
09.88000
07.66000
08.41000
08.31000
07.06000
05.35000
07.40000
08.47000
07.29000
08.63000
05.78000
08.04000
9
33
21
8
2
4
27
20
31
14
8
18
25
28
9
11
34
29
13
9
10
1
24
22
16
26
35
15
5
9
12
6
7
3
19
32
17
30
23
1372.82700
