35
4
145.38000
117.65000
117.54000
154.26000
176.12000
120.47000
163.72000
171.35000
147.91000
186.99000
121.26000
172.45000
101.36000
157.83000
130.78000
198.19000
177.10000
173.61000
132.90000
189.18000
115.75000
174.97000
168.24000
186.05000
157.95000
102.52000
177.44000
129.44000
144.31000
196.89000
101.12000
159.96000
115.46000
198.71000
179.90000
159.50000
158.47000
196.60000
156.93000
174.09000
184.25000
175.17000
136.14000
108.04000
133.30000
105.91000
121.43000
126.97000
171.23000
154.44000
178.42000
196.52000
163.68000
186.40000
172.74000
182.30000
176.28000
167.41000
170.01000
149.94000
174.64000
163.09000
135.86000
165.07000
124.39000
139.07000
135.92000
193.31000
191.16000
160.97000
197.23000
124.83000
120.40000
131.45000
169.56000
160.35000
193.52000
172.84000
166.12000
155.26000
186.19000
118.94000
177.56000
100.20000
189.05000
160.37000
194.49000
185.79000
192.71000
187.77000
107.54000
102.65000
187.80000
191.75000
107.33000
141.41000
164.95000
162.95000
184.48000
192.69000
114.77000
191.98000
129.64000
147.13000
127.90000
182.85000
162.61000
194.71000
106.77000
102.92000
113.87000
146.92000
135.88000
191.17000
149.74000
125.12000
157.40000
163.23000
185.82000
144.95000
186.95000
134.73000
137.75000
122.03000
140.16000
121.30000
121.15000
171.99000
132.66000
138.55000
151.64000
110.44000
180.05000
102.12000
144.85000
153.03000
197.99000
127.63000
116.41000
115.36000
08.71000
07.88000
07.99000
05.15000
09.61000
08.29000
07.20000
09.04000
05.61000
05.39000
05.96000
06.58000
05.62000
08.09000
08.18000
06.67000
08.52000
05.31000
07.75000
08.23000
08.24000
05.93000
08.60000
05.15000
08.68000
08.88000
09.61000
06.35000
08.74000
08.05000
09.70000
05.73000
07.34000
07.36000
07.77000
06.61000
06.87000
06.96000
06.93000
09.08000
05.47000
05.46000
08.15000
09.89000
06.84000
07.38000
09.70000
09.21000
06.12000
07.89000
06.74000
07.19000
08.47000
07.13000
09.44000
08.98000
09.05000
05.26000
07.95000
09.74000
08.02000
07.44000
07.41000
09.63000
05.53000
08.83000
08.00000
08.80000
06.73000
09.57000
07.33000
09.18000
07.16000
06.65000
08.41000
06.09000
08.75000
08.30000
07.10000
05.34000
08.64000
05.50000
09.81000
08.34000
08.26000
09.65000
07.94000
06.48000
09.01000
07.15000
07.91000
06.19000
07.30000
09.41000
06.11000
08.86000
09.53000
07.85000
08.96000
05.91000
07.10000
08.85000
07.86000
08.73000
06.43000
08.23000
05.16000
06.20000
09.70000
07.53000
07.60000
06.31000
06.08000
07.86000
08.60000
08.77000
09.85000
06.86000
05.81000
06.23000
08.67000
07.20000
06.90000
06.36000
05.19000
06.53000
09.52000
06.80000
07.07000
07.51000
06.32000
05.23000
06.96000
07.79000
09.96000
09.28000
07.53000
05.03000
08.11000
06.62000
9
33
21
8
2
4
27
20
31
14
8
18
25
28
9
11
34
29
13
9
10
1
24
22
16
26
35
15
5
9
12
6
7
3
19
32
17
30
23
1423.34800
