35
4
153.24000
102.92000
173.13000
127.80000
119.89000
141.45000
173.59000
136.46000
139.30000
130.40000
147.11000
165.85000
152.09000
110.39000
134.33000
156.59000
198.90000
122.04000
175.87000
149.31000
120.33000
105.98000
112.36000
184.63000
157.03000
102.84000
184.42000
103.18000
149.61000
153.24000
132.67000
145.58000
138.70000
197.80000
197.75000
178.18000
120.72000
138.68000
107.32000
103.43000
155.40000
193.14000
198.16000
153.52000
193.82000
155.25000
125.56000
194.05000
101.60000
190.62000
155.13000
190.67000
144.36000
164.89000
152.49000
108.99000
187.73000
143.67000
183.28000
114.63000
197.34000
192.59000
113.12000
173.24000
138.81000
177.28000
107.63000
150.42000
177.77000
163.36000
196.93000
138.44000
174.43000
182.10000
152.72000
141.59000
118.12000
115.74000
181.97000
128.37000
180.59000
128.31000
175.31000
189.39000
152.45000
110.44000
123.36000
115.28000
124.35000
152.75000
116.75000
196.66000
186.89000
145.86000
146.10000
124.16000
130.70000
180.40000
102.03000
188.41000
146.42000
147.00000
175.18000
180.02000
124.66000
164.00000
165.80000
158.58000
137.12000
122.75000
113.38000
133.46000
184.02000
192.66000
163.52000
127.31000
191.30000
189.35000
131.84000
155.75000
174.59000
128.45000
133.99000
134.41000
149.49000
125.58000
185.57000
178.91000
131.65000
196.37000
102.21000
104.89000
136.69000
156.44000
199.54000
127.96000
180.22000
121.42000
193.19000
163.75000
07.55000
07.22000
06.38000
07.96000
06.50000
05.70000
05.90000
06.56000
08.80000
07.88000
05.70000
08.29000
08.33000
07.65000
09.70000
07.07000
09.02000
08.92000
06.79000
06.81000
09.76000
05.60000
05.90000
06.40000
09.46000
06.58000
05.92000
09.76000
07.03000
05.79000
05.76000
05.79000
06.37000
07.13000
09.33000
08.96000
06.67000
06.27000
08.98000
05.77000
09.88000
09.33000
09.39000
05.10000
08.77000
07.48000
05.56000
07.11000
08.51000
05.90000
07.66000
06.97000
09.26000
09.73000
05.84000
09.82000
06.16000
09.13000
05.25000
05.81000
09.38000
09.26000
06.06000
05.12000
09.06000
05.28000
08.42000
07.89000
05.38000
07.34000
08.76000
09.39000
09.66000
05.52000
05.76000
09.59000
09.10000
06.77000
07.98000
08.49000
06.96000
07.43000
06.84000
07.51000
09.67000
08.91000
08.74000
08.05000
08.62000
07.61000
05.10000
06.52000
05.23000
09.95000
07.31000
09.32000
05.89000
07.31000
06.78000
07.86000
07.02000
06.12000
09.92000
08.54000
05.02000
08.51000
09.88000
07.05000
08.30000
07.95000
08.80000
09.69000
07.96000
06.97000
08.60000
05.74000
09.81000
08.22000
06.91000
07.85000
06.50000
09.35000
06.41000
08.68000
05.71000
08.04000
09.73000
05.88000
05.07000
06.92000
09.55000
07.11000
07.26000
08.66000
08.52000
05.03000
09.91000
05.92000
09.28000
07.29000
8
30
1
23
22
13
10
9
15
9
34
12
3
25
28
2
5
32
4
9
35
21
8
29
19
18
17
7
16
9
20
24
31
11
33
14
27
6
26
1403.58700
