35
10
162.81000
174.07000
103.88000
188.76000
142.68000
183.63000
185.14000
152.88000
126.22000
104.77000
199.96000
111.60000
129.45000
159.75000
176.84000
199.67000
193.37000
195.84000
169.31000
176.85000
184.01000
185.31000
155.87000
127.92000
192.38000
125.42000
140.05000
162.63000
134.49000
138.44000
150.36000
115.77000
151.37000
171.62000
140.31000
170.83000
184.51000
131.52000
103.11000
187.52000
109.03000
192.01000
150.00000
199.73000
100.26000
116.97000
110.66000
151.59000
158.58000
163.03000
197.99000
112.25000
109.39000
111.82000
149.87000
175.85000
103.08000
170.00000
129.21000
161.52000
115.03000
169.20000
123.88000
113.40000
145.64000
166.06000
146.78000
100.65000
120.30000
142.22000
189.19000
123.54000
155.42000
168.73000
120.10000
190.52000
161.80000
118.25000
173.15000
120.34000
110.82000
154.26000
145.58000
116.53000
112.24000
192.76000
159.67000
107.60000
100.82000
174.77000
162.68000
147.06000
136.33000
166.31000
126.88000
113.44000
103.53000
158.40000
149.53000
110.24000
112.20000
167.04000
152.90000
165.98000
197.09000
120.38000
130.17000
196.65000
137.35000
124.61000
149.57000
111.33000
130.93000
190.46000
197.10000
172.20000
165.33000
193.33000
104.41000
167.17000
184.70000
133.61000
128.12000
109.11000
158.17000
136.69000
149.89000
135.93000
179.90000
152.96000
176.36000
110.50000
169.01000
157.81000
139.16000
120.72000
169.65000
151.63000
194.93000
179.49000
144.58000
138.40000
152.59000
107.46000
116.41000
162.43000
199.74000
180.30000
105.38000
102.14000
125.17000
183.07000
190.02000
142.29000
119.89000
113.05000
173.83000
192.66000
199.92000
192.50000
185.33000
188.00000
106.28000
168.68000
178.04000
188.09000
104.97000
113.86000
130.47000
177.68000
187.02000
125.30000
146.14000
166.54000
168.44000
103.68000
199.52000
170.05000
160.64000
154.25000
160.51000
129.76000
192.14000
121.63000
125.11000
156.46000
155.58000
112.45000
156.23000
169.31000
126.34000
158.35000
141.75000
112.43000
104.83000
115.98000
194.55000
154.97000
116.43000
166.97000
152.54000
191.08000
111.53000
117.97000
178.61000
139.88000
165.53000
100.62000
160.63000
145.53000
157.62000
182.94000
103.13000
188.98000
149.68000
134.36000
158.65000
156.25000
155.47000
180.85000
179.65000
173.47000
134.76000
188.43000
138.41000
119.16000
172.30000
148.12000
132.18000
196.85000
177.87000
175.93000
183.23000
135.03000
186.22000
112.88000
138.83000
187.24000
157.13000
124.97000
171.24000
131.98000
175.36000
103.24000
177.73000
191.03000
183.67000
133.94000
141.61000
151.83000
169.27000
197.10000
101.09000
198.69000
173.05000
112.12000
172.69000
169.47000
189.13000
129.39000
163.04000
127.07000
136.67000
124.30000
103.80000
159.39000
159.79000
197.24000
151.58000
179.31000
127.65000
173.61000
188.05000
124.73000
134.39000
103.80000
119.84000
158.53000
199.14000
163.19000
173.46000
189.52000
159.41000
143.48000
110.78000
165.62000
199.11000
165.75000
184.98000
167.75000
168.06000
159.55000
137.06000
143.17000
119.78000
184.66000
133.05000
164.16000
132.78000
125.84000
163.95000
127.97000
110.59000
192.86000
145.79000
156.88000
181.71000
120.48000
119.57000
198.15000
199.66000
168.46000
151.32000
124.04000
142.96000
101.24000
186.30000
172.18000
164.60000
147.51000
122.13000
171.04000
147.21000
188.12000
154.74000
195.68000
136.18000
192.21000
109.53000
127.75000
169.39000
153.92000
136.89000
173.89000
109.73000
192.40000
112.19000
165.74000
145.10000
151.78000
135.85000
159.94000
188.39000
101.21000
133.24000
138.14000
177.48000
134.83000
154.76000
106.96000
02.68000
04.08000
02.14000
04.74000
02.44000
01.34000
04.86000
04.58000
04.02000
03.47000
01.81000
03.32000
01.48000
03.78000
01.56000
04.79000
01.90000
04.61000
01.68000
01.81000
01.37000
01.28000
04.77000
04.22000
04.97000
02.13000
02.39000
02.84000
02.76000
04.48000
03.12000
01.50000
01.83000
02.65000
04.55000
02.16000
03.28000
02.41000
02.86000
04.28000
02.02000
03.40000
01.05000
03.20000
01.02000
04.91000
01.84000
01.60000
04.21000
04.14000
03.67000
03.20000
04.56000
03.29000
02.01000
04.70000
04.00000
01.56000
01.31000
03.80000
01.51000
03.16000
03.01000
03.20000
01.03000
01.29000
01.58000
02.61000
03.51000
02.16000
04.93000
03.64000
04.78000
02.55000
02.38000
02.83000
02.30000
02.95000
03.43000
04.72000
04.96000
03.23000
04.40000
04.90000
03.57000
01.46000
02.62000
03.94000
01.98000
04.71000
04.41000
03.43000
01.00000
01.08000
01.12000
01.94000
02.47000
03.62000
01.06000
03.04000
01.22000
02.43000
01.57000
03.33000
01.06000
02.98000
01.27000
04.02000
03.38000
04.92000
03.95000
02.83000
01.28000
03.71000
03.50000
04.34000
02.53000
02.30000
04.12000
02.01000
01.83000
04.66000
03.03000
02.29000
02.90000
03.73000
02.42000
04.64000
02.42000
01.47000
01.50000
01.51000
02.10000
04.83000
04.47000
02.35000
04.66000
01.76000
04.53000
01.61000
01.22000
03.12000
03.96000
01.57000
02.57000
01.27000
03.40000
02.99000
04.12000
03.79000
03.70000
03.07000
04.44000
04.51000
01.93000
02.13000
03.10000
02.25000
04.18000
01.50000
04.69000
04.84000
01.51000
03.52000
02.79000
01.12000
02.01000
03.51000
03.97000
04.90000
02.77000
01.80000
03.81000
03.02000
01.84000
01.40000
02.31000
02.78000
03.60000
01.08000
04.31000
01.49000
03.27000
03.00000
02.12000
04.42000
03.35000
02.36000
04.21000
01.26000
02.79000
03.35000
04.01000
02.71000
01.57000
03.19000
03.99000
04.48000
04.62000
04.08000
03.60000
03.28000
01.90000
01.21000
03.29000
04.80000
04.36000
02.80000
04.51000
03.75000
01.36000
04.05000
04.01000
04.97000
02.09000
01.73000
02.25000
03.87000
03.43000
02.25000
02.89000
03.03000
02.20000
01.69000
01.25000
01.02000
04.23000
01.12000
01.66000
01.42000
04.35000
02.63000
01.44000
04.81000
02.38000
01.30000
02.93000
04.77000
03.16000
01.19000
01.45000
03.87000
04.51000
03.40000
01.33000
04.22000
02.72000
04.07000
02.55000
02.99000
03.08000
04.68000
02.17000
03.68000
01.50000
03.32000
04.58000
01.75000
02.70000
01.94000
04.99000
01.66000
04.38000
03.49000
03.60000
04.85000
01.23000
03.93000
01.62000
01.77000
04.96000
04.21000
01.25000
03.89000
04.29000
02.28000
01.69000
03.65000
04.89000
01.09000
01.17000
03.81000
03.87000
02.38000
03.29000
02.34000
04.83000
04.49000
03.23000
03.99000
04.53000
04.27000
04.08000
03.10000
04.55000
02.54000
01.91000
02.99000
03.46000
01.14000
01.80000
03.99000
04.85000
02.88000
01.83000
03.43000
01.28000
03.60000
01.07000
03.64000
02.35000
04.13000
03.61000
03.95000
02.63000
04.43000
01.30000
01.08000
01.34000
02.26000
01.94000
04.72000
02.50000
01.02000
03.22000
01.52000
03.14000
04.41000
02.09000
01.67000
02.72000
01.13000
04.49000
04.39000
01.69000
04.89000
01.40000
01.87000
01.51000
02.39000
04.75000
03.32000
04.64000
01.34000
03.51000
02.94000
02.51000
02.44000
03.62000
03.94000
3
26
30
24
4
10
12
6
18
3
25
21
15
3
2
7
5
4
23
4
27
9
4
1
28
13
33
3
16
32
3
4
8
31
11
20
3
17
19
34
4
22
29
14
35
439.73020
