35
10
112.08000
137.60000
102.60000
143.31000
106.22000
199.63000
170.25000
104.68000
156.07000
195.61000
189.13000
198.64000
108.91000
179.04000
119.00000
191.18000
137.00000
128.45000
144.62000
173.33000
137.61000
147.34000
175.77000
161.10000
133.00000
164.24000
147.22000
195.50000
170.43000
132.66000
118.71000
142.56000
122.18000
131.11000
175.03000
157.25000
131.33000
139.59000
170.66000
105.46000
181.24000
180.68000
145.92000
117.64000
199.12000
145.30000
176.84000
119.18000
166.62000
171.36000
157.57000
160.47000
190.37000
121.74000
107.26000
116.91000
102.02000
184.33000
170.03000
188.88000
158.21000
172.02000
115.04000
101.77000
140.58000
122.71000
136.42000
105.98000
155.76000
199.29000
154.16000
120.35000
104.33000
166.24000
196.82000
193.93000
164.11000
149.17000
177.73000
141.78000
198.27000
195.64000
125.39000
198.67000
147.81000
152.90000
193.32000
124.37000
178.76000
193.22000
160.04000
103.63000
182.12000
113.87000
129.05000
146.24000
173.92000
137.11000
128.89000
186.94000
195.17000
110.22000
113.05000
185.51000
111.88000
189.52000
180.47000
122.81000
120.51000
152.63000
162.39000
171.23000
117.87000
122.39000
175.27000
151.48000
149.50000
155.43000
132.01000
132.72000
140.82000
133.40000
170.50000
109.08000
142.19000
162.94000
153.61000
199.71000
129.02000
175.69000
169.26000
148.74000
101.70000
128.29000
130.32000
125.32000
185.62000
102.38000
174.68000
123.58000
126.69000
101.69000
161.92000
105.54000
106.59000
116.52000
190.82000
140.52000
108.80000
172.52000
168.79000
146.55000
143.10000
185.70000
118.11000
152.14000
144.26000
197.09000
186.04000
110.82000
172.03000
172.69000
144.84000
101.10000
111.18000
103.52000
191.79000
126.48000
171.48000
105.59000
149.14000
115.50000
187.70000
119.93000
164.16000
181.06000
164.46000
118.92000
190.29000
107.34000
195.81000
117.47000
134.19000
197.00000
160.16000
120.22000
180.04000
137.94000
101.68000
127.56000
184.49000
143.04000
189.48000
164.89000
129.19000
150.20000
117.73000
182.60000
120.77000
122.31000
105.54000
156.08000
190.86000
147.25000
197.08000
185.72000
196.12000
137.93000
161.47000
196.90000
199.05000
125.67000
126.97000
178.14000
100.57000
188.42000
160.15000
135.10000
135.06000
110.80000
193.69000
172.21000
193.52000
190.07000
131.09000
199.21000
191.99000
148.50000
100.87000
150.87000
171.46000
133.34000
156.54000
186.97000
197.96000
116.88000
176.63000
192.26000
162.51000
196.37000
164.64000
176.51000
181.11000
194.07000
149.09000
168.67000
192.48000
104.76000
144.83000
167.71000
183.23000
120.06000
114.78000
125.93000
173.11000
100.99000
168.43000
162.48000
137.51000
179.20000
193.67000
121.50000
176.81000
111.31000
103.38000
172.12000
116.41000
178.98000
135.47000
108.50000
106.70000
188.84000
152.82000
149.76000
123.08000
172.54000
143.31000
140.05000
165.92000
186.71000
114.92000
187.26000
103.50000
179.94000
174.42000
137.80000
190.61000
124.56000
129.09000
142.99000
130.91000
184.94000
151.20000
181.33000
109.15000
152.13000
138.01000
156.36000
135.10000
142.12000
111.79000
196.57000
143.53000
195.93000
119.81000
155.49000
194.20000
179.59000
134.32000
111.63000
171.88000
184.10000
152.61000
168.52000
186.33000
157.99000
131.59000
129.15000
159.98000
106.97000
190.57000
157.91000
196.84000
174.99000
103.84000
127.79000
138.19000
112.45000
178.06000
101.67000
103.18000
194.74000
144.86000
167.46000
135.95000
122.25000
160.88000
138.05000
105.64000
120.37000
107.78000
151.31000
106.40000
139.50000
192.17000
170.14000
157.35000
155.02000
145.72000
182.44000
09.56000
09.74000
09.17000
07.73000
08.76000
06.33000
08.75000
08.33000
07.42000
05.65000
08.46000
06.86000
08.45000
09.67000
09.34000
08.42000
06.00000
06.60000
08.66000
09.34000
05.48000
05.92000
09.97000
07.23000
08.56000
08.35000
08.05000
05.95000
08.14000
05.86000
08.93000
05.57000
08.39000
06.69000
09.90000
09.63000
07.07000
05.96000
05.82000
07.33000
07.71000
07.38000
07.82000
05.74000
08.47000
05.58000
06.78000
06.06000
07.10000
09.88000
08.58000
05.73000
07.61000
05.84000
05.35000
08.44000
05.24000
05.29000
05.47000
09.14000
06.50000
06.28000
08.57000
09.01000
09.15000
08.13000
05.52000
05.49000
07.19000
06.42000
08.01000
07.49000
08.55000
07.47000
05.95000
09.63000
07.83000
09.60000
05.97000
08.43000
08.77000
05.02000
08.78000
08.69000
05.21000
06.63000
06.37000
06.44000
07.25000
08.60000
06.96000
08.97000
06.24000
06.33000
05.01000
09.81000
09.78000
06.48000
06.25000
08.75000
06.72000
06.96000
07.65000
06.82000
07.15000
05.15000
08.75000
07.78000
09.46000
09.75000
09.98000
09.74000
06.03000
08.67000
06.88000
07.24000
07.78000
08.40000
07.51000
09.90000
05.88000
06.71000
06.20000
08.61000
07.79000
07.60000
08.50000
05.49000
07.19000
06.32000
06.24000
08.92000
09.03000
09.37000
07.48000
08.53000
09.50000
09.51000
06.53000
05.20000
07.85000
09.24000
06.14000
09.15000
07.47000
08.70000
09.82000
09.49000
06.56000
09.79000
08.95000
06.99000
08.64000
05.12000
05.19000
07.37000
08.51000
08.54000
06.45000
07.60000
07.20000
05.13000
06.89000
05.89000
07.00000
06.26000
06.92000
06.74000
06.44000
09.50000
08.21000
05.85000
05.30000
08.73000
08.66000
05.39000
09.12000
06.90000
09.66000
05.91000
09.58000
09.23000
08.40000
07.23000
05.40000
06.25000
07.15000
06.17000
09.96000
07.89000
07.42000
05.80000
07.89000
05.34000
06.97000
05.44000
05.06000
06.05000
09.81000
05.64000
08.61000
08.70000
06.17000
08.23000
06.92000
08.25000
07.57000
06.28000
09.61000
05.87000
05.23000
09.91000
05.75000
06.79000
05.13000
06.95000
09.80000
06.10000
07.89000
07.86000
06.61000
06.21000
09.86000
08.04000
05.66000
05.64000
08.66000
09.16000
07.66000
09.18000
08.11000
09.14000
09.58000
07.87000
08.32000
07.12000
09.66000
09.00000
05.63000
08.52000
07.36000
06.09000
07.65000
05.00000
08.41000
08.90000
05.88000
05.87000
05.77000
05.14000
05.32000
09.83000
05.98000
07.82000
05.20000
09.26000
08.96000
09.06000
09.22000
09.40000
06.50000
07.24000
07.32000
06.78000
06.69000
07.00000
05.68000
09.13000
08.84000
09.20000
06.75000
05.47000
08.50000
05.99000
09.22000
06.05000
07.51000
05.73000
08.03000
07.36000
05.17000
06.84000
08.35000
07.57000
06.14000
06.73000
06.58000
07.25000
05.64000
06.23000
09.64000
07.38000
07.83000
08.57000
09.82000
09.30000
08.13000
08.22000
05.66000
05.61000
08.21000
05.90000
06.94000
05.16000
05.95000
08.59000
09.70000
08.04000
05.54000
09.51000
06.22000
05.61000
07.37000
08.13000
05.03000
08.88000
08.03000
06.42000
05.45000
05.53000
06.38000
08.75000
07.27000
09.63000
06.89000
05.22000
08.73000
08.62000
08.57000
06.41000
06.96000
06.20000
06.68000
09.12000
05.33000
07.32000
07.72000
06.43000
08.47000
08.15000
09.44000
07.65000
07.27000
06.14000
05.85000
08.35000
08.85000
09.99000
07.20000
05.34000
3
27
13
8
4
9
22
33
29
3
7
18
35
3
6
31
28
4
32
4
30
2
4
25
5
26
14
3
12
23
19
4
3
17
20
11
3
1
34
21
4
15
10
16
24
482.41030
