35
10
19.53000
87.39000
96.47000
79.16000
71.82000
66.82000
88.32000
94.87000
5.64000
48.52000
43.87000
99.12000
41.03000
60.73000
96.54000
33.53000
26.78000
57.43000
8.51000
62.45000
34.43000
17.34000
61.67000
77.99000
61.28000
42.96000
67.71000
96.00000
30.37000
63.51000
61.05000
58.08000
87.49000
32.97000
1.84000
33.87000
79.12000
19.94000
11.73000
47.60000
21.74000
15.60000
14.83000
46.94000
46.74000
43.46000
75.74000
32.27000
12.18000
17.28000
64.93000
28.72000
97.91000
73.58000
75.58000
86.18000
13.48000
76.62000
27.66000
81.29000
87.23000
14.40000
63.85000
14.43000
78.22000
97.69000
54.60000
9.75000
67.29000
67.00000
83.75000
54.29000
35.44000
2.84000
55.22000
94.16000
23.65000
73.43000
57.97000
46.29000
66.55000
33.28000
95.48000
19.37000
80.98000
3.43000
96.98000
47.80000
8.55000
30.68000
16.45000
91.75000
13.62000
87.57000
30.63000
37.14000
87.28000
72.39000
44.00000
91.64000
47.40000
7.18000
84.78000
91.67000
33.58000
67.83000
29.88000
29.45000
8.20000
25.45000
49.34000
69.79000
38.11000
29.49000
34.11000
70.10000
24.23000
12.26000
71.18000
74.10000
65.94000
29.84000
74.32000
51.22000
89.39000
64.06000
81.04000
94.68000
45.46000
22.48000
54.61000
25.41000
8.78000
35.44000
82.04000
85.12000
78.75000
60.01000
77.09000
45.25000
46.82000
67.51000
2.80000
82.49000
11.34000
59.57000
99.17000
50.99000
59.45000
98.18000
95.25000
83.24000
77.06000
75.45000
87.32000
83.75000
73.85000
7.25000
97.42000
80.73000
84.22000
33.16000
73.36000
28.17000
68.35000
20.56000
86.66000
3.80000
11.16000
59.54000
35.64000
11.10000
21.31000
66.96000
41.32000
18.13000
98.27000
57.13000
44.88000
40.12000
61.77000
9.71000
25.24000
84.26000
11.15000
12.47000
47.38000
14.81000
64.37000
41.06000
43.62000
17.78000
67.14000
95.85000
70.02000
6.93000
87.89000
3.98000
9.42000
19.77000
21.83000
13.34000
66.39000
19.56000
85.90000
99.57000
74.25000
93.32000
26.82000
65.05000
65.17000
29.54000
75.55000
32.85000
67.64000
15.96000
28.73000
53.57000
34.29000
36.27000
99.44000
17.11000
30.49000
63.02000
68.40000
7.38000
47.33000
93.49000
38.09000
34.07000
1.67000
50.74000
36.74000
32.57000
33.12000
80.55000
18.33000
62.07000
9.04000
56.47000
60.60000
8.48000
19.52000
74.78000
68.01000
18.26000
13.00000
16.21000
41.69000
63.08000
52.61000
44.45000
24.94000
45.45000
63.13000
4.25000
50.44000
58.57000
94.44000
1.18000
81.46000
22.39000
23.17000
66.56000
7.01000
79.61000
47.73000
58.48000
37.86000
1.67000
94.23000
57.75000
13.50000
79.79000
14.58000
70.94000
95.20000
35.90000
81.40000
30.39000
65.67000
85.04000
79.40000
36.66000
78.65000
17.13000
23.62000
36.93000
86.45000
46.23000
7.72000
83.36000
36.89000
27.34000
90.87000
43.33000
1.50000
38.18000
60.00000
6.92000
76.56000
82.24000
23.77000
89.01000
86.14000
88.75000
16.60000
33.18000
77.01000
11.68000
97.65000
3.80000
21.72000
27.77000
53.85000
16.20000
98.40000
33.54000
71.80000
84.45000
23.30000
8.88000
47.32000
69.07000
91.31000
9.07000
5.26000
94.21000
86.22000
71.63000
38.80000
11.76000
14.63000
60.82000
67.90000
94.34000
6.85000
63.64000
37.26000
45.34000
19.96000
92.86000
15.33000
87.91000
35.79000
86.99000
95.30000
73.92000
60.90000
9.30000
06.76000
07.28000
05.63000
07.22000
06.85000
05.99000
06.29000
09.34000
07.70000
07.17000
05.25000
06.00000
05.98000
06.53000
07.32000
06.06000
09.59000
06.06000
08.51000
09.62000
07.69000
08.97000
06.13000
08.01000
05.70000
09.75000
08.69000
08.84000
05.27000
09.10000
06.00000
05.96000
09.32000
09.00000
09.07000
07.03000
09.89000
08.90000
08.34000
07.06000
08.90000
09.33000
08.35000
09.59000
05.74000
05.19000
09.90000
09.55000
06.92000
09.56000
07.64000
08.14000
05.19000
06.73000
07.44000
07.80000
09.54000
07.29000
06.42000
07.21000
05.25000
08.05000
07.98000
06.33000
08.81000
07.08000
06.72000
06.34000
07.97000
08.69000
07.65000
07.08000
07.89000
09.07000
06.00000
08.89000
07.60000
07.64000
07.43000
06.82000
06.85000
05.80000
06.40000
09.38000
08.23000
05.21000
08.64000
06.36000
05.57000
08.78000
06.12000
08.81000
08.99000
05.68000
07.06000
09.00000
09.82000
06.30000
05.94000
05.48000
05.68000
07.32000
08.47000
08.02000
05.39000
09.97000
07.88000
07.00000
08.98000
07.65000
05.64000
07.30000
07.81000
08.60000
08.97000
08.98000
08.59000
08.09000
09.69000
05.41000
06.26000
07.62000
05.86000
06.22000
07.01000
09.94000
06.79000
07.30000
08.28000
09.06000
08.07000
05.77000
08.77000
05.23000
06.50000
05.01000
08.40000
09.95000
05.14000
09.65000
08.58000
07.38000
06.17000
05.44000
05.25000
09.95000
09.26000
05.49000
07.06000
08.29000
05.37000
08.70000
06.31000
08.73000
09.90000
09.52000
06.53000
08.87000
09.51000
08.70000
07.50000
07.57000
07.10000
08.19000
05.26000
09.91000
06.85000
06.22000
07.10000
07.25000
09.15000
07.27000
06.54000
07.19000
05.68000
07.96000
05.73000
05.33000
06.83000
06.27000
08.61000
06.82000
07.31000
06.54000
08.94000
06.01000
06.77000
09.33000
08.85000
06.61000
05.47000
06.47000
06.72000
08.55000
09.91000
06.01000
07.17000
08.02000
07.85000
07.27000
06.09000
07.46000
08.29000
05.82000
05.61000
05.58000
06.48000
08.48000
09.09000
07.30000
07.39000
09.51000
05.37000
06.10000
06.83000
07.71000
06.18000
05.51000
09.50000
08.58000
07.00000
06.39000
05.51000
06.29000
06.04000
06.03000
06.21000
06.25000
07.79000
07.97000
09.19000
05.11000
07.96000
06.99000
08.29000
05.80000
08.53000
09.13000
08.63000
07.46000
07.71000
06.67000
06.54000
05.51000
09.99000
09.82000
08.60000
06.11000
08.08000
06.31000
07.83000
05.27000
08.51000
07.58000
06.79000
05.12000
07.86000
09.51000
07.91000
09.65000
06.68000
09.21000
09.89000
09.12000
06.79000
05.08000
07.66000
05.04000
06.26000
06.74000
07.41000
05.16000
09.41000
05.06000
06.59000
08.48000
06.80000
07.19000
08.90000
05.25000
06.75000
08.13000
08.48000
09.94000
09.36000
05.57000
07.91000
05.95000
05.56000
06.13000
09.11000
07.79000
08.27000
06.77000
08.12000
05.54000
06.65000
05.72000
07.22000
05.55000
06.10000
07.45000
09.94000
05.43000
08.29000
07.68000
06.07000
09.01000
06.12000
08.38000
06.65000
06.39000
08.76000
07.78000
08.95000
07.50000
06.41000
09.17000
05.71000
08.34000
07.16000
06.74000
08.96000
07.16000
06.55000
05.86000
05.18000
05.15000
07.33000
05.84000
05.26000
09.76000
08.49000
07.25000
06.32000
09.67000
05.30000
06.90000
06.75000
09.83000
09.26000
07.87000
06.17000
06.44000
08.11000
09.47000
05.47000
06.92000
05.88000
07.26000
3
34
9
35
3
8
33
22
4
14
19
16
4
2
5
13
3
31
28
3
4
7
10
24
23
4
6
32
29
21
5
1
2
11
25
15
4
27
30
20
17
3
26
18
12
43.10914
