35
4
98.70000
83.92000
81.06000
20.36000
19.24000
35.79000
17.27000
48.62000
5.94000
2.00000
39.75000
61.82000
99.00000
22.75000
89.71000
1.19000
41.66000
39.28000
9.37000
5.93000
72.13000
91.80000
36.95000
17.28000
32.62000
22.52000
14.67000
75.44000
62.37000
69.67000
81.74000
22.63000
3.57000
75.47000
80.39000
65.09000
82.23000
98.34000
79.63000
92.86000
57.84000
93.92000
74.49000
72.51000
13.95000
24.37000
82.34000
69.00000
15.53000
53.65000
69.13000
48.31000
28.53000
48.72000
99.84000
75.40000
18.94000
74.57000
41.44000
17.24000
51.72000
97.15000
57.89000
37.81000
92.83000
82.44000
16.16000
4.06000
9.25000
95.41000
74.09000
94.58000
22.31000
48.17000
79.98000
88.97000
60.31000
42.57000
98.27000
56.31000
56.57000
5.29000
20.67000
86.33000
1.80000
26.04000
35.92000
70.74000
84.73000
95.53000
35.71000
99.26000
98.08000
6.50000
10.79000
63.61000
32.56000
46.66000
50.85000
53.50000
76.89000
8.72000
47.63000
59.66000
23.79000
37.39000
8.45000
75.86000
76.67000
72.22000
1.66000
28.42000
94.74000
70.14000
97.96000
50.81000
75.13000
46.62000
15.81000
59.50000
33.31000
17.14000
67.68000
69.96000
83.75000
96.15000
71.05000
97.64000
43.91000
2.13000
41.37000
59.03000
28.26000
47.54000
93.13000
68.59000
52.28000
49.86000
43.78000
42.79000
06.75000
05.64000
05.31000
08.81000
05.87000
05.33000
07.68000
07.55000
06.22000
09.09000
08.23000
09.82000
06.69000
05.84000
05.86000
09.52000
06.21000
09.48000
09.49000
05.57000
08.68000
08.91000
08.02000
06.87000
07.99000
08.05000
05.35000
07.32000
08.07000
05.80000
05.39000
05.84000
07.80000
06.06000
07.05000
05.16000
07.44000
08.08000
09.69000
09.67000
07.67000
08.09000
07.63000
07.73000
07.10000
09.22000
09.85000
09.48000
05.89000
06.63000
06.51000
05.08000
09.21000
05.48000
07.76000
09.70000
07.19000
05.91000
08.77000
08.48000
05.01000
08.08000
09.69000
06.59000
07.81000
07.15000
05.67000
09.17000
05.76000
08.29000
09.89000
05.66000
09.32000
09.44000
07.48000
05.31000
07.68000
09.71000
09.45000
05.31000
08.60000
06.03000
07.19000
07.06000
08.51000
09.81000
07.12000
06.97000
08.81000
07.46000
05.64000
06.45000
05.90000
05.37000
09.15000
06.90000
06.19000
09.96000
09.06000
09.73000
06.08000
07.63000
06.79000
06.35000
06.99000
06.55000
05.85000
05.00000
06.20000
07.65000
06.07000
09.19000
08.28000
05.59000
06.92000
09.05000
07.31000
08.03000
06.05000
07.24000
05.96000
07.63000
06.13000
06.41000
06.89000
07.03000
09.81000
09.21000
07.74000
08.90000
09.75000
08.31000
06.17000
05.90000
08.60000
06.37000
09.85000
05.68000
09.01000
06.03000
11
8
23
5
27
4
20
9
19
33
10
16
7
26
29
18
14
22
11
34
9
21
30
35
13
3
24
32
12
15
8
31
1
28
7
17
2
6
25
217.05480
