35
10
35.57000
4.52000
97.69000
45.85000
4.46000
10.74000
59.50000
5.60000
85.35000
76.48000
66.99000
60.64000
3.30000
31.97000
55.58000
53.56000
3.09000
29.17000
84.45000
49.73000
57.27000
46.83000
39.52000
40.25000
64.13000
88.43000
29.44000
40.98000
45.71000
83.19000
88.63000
92.51000
48.81000
84.09000
78.28000
67.67000
27.00000
44.03000
34.41000
73.21000
62.36000
16.81000
78.42000
59.72000
2.21000
66.64000
51.87000
27.57000
1.61000
8.29000
23.19000
1.90000
42.41000
77.28000
85.60000
32.61000
32.16000
38.86000
60.03000
95.32000
2.19000
79.05000
89.18000
91.42000
8.58000
12.61000
43.51000
46.06000
33.16000
75.04000
85.54000
87.19000
73.64000
40.64000
32.77000
21.22000
4.36000
34.01000
68.51000
48.50000
96.49000
48.12000
97.24000
79.70000
68.89000
6.02000
48.21000
50.24000
61.16000
53.49000
73.38000
19.29000
39.66000
64.10000
52.48000
70.77000
94.50000
35.11000
88.01000
16.34000
43.52000
87.59000
10.19000
88.42000
26.34000
35.22000
91.66000
52.30000
39.78000
22.16000
99.06000
20.63000
18.18000
75.62000
17.62000
18.55000
47.15000
28.93000
33.35000
89.77000
28.08000
37.16000
60.01000
5.72000
85.10000
82.13000
36.11000
57.61000
70.10000
71.42000
23.92000
66.38000
57.71000
36.35000
11.44000
75.74000
48.33000
33.00000
11.44000
55.14000
7.77000
98.34000
91.62000
64.27000
87.65000
31.35000
84.47000
14.71000
36.11000
18.65000
9.51000
86.15000
36.05000
51.35000
62.03000
84.07000
97.16000
46.29000
66.07000
36.70000
55.83000
44.10000
68.42000
96.02000
70.25000
11.12000
41.63000
42.76000
26.32000
37.46000
81.99000
78.41000
32.73000
39.98000
13.54000
75.82000
5.27000
3.41000
30.15000
96.58000
80.84000
63.81000
95.52000
85.35000
13.91000
70.76000
24.78000
5.38000
21.43000
98.88000
47.23000
42.70000
48.10000
49.57000
20.97000
12.05000
63.36000
46.96000
26.81000
49.95000
61.42000
41.95000
71.33000
20.67000
61.23000
10.15000
86.86000
11.21000
7.49000
50.97000
9.74000
16.24000
32.16000
55.77000
50.61000
70.85000
15.25000
99.04000
63.41000
92.83000
74.09000
68.11000
14.48000
54.72000
88.41000
46.91000
92.93000
52.84000
61.70000
45.10000
17.61000
10.20000
22.19000
97.09000
27.14000
72.62000
22.85000
64.06000
87.87000
14.62000
42.42000
29.93000
91.90000
31.51000
84.38000
89.40000
79.72000
22.54000
63.12000
34.37000
89.48000
72.36000
1.83000
85.51000
65.51000
73.85000
27.65000
39.00000
57.68000
33.58000
4.84000
12.80000
41.65000
81.88000
20.43000
50.61000
17.79000
76.82000
87.16000
22.88000
11.25000
99.21000
44.56000
22.80000
71.90000
56.65000
53.87000
69.33000
76.38000
79.45000
94.11000
86.11000
44.29000
50.94000
49.98000
96.04000
34.26000
95.80000
33.16000
62.23000
47.10000
95.56000
90.45000
37.66000
42.98000
16.59000
95.39000
1.06000
6.81000
47.98000
45.28000
54.91000
47.27000
7.59000
61.17000
29.44000
99.77000
35.03000
90.83000
76.63000
25.49000
96.65000
7.82000
76.21000
7.33000
13.10000
59.26000
77.19000
77.29000
12.82000
41.33000
18.81000
8.66000
23.28000
87.60000
30.15000
91.04000
69.62000
80.90000
49.71000
21.64000
3.72000
27.79000
40.75000
17.42000
98.21000
58.62000
90.30000
23.05000
56.49000
31.44000
13.10000
8.01000
2.69000
27.08000
44.67000
65.48000
85.70000
52.12000
49.27000
06.93000
06.50000
06.17000
07.05000
05.91000
07.40000
07.63000
08.90000
05.72000
07.09000
09.97000
09.12000
08.04000
06.30000
08.00000
06.56000
05.78000
07.00000
07.73000
06.33000
08.08000
07.42000
06.46000
09.76000
05.37000
07.02000
07.71000
09.46000
09.29000
06.53000
06.29000
09.28000
07.77000
07.92000
08.21000
05.28000
07.73000
06.76000
07.97000
07.81000
08.94000
06.90000
08.03000
08.53000
09.93000
05.69000
09.09000
07.39000
07.21000
06.17000
05.78000
05.58000
08.54000
07.68000
08.99000
05.54000
07.91000
05.77000
05.83000
05.97000
05.58000
07.26000
09.70000
06.80000
08.05000
05.23000
05.22000
09.22000
08.08000
08.97000
07.79000
06.57000
05.63000
05.95000
06.07000
05.67000
05.31000
07.46000
08.74000
08.45000
08.35000
08.65000
05.29000
08.46000
07.34000
06.17000
06.44000
05.46000
06.14000
07.92000
09.15000
05.51000
09.83000
08.08000
06.66000
05.88000
09.77000
07.05000
08.43000
05.11000
08.55000
06.48000
05.18000
07.98000
05.02000
08.61000
08.78000
05.36000
07.58000
08.09000
09.61000
07.81000
05.46000
07.81000
09.22000
06.10000
06.00000
08.01000
09.42000
08.60000
09.13000
05.21000
08.28000
09.93000
06.04000
07.15000
05.11000
05.98000
09.18000
07.84000
05.47000
08.88000
07.23000
07.53000
06.20000
06.99000
05.14000
07.73000
05.34000
09.96000
07.72000
09.99000
09.06000
08.61000
08.16000
07.76000
09.09000
07.65000
06.32000
05.12000
07.21000
06.17000
09.50000
08.41000
08.83000
08.63000
06.22000
05.24000
05.60000
05.78000
06.28000
09.44000
05.45000
09.57000
05.70000
06.12000
07.52000
08.23000
06.77000
06.63000
07.23000
06.23000
08.04000
08.56000
06.24000
08.22000
05.39000
05.60000
07.75000
07.97000
07.53000
07.00000
06.60000
07.88000
06.59000
06.81000
06.39000
08.52000
09.67000
08.73000
07.37000
06.70000
05.17000
07.69000
06.04000
05.49000
07.70000
09.89000
05.16000
09.20000
08.16000
07.76000
08.73000
08.41000
08.66000
05.00000
07.01000
09.92000
07.59000
06.56000
06.83000
06.62000
06.11000
05.85000
06.69000
05.74000
08.64000
08.09000
08.63000
07.61000
07.50000
09.38000
07.73000
06.39000
05.92000
07.01000
05.34000
07.51000
08.37000
09.52000
09.06000
07.60000
05.57000
06.69000
07.74000
09.60000
09.50000
09.55000
06.47000
07.65000
08.38000
05.39000
06.60000
07.16000
06.67000
08.36000
09.37000
07.59000
08.84000
06.23000
09.38000
09.73000
07.27000
08.33000
09.81000
09.51000
07.81000
05.54000
08.11000
05.93000
06.04000
09.98000
07.97000
09.24000
08.76000
05.04000
09.32000
05.95000
09.05000
05.34000
08.36000
08.82000
06.21000
06.76000
07.54000
06.83000
05.82000
06.44000
05.54000
05.26000
06.29000
05.88000
05.77000
08.81000
08.80000
07.78000
09.52000
09.32000
09.98000
09.12000
07.62000
09.48000
07.75000
06.87000
06.10000
09.38000
06.27000
09.25000
07.25000
05.37000
05.94000
05.75000
09.60000
05.05000
08.42000
07.07000
07.94000
07.26000
06.62000
05.20000
08.30000
07.11000
09.71000
08.36000
07.97000
07.60000
08.53000
05.31000
09.20000
05.07000
06.87000
09.24000
05.38000
06.22000
05.80000
07.92000
09.00000
07.25000
08.08000
05.66000
05.92000
05.60000
07.69000
08.04000
08.29000
09.96000
09.90000
06.87000
09.47000
05.27000
06.21000
05.21000
09.10000
07.73000
09.37000
07.38000
08.05000
09.76000
08.40000
08.96000
3
23
5
13
7
31
15
30
26
17
14
10
4
6
33
16
7
1
32
3
35
11
1
4
4
2
34
3
2
25
21
3
12
22
8
4
9
24
19
18
4
27
20
28
29
50.89588
