35
4
167.30000
144.32000
171.86000
185.70000
110.70000
110.77000
138.90000
187.12000
136.54000
107.32000
108.70000
188.96000
185.46000
174.60000
121.88000
131.84000
198.07000
153.24000
119.08000
156.38000
115.00000
183.85000
140.91000
103.21000
176.88000
107.06000
127.99000
112.96000
124.33000
163.50000
120.96000
126.25000
197.97000
193.79000
160.44000
192.04000
199.40000
152.00000
171.98000
183.01000
160.34000
180.77000
172.68000
165.99000
142.20000
184.37000
127.11000
106.61000
110.61000
128.42000
100.90000
170.50000
131.19000
178.55000
159.68000
123.28000
169.57000
100.38000
169.07000
130.57000
191.38000
159.55000
194.70000
158.01000
162.23000
121.66000
102.18000
171.21000
147.76000
152.36000
107.43000
101.04000
117.55000
156.03000
129.62000
115.52000
104.98000
153.33000
129.95000
168.30000
115.87000
184.25000
199.06000
150.01000
140.85000
139.41000
127.57000
151.28000
170.54000
109.44000
106.10000
162.72000
195.57000
184.96000
125.28000
174.98000
106.56000
156.60000
175.74000
178.66000
194.14000
114.99000
148.09000
164.40000
148.93000
130.25000
119.67000
155.83000
130.39000
161.55000
144.09000
199.35000
125.23000
146.19000
163.26000
104.03000
172.64000
199.81000
192.81000
185.48000
188.23000
138.01000
148.36000
159.35000
187.64000
176.44000
145.53000
141.24000
186.48000
130.71000
199.95000
146.80000
100.39000
116.45000
127.25000
191.63000
144.99000
149.29000
143.06000
191.38000
04.77000
03.10000
01.43000
01.46000
02.22000
02.04000
04.55000
04.71000
02.79000
02.37000
04.34000
04.90000
01.58000
03.21000
03.92000
01.17000
01.73000
03.68000
02.42000
04.64000
02.36000
02.93000
02.96000
02.43000
02.60000
04.05000
04.68000
01.68000
01.57000
02.20000
02.68000
01.50000
02.40000
04.47000
04.11000
01.26000
04.53000
04.93000
01.81000
02.33000
03.45000
01.96000
04.45000
01.34000
04.85000
03.00000
01.65000
02.45000
04.87000
04.19000
01.52000
01.76000
03.62000
01.65000
04.19000
03.40000
01.24000
03.51000
01.79000
03.50000
01.85000
01.89000
02.44000
02.18000
01.58000
04.91000
02.27000
03.58000
04.54000
04.70000
03.61000
01.73000
04.16000
01.02000
04.73000
04.03000
01.96000
01.89000
01.48000
02.73000
01.94000
03.71000
02.98000
02.97000
01.23000
03.63000
02.35000
01.85000
04.96000
02.77000
04.71000
04.52000
02.24000
02.25000
03.20000
04.09000
02.21000
03.19000
02.93000
01.69000
01.99000
02.72000
01.04000
02.44000
02.71000
03.56000
01.01000
04.42000
04.78000
01.91000
02.43000
01.79000
02.25000
02.85000
01.48000
04.84000
02.41000
04.52000
04.29000
03.66000
03.39000
01.03000
04.97000
04.40000
03.31000
02.52000
01.67000
01.17000
04.30000
03.11000
04.49000
04.11000
04.48000
04.93000
03.56000
03.33000
01.98000
02.09000
01.02000
04.96000
9
29
6
5
19
10
31
24
15
26
9
12
16
32
13
25
21
18
23
14
9
9
11
2
35
7
27
20
1
3
8
34
17
22
33
8
30
4
28
1139.17600
