35
4
114.65000
158.07000
114.46000
199.28000
167.10000
161.50000
165.16000
149.80000
126.21000
194.25000
192.84000
149.95000
132.62000
196.95000
138.12000
140.35000
126.93000
110.22000
141.63000
161.64000
149.79000
174.69000
144.00000
154.44000
141.82000
130.98000
185.84000
159.37000
143.63000
119.71000
107.78000
117.07000
195.86000
181.52000
150.45000
161.45000
163.27000
172.40000
128.14000
121.38000
144.54000
141.61000
158.16000
191.29000
139.70000
153.63000
184.88000
136.82000
114.38000
174.06000
173.92000
123.57000
134.20000
168.55000
190.92000
117.19000
164.79000
102.71000
101.50000
183.30000
171.77000
142.16000
171.29000
187.51000
120.76000
152.54000
165.90000
195.46000
177.40000
199.47000
121.49000
137.13000
134.22000
166.52000
151.84000
122.08000
173.18000
115.15000
122.07000
182.06000
147.33000
184.13000
122.79000
107.69000
147.28000
164.06000
144.62000
189.59000
163.65000
145.59000
178.20000
118.39000
187.09000
119.32000
114.15000
184.71000
108.21000
175.89000
143.09000
179.19000
117.63000
105.92000
155.65000
192.44000
105.98000
160.91000
195.55000
103.84000
169.61000
153.27000
141.77000
198.64000
113.98000
154.43000
113.20000
160.08000
191.39000
180.03000
125.48000
103.76000
117.45000
145.70000
194.23000
145.32000
107.79000
167.06000
135.08000
100.38000
178.04000
159.73000
163.64000
184.56000
143.83000
139.33000
195.55000
113.50000
120.77000
121.50000
146.43000
102.81000
07.66000
08.98000
08.42000
06.18000
06.56000
05.54000
08.21000
06.31000
05.71000
08.96000
07.70000
05.24000
09.02000
08.13000
05.80000
06.88000
05.39000
06.97000
06.41000
05.14000
08.73000
09.38000
08.45000
08.93000
07.94000
09.27000
05.82000
07.14000
06.94000
05.54000
07.42000
08.70000
09.62000
07.10000
07.16000
05.42000
05.57000
05.33000
06.30000
07.34000
07.10000
06.48000
06.14000
09.01000
07.80000
07.46000
07.73000
05.59000
07.82000
08.43000
06.22000
07.24000
07.32000
09.54000
06.76000
09.10000
06.45000
05.95000
09.52000
06.35000
05.37000
07.82000
09.65000
09.12000
09.25000
05.29000
07.30000
07.59000
08.22000
08.54000
05.70000
07.15000
07.72000
06.83000
09.32000
07.90000
05.67000
08.65000
08.21000
08.64000
09.60000
08.66000
08.77000
05.78000
05.91000
08.28000
07.42000
05.73000
06.00000
08.92000
05.56000
09.90000
06.28000
06.97000
09.59000
09.68000
08.16000
08.84000
05.92000
06.50000
08.05000
05.95000
05.96000
06.75000
07.34000
09.54000
08.55000
08.47000
09.22000
09.25000
08.00000
08.44000
09.57000
08.89000
09.91000
09.67000
06.21000
06.11000
06.94000
09.80000
06.80000
08.57000
06.76000
06.51000
09.00000
08.94000
07.01000
07.44000
05.47000
09.85000
05.35000
05.25000
08.85000
08.97000
09.44000
07.60000
06.81000
08.96000
06.94000
07.14000
9
12
15
17
9
30
18
1
31
26
8
2
13
7
4
11
28
5
21
9
33
29
14
32
24
6
27
8
25
9
19
34
22
16
35
23
3
20
10
1433.80800
