35
7
140.56000
170.94000
131.24000
115.33000
189.60000
112.06000
104.92000
102.61000
122.04000
127.00000
183.56000
128.44000
197.02000
183.08000
127.07000
154.67000
112.71000
174.22000
109.42000
144.73000
156.39000
170.86000
168.66000
113.61000
154.36000
170.03000
156.88000
177.87000
122.02000
145.31000
190.23000
105.62000
113.79000
196.85000
198.96000
151.59000
106.94000
166.87000
168.47000
163.95000
192.53000
133.82000
139.88000
167.55000
158.09000
136.01000
123.76000
194.54000
109.65000
112.65000
176.91000
128.67000
192.26000
129.51000
170.17000
155.26000
140.06000
128.93000
138.46000
111.15000
126.24000
179.81000
130.75000
134.78000
113.06000
127.60000
160.08000
116.14000
101.83000
144.32000
145.09000
130.45000
175.18000
142.74000
195.35000
140.47000
111.96000
157.97000
132.26000
110.95000
181.55000
176.12000
145.41000
195.95000
136.84000
108.28000
188.48000
101.08000
169.77000
192.08000
129.17000
133.51000
161.34000
141.74000
199.29000
152.00000
131.62000
198.04000
144.68000
116.84000
189.75000
178.29000
175.25000
139.89000
183.91000
184.96000
187.83000
188.56000
125.36000
188.00000
135.71000
128.07000
115.48000
161.48000
193.40000
103.53000
147.50000
111.80000
147.34000
190.87000
121.17000
121.93000
148.09000
117.57000
175.31000
101.39000
160.25000
112.70000
137.80000
136.25000
112.47000
156.87000
175.58000
139.17000
147.48000
132.25000
144.67000
199.36000
172.06000
172.59000
179.11000
166.66000
106.35000
146.63000
162.56000
117.10000
138.39000
134.96000
195.67000
146.29000
159.62000
140.99000
136.01000
132.50000
153.38000
162.50000
130.21000
130.57000
167.09000
148.87000
163.96000
121.89000
162.23000
151.03000
112.02000
164.41000
164.32000
171.47000
188.20000
142.67000
112.97000
114.23000
195.39000
117.75000
111.85000
193.93000
187.97000
192.93000
186.99000
150.36000
116.85000
169.50000
177.20000
194.35000
170.10000
139.36000
192.25000
144.03000
152.16000
152.67000
112.36000
119.06000
156.54000
136.13000
181.80000
190.68000
115.80000
143.02000
158.94000
131.70000
151.57000
103.17000
166.18000
166.49000
124.56000
172.98000
140.00000
120.96000
184.51000
185.41000
184.84000
136.39000
160.61000
140.75000
141.07000
170.45000
143.32000
109.64000
150.99000
164.45000
181.36000
192.64000
177.63000
158.35000
126.04000
111.75000
198.09000
193.73000
117.74000
165.58000
153.55000
163.69000
135.91000
179.25000
199.21000
162.91000
149.05000
154.49000
154.38000
137.64000
164.73000
119.56000
152.39000
135.67000
179.58000
05.39000
07.54000
09.08000
09.33000
09.52000
07.50000
09.25000
09.27000
07.48000
07.08000
08.75000
07.88000
07.88000
08.69000
06.10000
08.39000
08.50000
05.75000
07.70000
08.77000
08.75000
05.19000
05.34000
09.29000
07.19000
09.95000
08.72000
09.95000
09.00000
06.50000
07.90000
08.04000
08.52000
07.31000
05.86000
06.38000
07.25000
07.28000
06.49000
07.95000
09.50000
08.20000
08.09000
07.79000
06.08000
09.54000
07.90000
08.58000
08.58000
07.92000
09.90000
05.24000
07.76000
05.96000
05.95000
07.49000
05.99000
09.82000
08.33000
07.30000
09.79000
06.67000
07.19000
06.40000
07.32000
07.19000
08.07000
08.79000
05.89000
08.06000
07.48000
05.95000
09.15000
07.84000
05.77000
05.21000
07.31000
06.36000
08.63000
07.36000
06.88000
05.15000
05.15000
06.79000
07.42000
05.04000
09.75000
05.15000
07.65000
07.89000
09.78000
08.86000
07.90000
09.06000
07.98000
06.63000
07.68000
09.94000
09.97000
06.89000
08.11000
05.43000
06.76000
05.37000
09.46000
08.81000
08.59000
06.43000
09.07000
05.80000
08.33000
08.62000
07.82000
05.43000
09.18000
07.37000
06.62000
09.24000
05.66000
08.79000
08.00000
07.27000
07.70000
06.25000
08.64000
05.62000
08.12000
07.91000
06.85000
08.85000
05.09000
09.16000
05.09000
07.58000
09.73000
05.19000
07.47000
05.92000
08.51000
08.42000
06.73000
09.27000
08.65000
09.74000
06.25000
09.00000
06.86000
06.95000
07.15000
05.11000
09.27000
08.45000
08.29000
08.38000
05.87000
07.09000
05.18000
08.07000
07.07000
07.95000
07.47000
09.48000
06.12000
05.89000
06.44000
06.41000
06.72000
08.05000
07.52000
08.68000
05.40000
06.31000
07.78000
09.64000
09.13000
09.13000
09.87000
05.86000
09.70000
09.01000
06.17000
06.51000
05.28000
05.21000
07.65000
06.37000
09.71000
07.51000
06.13000
05.42000
08.46000
05.47000
05.09000
07.15000
07.39000
05.88000
07.14000
06.06000
05.24000
05.34000
06.55000
05.19000
06.15000
07.69000
06.70000
08.57000
07.15000
06.54000
07.64000
08.77000
08.36000
08.06000
08.77000
07.03000
05.05000
08.64000
05.59000
08.68000
08.77000
09.68000
07.94000
06.41000
07.55000
07.69000
05.62000
09.43000
07.34000
08.94000
05.07000
05.45000
09.46000
06.95000
06.89000
08.19000
08.13000
05.02000
08.28000
09.90000
07.94000
08.72000
05.62000
08.84000
06.41000
08.38000
06.92000
5
1
6
32
4
24
5
28
34
12
2
14
5
18
30
7
9
10
5
26
21
29
23
13
5
31
20
25
3
35
5
17
11
27
33
22
5
5
19
15
8
16
679.80320
