35
4
58.63000
19.70000
33.63000
35.31000
97.29000
83.31000
93.76000
20.23000
89.95000
24.34000
78.50000
1.69000
76.83000
81.04000
28.08000
19.91000
98.16000
95.60000
81.71000
16.12000
95.14000
9.25000
81.61000
30.53000
9.01000
60.22000
67.99000
4.35000
77.97000
90.71000
81.09000
76.81000
45.25000
41.95000
62.11000
33.51000
77.67000
93.30000
88.37000
22.91000
56.49000
3.73000
76.78000
43.86000
70.73000
77.18000
83.58000
62.32000
86.34000
81.63000
74.74000
44.25000
69.29000
82.04000
16.23000
54.63000
84.56000
44.39000
72.03000
59.43000
98.12000
33.64000
10.09000
24.62000
75.93000
15.75000
93.39000
15.16000
82.96000
55.71000
77.83000
66.22000
11.30000
83.84000
23.07000
77.11000
62.51000
7.74000
4.69000
60.19000
46.46000
47.67000
13.40000
6.16000
52.86000
95.36000
39.93000
4.75000
72.44000
42.53000
74.98000
46.67000
95.90000
77.89000
10.29000
23.66000
14.98000
93.17000
34.57000
25.41000
18.39000
79.09000
39.53000
42.66000
96.84000
89.18000
65.19000
87.62000
10.54000
60.80000
95.55000
47.75000
74.65000
13.30000
24.03000
45.99000
44.62000
61.15000
64.10000
97.82000
34.91000
21.81000
33.24000
20.70000
61.00000
9.77000
45.90000
28.10000
39.36000
40.48000
18.56000
36.49000
84.45000
30.42000
65.70000
61.34000
13.74000
94.06000
4.76000
19.12000
07.14000
09.30000
08.53000
07.19000
06.80000
05.49000
05.56000
05.93000
09.68000
06.50000
05.26000
06.44000
09.68000
06.24000
06.54000
07.64000
05.72000
08.62000
08.31000
08.42000
06.69000
07.53000
09.47000
07.69000
06.51000
06.89000
08.93000
09.36000
09.08000
05.60000
05.58000
07.34000
08.30000
07.57000
08.35000
08.77000
08.44000
08.13000
09.15000
05.03000
09.12000
06.99000
09.00000
07.77000
05.68000
07.39000
07.31000
07.13000
08.29000
09.50000
09.25000
08.27000
07.09000
08.47000
09.96000
06.36000
07.25000
09.46000
09.60000
06.54000
08.91000
07.62000
08.33000
08.97000
07.25000
08.12000
06.31000
08.82000
07.40000
06.09000
08.75000
07.75000
09.64000
06.04000
08.97000
08.34000
09.43000
05.44000
09.93000
09.39000
05.66000
08.50000
08.04000
07.31000
09.74000
06.63000
09.69000
08.51000
08.07000
06.25000
06.30000
09.40000
07.07000
08.75000
09.28000
06.37000
08.13000
05.55000
05.03000
05.84000
07.66000
08.04000
09.95000
09.21000
07.07000
08.58000
07.37000
06.07000
09.30000
05.20000
07.89000
05.05000
05.34000
05.96000
05.11000
09.51000
06.89000
08.52000
06.66000
07.09000
06.62000
05.55000
05.22000
05.47000
07.17000
09.69000
08.42000
07.29000
06.20000
08.60000
08.94000
05.20000
06.37000
09.94000
09.43000
06.88000
05.33000
06.36000
07.54000
09.96000
7
16
7
11
20
6
22
35
10
5
1
10
9
14
23
32
30
31
3
8
13
25
26
15
17
27
12
34
10
4
8
29
18
28
33
19
2
24
21
197.64560
