35
10
97.63000
8.10000
32.37000
80.61000
91.74000
84.42000
34.87000
76.43000
30.81000
53.19000
15.01000
99.46000
35.86000
41.64000
7.18000
91.32000
54.70000
3.75000
70.56000
18.37000
59.86000
17.26000
91.08000
69.70000
48.64000
85.63000
78.39000
63.17000
43.08000
39.11000
66.91000
39.40000
89.98000
29.67000
16.82000
84.73000
62.36000
3.71000
53.38000
20.37000
35.55000
45.81000
25.95000
17.41000
92.67000
47.39000
8.38000
76.24000
91.79000
21.24000
69.14000
23.99000
14.73000
4.86000
4.40000
9.54000
66.06000
60.51000
31.14000
8.54000
79.12000
77.21000
94.04000
21.38000
10.97000
67.71000
63.55000
73.17000
41.44000
69.53000
19.42000
37.24000
85.10000
41.20000
30.55000
5.78000
45.69000
84.55000
62.13000
98.52000
99.64000
80.59000
18.65000
28.11000
64.78000
51.34000
27.33000
26.98000
80.74000
43.62000
42.16000
55.29000
14.87000
29.95000
41.86000
97.97000
56.27000
7.64000
29.92000
65.68000
22.79000
97.72000
34.56000
91.83000
54.05000
37.22000
90.69000
59.57000
97.45000
5.31000
12.72000
98.77000
30.70000
21.35000
25.35000
50.00000
94.96000
17.68000
17.59000
55.95000
92.61000
50.37000
2.19000
86.08000
48.79000
2.24000
16.67000
35.58000
13.39000
77.87000
24.30000
22.41000
61.05000
11.57000
13.08000
90.26000
93.14000
57.44000
94.77000
10.59000
53.62000
67.94000
85.90000
66.60000
62.84000
24.64000
23.55000
6.69000
70.56000
66.56000
23.32000
98.72000
61.71000
85.82000
82.51000
49.17000
45.95000
98.27000
25.16000
84.27000
57.70000
45.51000
96.06000
59.00000
57.13000
91.91000
69.75000
51.09000
29.16000
30.56000
42.53000
64.02000
82.45000
75.32000
36.44000
46.13000
31.78000
4.51000
54.20000
24.84000
23.53000
63.08000
26.46000
51.99000
52.22000
49.63000
42.05000
90.84000
37.79000
38.79000
33.28000
30.41000
23.95000
30.96000
56.23000
81.46000
79.14000
51.26000
92.72000
83.50000
98.57000
50.59000
50.33000
98.78000
2.18000
4.59000
59.37000
16.33000
31.68000
12.64000
17.92000
84.68000
20.47000
3.01000
76.29000
77.89000
86.03000
99.36000
38.52000
69.41000
60.27000
53.45000
68.96000
31.79000
20.94000
48.20000
59.72000
61.33000
70.51000
93.27000
26.66000
81.05000
39.21000
25.10000
10.38000
38.76000
79.03000
1.83000
76.23000
6.00000
69.69000
8.40000
17.32000
79.06000
14.68000
67.09000
55.21000
19.41000
36.92000
70.55000
7.44000
19.45000
57.32000
62.61000
6.38000
51.59000
47.27000
37.47000
2.91000
23.40000
69.04000
14.08000
71.67000
65.22000
11.63000
36.13000
15.03000
35.12000
85.80000
73.07000
56.15000
13.91000
32.08000
20.11000
46.90000
8.18000
11.72000
94.19000
61.93000
49.25000
20.14000
41.84000
44.03000
90.44000
7.42000
29.05000
80.89000
78.55000
52.96000
3.46000
72.56000
52.50000
5.55000
18.04000
78.20000
77.65000
35.72000
51.53000
82.74000
46.10000
41.79000
8.41000
95.84000
72.71000
45.78000
15.91000
52.92000
99.09000
94.49000
28.00000
13.14000
91.58000
61.46000
23.43000
60.44000
92.90000
59.91000
28.46000
39.89000
78.41000
35.50000
95.09000
54.50000
56.10000
56.73000
14.87000
3.56000
51.10000
6.43000
23.31000
79.28000
14.30000
89.16000
83.67000
3.61000
20.33000
39.25000
84.97000
18.24000
69.59000
11.78000
39.97000
92.62000
88.20000
87.57000
85.17000
22.96000
27.06000
75.19000
84.85000
03.33000
03.08000
04.17000
01.74000
03.46000
03.30000
04.40000
02.85000
04.50000
02.81000
01.59000
02.90000
03.80000
02.18000
03.58000
04.99000
03.68000
02.99000
03.18000
01.18000
03.46000
03.83000
02.23000
04.55000
03.48000
04.26000
03.55000
01.19000
01.07000
04.88000
02.98000
02.17000
02.54000
03.24000
01.33000
01.97000
02.71000
04.11000
02.89000
04.46000
03.21000
03.82000
03.60000
03.76000
01.79000
04.69000
03.35000
03.82000
03.65000
01.18000
01.87000
01.60000
03.00000
04.73000
03.84000
03.04000
03.03000
03.80000
02.98000
03.10000
03.95000
03.85000
01.99000
01.74000
02.96000
03.31000
04.56000
03.90000
02.27000
01.66000
04.56000
02.62000
03.43000
02.00000
03.43000
01.72000
03.55000
01.16000
02.08000
04.01000
02.61000
04.30000
04.07000
04.33000
02.68000
04.75000
01.99000
02.50000
02.85000
04.85000
01.42000
03.36000
03.18000
03.92000
04.93000
04.72000
04.76000
02.28000
04.10000
01.42000
01.66000
01.27000
03.51000
01.28000
04.97000
03.45000
04.95000
02.22000
02.88000
01.33000
03.97000
03.59000
02.67000
01.63000
04.25000
03.88000
02.82000
04.58000
03.26000
01.79000
03.29000
03.38000
03.44000
01.02000
01.05000
04.21000
04.25000
02.27000
02.03000
02.30000
02.15000
03.24000
01.19000
01.84000
02.57000
02.65000
02.49000
04.03000
03.99000
04.18000
03.93000
03.99000
01.25000
04.92000
04.85000
03.34000
03.97000
01.40000
04.19000
02.60000
01.41000
01.72000
03.80000
02.87000
01.89000
01.45000
02.50000
02.20000
02.75000
01.17000
04.11000
03.70000
02.32000
02.45000
01.46000
03.42000
03.92000
03.89000
04.39000
02.45000
03.88000
01.04000
03.71000
02.88000
03.53000
03.99000
03.91000
04.16000
04.10000
04.88000
03.79000
01.50000
02.46000
04.16000
03.44000
03.82000
03.83000
02.27000
04.57000
02.08000
04.40000
04.66000
01.87000
04.22000
01.37000
01.79000
03.06000
03.20000
04.95000
01.11000
04.84000
04.97000
02.34000
03.07000
04.90000
04.49000
01.75000
01.13000
01.95000
01.71000
04.78000
02.32000
04.62000
02.39000
02.56000
01.05000
04.64000
01.75000
02.23000
02.24000
01.99000
04.60000
03.89000
01.21000
03.23000
04.77000
04.61000
02.29000
03.94000
01.09000
02.46000
02.81000
04.71000
01.39000
04.53000
01.09000
03.10000
02.49000
02.90000
04.47000
01.71000
02.23000
02.64000
01.28000
04.10000
04.20000
02.28000
03.26000
04.06000
03.41000
01.26000
03.01000
04.90000
04.25000
02.83000
03.12000
01.69000
03.43000
04.94000
02.79000
02.86000
02.64000
02.55000
02.23000
01.89000
04.60000
03.60000
02.63000
01.21000
01.00000
01.06000
02.20000
04.29000
04.55000
04.87000
04.15000
03.58000
04.95000
01.99000
04.68000
03.31000
04.38000
03.96000
02.57000
01.51000
04.65000
01.28000
01.86000
02.90000
04.73000
02.32000
01.12000
01.81000
02.18000
03.92000
04.41000
01.56000
03.60000
03.91000
04.84000
02.48000
04.55000
01.11000
04.46000
01.91000
01.61000
03.34000
02.36000
02.17000
04.37000
03.45000
02.62000
02.58000
03.39000
03.25000
04.22000
03.56000
03.97000
02.70000
03.92000
03.02000
03.96000
01.56000
04.81000
01.20000
02.00000
04.61000
03.86000
04.30000
01.54000
04.56000
03.01000
03.53000
03.04000
03.12000
01.22000
03.08000
03.95000
02.97000
02.44000
04.16000
02.72000
03.83000
03.63000
04.98000
02.81000
02.41000
02.73000
04.73000
04.67000
4
35
2
15
18
5
9
25
20
19
3
3
23
13
6
4
24
29
5
21
2
7
8
3
16
31
30
4
33
1
4
28
3
27
17
32
3
34
22
10
4
11
26
14
12
40.99504
