35
10
43.50000
76.83000
50.81000
35.37000
61.04000
71.10000
96.28000
58.38000
93.53000
9.25000
53.24000
23.92000
88.75000
43.27000
79.86000
96.34000
19.25000
52.88000
62.06000
68.76000
80.33000
41.56000
9.52000
56.02000
96.02000
37.55000
55.64000
98.74000
14.11000
93.83000
61.59000
64.26000
5.16000
90.13000
12.31000
71.12000
93.26000
55.46000
54.74000
31.98000
33.37000
1.53000
86.46000
90.21000
25.31000
4.94000
58.82000
72.93000
50.90000
4.19000
65.03000
30.04000
17.71000
61.56000
25.03000
36.17000
56.08000
66.05000
81.52000
91.71000
24.06000
30.42000
5.95000
23.79000
2.49000
91.19000
89.53000
80.31000
96.95000
13.62000
99.84000
75.79000
17.32000
67.54000
53.28000
55.96000
17.10000
61.61000
53.86000
69.45000
99.79000
78.36000
30.80000
51.67000
8.99000
65.59000
37.10000
61.78000
8.06000
94.82000
51.47000
84.71000
88.10000
64.36000
77.40000
31.13000
66.98000
95.26000
44.12000
34.44000
84.29000
36.29000
4.62000
54.83000
7.40000
12.47000
63.49000
93.26000
65.50000
67.75000
3.58000
2.50000
62.64000
15.14000
8.36000
26.80000
28.75000
9.71000
90.59000
36.61000
87.97000
33.29000
89.77000
26.11000
92.18000
92.46000
68.18000
14.27000
17.03000
20.53000
13.81000
44.78000
60.89000
71.59000
38.44000
87.09000
50.92000
29.45000
80.58000
36.40000
24.49000
19.79000
44.36000
31.41000
38.76000
52.40000
12.78000
63.86000
34.91000
36.06000
88.58000
76.94000
22.61000
85.61000
95.78000
98.86000
36.27000
43.66000
81.19000
83.62000
36.07000
74.56000
17.35000
9.94000
6.91000
70.42000
99.55000
79.31000
57.47000
47.10000
52.83000
22.95000
24.17000
45.19000
22.99000
40.92000
81.18000
91.82000
28.51000
77.52000
75.62000
43.73000
52.39000
12.90000
87.27000
33.83000
62.74000
33.08000
60.83000
62.52000
16.63000
51.81000
64.76000
55.92000
93.90000
7.61000
93.25000
63.93000
4.10000
61.74000
66.26000
62.18000
75.58000
4.21000
27.47000
51.06000
67.40000
45.78000
45.35000
55.71000
6.78000
23.60000
6.65000
14.90000
4.57000
53.39000
15.67000
93.10000
44.27000
2.98000
34.32000
12.41000
17.99000
67.68000
66.08000
79.51000
40.59000
71.53000
40.17000
31.80000
53.67000
61.31000
9.58000
27.46000
23.59000
9.58000
52.04000
51.41000
40.46000
12.62000
72.03000
14.31000
21.12000
92.48000
97.77000
90.81000
3.81000
25.10000
54.35000
56.36000
99.60000
23.76000
22.82000
65.03000
30.56000
71.93000
9.17000
36.77000
69.32000
2.93000
1.43000
15.30000
18.27000
70.83000
12.36000
69.04000
1.55000
59.46000
79.46000
93.20000
69.04000
74.40000
67.00000
7.74000
97.38000
47.96000
61.99000
54.35000
86.96000
36.23000
62.12000
4.90000
78.34000
35.63000
17.52000
9.45000
16.23000
63.69000
26.94000
77.37000
65.55000
17.66000
62.89000
88.41000
13.21000
86.64000
23.68000
46.04000
66.89000
88.48000
30.36000
77.49000
63.01000
63.78000
30.70000
37.74000
60.72000
77.91000
96.27000
4.52000
44.96000
22.97000
26.34000
80.32000
25.38000
16.12000
92.70000
86.83000
17.04000
24.15000
38.69000
67.11000
7.65000
85.06000
22.97000
23.13000
86.25000
50.75000
52.12000
17.14000
73.78000
94.85000
58.46000
37.17000
13.94000
19.75000
98.06000
95.98000
74.19000
48.59000
53.75000
33.07000
50.71000
33.25000
31.10000
9.71000
61.47000
48.37000
61.44000
13.91000
04.04000
04.70000
04.70000
03.81000
02.57000
04.12000
04.98000
02.87000
01.54000
04.59000
02.23000
03.14000
03.28000
03.69000
01.29000
04.71000
03.12000
04.00000
03.98000
04.65000
01.38000
01.09000
01.13000
01.04000
03.38000
03.55000
04.58000
04.96000
03.47000
04.95000
03.14000
04.49000
04.97000
03.87000
02.65000
02.92000
04.57000
02.76000
03.97000
01.61000
04.34000
01.36000
04.75000
04.74000
02.07000
01.27000
04.98000
01.28000
03.97000
01.92000
01.35000
01.17000
01.25000
03.79000
03.58000
03.37000
02.10000
04.31000
02.36000
03.82000
03.74000
01.94000
01.40000
03.50000
04.35000
04.14000
01.40000
04.34000
03.16000
03.36000
04.52000
04.47000
03.98000
01.95000
03.64000
03.40000
04.60000
04.33000
03.29000
04.56000
01.43000
02.21000
04.06000
03.75000
01.53000
01.92000
03.51000
01.81000
04.99000
02.79000
04.25000
04.56000
04.88000
01.14000
01.82000
02.84000
03.29000
02.30000
04.83000
04.47000
03.29000
04.61000
02.84000
02.29000
04.96000
01.82000
02.92000
01.12000
03.06000
04.37000
03.00000
01.50000
02.34000
04.25000
03.49000
04.18000
01.64000
02.66000
02.84000
04.87000
01.91000
01.81000
04.50000
04.27000
01.09000
04.89000
04.94000
04.09000
02.14000
04.11000
01.59000
03.02000
01.01000
04.68000
04.92000
04.77000
02.66000
04.79000
02.38000
02.04000
01.73000
01.91000
01.18000
03.89000
03.28000
01.30000
01.42000
02.43000
01.28000
04.88000
02.89000
01.57000
02.56000
02.72000
02.93000
01.88000
02.94000
01.91000
03.86000
04.95000
03.25000
02.51000
01.01000
01.36000
01.32000
01.61000
02.70000
02.67000
03.98000
01.28000
02.28000
01.48000
03.05000
04.61000
02.05000
01.04000
02.66000
03.63000
03.58000
02.17000
01.46000
01.15000
02.94000
03.82000
02.43000
02.29000
04.18000
03.44000
04.26000
03.00000
04.53000
03.49000
02.66000
04.24000
02.17000
03.41000
02.34000
03.96000
04.30000
03.67000
04.99000
01.12000
03.14000
01.71000
01.32000
03.66000
03.89000
03.99000
03.03000
04.54000
01.96000
04.36000
04.75000
04.22000
04.33000
03.91000
04.88000
03.02000
03.87000
03.43000
02.09000
03.34000
01.65000
03.25000
03.96000
03.99000
03.76000
04.70000
03.08000
04.81000
01.27000
02.09000
01.01000
02.62000
02.26000
02.78000
04.33000
03.25000
03.82000
03.07000
04.63000
01.54000
04.01000
04.30000
02.48000
03.82000
04.31000
04.69000
03.37000
02.87000
01.14000
03.85000
01.76000
04.95000
02.20000
01.27000
02.23000
03.75000
02.44000
01.14000
02.23000
01.98000
01.82000
04.66000
04.23000
03.35000
01.29000
02.04000
03.66000
04.55000
02.80000
04.49000
04.99000
03.29000
01.31000
04.19000
01.66000
02.27000
04.76000
02.37000
04.61000
03.07000
02.82000
02.05000
03.93000
02.49000
01.39000
01.74000
02.95000
04.48000
04.69000
04.67000
01.00000
03.61000
02.57000
03.91000
02.41000
03.47000
01.85000
01.53000
04.51000
04.63000
02.36000
04.62000
01.63000
04.67000
04.92000
01.26000
01.10000
02.17000
03.36000
04.51000
03.23000
04.71000
04.52000
03.08000
03.44000
04.07000
04.96000
03.30000
01.74000
01.78000
01.98000
01.35000
03.65000
02.67000
04.58000
03.20000
04.37000
03.22000
02.47000
03.80000
04.11000
04.85000
02.35000
03.09000
04.06000
02.04000
03.93000
02.04000
02.44000
02.23000
03.90000
02.59000
02.44000
01.88000
03.98000
03.70000
04.26000
02.44000
1
14
5
27
28
11
7
30
4
3
33
19
35
4
25
13
10
6
1
34
4
9
29
21
24
5
23
32
1
26
5
6
18
20
15
22
2
16
2
17
12
3
31
8
4
45.93726
