35
10
137.89000
138.03000
191.04000
170.85000
139.76000
150.04000
170.44000
137.77000
133.50000
185.25000
193.44000
182.78000
178.84000
109.68000
132.32000
184.38000
160.58000
114.34000
184.35000
146.10000
188.46000
115.24000
171.78000
196.44000
197.25000
153.41000
141.88000
188.93000
146.72000
194.85000
166.92000
102.08000
121.64000
130.59000
144.16000
171.25000
162.25000
132.94000
111.22000
120.39000
193.21000
110.99000
167.63000
158.70000
195.47000
144.03000
189.28000
124.06000
163.17000
182.44000
182.81000
179.37000
115.44000
101.62000
179.86000
112.52000
196.43000
101.96000
137.07000
136.39000
175.27000
108.85000
136.09000
188.89000
146.12000
172.67000
183.55000
132.90000
128.10000
168.83000
115.80000
142.03000
120.72000
165.35000
148.10000
126.38000
194.45000
159.93000
145.39000
114.88000
125.56000
104.18000
148.69000
154.81000
167.56000
157.85000
124.02000
118.42000
198.97000
105.72000
162.39000
102.99000
123.31000
157.55000
179.83000
130.78000
169.09000
148.11000
117.33000
149.05000
189.83000
137.16000
140.93000
130.07000
164.04000
165.12000
166.70000
156.79000
119.24000
166.13000
176.79000
161.94000
152.68000
114.60000
186.80000
146.01000
195.60000
179.67000
122.11000
190.63000
185.89000
155.50000
133.10000
102.45000
186.44000
161.21000
195.18000
113.10000
185.14000
140.96000
108.72000
179.22000
194.88000
163.87000
199.13000
182.46000
153.56000
124.10000
116.79000
129.46000
194.30000
197.75000
145.54000
154.75000
196.49000
147.43000
166.36000
195.76000
188.38000
158.78000
159.89000
184.58000
192.24000
160.32000
160.89000
162.22000
155.34000
105.57000
129.14000
194.71000
149.93000
173.04000
149.40000
173.05000
173.29000
166.25000
131.43000
113.26000
147.68000
113.72000
110.00000
156.36000
120.37000
168.95000
144.87000
174.43000
109.24000
171.96000
178.94000
132.59000
185.41000
129.05000
108.39000
160.59000
179.17000
103.04000
130.61000
158.80000
147.15000
106.83000
114.76000
152.63000
170.99000
178.29000
154.96000
192.46000
157.34000
180.33000
170.37000
153.68000
137.84000
100.83000
105.12000
136.68000
169.12000
152.69000
128.35000
166.86000
132.84000
173.79000
103.11000
150.24000
108.68000
188.19000
172.87000
197.69000
150.05000
196.36000
133.61000
165.89000
106.02000
102.04000
188.83000
164.62000
192.62000
127.51000
167.05000
128.64000
150.85000
120.02000
121.80000
117.72000
146.74000
151.85000
131.58000
116.61000
171.30000
120.25000
199.92000
135.09000
140.54000
147.50000
155.32000
107.92000
195.47000
179.13000
107.83000
179.70000
145.19000
123.58000
192.09000
199.89000
107.18000
149.29000
125.67000
114.02000
109.32000
187.89000
196.47000
166.25000
152.00000
196.03000
117.37000
125.72000
160.59000
155.35000
126.26000
186.55000
185.50000
172.49000
186.04000
167.90000
102.12000
179.09000
184.59000
113.90000
110.83000
131.78000
134.81000
193.70000
174.38000
173.54000
133.90000
171.95000
123.85000
146.92000
146.24000
126.21000
167.12000
126.69000
166.64000
104.26000
188.97000
103.88000
192.37000
109.60000
199.15000
194.51000
145.69000
170.76000
132.43000
139.58000
173.87000
141.26000
148.58000
105.12000
149.18000
199.60000
132.36000
182.14000
168.88000
149.30000
193.54000
186.66000
155.23000
181.16000
141.45000
106.37000
187.00000
171.11000
137.15000
193.39000
141.93000
167.79000
152.96000
115.47000
173.42000
134.11000
108.04000
148.00000
113.12000
157.96000
146.53000
191.38000
117.68000
152.22000
137.56000
171.00000
168.72000
154.79000
175.27000
137.24000
172.89000
128.56000
178.81000
165.51000
161.84000
161.41000
192.32000
156.18000
06.26000
09.03000
09.67000
07.41000
08.21000
09.54000
06.40000
08.59000
09.19000
09.38000
09.40000
05.86000
05.24000
08.65000
07.83000
07.46000
08.65000
08.70000
07.10000
07.86000
07.95000
07.12000
08.88000
07.77000
07.93000
07.77000
06.06000
09.18000
09.61000
05.74000
07.82000
05.30000
05.29000
07.37000
09.56000
07.65000
06.65000
05.90000
09.03000
05.37000
07.79000
06.93000
06.52000
05.02000
08.55000
05.03000
09.52000
05.92000
09.81000
07.63000
07.06000
08.64000
08.69000
08.43000
09.38000
05.00000
08.58000
07.37000
07.99000
08.07000
09.10000
05.64000
05.65000
07.15000
06.14000
05.68000
06.35000
07.82000
06.81000
06.18000
09.84000
07.23000
06.62000
06.30000
05.74000
06.66000
05.22000
05.59000
09.71000
08.27000
08.02000
05.25000
05.58000
09.98000
06.99000
06.30000
08.47000
05.95000
05.37000
06.04000
09.71000
06.59000
07.63000
08.00000
06.91000
08.56000
09.47000
06.96000
08.90000
09.77000
07.89000
08.96000
05.80000
09.38000
06.10000
08.50000
07.73000
07.45000
07.90000
05.07000
09.89000
08.56000
09.21000
09.84000
07.38000
08.14000
09.42000
07.43000
06.39000
08.95000
07.84000
08.71000
09.35000
09.99000
05.02000
05.83000
09.97000
06.53000
07.80000
07.15000
08.17000
05.05000
09.24000
07.32000
05.16000
08.32000
08.64000
07.19000
08.38000
05.34000
09.92000
07.07000
06.51000
05.97000
05.10000
07.71000
05.31000
06.81000
09.64000
06.92000
06.01000
08.30000
05.20000
05.40000
08.40000
09.28000
09.69000
05.14000
08.52000
09.84000
07.26000
09.36000
08.65000
06.34000
08.33000
07.53000
07.33000
06.36000
09.56000
05.38000
09.34000
08.77000
08.86000
09.87000
05.71000
06.27000
07.64000
05.16000
09.18000
07.16000
09.03000
08.87000
07.74000
07.89000
08.10000
05.35000
07.69000
08.40000
06.35000
07.68000
08.67000
09.87000
06.52000
05.17000
06.55000
09.76000
07.64000
08.38000
08.46000
06.76000
09.94000
09.14000
07.78000
05.80000
09.94000
05.51000
09.15000
08.07000
05.39000
06.80000
08.59000
08.36000
09.42000
05.62000
09.65000
06.60000
08.65000
06.15000
09.89000
09.54000
08.50000
09.88000
08.76000
05.71000
06.57000
08.45000
06.99000
09.90000
06.70000
09.77000
06.55000
08.14000
09.01000
08.01000
05.68000
07.73000
09.82000
08.57000
08.83000
07.19000
06.74000
08.12000
06.74000
06.31000
08.63000
08.03000
07.76000
07.91000
08.72000
05.12000
08.33000
08.79000
05.29000
05.33000
06.81000
05.90000
06.14000
08.92000
05.03000
07.60000
06.23000
07.39000
06.04000
08.53000
06.75000
08.50000
09.16000
09.56000
05.12000
06.25000
09.97000
07.84000
05.06000
05.89000
05.27000
06.72000
06.49000
08.92000
08.13000
05.85000
07.60000
06.54000
08.35000
05.86000
08.98000
09.41000
06.70000
05.50000
09.09000
09.12000
06.65000
09.39000
05.23000
07.04000
08.61000
06.99000
05.94000
05.76000
09.25000
09.03000
05.99000
09.12000
06.48000
07.48000
06.43000
07.22000
09.44000
05.57000
09.53000
06.42000
08.56000
07.77000
08.83000
09.30000
05.50000
07.56000
05.30000
05.81000
05.23000
08.21000
05.80000
09.56000
07.00000
08.17000
08.59000
08.36000
07.59000
07.99000
05.80000
05.91000
07.27000
09.50000
05.81000
07.14000
07.52000
05.75000
08.26000
08.25000
06.12000
06.07000
09.01000
06.68000
07.06000
06.03000
05.20000
06.12000
05.60000
07.43000
05.21000
06.50000
3
30
32
6
4
5
27
23
19
4
18
20
22
10
3
33
4
9
3
35
21
17
3
24
7
15
4
34
11
1
3
4
8
28
31
2
4
16
14
26
12
3
25
29
13
486.54430
