35
10
136.86000
175.93000
161.37000
144.46000
102.35000
139.63000
114.92000
192.37000
118.28000
122.64000
145.68000
189.46000
194.43000
140.95000
175.91000
164.25000
165.55000
135.58000
152.87000
170.24000
191.42000
172.56000
148.83000
185.95000
156.79000
142.89000
161.06000
114.91000
171.44000
162.60000
111.82000
185.61000
170.13000
172.69000
148.37000
155.35000
140.42000
146.74000
198.30000
151.98000
111.65000
167.21000
158.65000
165.13000
119.03000
145.01000
124.08000
182.68000
106.68000
180.53000
151.24000
117.52000
143.76000
199.16000
121.77000
107.54000
124.39000
151.29000
142.30000
115.63000
167.73000
112.32000
144.48000
129.69000
117.91000
182.63000
184.94000
162.60000
144.07000
187.61000
112.89000
179.56000
172.66000
170.52000
147.66000
101.35000
103.17000
175.59000
193.52000
110.88000
112.14000
188.91000
141.49000
105.43000
103.11000
120.26000
107.58000
107.27000
104.58000
104.40000
132.81000
163.65000
170.06000
101.09000
183.19000
146.84000
178.09000
195.10000
149.74000
154.11000
132.16000
196.20000
148.47000
107.73000
160.81000
101.02000
110.29000
173.86000
159.15000
199.33000
132.34000
164.99000
161.96000
159.94000
106.64000
124.87000
101.60000
102.01000
108.59000
185.16000
165.95000
169.67000
138.57000
102.48000
167.90000
132.06000
121.97000
158.47000
145.35000
183.33000
109.18000
159.79000
161.18000
142.60000
175.60000
138.07000
103.29000
154.04000
121.62000
149.94000
176.37000
142.87000
145.64000
154.13000
129.28000
175.10000
115.23000
194.50000
105.49000
140.10000
166.12000
128.76000
177.25000
116.39000
183.08000
147.95000
141.85000
107.47000
175.88000
168.06000
121.54000
141.88000
179.28000
130.13000
163.59000
173.11000
153.04000
100.16000
140.26000
179.70000
181.94000
169.18000
148.83000
165.14000
175.74000
143.92000
189.90000
191.27000
135.49000
133.56000
184.07000
162.26000
134.12000
195.38000
135.68000
127.51000
140.36000
179.77000
151.35000
149.88000
173.37000
162.11000
162.73000
117.28000
177.29000
142.79000
126.46000
142.60000
121.24000
147.22000
124.18000
163.72000
199.39000
125.77000
162.54000
143.55000
130.86000
153.83000
173.16000
169.96000
106.25000
147.62000
147.72000
156.15000
134.35000
132.12000
189.22000
161.91000
174.51000
195.97000
141.43000
198.79000
180.26000
198.93000
170.35000
139.04000
130.10000
125.78000
167.00000
179.93000
127.56000
186.28000
147.39000
143.72000
101.15000
115.19000
152.55000
177.69000
104.38000
172.28000
148.49000
154.10000
115.78000
142.32000
126.22000
106.97000
127.64000
118.20000
187.67000
151.45000
120.34000
114.59000
103.03000
167.04000
189.70000
169.78000
160.87000
135.37000
173.62000
177.91000
111.59000
163.08000
134.98000
158.11000
130.57000
181.81000
161.68000
154.53000
118.21000
148.20000
166.62000
136.31000
199.91000
143.90000
187.67000
197.58000
126.04000
175.54000
187.73000
157.50000
121.39000
142.09000
164.37000
132.07000
146.18000
166.38000
137.58000
141.54000
173.38000
143.16000
102.45000
195.89000
137.74000
113.46000
106.25000
148.64000
199.03000
143.28000
121.23000
178.29000
142.02000
123.65000
144.66000
188.37000
176.47000
170.57000
198.81000
107.40000
137.14000
125.07000
130.95000
188.88000
183.81000
153.16000
113.34000
172.57000
170.49000
136.47000
127.68000
115.48000
199.42000
146.37000
154.52000
142.47000
163.32000
143.68000
147.77000
166.45000
131.33000
153.79000
189.07000
125.29000
197.59000
127.09000
185.06000
181.90000
181.23000
138.97000
167.39000
124.15000
126.40000
189.83000
192.69000
164.95000
102.25000
105.04000
142.61000
142.18000
102.90000
135.00000
09.80000
07.20000
05.95000
08.66000
09.08000
06.83000
08.43000
09.57000
08.61000
06.38000
07.14000
05.91000
06.92000
08.44000
08.74000
08.40000
08.80000
06.87000
06.15000
09.03000
05.27000
06.75000
08.52000
06.02000
08.64000
09.45000
06.26000
08.83000
07.42000
07.56000
06.03000
08.19000
06.41000
09.91000
05.75000
05.54000
09.64000
05.27000
06.63000
08.00000
06.62000
06.81000
05.39000
08.30000
08.49000
05.07000
08.71000
08.25000
08.62000
09.98000
08.08000
05.92000
06.66000
07.74000
06.25000
05.62000
08.48000
05.78000
07.24000
07.93000
06.20000
07.80000
06.29000
09.65000
08.21000
08.75000
09.92000
08.86000
09.13000
09.80000
09.76000
09.06000
06.75000
06.41000
07.16000
09.74000
08.70000
06.01000
05.72000
05.07000
06.70000
07.18000
06.77000
05.46000
05.21000
08.46000
07.92000
07.58000
09.95000
09.63000
08.01000
09.32000
07.91000
06.73000
07.13000
09.85000
07.30000
07.05000
06.65000
09.59000
07.59000
09.12000
09.15000
05.18000
09.51000
08.46000
08.25000
06.17000
09.91000
07.31000
05.49000
06.25000
07.69000
07.13000
05.21000
06.34000
05.27000
05.04000
06.10000
06.68000
09.45000
09.43000
08.09000
08.77000
08.30000
09.92000
07.38000
05.37000
06.14000
07.39000
06.41000
05.49000
08.54000
08.97000
08.88000
09.38000
07.31000
08.04000
09.71000
08.54000
05.68000
08.85000
08.01000
08.04000
05.13000
08.98000
06.36000
05.86000
08.90000
07.01000
05.34000
07.41000
06.15000
06.16000
07.21000
09.03000
07.29000
05.90000
05.52000
08.32000
08.97000
06.96000
05.06000
09.13000
09.11000
06.30000
06.85000
06.56000
06.87000
07.15000
08.18000
06.95000
07.66000
08.99000
07.59000
08.53000
07.45000
05.89000
08.54000
06.58000
08.01000
09.38000
08.60000
09.10000
05.28000
09.05000
07.82000
08.56000
08.25000
05.47000
08.34000
08.64000
07.17000
05.44000
08.54000
09.27000
08.55000
07.04000
08.05000
06.66000
05.15000
09.58000
07.74000
08.24000
05.96000
08.63000
09.74000
07.71000
06.25000
06.00000
07.29000
05.89000
06.17000
06.00000
06.48000
05.45000
07.25000
08.77000
06.67000
05.91000
09.54000
09.69000
09.84000
08.32000
08.14000
07.92000
09.20000
09.97000
09.39000
08.86000
09.23000
09.37000
05.89000
09.18000
05.66000
06.33000
06.49000
06.78000
05.46000
06.87000
06.28000
05.83000
06.84000
08.29000
06.62000
06.39000
09.04000
05.60000
07.54000
05.34000
05.22000
06.93000
07.97000
08.95000
05.21000
09.75000
07.35000
09.95000
08.33000
09.94000
08.10000
07.36000
05.14000
09.64000
08.93000
06.44000
07.47000
07.21000
09.78000
08.67000
08.38000
07.29000
06.82000
06.82000
07.18000
05.76000
07.52000
09.89000
09.44000
09.75000
08.32000
09.49000
09.98000
08.51000
05.27000
06.59000
06.07000
06.75000
09.67000
08.64000
06.23000
06.06000
06.31000
09.46000
08.36000
08.43000
06.22000
09.17000
06.62000
07.07000
06.69000
09.12000
06.43000
06.46000
06.26000
06.89000
09.45000
07.32000
09.70000
06.33000
08.58000
06.63000
08.05000
07.56000
07.98000
08.72000
05.04000
07.11000
09.16000
08.30000
07.42000
09.30000
07.01000
05.59000
09.87000
08.69000
05.22000
08.64000
07.02000
06.48000
06.53000
06.77000
09.74000
05.10000
09.95000
05.55000
05.17000
08.24000
05.73000
06.79000
06.68000
05.85000
05.37000
08.57000
08.90000
09.12000
06.64000
05.19000
07.72000
05.49000
3
3
23
5
3
4
27
10
4
14
11
20
6
4
13
12
32
1
4
18
7
28
9
3
21
24
22
4
29
26
25
33
3
17
16
8
3
2
35
15
4
19
34
31
30
483.94040
