35
7
23.81000
40.12000
48.95000
10.80000
82.43000
91.66000
2.51000
31.23000
88.17000
27.54000
33.77000
2.59000
67.44000
89.63000
15.24000
56.14000
73.01000
38.66000
19.02000
15.28000
35.40000
94.85000
69.22000
39.09000
10.44000
96.29000
92.50000
77.85000
30.76000
43.52000
66.59000
21.47000
56.30000
50.00000
69.75000
56.90000
52.15000
69.27000
4.84000
98.71000
68.09000
27.10000
45.50000
75.94000
23.88000
56.16000
80.82000
28.57000
17.13000
98.20000
4.96000
35.25000
72.72000
9.89000
10.67000
64.79000
93.35000
8.33000
44.72000
25.69000
8.01000
27.54000
55.43000
13.61000
19.49000
64.94000
42.18000
63.89000
59.86000
32.91000
3.08000
32.16000
70.29000
70.00000
66.07000
5.35000
3.91000
38.34000
83.04000
46.70000
74.31000
23.48000
17.80000
44.60000
54.26000
63.08000
83.19000
25.09000
39.80000
10.71000
97.60000
3.41000
4.80000
80.38000
29.46000
33.46000
48.38000
5.00000
46.74000
59.31000
48.49000
75.93000
71.48000
63.69000
8.37000
66.87000
34.30000
76.55000
92.55000
90.66000
42.75000
20.37000
89.83000
62.35000
11.87000
22.78000
31.01000
52.11000
26.10000
18.57000
57.03000
94.48000
22.94000
80.20000
38.08000
39.96000
40.44000
71.31000
19.16000
99.45000
68.68000
92.19000
71.59000
2.77000
99.30000
34.33000
45.45000
38.19000
75.99000
25.88000
79.40000
58.75000
56.58000
21.85000
58.99000
6.32000
66.77000
62.18000
55.53000
60.85000
50.48000
9.21000
7.30000
91.37000
14.82000
42.15000
27.37000
30.37000
17.94000
81.86000
57.09000
22.22000
20.55000
38.37000
14.63000
76.76000
34.38000
58.41000
42.45000
19.69000
72.74000
79.84000
61.80000
37.20000
1.95000
38.33000
77.65000
32.07000
40.92000
21.59000
33.40000
13.84000
96.74000
73.93000
51.46000
20.29000
46.12000
35.77000
42.24000
16.37000
16.84000
33.73000
90.96000
30.46000
88.70000
35.08000
12.16000
5.85000
46.06000
95.26000
92.14000
48.27000
21.31000
11.38000
49.52000
79.35000
49.42000
64.74000
74.72000
84.17000
17.03000
70.73000
69.77000
22.80000
82.06000
56.04000
5.36000
37.80000
17.03000
23.51000
54.78000
50.89000
68.80000
57.99000
1.62000
23.94000
89.79000
35.47000
2.24000
81.21000
82.46000
68.65000
41.34000
63.93000
50.84000
61.36000
80.37000
74.70000
49.97000
55.14000
8.12000
32.09000
37.46000
80.69000
86.15000
02.91000
03.87000
03.80000
02.47000
04.08000
02.97000
01.24000
04.62000
04.22000
04.16000
04.81000
03.79000
02.12000
04.11000
03.99000
02.05000
01.41000
01.82000
04.02000
02.82000
04.49000
04.61000
03.99000
04.82000
02.60000
02.10000
02.78000
04.06000
01.78000
04.22000
01.10000
03.90000
04.90000
03.22000
03.46000
04.02000
02.03000
03.98000
01.14000
01.39000
04.24000
03.32000
01.89000
03.66000
02.31000
02.08000
02.85000
03.97000
02.40000
01.34000
02.85000
02.79000
03.49000
04.45000
04.52000
01.90000
03.39000
03.12000
04.32000
02.40000
04.69000
03.33000
02.51000
02.68000
04.82000
03.39000
01.17000
04.47000
02.01000
03.94000
01.60000
01.97000
04.63000
03.79000
03.96000
02.54000
04.70000
02.73000
01.45000
03.91000
04.75000
03.69000
04.47000
01.61000
02.32000
04.11000
01.23000
02.48000
03.78000
03.75000
03.72000
02.67000
02.30000
02.65000
01.78000
01.66000
03.85000
03.20000
01.05000
04.22000
01.23000
04.08000
04.98000
02.45000
04.06000
02.40000
04.43000
03.80000
04.98000
01.43000
03.27000
02.80000
01.21000
04.83000
04.44000
03.77000
04.80000
02.11000
03.71000
04.60000
04.66000
03.08000
02.64000
02.51000
02.55000
03.85000
02.64000
04.03000
02.98000
04.86000
02.89000
03.00000
03.34000
04.87000
02.42000
02.58000
03.78000
02.92000
02.05000
01.24000
02.67000
02.90000
02.59000
01.89000
02.35000
04.05000
03.10000
04.07000
02.54000
02.29000
04.37000
02.62000
04.72000
03.50000
03.56000
01.82000
01.18000
01.87000
03.61000
01.26000
01.04000
01.89000
03.29000
01.85000
04.21000
04.38000
03.16000
03.80000
03.42000
04.46000
03.63000
04.65000
02.22000
01.56000
02.89000
04.72000
02.56000
01.91000
03.60000
01.63000
01.00000
03.78000
04.45000
01.23000
02.46000
04.72000
03.77000
04.86000
03.79000
02.98000
04.06000
03.17000
04.65000
01.13000
01.65000
02.14000
01.54000
04.02000
04.68000
01.04000
01.74000
04.85000
03.11000
02.46000
01.36000
03.12000
02.69000
02.31000
03.33000
02.64000
01.94000
01.87000
01.44000
03.05000
03.98000
01.41000
02.20000
01.77000
01.35000
02.17000
03.73000
02.78000
02.13000
03.87000
02.26000
04.71000
02.20000
03.54000
04.83000
02.49000
03.27000
01.53000
03.30000
01.38000
02.84000
03.48000
04.34000
02.92000
04.25000
02.36000
03.43000
03.00000
02.63000
04.46000
02.87000
5
21
8
25
7
12
6
27
14
4
30
16
26
7
2
13
20
6
1
28
22
4
33
18
24
29
4
34
17
19
35
4
3
5
11
23
5
9
10
32
31
15
86.15935
