35
10
123.57000
158.74000
130.15000
130.77000
109.13000
145.92000
155.49000
112.45000
103.25000
102.68000
175.51000
102.98000
134.43000
163.80000
131.23000
149.62000
156.19000
189.03000
188.66000
124.64000
147.05000
163.14000
138.83000
125.29000
110.53000
195.90000
197.74000
173.85000
175.13000
122.08000
106.42000
117.59000
194.38000
101.44000
130.87000
196.28000
120.51000
162.25000
120.77000
195.45000
174.82000
150.63000
156.92000
134.08000
117.90000
153.66000
135.16000
168.81000
162.65000
140.49000
180.89000
181.27000
146.96000
105.26000
144.50000
178.12000
133.72000
167.10000
101.38000
190.99000
110.81000
170.16000
151.91000
176.53000
191.13000
183.58000
121.49000
116.36000
112.58000
101.49000
125.80000
112.84000
180.13000
183.65000
180.23000
129.16000
118.72000
117.77000
152.29000
106.96000
151.70000
193.26000
151.76000
162.26000
101.34000
138.62000
113.38000
136.07000
114.90000
107.38000
196.94000
194.41000
164.64000
178.05000
187.19000
128.29000
147.84000
154.15000
193.90000
153.73000
186.76000
164.19000
151.84000
111.75000
128.66000
117.57000
121.85000
152.36000
175.27000
164.67000
116.59000
188.13000
161.48000
132.97000
127.16000
135.93000
182.45000
110.35000
197.70000
196.13000
194.84000
109.72000
197.35000
194.13000
180.28000
168.95000
120.25000
180.32000
145.42000
150.95000
185.53000
130.09000
121.89000
143.59000
137.35000
143.84000
166.33000
159.78000
144.83000
146.94000
128.34000
155.38000
153.68000
181.25000
167.29000
138.77000
171.95000
169.00000
159.51000
127.09000
160.88000
132.20000
196.03000
117.61000
123.99000
180.62000
192.86000
132.60000
189.79000
149.01000
191.01000
119.33000
111.80000
197.14000
156.50000
150.06000
168.53000
109.78000
180.35000
122.05000
163.50000
196.69000
178.57000
157.57000
125.22000
139.31000
179.41000
177.22000
117.36000
125.19000
105.83000
108.27000
114.39000
153.07000
139.19000
137.76000
152.93000
142.08000
154.88000
197.33000
120.87000
136.38000
153.29000
143.63000
131.10000
105.09000
159.81000
158.30000
121.51000
142.37000
124.83000
147.97000
154.99000
167.34000
123.75000
144.29000
119.44000
124.16000
156.95000
103.89000
113.94000
145.40000
143.89000
133.55000
105.01000
166.96000
122.73000
171.84000
136.56000
113.48000
150.06000
146.22000
180.86000
163.47000
110.65000
147.70000
135.18000
120.45000
114.26000
192.31000
121.78000
112.93000
195.66000
121.05000
187.92000
194.44000
114.62000
199.94000
105.88000
143.48000
155.90000
120.01000
172.92000
163.57000
129.26000
118.73000
136.84000
187.20000
149.47000
101.80000
184.99000
191.48000
179.41000
111.74000
120.27000
194.68000
196.67000
198.93000
149.29000
159.71000
120.38000
138.77000
103.72000
174.45000
194.68000
131.64000
140.18000
151.79000
188.71000
102.93000
140.32000
129.63000
196.61000
103.04000
110.77000
170.85000
137.53000
107.35000
183.19000
163.35000
109.97000
188.08000
116.61000
174.87000
128.96000
108.39000
107.61000
112.54000
152.21000
175.24000
151.48000
198.51000
133.22000
148.40000
114.27000
105.04000
150.52000
112.63000
186.97000
129.40000
107.63000
177.69000
185.60000
193.86000
133.04000
178.35000
151.18000
145.68000
180.30000
174.39000
149.73000
157.12000
127.90000
150.55000
172.26000
114.68000
153.49000
187.47000
192.85000
127.21000
118.52000
179.25000
145.39000
140.52000
164.91000
109.51000
195.10000
136.27000
130.54000
172.40000
192.37000
121.08000
178.30000
187.05000
112.60000
126.60000
196.10000
197.60000
156.18000
109.47000
196.80000
173.20000
148.49000
151.34000
118.32000
107.99000
139.93000
158.83000
123.53000
121.10000
02.53000
03.09000
02.70000
02.44000
04.74000
04.17000
03.25000
01.29000
04.16000
03.14000
02.70000
01.34000
01.40000
03.84000
04.11000
04.90000
02.01000
03.10000
03.57000
03.31000
04.58000
02.74000
02.14000
04.89000
04.68000
01.59000
01.92000
02.98000
02.90000
03.49000
01.98000
03.89000
04.81000
01.25000
02.39000
03.39000
01.52000
04.07000
01.37000
03.74000
02.82000
01.84000
02.97000
03.61000
01.72000
02.11000
03.77000
04.20000
04.66000
04.56000
04.73000
03.70000
03.11000
01.92000
03.78000
01.34000
01.52000
03.88000
03.90000
01.30000
01.33000
01.14000
01.03000
04.79000
01.01000
01.41000
04.12000
02.01000
04.00000
01.39000
03.09000
04.00000
01.93000
02.40000
02.84000
04.39000
04.71000
03.78000
02.73000
03.65000
02.41000
02.44000
01.58000
03.87000
04.37000
02.97000
03.22000
04.11000
04.90000
02.94000
04.48000
04.45000
03.34000
04.93000
03.18000
01.99000
04.02000
04.53000
02.16000
02.78000
04.26000
02.29000
01.24000
01.92000
02.39000
02.26000
01.99000
02.34000
01.61000
01.17000
03.75000
04.74000
04.52000
01.80000
03.86000
01.94000
03.51000
01.58000
01.02000
01.91000
03.78000
02.97000
02.94000
01.59000
03.53000
01.43000
02.33000
02.94000
01.96000
01.40000
04.87000
04.91000
03.29000
04.35000
01.28000
03.45000
04.71000
04.73000
03.26000
03.52000
01.62000
02.57000
04.85000
01.76000
02.05000
02.72000
02.88000
02.52000
02.33000
04.53000
02.68000
04.47000
03.54000
04.33000
03.83000
02.44000
03.77000
03.44000
02.91000
04.27000
02.09000
04.19000
01.49000
02.78000
02.58000
01.92000
02.16000
03.80000
02.32000
04.94000
04.48000
02.16000
03.38000
02.59000
01.05000
03.22000
02.10000
03.08000
02.24000
02.79000
02.37000
01.36000
04.16000
01.58000
02.06000
04.07000
01.35000
01.27000
04.12000
03.43000
03.27000
04.59000
04.50000
04.62000
04.36000
03.22000
04.16000
01.87000
04.07000
01.88000
01.05000
02.36000
02.87000
02.26000
02.12000
02.31000
02.20000
03.07000
03.33000
02.91000
01.46000
04.95000
01.54000
04.58000
03.44000
01.34000
02.11000
02.08000
02.81000
04.98000
03.12000
01.50000
02.91000
02.45000
02.38000
03.92000
04.05000
01.34000
02.73000
03.42000
03.57000
02.21000
04.00000
03.07000
03.79000
02.65000
03.01000
02.95000
04.05000
01.24000
01.59000
04.14000
04.66000
01.55000
02.58000
02.65000
03.87000
03.49000
02.20000
04.87000
04.85000
01.30000
01.49000
04.12000
03.62000
03.48000
02.55000
02.35000
03.39000
02.49000
03.08000
02.51000
04.36000
03.79000
01.79000
04.55000
03.74000
01.83000
02.39000
01.44000
03.73000
04.05000
01.57000
03.12000
03.53000
02.92000
01.04000
04.54000
03.34000
03.89000
04.56000
03.78000
01.34000
03.98000
04.00000
02.13000
03.27000
01.37000
01.18000
01.14000
01.10000
03.21000
01.68000
01.65000
02.91000
04.83000
04.08000
01.47000
01.79000
02.57000
03.95000
03.45000
03.80000
01.75000
01.87000
03.41000
04.03000
04.69000
03.43000
02.17000
02.55000
02.73000
03.19000
01.56000
04.44000
04.73000
03.43000
02.22000
02.20000
02.73000
02.69000
02.83000
01.09000
04.89000
04.44000
03.08000
04.57000
01.40000
04.13000
03.66000
02.59000
03.48000
02.21000
02.28000
02.10000
03.32000
04.15000
01.65000
03.06000
02.13000
04.38000
01.45000
02.43000
02.11000
02.36000
02.41000
02.14000
02.46000
02.55000
02.21000
4
12
1
10
9
4
26
33
19
24
3
13
20
2
3
22
17
28
3
23
34
14
4
7
4
35
21
3
15
27
32
4
25
29
30
5
4
8
18
6
16
3
3
31
11
448.70990
