35
4
197.76000
189.50000
188.44000
113.19000
121.41000
159.84000
114.25000
159.52000
109.54000
167.31000
174.86000
163.29000
102.78000
152.54000
110.88000
165.14000
141.74000
156.15000
162.93000
105.68000
167.05000
118.78000
171.66000
125.54000
119.34000
181.03000
177.67000
165.35000
139.23000
183.55000
121.60000
165.73000
167.35000
166.95000
144.07000
164.34000
132.27000
155.66000
101.94000
190.10000
140.70000
125.86000
119.27000
146.16000
133.34000
159.18000
103.61000
198.14000
175.80000
121.23000
120.60000
111.66000
133.72000
177.64000
135.86000
152.36000
172.72000
194.04000
115.00000
185.86000
158.42000
136.04000
123.67000
177.78000
156.45000
169.29000
127.47000
193.75000
132.44000
159.39000
141.39000
133.33000
140.02000
168.34000
189.24000
187.73000
112.88000
127.83000
159.77000
149.97000
103.74000
140.47000
143.61000
110.66000
103.21000
196.88000
131.37000
160.45000
101.93000
187.69000
113.69000
189.94000
190.51000
103.53000
181.20000
189.78000
159.59000
135.01000
124.51000
150.57000
199.78000
172.77000
134.25000
162.95000
101.72000
185.56000
138.13000
164.04000
125.28000
160.35000
134.35000
188.94000
192.32000
189.26000
151.11000
125.77000
187.70000
187.92000
104.03000
190.17000
127.06000
171.96000
108.73000
197.76000
126.01000
157.00000
180.84000
164.16000
100.18000
158.67000
135.98000
104.99000
165.19000
192.59000
189.77000
135.90000
136.67000
174.38000
157.85000
172.49000
03.46000
03.83000
03.41000
01.95000
02.53000
01.56000
02.73000
03.05000
02.87000
03.83000
02.87000
02.27000
03.60000
01.76000
02.96000
02.71000
03.84000
02.49000
02.13000
03.51000
02.71000
01.14000
03.49000
03.79000
03.35000
04.84000
02.19000
02.67000
04.88000
04.70000
01.33000
03.29000
02.42000
03.85000
04.05000
01.70000
04.01000
04.23000
04.26000
03.84000
02.48000
01.53000
02.16000
03.34000
03.84000
04.26000
01.02000
04.32000
04.22000
04.54000
04.95000
02.93000
03.74000
02.50000
02.10000
03.27000
02.54000
02.26000
04.58000
01.48000
04.73000
03.94000
04.52000
01.67000
02.45000
03.68000
02.04000
03.98000
03.80000
01.60000
01.53000
04.67000
03.09000
01.98000
02.83000
01.43000
01.89000
02.63000
02.41000
02.25000
03.52000
01.91000
01.38000
04.25000
01.13000
04.93000
04.89000
04.57000
03.82000
04.82000
02.05000
04.32000
04.73000
02.71000
01.99000
04.63000
04.98000
03.72000
01.83000
02.62000
01.69000
04.98000
02.70000
03.42000
04.00000
02.94000
04.13000
02.07000
03.34000
01.32000
02.18000
02.94000
01.40000
02.20000
02.77000
03.37000
01.06000
03.71000
04.02000
01.49000
04.44000
03.98000
04.06000
03.43000
01.66000
01.12000
01.01000
03.32000
02.86000
01.28000
04.99000
03.27000
02.16000
02.56000
02.14000
01.41000
01.69000
03.09000
02.57000
03.87000
9
22
31
33
5
7
9
25
20
13
9
12
32
8
17
34
28
24
16
4
9
1
15
29
30
21
3
11
19
35
8
6
10
23
2
27
26
18
14
1174.79500
