35
10
86.59000
62.97000
20.21000
41.95000
20.89000
56.31000
84.42000
28.37000
72.03000
67.60000
56.85000
25.18000
76.44000
38.44000
83.28000
85.37000
93.27000
34.17000
37.25000
88.68000
8.45000
45.91000
15.05000
38.57000
29.65000
89.52000
38.74000
62.28000
92.28000
7.59000
56.11000
14.80000
57.51000
63.48000
39.68000
10.64000
32.23000
33.99000
38.51000
32.87000
81.61000
68.40000
56.42000
79.56000
57.33000
31.57000
31.80000
64.47000
27.83000
47.62000
45.47000
25.13000
86.32000
67.45000
5.01000
23.79000
53.74000
66.69000
40.74000
48.46000
72.79000
45.73000
10.73000
12.91000
13.93000
29.71000
94.81000
53.64000
69.35000
68.51000
74.76000
99.95000
30.96000
33.90000
54.54000
42.60000
2.84000
70.80000
19.39000
77.16000
88.38000
83.78000
84.17000
27.67000
18.80000
8.25000
91.47000
39.90000
45.08000
2.39000
7.66000
86.42000
46.96000
51.11000
21.85000
65.51000
27.91000
65.08000
50.88000
98.22000
16.16000
78.72000
36.36000
33.33000
64.71000
5.12000
95.55000
97.15000
81.72000
19.04000
13.58000
70.90000
86.85000
59.45000
28.58000
40.41000
37.57000
71.06000
41.94000
61.74000
45.61000
23.31000
78.80000
17.71000
49.51000
9.41000
90.05000
13.92000
12.52000
48.30000
51.32000
81.67000
21.65000
84.68000
62.00000
79.05000
89.66000
88.01000
48.23000
86.87000
42.89000
26.35000
99.03000
77.91000
50.00000
27.40000
23.07000
52.40000
60.46000
72.11000
69.76000
93.94000
71.55000
64.95000
50.77000
20.39000
6.31000
34.16000
99.50000
70.36000
10.55000
32.72000
77.13000
12.19000
56.80000
39.36000
67.57000
35.00000
43.36000
57.56000
80.50000
55.65000
91.27000
16.55000
51.34000
76.82000
77.16000
67.49000
46.62000
67.57000
4.04000
34.56000
62.40000
51.26000
88.70000
78.29000
50.53000
3.54000
65.48000
87.71000
54.72000
23.79000
89.44000
75.58000
44.41000
38.15000
43.42000
79.40000
13.81000
96.51000
32.98000
62.45000
80.86000
75.50000
89.44000
12.72000
91.26000
74.50000
70.89000
41.99000
54.04000
13.25000
90.45000
39.71000
4.21000
97.07000
6.90000
14.07000
51.79000
78.86000
81.29000
98.51000
76.50000
42.53000
7.71000
92.32000
81.84000
96.74000
99.02000
17.54000
96.03000
77.92000
98.84000
19.97000
73.06000
45.23000
72.50000
72.14000
90.65000
82.59000
11.13000
72.35000
53.28000
1.66000
29.57000
13.71000
43.94000
38.67000
24.26000
64.26000
50.66000
14.74000
66.75000
63.39000
91.90000
88.06000
72.80000
17.66000
31.93000
79.61000
18.05000
57.40000
56.74000
33.06000
1.88000
40.68000
80.11000
16.88000
49.42000
48.34000
40.55000
25.26000
12.57000
86.93000
99.32000
77.16000
64.96000
88.80000
46.43000
18.26000
93.28000
80.96000
68.58000
58.17000
89.77000
44.95000
69.11000
28.57000
81.29000
84.50000
16.91000
29.86000
28.01000
66.96000
82.53000
40.78000
13.84000
82.45000
65.24000
64.80000
48.45000
47.81000
86.10000
31.16000
67.26000
3.66000
92.90000
91.83000
30.44000
15.35000
58.18000
27.56000
21.90000
73.98000
78.24000
89.58000
92.27000
98.27000
88.77000
89.93000
87.79000
66.92000
73.90000
8.41000
33.22000
18.85000
2.95000
80.51000
21.79000
3.95000
80.51000
71.51000
72.43000
96.85000
40.90000
68.41000
30.84000
99.94000
39.19000
83.97000
64.47000
38.36000
57.22000
56.72000
68.53000
60.99000
2.54000
48.90000
61.95000
44.47000
01.50000
02.29000
01.03000
03.85000
04.00000
01.69000
04.91000
03.22000
02.59000
01.17000
02.16000
03.58000
01.09000
03.80000
03.12000
02.51000
04.33000
01.67000
03.11000
02.58000
02.15000
03.84000
02.46000
03.38000
01.36000
04.41000
02.50000
01.47000
01.81000
02.43000
01.55000
02.45000
04.31000
02.01000
02.95000
02.42000
03.11000
02.97000
01.51000
02.54000
04.50000
03.74000
02.84000
03.95000
03.08000
01.40000
01.58000
01.10000
02.53000
04.89000
03.93000
01.43000
03.57000
04.18000
01.08000
01.41000
03.90000
02.21000
01.26000
02.49000
02.22000
02.94000
01.65000
03.11000
02.23000
03.33000
04.46000
02.74000
04.64000
01.32000
01.09000
01.79000
04.79000
02.22000
04.89000
03.15000
04.67000
01.28000
04.75000
03.62000
01.03000
01.49000
02.74000
04.53000
02.43000
02.68000
01.95000
04.20000
02.47000
01.68000
02.46000
01.98000
03.71000
04.31000
01.34000
02.17000
01.75000
01.40000
04.67000
02.12000
01.14000
04.78000
03.52000
04.14000
03.48000
04.47000
01.27000
02.85000
02.76000
02.91000
04.90000
02.28000
01.95000
02.39000
01.02000
02.49000
03.99000
01.62000
01.59000
04.65000
03.34000
04.28000
03.56000
02.99000
03.43000
03.10000
04.89000
04.71000
04.73000
03.76000
04.53000
02.00000
04.69000
04.98000
02.43000
04.07000
01.76000
02.46000
03.54000
01.13000
03.37000
01.20000
02.36000
01.29000
03.67000
04.30000
01.86000
02.73000
01.81000
04.35000
04.73000
02.29000
02.13000
04.94000
01.82000
02.05000
01.94000
02.65000
04.95000
01.09000
03.59000
03.05000
02.94000
03.49000
02.39000
04.71000
01.64000
02.32000
02.68000
03.23000
03.86000
03.67000
01.79000
03.17000
01.43000
03.55000
03.97000
04.87000
04.64000
03.11000
01.84000
01.43000
03.86000
03.78000
04.83000
04.95000
02.68000
04.51000
01.15000
04.87000
03.80000
01.24000
04.00000
03.66000
02.93000
02.94000
03.58000
04.76000
04.77000
03.56000
03.10000
04.63000
03.02000
02.05000
02.76000
04.72000
04.39000
02.36000
03.76000
03.49000
01.95000
01.06000
03.25000
02.58000
01.97000
03.93000
02.47000
03.85000
04.42000
01.42000
04.80000
02.03000
03.90000
03.36000
03.32000
01.44000
03.97000
04.58000
04.10000
03.41000
01.23000
04.89000
02.22000
02.28000
01.23000
01.14000
01.76000
01.36000
02.57000
03.15000
03.79000
05.00000
04.83000
01.74000
02.41000
04.61000
02.36000
04.93000
03.38000
04.24000
02.86000
01.71000
01.67000
02.35000
03.43000
02.95000
04.62000
02.15000
04.52000
02.36000
03.20000
03.83000
03.58000
02.63000
01.35000
04.61000
03.06000
03.47000
04.03000
02.69000
02.42000
01.58000
01.19000
01.26000
02.11000
02.67000
03.78000
04.54000
03.59000
01.44000
03.90000
04.13000
01.00000
02.53000
04.11000
04.34000
01.85000
01.09000
03.17000
01.64000
03.34000
02.16000
01.91000
04.12000
04.79000
04.31000
02.17000
04.84000
02.55000
03.12000
02.76000
01.88000
01.93000
03.17000
03.51000
02.33000
01.27000
02.04000
01.26000
02.26000
03.88000
02.30000
01.83000
02.75000
02.11000
01.72000
04.01000
03.67000
01.22000
03.74000
03.18000
03.66000
01.77000
03.94000
04.67000
01.93000
01.38000
01.77000
01.19000
04.42000
03.23000
01.67000
02.43000
02.10000
03.54000
01.12000
03.10000
02.92000
03.50000
02.55000
02.90000
03.83000
01.31000
01.42000
02.54000
02.77000
04.20000
02.18000
03.72000
02.72000
4
3
23
21
30
3
14
28
29
3
25
27
7
3
10
19
1
2
18
16
4
17
31
6
13
5
2
24
8
5
34
3
35
4
20
3
33
11
26
5
22
12
9
15
32
55.10504
