35
7
8.43000
70.48000
41.93000
27.56000
97.63000
62.01000
18.10000
85.49000
42.02000
95.60000
91.04000
19.65000
71.45000
78.19000
2.56000
84.26000
70.83000
54.41000
15.77000
52.45000
25.60000
58.03000
73.59000
57.80000
71.26000
62.52000
46.23000
49.78000
47.87000
30.52000
77.69000
41.30000
44.49000
62.33000
41.26000
73.64000
25.40000
70.75000
93.07000
24.01000
87.53000
88.22000
92.29000
23.04000
73.39000
2.04000
57.28000
60.42000
36.49000
62.57000
98.01000
90.30000
81.40000
63.85000
53.74000
80.70000
17.22000
86.05000
37.55000
63.10000
1.11000
50.06000
89.80000
82.90000
92.75000
63.90000
29.65000
50.90000
6.91000
76.30000
64.87000
61.03000
71.33000
3.64000
64.39000
83.31000
38.90000
49.16000
96.54000
78.15000
4.94000
99.04000
68.63000
32.17000
44.61000
54.02000
62.80000
94.40000
86.14000
51.54000
88.48000
31.80000
59.27000
20.21000
32.89000
70.73000
43.83000
26.29000
7.55000
55.51000
22.16000
26.24000
1.78000
91.83000
27.68000
20.89000
47.52000
73.96000
67.72000
72.18000
69.23000
55.79000
58.88000
36.51000
32.77000
88.80000
30.42000
69.87000
15.64000
57.49000
79.18000
20.43000
72.12000
8.80000
56.02000
72.02000
84.80000
3.59000
11.36000
1.65000
12.04000
67.16000
46.68000
21.00000
36.54000
40.69000
66.97000
33.92000
20.76000
26.81000
87.86000
36.62000
24.81000
98.88000
59.81000
9.14000
47.63000
14.55000
81.32000
67.66000
26.68000
16.69000
71.33000
18.57000
11.63000
85.71000
49.32000
53.46000
28.90000
67.45000
85.81000
6.55000
32.24000
19.68000
54.87000
97.27000
51.19000
63.58000
79.64000
88.70000
42.57000
37.28000
86.78000
30.10000
39.01000
54.60000
93.55000
66.00000
72.92000
48.00000
18.60000
67.06000
63.40000
57.43000
64.86000
85.76000
30.70000
46.30000
73.91000
73.92000
95.65000
90.92000
86.89000
71.51000
58.83000
34.06000
96.99000
58.17000
44.13000
29.38000
98.92000
2.73000
53.26000
95.98000
39.48000
11.68000
15.20000
68.88000
64.99000
81.68000
20.44000
70.37000
85.85000
2.66000
94.79000
56.30000
38.84000
28.20000
7.10000
10.02000
91.86000
58.72000
22.02000
89.83000
9.16000
92.44000
34.51000
71.98000
51.53000
17.73000
15.33000
93.11000
35.81000
58.65000
60.53000
6.80000
77.38000
32.43000
44.95000
27.07000
45.68000
91.96000
67.75000
84.82000
9.70000
06.12000
05.89000
09.23000
05.86000
06.03000
07.26000
08.81000
09.40000
09.84000
08.58000
09.42000
06.76000
05.21000
06.46000
07.70000
06.94000
07.09000
06.64000
06.27000
06.81000
05.18000
06.48000
06.29000
08.62000
06.45000
07.53000
09.91000
07.54000
07.64000
07.93000
07.83000
09.11000
07.75000
10.00000
06.74000
06.36000
09.94000
07.98000
08.42000
09.71000
06.30000
09.02000
09.35000
08.26000
06.16000
07.08000
06.17000
06.08000
08.93000
06.74000
09.71000
07.61000
06.25000
06.71000
06.83000
05.21000
09.56000
07.34000
07.91000
06.59000
07.53000
08.11000
09.31000
07.39000
08.64000
05.16000
05.95000
08.61000
08.58000
08.76000
10.00000
05.79000
07.19000
05.60000
07.52000
09.34000
05.21000
05.97000
08.30000
09.62000
05.42000
07.02000
08.88000
06.17000
08.93000
06.27000
09.33000
08.89000
09.11000
05.40000
05.70000
05.61000
09.11000
07.73000
07.58000
09.52000
09.33000
05.72000
05.59000
06.72000
09.94000
08.47000
08.83000
08.69000
08.39000
08.70000
05.35000
06.67000
09.75000
07.97000
09.35000
07.44000
06.55000
09.24000
05.37000
08.03000
08.27000
06.38000
09.16000
08.45000
07.74000
09.90000
05.01000
09.07000
05.07000
09.43000
08.19000
08.19000
05.10000
06.27000
07.52000
09.47000
09.98000
05.85000
07.82000
09.46000
06.58000
05.23000
07.43000
05.12000
08.18000
05.80000
09.32000
06.05000
05.78000
05.59000
08.00000
07.93000
05.32000
06.19000
06.51000
09.29000
06.59000
09.41000
09.84000
05.60000
09.13000
08.74000
06.46000
07.71000
09.76000
06.80000
05.91000
09.37000
05.06000
07.82000
06.19000
09.72000
08.87000
05.22000
06.35000
05.78000
09.81000
09.03000
08.95000
06.09000
07.62000
06.14000
05.37000
07.22000
09.66000
05.20000
08.80000
05.99000
07.80000
05.42000
08.93000
05.46000
08.52000
06.60000
09.98000
06.56000
08.11000
05.17000
09.65000
05.61000
05.08000
06.73000
06.67000
06.83000
07.75000
08.50000
08.28000
09.83000
06.66000
06.84000
07.75000
07.11000
07.16000
09.76000
08.36000
06.38000
06.89000
05.84000
08.22000
09.73000
07.05000
09.79000
08.33000
08.04000
06.51000
06.81000
06.10000
09.82000
08.48000
09.68000
09.93000
06.48000
05.95000
07.80000
06.77000
09.81000
09.18000
09.73000
09.56000
09.50000
08.18000
05.67000
09.76000
05.61000
05.24000
09.93000
09.85000
06.13000
07.40000
4
18
7
1
15
6
2
5
22
34
11
26
4
16
28
29
33
6
30
24
17
19
23
25
4
3
14
8
12
5
21
32
6
31
27
6
13
20
35
10
9
4
92.74596
