35
10
61.75000
21.84000
6.63000
22.33000
43.50000
88.91000
25.06000
87.45000
40.68000
46.22000
69.93000
7.41000
32.02000
76.67000
33.36000
76.51000
21.00000
90.92000
30.19000
19.79000
35.84000
24.41000
2.04000
82.03000
30.54000
35.30000
14.26000
37.79000
82.81000
9.51000
57.95000
82.36000
97.14000
55.69000
49.98000
20.39000
46.24000
87.92000
65.06000
8.75000
50.71000
41.24000
82.88000
98.82000
20.09000
96.46000
44.14000
99.18000
16.65000
74.54000
23.49000
41.15000
28.39000
19.18000
21.32000
79.81000
68.07000
97.82000
62.75000
97.98000
74.22000
7.66000
98.67000
3.23000
10.08000
64.65000
5.73000
24.89000
61.68000
15.50000
84.49000
20.37000
22.22000
22.47000
65.78000
13.63000
65.56000
18.26000
34.36000
49.96000
97.93000
61.97000
49.41000
95.73000
91.88000
33.32000
95.83000
43.03000
44.70000
34.80000
84.30000
6.73000
77.42000
94.62000
49.24000
27.43000
38.86000
67.78000
49.81000
71.48000
99.54000
32.00000
70.92000
30.99000
58.76000
83.96000
4.07000
26.76000
1.76000
95.99000
15.51000
34.15000
67.01000
55.53000
80.51000
4.72000
31.33000
99.09000
94.29000
87.34000
99.29000
90.94000
75.77000
59.66000
5.23000
19.07000
68.68000
21.05000
3.21000
94.27000
42.44000
95.67000
75.06000
57.03000
90.27000
36.39000
29.35000
68.62000
33.11000
16.85000
79.74000
73.26000
34.89000
59.96000
29.66000
33.33000
23.50000
89.71000
64.03000
42.37000
39.53000
64.99000
25.46000
48.18000
36.95000
44.96000
78.31000
23.30000
93.50000
14.55000
15.68000
64.02000
14.66000
82.42000
51.43000
93.39000
26.65000
84.99000
28.16000
59.20000
83.46000
81.42000
11.23000
32.99000
64.82000
95.84000
15.68000
60.77000
61.96000
1.82000
53.26000
48.98000
64.64000
36.78000
98.48000
48.79000
34.93000
71.16000
77.48000
42.04000
10.36000
99.17000
40.14000
35.30000
53.18000
40.75000
61.11000
59.88000
52.40000
38.61000
41.77000
72.87000
20.78000
62.19000
7.26000
56.09000
94.85000
6.69000
7.46000
16.11000
83.80000
57.18000
16.92000
86.69000
72.36000
8.05000
33.98000
1.92000
95.58000
89.60000
19.38000
83.59000
76.51000
33.05000
7.54000
75.31000
61.95000
89.37000
57.63000
42.42000
24.42000
39.31000
55.57000
75.05000
60.24000
84.34000
11.02000
90.04000
92.44000
54.68000
57.41000
28.99000
68.81000
3.33000
55.90000
97.95000
72.45000
51.86000
22.99000
82.56000
5.67000
26.91000
62.31000
45.04000
87.78000
75.92000
77.48000
84.78000
77.86000
13.66000
37.92000
28.90000
56.73000
75.63000
36.86000
26.30000
30.96000
27.11000
93.22000
52.61000
31.88000
54.11000
52.72000
9.22000
16.57000
70.37000
82.80000
20.27000
65.84000
14.42000
90.49000
5.89000
25.00000
90.99000
47.33000
10.64000
75.17000
42.16000
64.85000
31.30000
60.90000
35.72000
47.52000
77.53000
97.06000
93.73000
23.57000
84.76000
26.25000
64.98000
45.98000
13.16000
12.82000
21.01000
93.49000
45.64000
47.89000
58.10000
70.58000
92.87000
48.30000
99.32000
5.47000
90.26000
54.67000
47.26000
94.70000
27.58000
89.21000
21.78000
45.60000
80.95000
83.80000
10.23000
3.55000
12.31000
26.87000
43.92000
55.58000
63.36000
17.81000
79.95000
16.45000
5.56000
81.74000
1.12000
22.67000
31.10000
70.56000
12.02000
37.50000
59.94000
58.90000
44.97000
48.95000
36.77000
47.15000
57.04000
69.78000
30.04000
01.44000
01.19000
03.33000
03.36000
04.63000
01.09000
01.19000
04.63000
04.19000
04.55000
02.10000
01.74000
02.71000
01.40000
03.13000
03.03000
03.77000
02.45000
02.36000
01.81000
03.94000
03.55000
02.87000
04.43000
04.81000
01.51000
04.74000
02.20000
04.95000
02.18000
01.04000
03.46000
03.93000
04.36000
01.85000
03.60000
04.63000
04.26000
02.48000
01.76000
04.41000
02.80000
02.76000
03.85000
04.68000
01.23000
02.14000
01.06000
01.92000
01.27000
03.59000
01.60000
01.56000
01.61000
03.04000
02.67000
02.07000
01.95000
01.46000
02.47000
02.89000
03.01000
04.80000
04.21000
04.48000
02.48000
04.01000
04.08000
04.29000
03.07000
03.13000
02.39000
02.29000
03.28000
04.19000
02.06000
04.95000
01.76000
01.03000
02.75000
03.19000
04.69000
02.49000
04.55000
04.33000
02.63000
02.40000
04.54000
04.71000
03.18000
03.58000
04.78000
01.65000
02.90000
01.87000
04.37000
01.49000
03.37000
02.08000
03.38000
03.54000
03.18000
02.06000
02.89000
04.15000
01.94000
05.00000
01.38000
03.56000
01.55000
01.24000
03.68000
01.41000
03.77000
03.24000
02.69000
03.73000
04.06000
03.70000
04.36000
01.75000
02.87000
04.32000
03.66000
03.66000
01.64000
03.81000
04.53000
02.65000
02.84000
01.87000
03.93000
04.95000
01.92000
03.20000
03.80000
01.74000
03.34000
01.51000
03.11000
04.18000
03.28000
02.13000
01.44000
03.84000
02.78000
04.23000
01.62000
03.53000
02.59000
01.26000
02.65000
02.30000
01.05000
02.80000
01.36000
04.24000
01.47000
03.42000
03.58000
02.43000
04.20000
02.70000
04.14000
02.94000
02.55000
01.21000
02.86000
04.86000
02.85000
04.55000
04.58000
04.26000
04.44000
03.28000
02.70000
03.24000
03.61000
02.56000
04.47000
02.62000
03.54000
04.31000
02.86000
01.33000
02.32000
02.22000
01.58000
04.32000
02.14000
03.77000
01.31000
01.54000
02.21000
01.40000
03.77000
03.94000
02.73000
04.56000
03.66000
03.47000
04.91000
03.70000
04.68000
01.10000
02.95000
02.29000
03.54000
02.76000
04.05000
01.42000
04.03000
03.45000
04.91000
04.21000
01.46000
03.91000
01.78000
01.06000
01.30000
02.47000
04.73000
01.28000
04.13000
02.94000
04.83000
03.21000
03.52000
02.15000
02.17000
02.16000
02.06000
01.94000
01.81000
02.48000
03.33000
01.12000
01.84000
01.49000
03.89000
03.53000
01.34000
01.51000
01.34000
02.00000
04.02000
03.64000
02.93000
01.73000
02.58000
02.99000
04.77000
04.34000
04.07000
04.54000
01.89000
02.13000
04.45000
01.50000
04.76000
02.81000
04.66000
04.06000
04.81000
03.07000
02.67000
03.44000
02.51000
04.61000
01.42000
03.83000
03.30000
02.15000
04.87000
02.44000
01.65000
03.38000
01.97000
01.47000
04.99000
04.85000
01.83000
04.62000
04.37000
04.31000
02.54000
03.89000
04.70000
02.65000
03.57000
01.21000
02.14000
03.48000
03.75000
02.68000
02.02000
03.35000
02.91000
03.36000
02.67000
03.86000
01.87000
03.33000
03.41000
03.57000
02.47000
03.68000
04.57000
02.07000
03.53000
02.48000
03.48000
03.94000
04.88000
02.81000
02.39000
03.12000
03.25000
03.54000
01.49000
04.64000
04.91000
01.88000
03.14000
01.55000
01.61000
02.73000
03.56000
03.31000
04.05000
02.02000
03.95000
04.37000
03.93000
04.71000
02.50000
04.18000
01.97000
04.76000
02.44000
03.20000
03.85000
01.11000
03.95000
02.88000
04.29000
01.73000
04.24000
01.67000
02.98000
4
17
30
12
23
4
14
1
32
29
2
26
22
4
31
11
24
4
2
13
20
4
28
16
34
5
5
27
6
3
15
8
2
7
35
3
19
2
33
5
25
18
9
10
21
47.05842
