35
7
121.85000
172.72000
152.00000
135.48000
106.82000
168.81000
170.71000
173.37000
199.26000
138.97000
111.42000
199.27000
106.73000
111.46000
107.48000
160.97000
125.88000
191.12000
156.30000
157.84000
192.40000
109.34000
169.35000
190.81000
131.03000
174.09000
122.18000
112.37000
105.61000
119.88000
104.38000
176.57000
169.00000
157.79000
169.61000
106.75000
145.66000
181.91000
139.77000
176.81000
185.43000
138.50000
176.03000
154.74000
107.38000
183.70000
169.93000
108.66000
165.95000
117.66000
151.71000
108.25000
104.66000
117.10000
115.64000
174.74000
106.05000
185.27000
170.07000
130.95000
141.78000
102.01000
187.42000
151.24000
122.53000
173.72000
154.16000
111.52000
148.05000
183.36000
153.39000
183.69000
164.49000
193.88000
132.23000
115.75000
167.46000
177.18000
147.56000
128.05000
183.58000
169.89000
112.44000
110.58000
114.14000
144.04000
153.95000
154.89000
149.55000
148.20000
163.26000
104.10000
119.23000
157.53000
145.60000
102.89000
141.70000
123.73000
170.24000
147.48000
174.51000
125.08000
120.55000
135.70000
164.32000
166.02000
110.05000
178.35000
170.92000
110.60000
165.71000
148.01000
133.00000
174.32000
109.14000
176.52000
195.42000
174.50000
150.26000
175.75000
106.38000
155.04000
113.03000
159.12000
103.14000
136.39000
185.50000
191.62000
162.00000
165.59000
169.76000
139.82000
148.35000
166.22000
131.98000
121.81000
166.64000
188.41000
152.37000
157.29000
165.75000
154.23000
188.78000
123.95000
182.54000
159.02000
101.54000
194.29000
187.12000
144.36000
109.60000
108.34000
135.50000
199.47000
119.73000
199.85000
122.75000
140.11000
152.79000
104.12000
133.00000
158.63000
193.68000
108.01000
189.44000
173.91000
141.39000
199.95000
104.34000
181.41000
158.95000
119.93000
129.00000
103.16000
123.46000
187.85000
164.56000
103.64000
188.41000
178.68000
141.91000
191.09000
126.05000
100.29000
159.89000
126.77000
122.75000
156.72000
121.38000
171.76000
182.17000
103.60000
168.32000
113.72000
122.04000
198.10000
131.72000
116.85000
124.14000
148.96000
181.64000
171.92000
184.32000
166.48000
177.22000
146.27000
162.50000
112.53000
116.65000
133.79000
157.60000
121.06000
176.55000
103.68000
132.78000
125.76000
116.63000
183.75000
150.57000
136.71000
106.41000
185.98000
147.44000
179.86000
195.65000
143.33000
123.92000
132.69000
173.18000
115.31000
194.62000
174.26000
116.87000
138.02000
138.20000
135.18000
143.67000
174.09000
147.37000
147.62000
159.58000
162.75000
178.94000
195.33000
109.67000
05.08000
05.00000
05.32000
06.80000
06.87000
05.38000
08.03000
09.08000
06.37000
07.85000
05.01000
05.10000
09.95000
05.68000
08.78000
05.21000
05.60000
05.63000
07.20000
06.99000
05.47000
05.50000
06.07000
07.82000
08.36000
06.60000
06.55000
07.31000
07.18000
06.24000
07.71000
09.85000
06.50000
05.27000
08.98000
05.09000
05.99000
09.16000
05.30000
05.43000
08.15000
05.30000
06.47000
09.04000
06.82000
06.36000
06.57000
08.21000
06.32000
09.81000
08.57000
09.98000
07.64000
06.64000
05.83000
08.66000
05.87000
08.87000
09.58000
08.34000
07.78000
07.01000
06.48000
05.37000
09.27000
07.60000
06.05000
05.84000
07.87000
05.72000
09.10000
08.85000
07.95000
05.71000
09.89000
07.23000
09.23000
07.69000
05.30000
08.03000
07.37000
06.47000
05.85000
05.25000
09.67000
08.73000
09.98000
07.65000
05.07000
09.70000
06.52000
06.28000
06.65000
05.59000
07.18000
06.91000
09.15000
06.15000
09.08000
07.63000
06.42000
07.15000
07.21000
06.27000
08.97000
07.42000
08.28000
07.76000
07.09000
09.35000
08.65000
07.85000
08.10000
09.12000
05.93000
08.56000
07.88000
06.62000
06.13000
05.62000
06.71000
07.77000
08.17000
09.51000
06.51000
07.00000
06.33000
07.98000
08.31000
09.76000
07.80000
08.55000
09.82000
05.00000
05.16000
06.00000
07.86000
07.71000
08.86000
09.89000
05.69000
08.32000
09.46000
06.85000
05.76000
06.06000
07.36000
09.17000
08.99000
07.43000
06.04000
09.40000
09.47000
06.53000
06.99000
09.96000
05.46000
08.51000
09.58000
08.05000
06.82000
07.01000
08.57000
08.16000
07.58000
06.70000
06.61000
09.51000
08.40000
05.75000
06.76000
08.61000
09.08000
08.38000
09.94000
07.73000
08.01000
07.84000
07.82000
07.37000
07.58000
08.03000
08.08000
09.35000
07.39000
06.69000
09.56000
05.56000
09.51000
07.16000
09.21000
05.16000
05.13000
08.78000
06.87000
07.07000
07.11000
09.43000
07.77000
07.47000
07.44000
08.00000
05.04000
07.33000
09.75000
06.87000
07.19000
09.86000
06.82000
09.47000
06.64000
06.95000
08.65000
07.59000
09.78000
06.86000
07.42000
08.73000
09.12000
07.78000
05.05000
07.25000
06.66000
08.33000
06.59000
05.71000
09.85000
09.37000
06.22000
07.67000
08.98000
06.57000
09.75000
05.23000
09.75000
07.81000
07.15000
06.48000
05.76000
05.77000
05.00000
08.06000
06.00000
05.40000
09.06000
5
30
5
28
29
15
5
1
33
22
25
27
5
14
13
32
6
26
5
31
10
20
16
18
5
21
7
24
34
12
5
17
8
3
19
9
5
11
2
4
35
23
646.37840
