35
7
28.90000
54.67000
34.32000
95.62000
13.27000
34.12000
7.38000
34.26000
35.19000
13.50000
47.26000
55.67000
5.09000
56.76000
83.72000
88.43000
8.18000
93.28000
97.57000
99.83000
56.99000
66.35000
71.17000
46.31000
41.84000
81.70000
37.92000
21.99000
77.34000
60.96000
32.76000
11.16000
56.90000
88.20000
42.71000
77.47000
25.66000
12.92000
5.86000
23.34000
39.37000
75.10000
6.56000
25.62000
43.16000
11.62000
99.32000
70.15000
18.61000
81.34000
37.56000
32.94000
23.10000
12.55000
21.72000
26.67000
41.31000
42.44000
55.84000
54.19000
34.72000
75.65000
95.96000
58.02000
90.08000
30.71000
99.70000
68.87000
72.97000
87.61000
60.14000
59.31000
42.96000
49.29000
54.69000
89.79000
77.31000
81.85000
3.19000
46.46000
60.46000
17.86000
75.16000
60.56000
45.14000
14.08000
45.68000
54.50000
60.90000
92.70000
37.87000
88.38000
64.55000
91.82000
77.40000
13.44000
88.75000
11.98000
42.98000
16.61000
93.40000
65.64000
12.88000
76.01000
15.23000
21.48000
94.92000
89.98000
33.26000
51.24000
28.08000
27.77000
67.17000
28.48000
30.13000
15.21000
14.78000
92.95000
94.27000
31.94000
98.99000
2.33000
17.22000
46.78000
24.49000
72.70000
42.76000
67.24000
17.27000
40.08000
20.22000
89.96000
82.11000
99.92000
47.96000
51.30000
52.10000
65.57000
27.91000
74.76000
85.74000
39.23000
37.04000
38.39000
72.72000
30.00000
95.00000
89.80000
72.74000
12.82000
46.01000
73.00000
56.55000
25.35000
3.89000
14.05000
21.22000
20.16000
84.04000
27.17000
39.58000
13.26000
56.89000
67.28000
12.77000
34.56000
90.42000
78.42000
16.76000
78.42000
7.65000
43.36000
54.76000
54.09000
29.17000
67.05000
63.14000
76.90000
92.61000
95.18000
64.28000
21.53000
53.22000
58.14000
83.58000
58.46000
34.20000
88.74000
63.97000
24.27000
72.03000
61.42000
73.63000
66.42000
6.77000
37.83000
58.58000
98.84000
26.50000
19.27000
90.12000
49.35000
23.87000
95.22000
18.35000
8.20000
41.55000
96.82000
16.66000
79.56000
20.59000
4.62000
83.71000
9.59000
96.52000
79.75000
34.63000
86.54000
22.23000
36.84000
15.01000
15.75000
2.81000
55.08000
38.95000
26.67000
96.42000
55.34000
47.79000
65.71000
65.77000
46.66000
58.69000
43.67000
21.60000
76.75000
16.13000
83.29000
76.19000
83.49000
39.34000
73.72000
95.90000
43.45000
75.89000
08.08000
06.46000
08.00000
08.32000
06.80000
09.15000
06.61000
05.04000
08.04000
09.43000
07.04000
05.56000
07.86000
05.11000
07.44000
08.18000
05.86000
09.39000
08.22000
05.36000
07.63000
08.36000
09.55000
06.21000
07.30000
08.50000
08.87000
08.97000
09.99000
09.19000
08.39000
08.51000
09.36000
05.19000
07.57000
08.82000
05.98000
07.81000
09.02000
09.21000
05.10000
09.06000
05.78000
09.89000
08.93000
06.93000
05.54000
05.50000
07.75000
09.69000
08.17000
07.31000
05.38000
06.02000
05.79000
05.77000
06.63000
07.48000
05.29000
07.94000
09.85000
06.01000
05.84000
05.02000
09.37000
06.45000
06.36000
09.87000
08.09000
09.05000
05.56000
08.23000
08.58000
07.64000
06.14000
09.40000
09.41000
09.47000
08.15000
05.59000
06.21000
08.51000
08.40000
09.39000
08.48000
08.50000
08.48000
05.09000
09.25000
08.59000
07.23000
06.05000
07.55000
05.80000
08.26000
07.34000
05.94000
07.55000
07.45000
08.11000
08.00000
09.16000
05.44000
09.20000
05.80000
09.72000
05.28000
05.56000
08.08000
07.99000
07.50000
09.37000
08.83000
09.30000
08.74000
09.49000
05.85000
09.97000
07.53000
06.49000
07.89000
09.21000
07.16000
07.61000
07.17000
06.64000
08.20000
09.20000
06.96000
09.76000
05.97000
09.28000
09.04000
06.44000
08.09000
09.99000
06.19000
07.47000
06.89000
05.12000
05.95000
06.90000
06.84000
05.67000
07.94000
07.17000
07.50000
05.86000
08.67000
08.73000
08.82000
05.21000
05.06000
08.36000
06.05000
07.27000
05.05000
05.75000
09.20000
07.24000
05.10000
05.99000
05.57000
09.46000
07.71000
07.02000
07.20000
09.88000
08.85000
07.22000
08.40000
08.64000
05.54000
07.83000
08.25000
08.69000
08.18000
06.37000
09.03000
09.67000
07.88000
09.73000
06.79000
06.85000
05.53000
09.18000
05.91000
07.61000
07.28000
06.98000
08.37000
08.48000
05.29000
08.30000
05.90000
07.61000
05.26000
08.67000
07.50000
07.30000
08.86000
06.53000
06.95000
06.50000
06.33000
05.70000
05.28000
08.30000
08.88000
07.90000
06.19000
07.47000
06.69000
07.06000
06.86000
09.92000
08.84000
06.47000
07.25000
06.59000
07.23000
08.33000
08.77000
07.81000
07.23000
05.39000
05.12000
08.10000
05.21000
08.28000
09.76000
08.56000
06.09000
07.99000
08.39000
09.48000
05.76000
08.44000
06.51000
07.76000
08.68000
08.92000
06.87000
09.46000
05.28000
5
1
5
10
32
7
4
23
14
3
8
6
35
33
26
16
28
9
5
6
12
24
11
17
6
18
22
29
25
31
15
4
21
30
34
20
5
19
27
4
2
13
86.02945
