35
7
192.42000
187.83000
126.70000
116.66000
113.08000
154.99000
170.08000
145.79000
188.20000
115.75000
159.60000
167.43000
132.77000
196.44000
192.26000
133.67000
163.34000
112.44000
141.66000
160.68000
148.02000
118.18000
107.95000
178.69000
156.49000
157.17000
167.83000
181.97000
110.00000
111.99000
124.57000
178.89000
131.35000
154.26000
158.02000
105.83000
168.09000
108.47000
175.21000
108.88000
165.41000
161.30000
113.07000
167.68000
145.80000
144.94000
174.11000
117.12000
146.12000
132.58000
127.23000
106.18000
104.81000
186.49000
117.89000
147.91000
111.86000
107.97000
118.11000
169.41000
158.80000
187.42000
176.48000
161.82000
188.77000
154.27000
168.13000
130.39000
146.44000
127.03000
171.01000
113.62000
141.57000
106.17000
152.29000
125.33000
178.63000
128.06000
125.84000
150.31000
133.63000
174.22000
105.87000
120.33000
165.30000
164.72000
133.16000
181.24000
133.94000
108.68000
125.04000
142.96000
151.43000
154.31000
125.40000
129.47000
131.19000
138.86000
154.71000
128.79000
138.21000
138.64000
159.98000
143.03000
139.04000
107.74000
181.89000
164.18000
171.06000
123.50000
109.89000
152.33000
198.45000
185.36000
147.84000
167.51000
184.89000
121.19000
181.83000
138.39000
110.99000
197.94000
124.49000
107.67000
158.93000
171.61000
165.05000
182.16000
162.45000
137.28000
119.27000
182.70000
156.85000
179.07000
179.48000
194.20000
129.01000
120.18000
164.58000
115.64000
139.44000
173.01000
140.28000
181.35000
139.76000
128.05000
124.97000
101.22000
195.57000
188.27000
143.53000
118.13000
157.79000
128.41000
153.93000
157.62000
128.90000
162.31000
140.69000
159.30000
112.97000
192.85000
164.88000
126.83000
165.61000
161.95000
114.16000
177.93000
144.00000
100.64000
152.74000
194.38000
156.87000
178.98000
171.39000
184.58000
133.30000
128.42000
160.64000
113.96000
155.89000
112.39000
199.48000
108.31000
165.69000
116.86000
102.36000
125.97000
135.53000
163.48000
199.14000
189.37000
189.74000
112.93000
146.19000
134.96000
154.28000
114.97000
176.49000
163.30000
106.62000
158.41000
149.55000
188.98000
125.83000
121.15000
101.45000
190.66000
142.50000
120.11000
179.81000
187.34000
100.95000
104.06000
182.42000
135.83000
152.63000
194.10000
160.37000
134.94000
129.53000
176.23000
138.79000
139.88000
126.31000
118.96000
119.40000
169.94000
189.21000
129.86000
130.46000
158.48000
166.05000
105.55000
176.82000
102.91000
156.19000
181.73000
189.86000
114.69000
160.54000
183.16000
177.56000
169.37000
131.61000
06.57000
06.29000
07.93000
07.19000
07.91000
09.19000
07.15000
06.77000
05.53000
06.88000
07.66000
05.06000
09.70000
07.91000
07.40000
06.73000
05.41000
07.47000
07.83000
06.87000
09.96000
09.90000
06.42000
08.43000
05.40000
06.16000
09.19000
09.78000
06.03000
06.39000
08.13000
07.17000
05.94000
07.32000
08.76000
05.12000
05.83000
05.79000
09.31000
09.63000
08.01000
09.44000
09.21000
05.86000
07.19000
07.29000
08.83000
06.07000
05.33000
05.87000
05.34000
05.41000
09.17000
08.34000
09.42000
09.43000
07.72000
07.00000
07.78000
06.57000
09.72000
05.79000
05.61000
05.64000
06.23000
07.80000
09.16000
08.37000
08.04000
07.76000
06.70000
09.45000
08.23000
09.05000
09.22000
08.75000
06.80000
05.93000
08.61000
06.14000
07.13000
08.00000
05.22000
09.36000
07.91000
09.75000
05.45000
09.02000
07.60000
07.30000
09.20000
06.14000
06.92000
05.93000
07.37000
09.61000
06.35000
07.55000
09.41000
08.75000
08.65000
08.22000
05.75000
05.72000
06.32000
09.62000
09.50000
07.67000
05.04000
09.68000
09.86000
06.60000
07.40000
09.16000
09.43000
06.56000
05.36000
06.37000
07.80000
05.74000
09.32000
08.77000
05.56000
05.24000
09.47000
05.46000
06.85000
06.53000
08.22000
09.68000
06.79000
09.00000
07.80000
06.31000
09.04000
07.40000
07.67000
09.37000
08.25000
09.38000
06.97000
09.77000
08.00000
06.21000
08.78000
07.54000
09.70000
06.48000
09.23000
05.86000
07.02000
07.27000
08.16000
06.01000
08.76000
07.25000
07.72000
08.44000
09.76000
07.98000
09.78000
05.19000
08.35000
06.42000
08.51000
07.49000
08.87000
07.39000
07.84000
08.18000
09.21000
06.14000
08.94000
09.25000
08.23000
05.39000
07.40000
06.72000
05.01000
07.75000
08.22000
08.74000
08.43000
07.94000
07.91000
09.01000
07.94000
09.71000
08.05000
06.79000
06.58000
07.20000
07.48000
05.48000
08.37000
07.44000
09.82000
05.10000
05.89000
07.85000
05.94000
09.84000
07.69000
08.73000
06.49000
05.52000
05.87000
05.79000
09.36000
07.09000
09.12000
05.63000
09.59000
05.95000
09.61000
06.21000
08.38000
05.65000
07.01000
06.78000
05.35000
07.87000
05.04000
06.56000
08.79000
09.83000
05.95000
05.14000
09.27000
07.89000
07.98000
05.03000
07.10000
05.05000
07.93000
09.12000
09.90000
08.48000
08.58000
08.18000
05.01000
06.94000
06.24000
08.38000
07.08000
5
29
23
10
4
31
5
1
17
34
22
18
5
13
25
20
14
2
5
19
26
33
35
6
5
8
27
7
30
21
5
28
32
5
9
12
5
11
24
15
16
3
665.54690
