35
10
60.39000
12.23000
11.42000
41.12000
56.02000
8.54000
97.95000
54.14000
30.15000
34.49000
81.20000
67.60000
72.87000
87.37000
63.62000
91.16000
2.06000
90.23000
73.46000
60.25000
56.30000
89.85000
64.70000
34.04000
3.96000
58.78000
16.06000
96.44000
34.15000
93.31000
30.03000
59.12000
63.71000
17.50000
35.84000
86.77000
46.12000
51.79000
14.28000
82.45000
88.13000
5.56000
39.57000
45.47000
62.76000
81.55000
31.70000
93.76000
44.65000
14.08000
77.69000
73.03000
34.18000
57.21000
91.30000
51.73000
56.50000
93.77000
11.04000
24.05000
62.47000
31.34000
97.17000
8.94000
27.76000
99.23000
40.70000
50.11000
51.73000
56.54000
3.30000
4.38000
73.36000
60.90000
81.47000
69.42000
52.80000
55.88000
26.47000
84.92000
6.00000
12.34000
8.84000
29.61000
16.86000
20.39000
25.87000
5.97000
95.08000
95.87000
99.62000
42.23000
77.05000
81.40000
78.86000
92.37000
21.96000
42.33000
35.16000
36.12000
13.71000
68.76000
64.78000
74.96000
61.97000
76.92000
22.25000
13.43000
55.05000
51.28000
67.22000
21.14000
94.37000
76.97000
25.18000
52.54000
46.87000
5.90000
1.71000
70.90000
30.51000
11.69000
28.13000
64.22000
88.98000
94.73000
61.52000
45.27000
92.74000
82.17000
83.70000
51.56000
35.99000
23.88000
2.25000
46.35000
36.66000
93.50000
46.48000
17.66000
94.21000
13.09000
8.17000
83.73000
32.96000
8.83000
30.58000
10.04000
99.68000
75.40000
31.09000
8.91000
50.33000
73.96000
75.07000
52.89000
61.66000
88.43000
54.62000
40.27000
38.14000
29.48000
84.59000
92.09000
8.00000
30.53000
7.59000
57.15000
24.23000
51.74000
86.98000
6.99000
65.55000
78.03000
16.86000
35.50000
33.80000
65.99000
34.29000
20.45000
76.91000
42.77000
77.41000
30.92000
27.32000
82.40000
43.48000
48.75000
21.52000
80.08000
81.39000
80.51000
22.79000
54.75000
67.77000
58.52000
19.14000
50.12000
3.01000
38.86000
23.32000
35.63000
11.26000
3.35000
72.85000
5.48000
43.39000
57.56000
31.99000
77.63000
3.77000
10.36000
96.92000
39.25000
40.96000
42.02000
42.05000
52.37000
72.79000
93.16000
20.69000
27.94000
34.68000
6.40000
79.62000
18.93000
84.79000
45.08000
92.40000
4.08000
10.05000
2.32000
56.31000
85.87000
18.12000
91.97000
92.39000
94.53000
44.43000
57.63000
49.45000
83.03000
49.13000
63.66000
98.03000
79.66000
39.09000
78.56000
24.20000
87.40000
86.75000
80.70000
34.99000
9.79000
74.68000
50.27000
66.66000
57.57000
71.31000
12.40000
2.04000
70.27000
70.84000
16.98000
45.72000
11.13000
92.23000
39.64000
31.00000
66.19000
80.18000
80.77000
13.97000
50.19000
4.13000
66.52000
75.46000
99.65000
56.29000
46.75000
6.75000
29.39000
64.68000
94.65000
4.74000
6.10000
92.66000
17.88000
88.34000
2.01000
87.34000
91.98000
75.41000
39.17000
76.95000
54.38000
6.55000
65.35000
15.47000
63.24000
46.13000
53.11000
79.63000
4.47000
86.25000
98.74000
74.92000
85.75000
43.76000
26.28000
29.56000
44.50000
58.27000
80.53000
95.52000
21.91000
52.21000
64.17000
56.86000
51.12000
29.24000
97.30000
78.45000
21.76000
42.91000
90.61000
34.80000
76.51000
93.61000
1.17000
37.65000
85.83000
8.49000
8.80000
25.52000
43.92000
35.42000
21.08000
60.68000
68.72000
51.05000
69.32000
32.13000
5.93000
55.76000
11.62000
51.63000
23.01000
74.69000
27.78000
06.35000
08.88000
06.60000
07.37000
08.38000
07.14000
08.77000
09.51000
06.48000
08.72000
09.40000
09.39000
07.01000
09.03000
07.96000
05.55000
07.55000
09.74000
05.19000
07.78000
06.95000
08.74000
08.04000
07.10000
05.31000
05.21000
09.75000
05.82000
08.99000
09.56000
09.79000
07.45000
05.57000
08.43000
08.88000
08.49000
09.27000
09.30000
09.95000
06.49000
07.20000
08.81000
08.08000
09.75000
05.66000
05.11000
06.54000
05.41000
08.33000
08.46000
07.16000
06.84000
05.16000
05.37000
07.99000
08.66000
07.33000
08.59000
08.36000
06.77000
07.29000
07.11000
08.83000
08.28000
08.72000
06.21000
06.22000
06.58000
06.58000
07.37000
07.63000
06.55000
06.60000
05.74000
06.92000
05.41000
07.26000
09.12000
09.21000
09.59000
09.71000
06.15000
08.64000
07.31000
06.23000
08.18000
05.63000
08.04000
05.37000
07.81000
06.85000
07.52000
06.89000
08.87000
05.19000
07.70000
06.85000
06.47000
09.83000
06.81000
07.51000
06.97000
06.16000
09.33000
07.43000
06.18000
08.71000
07.13000
08.55000
05.30000
05.34000
08.85000
06.19000
06.96000
05.46000
07.30000
07.30000
08.59000
08.09000
08.04000
09.00000
08.89000
08.46000
07.89000
09.67000
07.80000
08.10000
09.90000
08.95000
06.50000
09.74000
08.41000
07.71000
07.45000
07.40000
08.97000
08.09000
09.33000
06.33000
08.40000
07.13000
05.17000
07.14000
07.73000
08.56000
06.79000
09.81000
06.28000
08.42000
05.50000
08.60000
06.65000
08.68000
07.32000
08.62000
08.00000
07.55000
09.55000
06.22000
05.74000
09.52000
05.71000
08.99000
06.52000
05.30000
05.60000
05.78000
08.27000
06.87000
05.24000
06.68000
05.13000
07.45000
06.93000
08.05000
09.45000
08.90000
07.61000
08.20000
06.11000
06.20000
05.66000
08.16000
09.22000
07.86000
09.50000
05.10000
06.52000
08.20000
05.02000
06.47000
07.03000
07.77000
09.33000
05.96000
05.99000
08.41000
05.82000
08.51000
09.91000
08.17000
09.11000
05.31000
06.54000
06.38000
05.09000
08.81000
09.90000
08.59000
05.88000
06.32000
05.54000
07.19000
05.56000
05.10000
05.24000
06.33000
06.97000
07.51000
09.80000
08.20000
06.89000
08.33000
08.07000
05.72000
07.28000
08.59000
05.14000
08.05000
06.37000
05.59000
07.37000
05.59000
08.63000
07.85000
07.34000
05.01000
09.79000
05.15000
08.92000
09.22000
06.81000
08.55000
07.19000
07.37000
09.62000
05.21000
09.63000
07.04000
08.22000
08.46000
06.74000
06.04000
05.06000
06.08000
09.09000
07.18000
08.22000
07.69000
07.88000
08.23000
07.00000
09.17000
05.55000
08.18000
06.98000
07.65000
05.79000
07.29000
09.97000
06.52000
08.55000
07.06000
09.04000
05.39000
05.01000
05.25000
08.51000
05.15000
07.62000
05.12000
09.19000
09.96000
05.46000
08.36000
06.98000
07.56000
07.76000
06.44000
09.68000
08.02000
05.01000
06.96000
08.94000
07.06000
07.01000
08.77000
07.67000
06.65000
09.77000
06.95000
05.04000
05.02000
05.59000
07.87000
06.45000
06.64000
08.01000
09.12000
08.57000
07.23000
06.80000
09.54000
09.30000
08.76000
09.16000
09.58000
05.30000
09.27000
06.14000
06.42000
06.84000
07.02000
07.32000
08.03000
09.74000
09.96000
06.06000
09.34000
05.48000
06.18000
06.99000
06.54000
06.83000
09.97000
06.01000
07.07000
07.79000
06.92000
05.22000
09.63000
08.61000
08.83000
08.02000
09.15000
05.79000
08.77000
09.03000
06.84000
07.10000
3
34
27
25
3
4
29
7
3
9
18
11
5
3
17
13
30
14
3
35
32
12
3
26
28
31
5
2
21
20
1
22
2
23
16
5
8
6
24
5
10
3
33
19
15
41.88398
