35
7
74.13000
2.89000
3.91000
58.75000
52.91000
5.42000
1.95000
75.62000
7.80000
35.78000
13.88000
44.58000
76.62000
51.17000
23.60000
10.25000
27.47000
22.75000
16.56000
6.43000
1.28000
84.07000
29.26000
6.57000
66.25000
85.63000
99.74000
72.31000
69.37000
40.31000
20.08000
6.96000
81.97000
73.97000
78.94000
44.97000
99.93000
52.90000
89.13000
85.92000
95.58000
39.84000
23.46000
26.33000
35.34000
18.73000
61.87000
17.55000
29.17000
42.71000
11.94000
51.60000
15.36000
79.81000
78.76000
10.67000
7.97000
62.50000
23.49000
13.64000
47.36000
36.18000
4.83000
69.54000
51.70000
10.66000
34.52000
28.09000
64.43000
9.68000
68.19000
46.89000
58.31000
79.13000
49.20000
60.21000
80.68000
6.20000
56.52000
80.98000
21.35000
44.04000
66.32000
9.96000
61.45000
44.69000
6.81000
83.57000
12.40000
72.09000
5.76000
32.42000
58.42000
55.63000
43.98000
21.77000
14.03000
37.60000
4.81000
8.09000
66.56000
24.72000
20.67000
85.47000
33.61000
27.14000
91.84000
97.83000
62.56000
30.92000
90.25000
73.28000
10.15000
39.47000
96.89000
21.85000
54.41000
36.29000
10.59000
88.71000
51.63000
68.33000
78.21000
61.70000
82.38000
97.45000
53.18000
14.82000
6.05000
49.93000
36.96000
60.76000
5.31000
63.96000
33.57000
4.36000
41.64000
44.19000
98.05000
85.15000
30.42000
99.43000
24.57000
29.57000
52.75000
80.37000
47.15000
43.52000
9.67000
2.36000
66.07000
51.96000
49.82000
43.82000
1.80000
48.46000
1.64000
50.60000
23.89000
65.26000
16.87000
80.47000
6.39000
24.79000
26.05000
56.60000
72.44000
86.12000
85.01000
15.12000
49.71000
1.51000
28.38000
55.55000
14.90000
97.93000
9.89000
9.31000
35.38000
94.64000
92.69000
28.31000
76.51000
13.09000
31.67000
79.34000
9.29000
3.08000
46.64000
40.73000
72.83000
5.60000
37.17000
52.22000
62.33000
99.29000
28.19000
69.48000
71.52000
54.96000
21.36000
12.62000
47.17000
78.12000
44.69000
13.65000
36.61000
66.43000
3.96000
70.01000
8.17000
10.81000
74.49000
89.73000
21.01000
75.31000
72.94000
96.33000
62.72000
48.89000
53.35000
83.62000
95.55000
28.75000
9.67000
25.84000
83.29000
2.29000
11.66000
59.63000
40.79000
94.55000
56.37000
38.59000
83.42000
23.75000
18.66000
77.71000
80.63000
41.81000
96.66000
8.90000
2.40000
92.79000
69.31000
07.01000
06.01000
05.39000
06.66000
06.19000
07.94000
06.06000
05.52000
09.69000
05.73000
09.09000
05.46000
09.14000
08.36000
09.40000
07.23000
07.16000
07.71000
06.70000
08.21000
09.90000
06.05000
07.97000
09.91000
09.54000
08.52000
09.94000
05.51000
06.75000
05.66000
06.60000
07.29000
08.23000
05.92000
06.74000
05.80000
05.04000
06.74000
06.21000
08.27000
06.51000
07.12000
08.88000
07.31000
07.15000
08.80000
05.24000
07.47000
07.79000
06.23000
06.93000
07.48000
05.30000
06.75000
05.39000
07.67000
05.04000
08.09000
09.30000
07.54000
08.40000
05.87000
07.11000
08.22000
05.27000
06.12000
09.56000
09.97000
06.57000
07.72000
07.82000
07.95000
06.10000
06.38000
08.81000
08.20000
08.36000
06.93000
07.77000
08.66000
08.70000
05.77000
05.80000
06.85000
07.19000
07.83000
06.29000
09.45000
09.88000
05.91000
07.37000
09.79000
06.37000
08.22000
09.46000
05.32000
07.26000
05.84000
07.73000
05.13000
06.68000
05.26000
09.61000
07.48000
09.74000
05.17000
06.25000
07.99000
08.02000
07.61000
06.95000
07.58000
06.45000
06.91000
08.35000
07.56000
05.95000
08.07000
08.29000
08.46000
05.77000
06.46000
06.86000
09.90000
06.21000
05.38000
08.92000
08.18000
06.09000
08.48000
06.60000
08.73000
05.21000
07.34000
06.79000
08.61000
06.92000
08.90000
08.65000
09.03000
06.13000
07.37000
06.27000
06.40000
09.88000
09.37000
05.65000
08.75000
06.75000
07.87000
07.54000
08.26000
06.70000
08.36000
06.48000
08.41000
08.25000
06.67000
09.30000
06.81000
05.89000
06.57000
07.56000
07.71000
07.65000
07.18000
05.12000
09.52000
07.57000
05.55000
05.58000
07.27000
08.21000
09.08000
09.83000
05.21000
07.58000
09.49000
07.28000
09.93000
07.02000
06.81000
06.19000
05.34000
06.44000
06.86000
08.47000
06.24000
05.06000
05.57000
05.40000
09.07000
05.59000
09.26000
05.49000
09.41000
06.74000
07.16000
07.05000
09.49000
05.77000
08.87000
05.65000
05.68000
05.93000
06.89000
06.61000
05.97000
09.01000
09.10000
08.82000
08.51000
08.95000
06.07000
09.91000
06.55000
06.01000
06.37000
06.08000
07.21000
09.01000
07.17000
05.54000
08.23000
06.35000
09.88000
06.30000
09.05000
09.98000
06.29000
08.58000
08.20000
07.85000
06.09000
07.42000
05.89000
06.40000
09.35000
05.10000
06.44000
08.12000
09.04000
08.66000
05.83000
09.01000
7
11
9
20
3
6
7
21
4
25
16
22
35
4
27
30
19
29
5
8
14
28
24
31
6
4
23
10
15
32
17
4
26
12
13
34
5
5
2
1
33
18
49.45081
