35
7
129.27000
131.40000
186.85000
182.51000
116.54000
144.84000
162.21000
190.23000
168.59000
171.86000
198.50000
103.98000
175.01000
166.53000
148.61000
134.87000
189.46000
134.45000
104.49000
120.53000
179.66000
182.81000
147.13000
175.17000
177.42000
170.34000
196.62000
139.57000
128.57000
157.34000
162.07000
131.06000
143.02000
155.69000
191.68000
123.86000
127.67000
174.87000
114.57000
160.00000
106.32000
161.54000
137.02000
169.71000
172.89000
137.30000
129.49000
159.39000
113.85000
178.05000
191.73000
112.00000
179.74000
111.30000
162.57000
137.06000
135.15000
166.10000
169.88000
120.66000
108.76000
123.06000
180.62000
175.43000
143.28000
164.36000
150.77000
190.60000
145.50000
123.74000
160.41000
106.53000
114.36000
130.79000
141.81000
133.82000
170.91000
110.04000
101.00000
143.00000
194.78000
160.11000
195.54000
112.31000
169.30000
178.79000
172.06000
196.61000
141.90000
115.46000
116.26000
177.28000
174.05000
121.03000
102.89000
112.29000
191.28000
198.01000
145.77000
186.16000
133.19000
150.44000
147.79000
159.96000
103.45000
106.89000
178.06000
146.28000
175.66000
144.87000
198.65000
143.45000
184.14000
123.53000
171.72000
137.04000
195.58000
161.00000
101.73000
177.21000
190.19000
176.94000
182.18000
190.65000
112.27000
142.61000
145.64000
130.65000
120.17000
130.80000
113.74000
127.03000
136.30000
165.88000
147.17000
136.19000
197.13000
173.78000
195.69000
191.10000
132.79000
128.46000
171.99000
120.08000
122.91000
187.82000
140.15000
153.32000
144.84000
160.23000
191.76000
103.80000
161.62000
185.68000
178.14000
193.52000
150.34000
105.72000
139.67000
121.07000
152.18000
113.47000
155.78000
111.60000
122.36000
103.61000
195.00000
166.82000
180.16000
122.38000
164.88000
114.99000
158.93000
117.58000
162.06000
183.76000
191.11000
199.00000
134.77000
129.86000
192.43000
155.33000
146.41000
152.90000
176.83000
103.32000
128.71000
120.22000
104.22000
104.84000
179.85000
125.71000
148.59000
123.32000
187.10000
139.83000
147.96000
173.75000
176.78000
159.61000
154.44000
172.67000
164.26000
158.62000
184.18000
188.22000
103.98000
137.02000
167.42000
190.05000
153.57000
186.92000
152.75000
151.73000
183.98000
102.60000
145.54000
168.11000
122.50000
156.64000
128.94000
161.02000
175.13000
188.26000
159.73000
114.20000
186.94000
163.23000
108.75000
112.95000
192.07000
123.88000
110.93000
194.13000
163.70000
139.11000
115.23000
196.18000
164.09000
154.38000
134.69000
109.08000
194.55000
141.71000
196.42000
03.00000
02.77000
03.04000
01.62000
01.19000
01.77000
04.94000
01.34000
01.67000
04.71000
04.59000
04.90000
03.69000
03.09000
01.65000
04.97000
02.81000
02.24000
03.08000
03.02000
04.89000
03.30000
01.15000
03.36000
04.14000
01.22000
03.47000
03.09000
01.04000
02.77000
02.93000
02.13000
04.40000
04.53000
03.76000
02.50000
01.22000
04.92000
01.67000
04.12000
01.32000
01.00000
04.80000
03.48000
04.93000
03.97000
04.58000
01.80000
03.67000
02.69000
03.06000
03.14000
01.49000
03.88000
01.56000
04.34000
04.63000
02.04000
02.75000
01.08000
03.65000
01.51000
04.60000
01.84000
03.42000
02.42000
02.37000
01.92000
01.12000
02.72000
04.75000
02.76000
01.08000
03.82000
04.61000
01.32000
04.71000
02.67000
02.20000
04.61000
02.32000
02.59000
04.61000
01.25000
01.91000
01.84000
04.25000
02.66000
03.80000
04.49000
04.83000
01.06000
02.61000
02.44000
03.37000
03.51000
01.26000
01.38000
04.23000
01.85000
01.02000
02.83000
01.06000
02.77000
03.44000
03.87000
02.21000
02.41000
04.25000
01.99000
04.25000
04.46000
02.52000
02.79000
03.05000
01.50000
02.49000
02.10000
04.08000
01.52000
04.55000
03.55000
02.12000
03.30000
01.38000
04.60000
03.26000
02.46000
03.97000
02.51000
02.91000
01.41000
03.63000
04.35000
03.77000
03.40000
01.99000
01.02000
01.89000
02.46000
04.06000
01.52000
02.77000
04.23000
01.35000
02.95000
01.98000
01.83000
02.88000
02.38000
02.23000
03.92000
03.09000
01.00000
03.37000
01.86000
02.73000
03.84000
02.55000
01.82000
02.86000
01.71000
04.25000
02.80000
02.85000
01.26000
02.24000
02.57000
02.39000
02.93000
01.61000
03.74000
03.47000
03.00000
04.76000
04.62000
03.21000
03.55000
03.32000
03.98000
04.02000
03.21000
04.18000
02.68000
02.93000
03.44000
03.62000
02.62000
02.74000
02.81000
03.87000
02.55000
04.58000
03.71000
04.44000
04.00000
01.88000
02.34000
04.19000
01.34000
02.39000
02.71000
03.26000
03.73000
02.17000
02.65000
01.12000
01.15000
03.60000
03.79000
01.33000
03.54000
02.20000
01.96000
01.75000
02.43000
04.92000
04.29000
02.26000
01.28000
04.82000
01.01000
04.14000
01.38000
01.10000
04.05000
03.97000
04.85000
03.26000
01.20000
03.68000
04.59000
01.10000
02.01000
04.46000
02.35000
02.74000
03.88000
04.86000
02.66000
04.63000
02.00000
02.71000
02.89000
01.51000
5
29
5
28
19
12
5
25
2
4
35
17
5
3
9
8
10
21
5
20
26
7
1
14
5
22
30
24
34
18
5
33
32
13
15
11
5
23
6
27
31
16
615.58910
