35
4
4.04000
43.26000
1.92000
50.04000
99.30000
50.55000
41.32000
99.30000
92.88000
77.58000
48.64000
89.42000
24.99000
65.58000
64.10000
60.61000
34.86000
54.77000
28.93000
53.09000
63.70000
85.36000
82.34000
8.09000
52.74000
98.57000
66.55000
64.82000
42.18000
35.62000
21.78000
65.49000
72.25000
35.73000
87.25000
39.48000
69.27000
57.77000
50.08000
43.34000
36.25000
78.56000
23.55000
72.55000
32.46000
58.19000
9.22000
93.09000
23.85000
61.62000
72.07000
70.91000
75.40000
54.83000
79.07000
71.00000
54.08000
3.79000
95.17000
59.32000
24.85000
72.46000
86.36000
1.83000
52.69000
28.81000
18.60000
62.51000
4.57000
36.81000
53.47000
85.78000
58.93000
81.83000
29.79000
89.09000
14.39000
69.29000
85.80000
8.88000
44.89000
18.10000
14.22000
33.89000
42.15000
17.98000
3.77000
55.83000
95.91000
59.65000
45.16000
65.42000
97.86000
34.84000
30.11000
53.37000
38.74000
33.24000
48.34000
10.41000
8.26000
45.60000
90.58000
26.26000
96.14000
57.85000
8.47000
60.82000
7.07000
12.21000
69.53000
50.09000
49.28000
40.27000
22.52000
71.29000
90.16000
58.48000
80.91000
40.89000
46.19000
82.33000
62.18000
73.36000
31.82000
28.28000
80.79000
85.16000
62.52000
10.80000
53.21000
91.76000
54.78000
45.36000
93.91000
9.64000
24.04000
48.42000
20.36000
52.26000
05.39000
07.58000
07.06000
05.56000
08.97000
09.81000
09.73000
07.05000
09.21000
05.29000
08.52000
08.76000
05.02000
07.94000
07.32000
09.58000
05.29000
06.66000
05.04000
08.42000
08.94000
05.35000
05.59000
09.20000
09.86000
07.93000
07.87000
05.81000
06.98000
08.30000
05.80000
07.16000
09.19000
05.36000
08.27000
07.69000
06.41000
07.09000
05.40000
09.26000
06.38000
06.72000
05.01000
08.24000
08.18000
08.84000
09.03000
09.79000
06.95000
08.61000
07.60000
09.06000
07.86000
06.17000
05.89000
06.20000
06.07000
06.69000
09.04000
06.38000
06.71000
05.31000
07.22000
09.75000
09.97000
07.21000
05.59000
06.47000
05.98000
07.53000
05.86000
05.08000
09.59000
05.39000
08.87000
09.32000
06.39000
07.65000
06.06000
07.45000
08.07000
07.02000
08.83000
05.90000
06.03000
09.90000
08.59000
06.06000
06.68000
07.70000
06.74000
09.35000
06.44000
06.82000
09.70000
07.16000
06.69000
08.67000
08.86000
05.90000
08.86000
09.66000
05.63000
06.99000
09.34000
09.09000
08.60000
09.64000
06.22000
05.82000
06.97000
06.71000
08.07000
07.63000
07.97000
05.18000
06.38000
07.19000
09.25000
07.73000
08.80000
07.14000
08.47000
07.00000
07.98000
05.14000
08.28000
05.65000
06.57000
08.86000
06.33000
06.34000
07.25000
05.94000
05.29000
06.72000
07.66000
09.04000
07.81000
09.46000
7
18
19
11
6
24
1
3
10
22
35
8
26
14
32
12
34
23
29
10
15
27
28
7
30
16
13
10
31
17
8
21
9
33
20
5
25
4
2
239.44330
