35
4
66.72000
57.00000
12.41000
98.31000
73.25000
31.45000
56.28000
71.81000
90.26000
63.54000
31.72000
73.55000
58.95000
94.50000
77.96000
44.77000
19.54000
65.54000
37.21000
25.69000
12.25000
16.88000
48.69000
56.51000
77.31000
87.74000
53.62000
78.46000
56.92000
21.34000
92.22000
32.76000
90.31000
55.90000
6.71000
51.82000
89.77000
2.56000
90.53000
61.55000
70.56000
76.03000
87.48000
16.98000
25.65000
78.16000
91.21000
82.07000
20.02000
73.94000
67.71000
24.78000
19.64000
29.33000
81.94000
9.09000
89.47000
9.30000
99.86000
99.97000
96.48000
78.82000
87.45000
65.37000
6.64000
5.86000
10.68000
69.29000
82.93000
53.39000
49.71000
34.86000
97.01000
68.18000
91.32000
75.80000
43.88000
81.29000
89.65000
34.01000
91.33000
7.03000
35.40000
98.20000
32.07000
34.11000
18.31000
61.10000
54.82000
54.25000
29.08000
12.42000
51.30000
58.18000
58.44000
41.88000
12.22000
36.60000
97.10000
41.20000
27.30000
79.25000
36.79000
1.10000
87.27000
80.21000
5.37000
69.82000
48.72000
40.54000
21.55000
93.30000
37.16000
56.78000
35.62000
81.42000
80.73000
45.40000
63.06000
49.65000
95.91000
21.86000
20.33000
13.46000
98.15000
1.63000
21.91000
87.31000
3.93000
99.18000
83.26000
88.67000
26.71000
32.97000
21.85000
33.02000
82.97000
16.49000
51.15000
34.82000
05.95000
05.95000
08.81000
06.98000
09.54000
09.72000
07.37000
06.52000
07.80000
06.00000
07.55000
08.02000
09.62000
08.70000
08.25000
05.40000
08.92000
06.73000
08.38000
07.56000
09.60000
08.99000
06.84000
08.40000
05.58000
09.40000
07.55000
06.85000
05.75000
06.85000
09.41000
06.79000
09.02000
05.26000
06.32000
06.37000
07.37000
05.54000
07.86000
06.11000
09.31000
06.25000
07.99000
05.34000
06.40000
09.02000
08.33000
09.20000
08.79000
09.01000
09.05000
07.85000
06.63000
06.36000
05.30000
06.45000
05.08000
06.24000
07.24000
05.15000
09.30000
08.81000
05.03000
09.11000
09.45000
09.21000
08.82000
08.49000
05.67000
07.60000
06.38000
09.38000
09.55000
09.83000
06.06000
09.48000
09.21000
09.76000
08.55000
08.36000
09.88000
09.19000
05.25000
07.43000
07.97000
09.51000
07.58000
08.10000
09.88000
07.13000
06.93000
06.78000
07.03000
08.46000
09.72000
09.86000
05.81000
09.90000
07.35000
08.76000
07.64000
07.87000
06.22000
09.89000
08.91000
05.20000
08.33000
09.80000
06.20000
05.09000
07.57000
05.75000
05.26000
07.75000
08.37000
08.30000
07.23000
05.85000
08.40000
05.12000
09.74000
07.05000
05.32000
08.85000
05.47000
08.99000
06.77000
07.17000
07.06000
09.34000
05.41000
07.71000
07.17000
05.74000
08.91000
08.14000
08.46000
05.87000
09.91000
06.12000
7
16
7
11
20
6
22
35
10
5
1
10
9
14
23
32
30
31
3
8
13
25
26
15
17
27
12
34
10
4
8
29
18
28
33
19
2
24
21
250.04120
