35
7
52.69000
97.93000
9.44000
32.51000
35.81000
23.76000
21.22000
45.25000
12.21000
47.47000
6.64000
11.90000
69.82000
29.98000
79.15000
10.70000
87.74000
7.02000
19.62000
71.98000
82.75000
40.61000
18.84000
29.57000
60.80000
70.56000
34.04000
65.40000
66.50000
62.99000
36.37000
65.90000
34.64000
59.80000
60.37000
31.87000
64.50000
98.07000
5.87000
95.60000
77.51000
6.83000
29.23000
40.09000
95.89000
65.00000
98.64000
62.71000
55.97000
6.67000
27.45000
65.37000
81.26000
37.70000
88.45000
1.06000
36.95000
93.28000
73.34000
22.27000
74.38000
85.38000
35.25000
35.56000
86.58000
51.26000
41.21000
48.05000
54.74000
5.01000
34.45000
76.45000
76.80000
63.07000
74.24000
81.30000
53.77000
45.07000
95.84000
75.67000
4.88000
36.19000
93.58000
80.60000
11.87000
39.68000
75.73000
19.65000
46.66000
35.56000
14.98000
65.45000
20.83000
30.18000
95.94000
95.16000
33.14000
6.66000
71.64000
37.01000
23.03000
73.43000
6.04000
18.75000
18.09000
35.15000
78.58000
88.32000
32.74000
44.37000
3.01000
34.87000
93.36000
78.53000
96.12000
85.89000
53.57000
86.71000
52.17000
86.07000
41.54000
44.32000
74.32000
79.65000
75.58000
2.54000
33.17000
62.89000
14.68000
38.88000
11.23000
33.63000
4.00000
9.60000
55.46000
40.73000
29.39000
94.30000
28.69000
35.62000
86.50000
89.17000
88.11000
50.84000
98.22000
19.16000
1.40000
26.29000
52.80000
72.01000
28.93000
29.36000
86.13000
69.99000
59.87000
25.38000
75.76000
59.65000
96.31000
80.24000
86.43000
64.33000
5.73000
13.89000
23.51000
34.67000
65.56000
43.79000
78.60000
96.13000
22.64000
42.48000
85.93000
4.43000
33.75000
12.93000
57.71000
91.61000
12.38000
71.13000
67.90000
88.35000
6.36000
51.31000
11.38000
15.09000
16.85000
87.44000
70.45000
62.22000
28.92000
67.51000
70.06000
50.47000
41.54000
79.06000
22.35000
74.34000
18.12000
62.68000
77.12000
56.62000
35.00000
59.52000
76.35000
94.92000
33.92000
62.75000
98.69000
16.13000
24.22000
69.53000
22.63000
81.54000
23.47000
83.06000
58.18000
80.64000
78.62000
31.43000
73.13000
21.06000
9.23000
70.27000
98.19000
65.34000
94.26000
10.21000
4.72000
6.36000
32.60000
59.46000
49.26000
9.77000
81.58000
81.27000
32.02000
69.54000
17.41000
39.43000
39.39000
57.42000
75.76000
47.78000
97.43000
09.27000
06.29000
07.61000
08.20000
07.93000
06.39000
07.90000
08.29000
06.43000
09.85000
09.77000
07.31000
08.96000
05.26000
08.52000
05.92000
06.33000
09.71000
09.85000
07.02000
08.50000
06.28000
07.35000
08.27000
07.07000
06.62000
05.02000
09.63000
07.77000
08.34000
09.71000
05.79000
08.00000
07.60000
08.70000
05.09000
08.83000
08.68000
08.18000
05.35000
06.55000
06.20000
07.81000
08.12000
07.29000
09.29000
08.04000
06.01000
08.19000
05.73000
09.65000
06.37000
08.04000
06.84000
08.82000
08.84000
09.76000
09.93000
09.59000
07.80000
07.92000
05.84000
06.42000
09.92000
06.24000
06.43000
06.66000
06.61000
05.05000
07.06000
10.00000
05.51000
08.63000
09.20000
08.15000
07.03000
05.41000
05.47000
09.15000
09.59000
09.93000
08.56000
06.33000
07.50000
07.32000
05.48000
05.96000
09.85000
09.32000
06.76000
09.66000
07.98000
06.84000
08.93000
06.97000
07.99000
07.40000
07.05000
07.81000
08.28000
07.69000
07.19000
09.98000
06.97000
06.02000
08.78000
07.86000
08.70000
07.28000
05.07000
09.59000
06.39000
09.98000
08.28000
05.85000
07.71000
06.72000
08.63000
05.44000
08.69000
05.58000
07.34000
05.10000
05.12000
06.29000
09.17000
06.93000
05.07000
07.71000
09.86000
05.92000
06.36000
05.35000
08.70000
07.47000
09.10000
08.86000
05.97000
09.86000
08.15000
07.28000
06.60000
06.29000
07.17000
09.65000
09.73000
05.80000
07.83000
07.01000
09.95000
08.08000
08.76000
06.26000
06.69000
07.42000
07.71000
08.47000
05.40000
06.01000
07.20000
06.31000
05.03000
06.42000
07.01000
06.63000
05.56000
09.12000
06.68000
07.90000
05.50000
09.97000
08.04000
07.74000
09.34000
07.71000
06.20000
05.65000
05.04000
07.94000
09.71000
06.85000
07.91000
06.32000
07.00000
09.48000
07.08000
07.28000
05.26000
08.43000
06.21000
05.58000
08.97000
07.72000
09.97000
08.87000
07.37000
08.00000
06.54000
05.20000
06.94000
09.08000
05.11000
05.50000
08.97000
07.41000
08.40000
06.10000
06.99000
08.56000
05.13000
05.66000
08.70000
05.29000
08.19000
06.76000
06.33000
06.24000
05.54000
06.96000
05.78000
06.64000
07.49000
06.12000
05.97000
09.33000
06.90000
09.45000
08.11000
06.31000
07.66000
05.09000
08.13000
06.21000
07.17000
06.54000
09.27000
06.80000
08.84000
05.22000
09.50000
07.49000
09.61000
07.91000
09.09000
06.83000
5
14
9
16
12
3
5
2
15
35
4
21
4
27
30
33
11
5
17
26
29
28
6
6
25
31
24
23
34
7
4
32
22
10
8
6
1
5
13
18
20
19
87.07265
