35
7
183.30000
191.48000
154.83000
140.51000
148.92000
171.86000
191.74000
143.60000
186.95000
159.22000
107.78000
122.29000
114.33000
116.19000
195.67000
108.76000
137.08000
181.99000
112.20000
186.74000
100.26000
122.39000
128.22000
141.54000
138.00000
179.72000
178.63000
110.03000
123.49000
122.88000
112.43000
130.64000
119.00000
197.33000
142.63000
112.34000
121.74000
131.85000
189.17000
101.99000
163.84000
145.97000
155.93000
183.98000
184.31000
162.86000
168.72000
110.81000
146.97000
117.05000
117.13000
136.53000
104.70000
119.62000
154.82000
166.76000
149.44000
108.20000
149.52000
108.67000
162.20000
197.03000
133.02000
121.00000
163.05000
126.86000
151.16000
164.06000
161.12000
115.02000
176.57000
133.45000
133.71000
175.40000
175.46000
180.22000
198.20000
126.97000
171.10000
172.95000
103.26000
183.36000
135.91000
186.01000
159.59000
150.97000
156.36000
195.32000
166.95000
112.76000
182.99000
128.37000
164.16000
178.25000
180.40000
114.23000
179.09000
133.53000
177.25000
133.49000
178.69000
191.23000
116.26000
168.35000
118.97000
130.27000
143.26000
178.92000
136.81000
149.09000
175.03000
195.91000
157.08000
129.31000
186.08000
118.71000
136.38000
122.67000
145.69000
143.58000
132.28000
107.41000
137.20000
168.32000
191.42000
138.39000
108.05000
142.29000
199.49000
196.99000
119.68000
116.42000
131.24000
141.18000
197.66000
193.20000
100.49000
155.47000
181.56000
176.69000
145.01000
121.35000
191.80000
106.97000
173.60000
104.86000
174.23000
194.75000
170.55000
192.45000
174.70000
154.47000
101.24000
107.73000
159.38000
104.24000
170.12000
100.82000
108.48000
163.74000
170.68000
198.44000
166.31000
104.21000
135.51000
153.87000
191.20000
198.46000
186.23000
196.93000
105.57000
170.84000
183.53000
184.03000
145.90000
110.01000
182.08000
111.51000
146.01000
100.80000
111.67000
119.67000
184.36000
147.47000
193.70000
180.85000
135.78000
138.43000
140.43000
190.50000
163.31000
113.68000
103.17000
170.65000
144.03000
114.78000
122.31000
119.88000
119.11000
134.84000
177.30000
163.34000
143.78000
168.54000
136.63000
102.74000
137.32000
162.11000
107.88000
166.34000
136.13000
100.09000
173.36000
115.19000
154.71000
168.61000
143.59000
195.47000
141.77000
149.74000
106.60000
183.94000
193.17000
153.79000
121.51000
147.94000
168.80000
142.62000
186.52000
181.36000
142.66000
179.65000
188.89000
154.66000
152.77000
179.88000
154.93000
164.86000
151.24000
159.86000
100.03000
185.55000
154.23000
187.71000
178.62000
02.01000
04.04000
03.42000
03.81000
03.14000
04.60000
02.78000
02.18000
02.64000
02.89000
02.70000
01.04000
04.49000
01.39000
02.07000
02.53000
01.95000
01.39000
04.06000
02.60000
03.63000
05.00000
02.17000
01.01000
03.42000
01.14000
02.22000
03.35000
02.54000
03.54000
04.33000
02.99000
03.52000
04.76000
04.93000
03.25000
04.23000
04.87000
01.07000
01.55000
03.05000
01.26000
01.72000
04.32000
03.54000
03.88000
02.91000
03.28000
04.03000
02.58000
03.89000
01.94000
04.17000
02.05000
04.21000
01.61000
02.93000
03.75000
01.76000
03.45000
04.59000
03.99000
02.72000
02.39000
04.75000
03.87000
03.58000
01.22000
04.30000
03.31000
03.12000
02.21000
01.87000
03.57000
04.73000
03.52000
04.89000
03.34000
02.79000
02.89000
02.10000
01.09000
02.61000
01.37000
02.22000
02.06000
03.82000
03.87000
03.28000
02.29000
02.35000
01.08000
02.62000
02.64000
04.45000
03.52000
02.90000
02.78000
04.68000
03.51000
02.08000
03.19000
03.91000
01.19000
03.44000
01.89000
04.52000
04.49000
04.83000
04.90000
03.05000
03.25000
04.03000
01.11000
04.14000
04.88000
03.21000
02.30000
01.46000
03.83000
01.45000
01.09000
03.02000
02.35000
03.18000
04.90000
01.11000
04.52000
04.09000
01.95000
02.38000
02.24000
01.22000
03.29000
01.75000
01.21000
02.92000
04.78000
04.47000
02.93000
03.99000
03.51000
04.34000
03.11000
04.00000
02.63000
01.67000
03.26000
04.87000
01.83000
04.90000
02.33000
04.76000
04.27000
04.09000
04.16000
01.12000
01.93000
03.61000
04.39000
04.75000
01.61000
04.14000
04.46000
01.72000
02.92000
04.69000
01.64000
03.46000
04.28000
04.57000
03.00000
04.66000
04.91000
01.39000
04.00000
04.49000
03.49000
03.72000
04.09000
03.26000
03.53000
03.22000
03.04000
04.80000
01.78000
01.21000
04.24000
01.64000
04.76000
04.14000
04.89000
01.61000
03.85000
04.74000
02.00000
01.88000
01.22000
04.08000
02.39000
02.92000
03.84000
01.53000
04.72000
02.49000
01.51000
04.78000
01.42000
01.70000
04.83000
04.14000
01.80000
02.75000
04.10000
04.82000
02.44000
03.51000
03.36000
03.35000
03.13000
02.21000
02.20000
02.22000
04.64000
01.74000
02.55000
04.25000
01.53000
04.32000
03.12000
02.54000
04.20000
01.48000
01.47000
02.56000
04.85000
04.06000
03.95000
04.03000
03.50000
04.21000
03.74000
03.02000
01.96000
01.41000
5
12
14
8
28
21
5
5
29
35
25
23
5
11
20
30
26
33
5
9
17
22
27
32
5
6
19
16
24
13
5
18
34
7
3
1
5
15
2
10
4
31
613.38560
