50
4
94.26000
82.61000
23.71000
82.93000
18.81000
24.57000
84.59000
23.94000
52.83000
24.18000
77.05000
92.20000
38.54000
22.65000
41.31000
30.94000
16.14000
60.21000
17.57000
78.36000
25.87000
78.06000
46.07000
76.70000
8.94000
17.44000
68.02000
66.17000
5.57000
17.56000
24.63000
86.99000
55.98000
19.63000
55.14000
80.37000
2.38000
63.88000
1.75000
86.54000
83.00000
91.52000
3.68000
46.72000
41.06000
43.78000
2.16000
1.12000
15.76000
59.88000
76.94000
97.49000
79.51000
26.32000
41.82000
82.92000
9.11000
27.91000
51.39000
42.66000
65.39000
36.29000
71.61000
41.67000
16.31000
17.42000
68.47000
45.93000
25.84000
36.29000
7.92000
21.40000
59.95000
58.86000
53.93000
33.05000
84.61000
51.09000
73.48000
46.85000
65.79000
77.96000
32.54000
28.77000
68.46000
6.43000
95.06000
43.79000
58.58000
99.47000
29.02000
57.86000
2.13000
26.06000
97.40000
36.95000
63.07000
49.16000
68.15000
46.04000
53.08000
79.61000
71.76000
59.57000
86.96000
63.31000
10.90000
15.44000
77.55000
63.29000
50.62000
81.94000
15.57000
70.25000
82.62000
51.79000
89.74000
74.91000
97.64000
14.70000
92.78000
67.99000
86.38000
60.39000
15.40000
40.22000
39.57000
80.58000
46.33000
81.31000
46.92000
65.99000
77.29000
82.97000
99.15000
7.34000
98.98000
35.94000
87.99000
93.35000
3.14000
29.92000
4.15000
17.73000
77.48000
55.63000
36.35000
68.21000
15.72000
4.80000
85.80000
86.38000
15.86000
45.42000
75.53000
82.45000
68.73000
13.75000
22.16000
76.41000
86.24000
37.22000
40.17000
83.74000
83.86000
32.28000
46.02000
20.90000
77.06000
14.41000
55.18000
2.37000
81.30000
98.08000
83.12000
43.61000
13.06000
1.76000
46.30000
61.09000
85.79000
37.91000
59.21000
70.28000
17.99000
24.00000
38.30000
86.65000
23.10000
74.51000
98.05000
26.66000
17.60000
6.90000
55.92000
4.79000
16.96000
34.64000
26.39000
36.51000
01.92000
02.16000
02.18000
03.95000
02.73000
01.11000
02.97000
03.52000
03.27000
02.07000
01.04000
04.66000
02.67000
04.17000
03.54000
02.50000
04.05000
02.53000
01.58000
04.16000
02.53000
04.28000
02.29000
04.78000
01.25000
04.54000
04.80000
03.47000
03.32000
02.44000
04.22000
03.36000
03.88000
01.10000
03.68000
03.57000
02.04000
03.65000
02.32000
03.24000
04.93000
01.22000
03.25000
01.48000
03.68000
04.92000
01.60000
01.42000
01.41000
01.88000
02.55000
01.46000
03.60000
02.57000
03.78000
02.45000
01.61000
02.11000
04.60000
03.56000
01.27000
01.82000
01.13000
04.91000
02.69000
01.83000
01.48000
02.62000
02.01000
02.27000
01.80000
04.82000
03.36000
03.26000
02.20000
03.63000
02.84000
04.93000
02.81000
03.18000
04.60000
03.40000
03.75000
03.60000
04.75000
02.80000
01.14000
01.01000
03.43000
03.25000
03.12000
03.53000
04.75000
04.87000
01.81000
03.29000
04.84000
03.80000
01.33000
04.41000
01.19000
02.58000
03.20000
01.40000
01.87000
01.59000
03.86000
04.29000
04.80000
03.64000
01.34000
02.77000
03.11000
01.83000
04.75000
01.96000
01.91000
01.31000
03.22000
03.00000
02.33000
03.18000
01.87000
03.00000
01.49000
04.59000
01.83000
03.09000
04.53000
02.65000
04.23000
04.40000
04.57000
02.49000
02.19000
04.05000
02.73000
01.23000
04.83000
03.16000
04.14000
03.99000
01.28000
02.87000
01.92000
03.92000
04.67000
04.29000
01.19000
02.12000
03.98000
01.34000
02.88000
01.86000
04.33000
03.17000
04.08000
03.55000
02.90000
02.25000
02.56000
03.56000
01.82000
04.72000
04.45000
04.01000
03.21000
04.69000
03.87000
03.02000
01.20000
04.28000
02.96000
02.73000
01.92000
01.64000
03.83000
01.26000
03.48000
02.87000
04.62000
04.73000
04.02000
02.11000
03.44000
03.27000
01.65000
01.47000
02.42000
03.00000
02.51000
03.10000
03.69000
02.04000
04.72000
01.10000
01.37000
02.53000
02.40000
01.61000
15
6
23
10
45
30
5
31
14
17
26
29
47
37
48
39
12
12
24
19
4
16
33
34
15
7
21
36
43
10
1
11
2
38
49
25
13
20
50
41
13
40
42
32
9
3
35
46
18
8
44
27
28
22
300.19090
