50
10
125.53000
146.53000
154.63000
172.08000
195.48000
172.30000
102.44000
164.82000
168.91000
131.33000
177.36000
167.57000
149.33000
133.38000
195.41000
102.61000
165.25000
113.22000
197.59000
117.19000
170.19000
130.61000
149.92000
183.59000
142.67000
170.33000
143.42000
199.07000
186.20000
142.13000
194.10000
185.88000
129.29000
180.78000
142.99000
191.31000
125.47000
146.05000
156.09000
187.62000
153.24000
122.70000
124.42000
172.06000
116.13000
120.51000
163.99000
166.91000
142.65000
174.22000
162.12000
155.71000
174.50000
181.45000
108.33000
144.85000
152.70000
104.57000
148.29000
195.82000
137.34000
180.35000
113.65000
196.49000
172.58000
109.15000
161.05000
159.78000
127.55000
116.38000
172.13000
123.55000
196.39000
152.43000
153.52000
150.71000
198.25000
192.68000
136.88000
129.15000
177.26000
137.52000
178.83000
171.75000
102.57000
112.35000
161.03000
116.41000
168.31000
167.56000
190.10000
126.02000
193.63000
178.54000
197.70000
188.46000
122.67000
145.68000
140.46000
116.64000
152.51000
135.71000
118.37000
129.53000
117.80000
153.02000
152.78000
133.98000
189.39000
189.24000
107.75000
174.72000
152.06000
135.38000
180.55000
155.26000
115.56000
107.45000
193.45000
104.11000
114.66000
146.47000
193.70000
174.80000
109.13000
118.46000
153.58000
145.84000
183.73000
114.42000
170.34000
120.74000
148.23000
150.39000
166.27000
128.02000
137.40000
167.36000
188.62000
121.19000
110.99000
131.36000
109.65000
178.78000
153.78000
133.41000
126.64000
104.29000
175.54000
189.51000
165.57000
182.16000
147.90000
186.40000
197.89000
173.36000
133.55000
193.08000
149.46000
197.18000
166.76000
188.83000
183.16000
172.77000
122.93000
105.29000
186.89000
144.26000
102.44000
199.10000
173.54000
180.80000
130.69000
151.90000
180.99000
176.52000
158.07000
170.33000
172.14000
150.57000
159.97000
186.03000
134.88000
147.09000
136.77000
155.65000
182.10000
135.21000
113.87000
160.82000
151.68000
109.08000
141.67000
108.18000
106.53000
187.84000
195.54000
129.37000
134.53000
115.63000
128.90000
188.60000
175.88000
165.55000
122.36000
127.57000
130.50000
125.10000
151.52000
122.65000
175.70000
148.77000
182.39000
146.10000
190.00000
121.32000
105.99000
195.19000
176.91000
152.52000
138.34000
192.19000
164.95000
177.14000
120.45000
184.36000
107.64000
154.93000
118.34000
143.97000
183.48000
170.67000
123.02000
168.28000
196.00000
134.12000
150.52000
179.57000
173.72000
180.05000
141.83000
125.08000
170.14000
168.22000
162.99000
177.10000
163.78000
183.40000
105.00000
132.88000
161.35000
192.25000
137.76000
133.70000
125.32000
106.43000
183.43000
164.39000
173.09000
188.10000
106.84000
134.63000
198.79000
187.64000
114.62000
107.33000
121.57000
180.45000
138.43000
170.36000
185.57000
166.93000
134.90000
136.62000
159.92000
172.45000
185.67000
144.00000
138.77000
147.41000
197.39000
155.39000
141.27000
167.20000
101.69000
158.68000
111.54000
132.21000
155.22000
166.76000
118.73000
167.83000
139.61000
117.52000
156.98000
124.46000
161.51000
173.85000
145.43000
177.48000
165.18000
185.72000
135.47000
199.12000
146.60000
184.64000
133.37000
127.86000
144.67000
153.44000
193.44000
175.11000
106.67000
145.64000
175.43000
106.88000
104.85000
139.75000
164.12000
114.20000
136.49000
139.28000
169.27000
113.08000
123.84000
172.76000
125.65000
144.53000
114.19000
193.69000
193.02000
174.58000
179.78000
180.60000
156.15000
194.22000
117.88000
136.99000
124.80000
119.49000
150.77000
191.39000
133.74000
191.40000
125.71000
197.31000
142.74000
175.96000
114.95000
133.26000
156.27000
122.98000
131.57000
106.63000
140.00000
154.89000
194.90000
138.11000
136.14000
178.22000
180.20000
198.70000
170.08000
174.60000
125.37000
182.53000
192.21000
150.67000
193.30000
108.75000
177.92000
138.08000
171.89000
121.50000
127.60000
193.46000
174.01000
189.92000
166.64000
198.45000
137.57000
108.16000
145.43000
159.71000
125.45000
195.34000
139.37000
108.86000
125.54000
195.62000
148.84000
102.55000
150.73000
178.13000
199.23000
122.41000
138.92000
137.01000
140.94000
175.10000
135.21000
172.49000
196.99000
192.30000
147.58000
134.13000
106.95000
131.26000
134.12000
180.98000
177.21000
194.69000
123.36000
147.81000
148.80000
129.85000
168.81000
194.38000
187.73000
109.02000
148.97000
105.46000
185.01000
129.45000
167.38000
190.81000
156.67000
113.41000
152.54000
185.20000
143.71000
108.17000
157.97000
148.39000
112.16000
185.99000
162.18000
165.16000
153.02000
144.14000
168.70000
145.26000
182.32000
104.89000
106.03000
123.46000
141.07000
115.49000
127.70000
159.53000
127.58000
195.81000
140.35000
176.08000
168.01000
120.29000
190.30000
127.71000
138.52000
174.16000
145.53000
162.05000
195.76000
170.33000
175.18000
104.51000
121.36000
146.68000
173.40000
105.47000
121.97000
166.10000
159.31000
140.33000
129.22000
116.49000
177.07000
109.47000
199.77000
110.72000
195.81000
138.28000
115.24000
186.71000
109.67000
177.15000
182.28000
107.32000
137.80000
101.49000
132.53000
160.47000
124.33000
111.66000
122.63000
159.03000
138.40000
133.08000
134.21000
140.89000
01.31000
02.26000
03.15000
01.55000
02.14000
03.45000
01.76000
03.83000
04.80000
02.90000
03.36000
03.16000
04.87000
03.44000
02.05000
04.87000
02.93000
04.90000
04.88000
03.28000
04.56000
04.09000
03.95000
01.72000
04.34000
02.86000
04.33000
04.52000
01.84000
04.03000
04.09000
01.02000
01.64000
03.43000
02.32000
01.53000
01.32000
01.88000
03.10000
01.38000
03.46000
01.22000
03.50000
04.91000
03.63000
04.27000
01.60000
01.43000
02.42000
02.86000
02.59000
04.59000
01.08000
02.75000
04.05000
04.46000
02.82000
04.67000
02.51000
01.16000
04.04000
04.52000
02.17000
04.14000
03.44000
02.25000
04.24000
03.87000
04.73000
02.83000
02.91000
03.78000
04.60000
04.19000
01.40000
04.34000
04.75000
01.30000
03.90000
02.99000
03.90000
02.11000
03.62000
02.20000
01.74000
03.58000
02.76000
01.40000
02.98000
03.64000
04.52000
01.07000
01.32000
01.27000
01.12000
02.64000
03.47000
04.40000
01.74000
04.58000
03.83000
02.90000
03.66000
02.91000
03.03000
03.92000
03.70000
04.59000
03.73000
04.92000
03.51000
04.18000
03.74000
02.98000
03.43000
01.24000
01.91000
04.18000
04.80000
04.35000
02.05000
03.59000
01.93000
03.09000
05.00000
01.30000
02.15000
04.03000
04.58000
02.38000
01.80000
02.77000
03.63000
04.92000
02.20000
03.87000
01.96000
03.98000
01.68000
04.91000
04.42000
03.64000
03.56000
04.47000
04.82000
05.00000
04.18000
02.13000
01.99000
02.11000
04.04000
01.48000
03.79000
02.38000
03.48000
02.42000
02.95000
01.58000
04.86000
03.69000
04.66000
02.35000
04.63000
03.00000
03.86000
04.88000
04.25000
03.05000
04.51000
02.37000
02.17000
03.54000
03.56000
01.04000
01.84000
01.18000
02.97000
04.08000
03.72000
01.68000
01.68000
03.70000
01.26000
03.72000
03.66000
01.10000
04.91000
03.03000
01.85000
02.49000
02.12000
04.29000
02.20000
03.06000
01.36000
01.22000
03.68000
03.02000
04.07000
04.51000
01.44000
03.16000
02.45000
02.60000
04.08000
01.39000
04.87000
03.48000
04.68000
03.14000
02.67000
02.93000
03.32000
03.74000
02.42000
02.76000
01.08000
03.51000
03.72000
01.80000
04.05000
03.78000
03.12000
03.88000
03.29000
02.88000
02.22000
01.83000
02.89000
04.13000
03.60000
01.48000
03.93000
03.87000
02.82000
01.65000
04.48000
03.43000
04.46000
02.17000
03.62000
01.13000
02.11000
03.88000
01.43000
04.30000
02.35000
04.59000
02.98000
01.26000
03.55000
01.73000
02.17000
02.82000
04.51000
02.22000
01.44000
03.45000
03.65000
02.86000
03.64000
03.59000
01.70000
01.61000
03.96000
03.68000
04.34000
01.41000
02.60000
01.19000
02.29000
02.23000
04.78000
02.55000
03.25000
01.00000
04.69000
03.23000
03.92000
03.70000
01.54000
03.68000
02.00000
01.27000
03.53000
01.35000
04.19000
01.66000
03.86000
02.70000
02.21000
01.82000
04.74000
03.18000
04.75000
03.72000
01.36000
03.23000
01.51000
02.30000
02.13000
02.62000
03.75000
03.59000
02.02000
02.48000
02.78000
02.99000
02.17000
04.19000
04.61000
02.42000
04.89000
01.35000
02.06000
01.96000
01.51000
04.53000
04.95000
02.68000
04.38000
01.31000
04.12000
02.66000
02.81000
04.26000
03.39000
04.98000
03.12000
02.98000
03.59000
01.72000
04.66000
04.02000
02.55000
01.96000
03.75000
02.97000
03.10000
03.78000
01.71000
04.42000
01.06000
02.25000
04.88000
01.93000
01.26000
01.45000
04.58000
02.09000
03.56000
04.14000
04.96000
01.32000
04.45000
01.82000
02.43000
03.18000
04.11000
04.77000
01.51000
01.78000
03.48000
03.21000
01.66000
01.85000
04.51000
04.33000
03.32000
01.08000
02.17000
04.35000
03.96000
02.18000
04.40000
04.46000
02.02000
04.85000
04.15000
02.86000
04.96000
01.79000
03.39000
02.76000
01.23000
02.71000
01.06000
04.37000
04.28000
02.31000
01.11000
04.88000
04.58000
04.28000
04.51000
02.50000
01.56000
01.35000
01.20000
04.43000
02.29000
01.10000
04.83000
03.71000
03.28000
03.24000
01.23000
01.69000
01.62000
01.40000
04.65000
02.99000
01.88000
03.42000
02.16000
01.93000
01.65000
02.11000
01.83000
01.84000
03.50000
03.32000
04.76000
03.05000
03.02000
01.86000
01.01000
02.89000
04.77000
01.57000
01.66000
03.67000
02.34000
03.27000
02.79000
04.75000
02.31000
04.80000
01.49000
02.43000
04.25000
04.97000
03.82000
02.05000
04.74000
03.62000
04.87000
01.94000
01.36000
01.58000
02.04000
01.39000
02.10000
04.64000
03.44000
04.27000
02.49000
02.38000
01.48000
03.87000
02.49000
02.45000
01.37000
02.65000
01.81000
01.80000
01.30000
04.05000
01.15000
02.37000
04.48000
04.54000
02.22000
03.13000
03.11000
01.56000
03.72000
04.03000
02.40000
01.57000
01.35000
02.01000
04.55000
04.01000
03.81000
03.04000
04.76000
01.36000
04.82000
02.06000
03.23000
03.05000
03.06000
03.03000
01.18000
03.54000
02.25000
02.90000
04.79000
02.28000
5
42
33
7
43
18
5
35
9
36
5
8
5
26
21
48
14
41
5
45
39
34
50
19
5
17
1
27
10
25
5
6
12
11
15
37
5
47
16
29
49
13
5
20
4
24
2
3
5
31
44
46
22
32
5
38
23
30
40
28
613.54740
