50
4
165.56000
197.01000
174.83000
108.24000
145.53000
124.05000
120.23000
199.55000
166.53000
114.79000
176.99000
174.86000
169.20000
109.85000
185.73000
174.82000
194.16000
149.85000
187.06000
140.03000
182.03000
175.43000
121.63000
111.12000
173.44000
127.20000
130.05000
128.73000
109.02000
145.79000
152.94000
133.46000
129.39000
171.83000
130.94000
165.96000
175.17000
145.94000
104.67000
166.84000
187.00000
108.74000
114.74000
176.73000
105.48000
100.87000
101.80000
136.25000
171.26000
162.94000
128.66000
160.25000
199.74000
130.19000
186.22000
104.00000
171.28000
177.37000
163.13000
171.01000
194.99000
130.62000
125.04000
126.91000
136.49000
155.58000
137.55000
137.33000
161.42000
117.87000
166.30000
167.90000
135.40000
183.11000
176.91000
184.23000
124.05000
116.94000
135.01000
151.95000
193.00000
184.96000
106.22000
136.69000
107.87000
152.82000
156.16000
104.06000
134.29000
186.13000
150.46000
119.71000
137.88000
150.52000
154.75000
149.25000
184.27000
111.61000
134.64000
158.30000
107.16000
128.32000
136.19000
178.30000
166.20000
125.55000
146.03000
131.40000
149.49000
182.18000
175.42000
189.22000
147.65000
188.84000
114.99000
142.37000
151.29000
136.15000
155.37000
181.49000
151.06000
114.73000
187.18000
197.19000
137.57000
115.21000
101.05000
180.10000
101.45000
128.21000
187.59000
120.85000
133.32000
144.36000
137.44000
110.07000
123.81000
154.29000
141.23000
138.37000
163.54000
148.62000
189.56000
196.38000
143.14000
117.97000
173.08000
174.73000
153.23000
152.97000
159.73000
181.47000
124.32000
115.87000
160.26000
188.21000
106.99000
150.45000
128.98000
179.54000
115.67000
177.44000
181.51000
171.09000
165.96000
112.46000
133.48000
178.49000
173.51000
171.14000
100.52000
117.36000
153.94000
169.10000
198.24000
103.32000
122.87000
121.97000
142.27000
152.00000
195.92000
145.37000
148.25000
179.03000
188.72000
154.93000
131.79000
100.02000
116.90000
166.27000
108.51000
130.61000
196.08000
195.01000
194.05000
186.42000
141.89000
156.79000
104.03000
183.08000
09.12000
09.41000
07.83000
05.49000
07.64000
06.19000
07.16000
08.25000
06.26000
09.66000
06.04000
09.65000
08.88000
08.73000
08.37000
08.62000
09.40000
07.31000
08.07000
09.04000
06.74000
09.30000
09.02000
09.83000
09.79000
08.62000
05.15000
09.90000
07.47000
09.16000
05.36000
08.14000
08.69000
09.83000
08.56000
08.47000
07.34000
09.55000
08.64000
09.79000
07.33000
07.21000
09.52000
06.02000
07.57000
06.72000
05.10000
06.04000
06.97000
06.99000
07.17000
07.54000
07.43000
06.88000
08.19000
08.45000
06.98000
07.90000
07.57000
07.12000
09.96000
09.26000
05.44000
08.70000
06.52000
06.11000
06.97000
08.36000
06.81000
08.61000
07.31000
06.25000
06.00000
06.92000
06.63000
07.52000
09.23000
06.19000
05.07000
07.33000
06.67000
06.58000
07.80000
05.84000
08.48000
08.25000
09.97000
08.21000
09.80000
06.35000
06.73000
09.58000
05.79000
06.04000
08.25000
05.12000
06.62000
07.47000
09.67000
09.98000
09.28000
07.10000
08.23000
08.06000
07.35000
09.75000
09.31000
07.96000
08.03000
09.74000
08.70000
08.40000
07.73000
08.48000
07.81000
05.78000
07.86000
07.37000
08.05000
06.53000
09.82000
07.82000
05.83000
07.03000
05.01000
06.23000
07.55000
08.71000
09.86000
09.02000
09.61000
07.96000
05.75000
07.58000
08.44000
06.19000
09.10000
08.33000
05.42000
09.80000
06.31000
07.67000
06.97000
05.21000
08.80000
07.00000
09.49000
08.82000
07.96000
07.73000
07.63000
08.27000
07.69000
09.27000
09.87000
07.39000
08.23000
09.83000
08.12000
05.06000
06.12000
07.79000
05.06000
08.96000
09.02000
05.79000
08.33000
06.73000
09.57000
06.49000
05.59000
06.02000
05.45000
07.54000
09.49000
09.50000
09.30000
06.61000
07.70000
09.83000
08.78000
06.36000
07.87000
09.65000
06.55000
09.42000
07.65000
06.63000
05.26000
08.48000
09.71000
08.42000
07.58000
06.17000
06.69000
07.67000
06.14000
05.15000
06.26000
07.05000
13
31
27
48
47
6
4
5
46
42
45
14
43
24
12
40
44
19
34
13
17
28
12
33
20
35
38
12
25
50
18
2
36
8
32
15
30
37
1
29
13
10
23
39
22
16
11
21
49
3
9
7
41
26
2290.56900
