50
7
4.73000
56.09000
11.13000
1.48000
11.51000
34.59000
25.37000
41.37000
1.15000
95.80000
43.62000
56.15000
72.01000
77.05000
96.95000
57.18000
27.02000
2.86000
94.24000
20.25000
17.13000
35.40000
69.67000
34.04000
95.87000
29.04000
34.21000
52.70000
70.78000
74.78000
25.14000
44.26000
47.98000
54.84000
56.52000
40.20000
85.62000
88.07000
69.71000
85.91000
45.39000
84.51000
81.87000
92.20000
38.05000
91.88000
37.47000
82.80000
76.89000
48.06000
19.13000
81.22000
18.31000
4.95000
41.42000
72.44000
53.58000
36.73000
73.36000
56.27000
41.33000
31.24000
10.29000
53.75000
63.31000
90.70000
58.47000
87.45000
91.42000
96.16000
91.60000
32.99000
37.27000
53.94000
96.28000
64.54000
98.60000
46.18000
23.55000
11.32000
16.85000
82.31000
36.36000
1.08000
17.61000
49.53000
64.08000
14.64000
68.17000
59.38000
50.01000
34.36000
25.96000
2.18000
99.87000
93.63000
84.11000
91.53000
36.30000
29.40000
76.71000
53.40000
38.36000
35.54000
27.43000
53.14000
14.59000
49.27000
55.69000
51.41000
98.39000
39.95000
11.57000
39.45000
35.44000
36.71000
68.47000
22.45000
67.98000
57.89000
79.58000
68.99000
93.28000
61.47000
23.39000
63.59000
10.16000
93.63000
53.18000
53.19000
65.51000
41.19000
51.55000
98.64000
12.73000
77.17000
75.86000
27.24000
52.30000
17.24000
11.80000
76.18000
89.22000
62.26000
18.83000
51.09000
79.55000
55.75000
84.74000
68.51000
95.40000
41.97000
65.45000
57.53000
75.70000
55.78000
47.85000
6.98000
76.20000
47.05000
73.36000
86.13000
34.80000
36.04000
31.12000
62.34000
27.04000
69.29000
22.20000
1.48000
18.66000
71.17000
13.13000
20.49000
14.04000
91.30000
83.30000
39.85000
6.77000
57.14000
78.58000
31.10000
29.09000
21.43000
56.72000
66.29000
3.40000
13.69000
39.91000
70.57000
88.81000
89.76000
64.27000
69.59000
37.55000
84.27000
31.32000
41.07000
36.58000
56.15000
74.45000
59.84000
67.03000
4.60000
47.85000
32.42000
91.91000
61.52000
45.34000
15.64000
99.37000
63.79000
2.87000
92.79000
81.83000
95.48000
6.43000
88.82000
57.99000
56.58000
44.57000
15.88000
23.37000
9.47000
57.88000
23.76000
98.75000
30.51000
87.48000
53.44000
84.75000
61.43000
27.58000
84.57000
6.25000
57.91000
70.90000
85.98000
62.94000
39.05000
65.21000
65.15000
84.82000
37.86000
57.85000
18.76000
76.67000
51.77000
48.17000
81.12000
14.80000
70.14000
30.37000
91.96000
42.95000
42.19000
22.12000
63.51000
55.86000
51.18000
70.62000
28.96000
71.06000
54.73000
8.57000
51.88000
70.53000
61.48000
4.33000
24.13000
50.15000
81.63000
17.45000
12.36000
69.25000
77.43000
46.14000
10.55000
3.06000
12.68000
77.78000
88.43000
87.22000
1.21000
39.42000
45.07000
76.33000
59.41000
45.30000
52.31000
85.38000
56.72000
50.31000
11.30000
45.29000
62.11000
97.51000
96.97000
49.41000
96.62000
93.55000
45.84000
83.58000
61.53000
81.55000
80.35000
98.17000
86.94000
22.02000
17.33000
69.74000
72.91000
72.88000
69.24000
76.57000
96.54000
71.87000
16.96000
49.96000
75.60000
81.00000
51.28000
21.77000
16.04000
40.08000
30.42000
74.90000
61.47000
14.24000
24.53000
95.80000
47.69000
45.38000
68.16000
21.97000
47.16000
3.70000
11.80000
89.45000
22.51000
33.23000
66.35000
90.33000
74.04000
7.24000
60.66000
16.25000
93.23000
72.85000
84.96000
03.49000
03.21000
03.61000
04.20000
02.59000
01.57000
04.84000
01.90000
03.34000
04.97000
04.15000
04.71000
03.80000
03.12000
03.77000
01.24000
01.87000
03.06000
04.74000
04.45000
01.25000
03.12000
04.93000
01.56000
01.45000
02.96000
05.00000
04.15000
03.79000
01.55000
02.43000
02.08000
01.42000
03.16000
01.53000
01.55000
01.28000
03.38000
03.39000
03.05000
02.15000
03.13000
03.93000
03.38000
04.59000
02.62000
03.90000
01.69000
05.00000
03.38000
02.98000
03.96000
01.12000
04.53000
03.63000
02.82000
03.48000
03.51000
03.17000
02.15000
02.65000
01.58000
04.29000
01.38000
02.75000
04.33000
03.98000
03.79000
01.16000
04.19000
03.57000
02.44000
02.60000
02.39000
02.66000
02.23000
01.11000
02.97000
01.20000
01.86000
02.03000
02.81000
01.44000
03.84000
04.00000
01.55000
01.93000
04.50000
01.00000
03.69000
03.54000
03.98000
04.31000
04.52000
03.47000
04.22000
04.52000
04.15000
01.22000
02.99000
04.11000
02.47000
01.14000
04.61000
04.23000
02.72000
03.70000
04.45000
03.52000
03.22000
04.78000
02.15000
02.14000
03.02000
01.21000
04.18000
01.07000
03.49000
01.63000
02.30000
04.12000
02.33000
04.50000
03.62000
03.89000
03.52000
04.06000
04.54000
03.80000
03.38000
04.40000
04.78000
04.08000
04.53000
01.42000
01.36000
03.78000
01.91000
04.80000
02.63000
02.76000
04.77000
04.06000
02.25000
03.68000
02.66000
02.54000
01.17000
02.02000
03.46000
03.87000
01.12000
04.90000
01.05000
01.58000
01.47000
04.13000
04.73000
01.90000
01.11000
02.21000
04.25000
02.36000
03.60000
02.55000
01.82000
03.81000
01.27000
02.92000
03.43000
04.39000
01.32000
01.37000
04.93000
01.58000
03.71000
02.27000
01.95000
02.15000
03.25000
02.32000
03.94000
04.21000
03.54000
04.51000
04.16000
03.14000
03.00000
04.14000
01.70000
01.67000
04.86000
02.85000
03.43000
03.82000
03.17000
02.57000
02.07000
04.95000
04.79000
01.63000
03.39000
01.14000
04.42000
02.71000
04.91000
04.02000
03.50000
02.45000
02.19000
01.57000
01.26000
02.58000
03.16000
04.72000
01.52000
02.71000
03.02000
01.19000
02.40000
02.20000
02.31000
01.54000
02.33000
02.26000
04.86000
01.11000
02.07000
03.91000
03.83000
02.08000
02.67000
01.98000
03.69000
03.43000
03.51000
03.09000
02.21000
02.95000
04.27000
03.71000
04.49000
03.26000
02.95000
04.09000
04.93000
01.77000
01.86000
02.32000
01.25000
02.79000
03.01000
02.42000
03.42000
04.17000
02.14000
04.49000
04.64000
01.45000
02.35000
04.74000
03.16000
02.52000
02.79000
01.45000
01.28000
03.56000
04.40000
04.22000
02.10000
03.07000
03.94000
03.95000
03.55000
03.85000
04.01000
02.85000
04.35000
03.04000
02.97000
04.46000
02.06000
02.06000
01.04000
03.62000
03.02000
04.67000
02.22000
04.47000
04.42000
02.92000
04.35000
02.50000
04.22000
03.19000
01.06000
02.47000
03.23000
04.17000
03.81000
03.69000
02.80000
04.50000
02.35000
04.23000
04.28000
04.34000
03.21000
01.09000
03.64000
02.97000
01.92000
01.13000
01.14000
04.88000
03.12000
02.03000
01.32000
04.41000
02.79000
02.26000
03.08000
03.69000
02.20000
03.11000
01.58000
02.68000
01.95000
02.70000
02.33000
01.13000
03.94000
01.95000
03.14000
04.64000
01.39000
02.59000
04.14000
02.57000
04.82000
01.15000
01.75000
02.14000
04.08000
03.01000
02.73000
02.36000
02.32000
04.33000
02.13000
9
36
21
11
5
3
1
18
4
9
6
50
42
31
43
44
34
6
14
35
16
41
7
27
7
48
25
32
49
8
37
20
8
33
10
22
6
24
46
17
13
8
39
12
15
23
30
28
19
29
6
26
2
47
40
38
45
140.99300
