50
4
35.22000
64.18000
53.34000
96.90000
80.25000
26.46000
46.75000
93.02000
7.36000
66.49000
41.35000
38.52000
54.75000
26.50000
77.35000
72.59000
64.67000
45.70000
95.97000
37.47000
77.31000
65.30000
38.44000
72.36000
33.90000
26.54000
43.96000
19.50000
73.66000
68.63000
53.76000
18.09000
38.81000
33.78000
9.06000
9.36000
68.56000
61.22000
49.08000
33.53000
5.14000
92.17000
16.03000
31.80000
86.76000
67.84000
49.13000
44.42000
56.65000
28.45000
28.45000
98.92000
98.84000
84.16000
13.35000
93.93000
39.96000
12.57000
75.43000
46.23000
41.24000
29.76000
81.65000
20.79000
68.64000
2.69000
96.98000
82.59000
88.15000
95.34000
87.39000
98.58000
65.71000
75.67000
18.86000
34.73000
66.31000
8.65000
55.34000
55.03000
55.92000
58.25000
63.80000
26.42000
99.49000
91.43000
10.23000
13.90000
64.01000
74.18000
58.58000
82.41000
14.43000
71.45000
75.82000
98.93000
15.73000
49.22000
27.92000
29.43000
2.01000
13.70000
99.01000
68.30000
42.87000
9.41000
67.55000
83.36000
35.79000
66.24000
33.03000
55.90000
70.50000
75.92000
85.16000
75.64000
38.72000
29.16000
16.65000
34.31000
30.17000
15.68000
16.23000
21.62000
35.56000
26.21000
74.62000
28.29000
45.62000
51.45000
83.53000
45.04000
51.06000
82.13000
33.68000
62.58000
42.61000
9.97000
14.80000
71.64000
10.97000
23.69000
17.59000
62.94000
45.88000
14.99000
32.79000
27.19000
39.04000
73.62000
25.47000
71.95000
29.25000
71.65000
3.70000
2.77000
74.50000
3.35000
95.08000
38.22000
42.62000
96.92000
18.06000
94.77000
48.08000
70.82000
85.12000
88.89000
7.35000
39.53000
14.72000
36.05000
34.91000
18.50000
20.34000
50.71000
47.21000
23.22000
18.44000
49.35000
59.73000
69.15000
24.50000
47.43000
87.93000
72.76000
53.97000
60.43000
48.29000
49.51000
23.33000
4.81000
55.28000
14.88000
47.06000
94.04000
25.35000
83.34000
41.61000
46.59000
03.16000
04.60000
04.92000
02.71000
01.87000
01.58000
02.38000
04.10000
03.87000
02.15000
04.70000
04.62000
04.29000
01.41000
03.00000
03.40000
02.25000
02.50000
04.41000
03.57000
04.88000
04.53000
04.05000
04.26000
03.31000
02.64000
01.04000
04.58000
04.65000
03.96000
02.52000
03.67000
04.04000
03.60000
03.60000
04.64000
04.60000
04.68000
03.42000
02.62000
01.45000
02.35000
01.09000
04.75000
01.72000
03.71000
03.74000
02.13000
04.53000
03.90000
03.17000
03.15000
02.25000
03.68000
02.47000
03.48000
03.36000
04.58000
01.43000
01.99000
02.18000
03.72000
04.15000
02.80000
02.84000
01.23000
02.77000
02.04000
01.45000
01.23000
01.40000
03.82000
02.15000
03.84000
04.19000
04.29000
01.05000
01.19000
03.24000
03.56000
02.29000
01.40000
02.69000
01.75000
01.98000
04.61000
02.66000
02.99000
04.26000
02.93000
03.28000
03.42000
01.24000
04.48000
04.67000
03.14000
01.06000
01.40000
02.95000
02.29000
04.03000
03.34000
04.79000
01.37000
04.36000
01.40000
02.39000
01.58000
03.51000
01.05000
01.37000
03.95000
02.59000
03.41000
02.84000
01.59000
02.73000
01.62000
03.93000
03.64000
01.06000
04.79000
01.77000
03.22000
02.70000
02.06000
01.48000
01.45000
04.76000
02.54000
04.19000
03.46000
04.39000
03.36000
03.02000
02.37000
02.71000
01.64000
03.10000
03.31000
04.83000
02.52000
01.55000
03.41000
03.89000
03.11000
03.50000
03.78000
01.01000
04.55000
01.10000
02.02000
01.31000
03.85000
03.33000
04.25000
03.93000
02.48000
04.86000
02.81000
04.90000
02.49000
03.80000
03.81000
02.33000
02.01000
02.27000
01.37000
02.37000
03.15000
02.41000
01.63000
03.13000
04.05000
02.33000
02.70000
02.74000
02.83000
04.16000
02.72000
03.33000
01.62000
02.03000
03.80000
03.01000
02.53000
02.05000
04.08000
03.92000
03.70000
02.37000
01.67000
04.17000
03.25000
01.10000
02.71000
01.90000
03.31000
04.36000
01.31000
11
27
31
40
20
11
50
32
41
35
36
9
13
10
34
47
7
43
49
12
14
28
38
25
37
16
12
4
18
17
26
23
48
24
46
39
2
22
1
14
45
3
15
30
33
21
13
44
29
19
42
8
5
6
314.02030
