50
4
7.86000
44.40000
94.60000
20.64000
69.87000
33.33000
87.20000
50.37000
27.88000
64.43000
94.92000
92.90000
21.10000
78.93000
58.95000
89.42000
89.75000
18.04000
19.53000
80.17000
76.06000
20.98000
16.87000
6.36000
20.24000
28.98000
91.20000
7.22000
61.51000
82.24000
84.72000
23.95000
42.09000
23.00000
37.66000
96.78000
2.20000
89.46000
89.24000
67.93000
81.06000
24.85000
81.68000
76.61000
21.88000
67.38000
55.19000
64.05000
62.88000
59.28000
81.72000
78.10000
89.11000
62.41000
46.19000
40.68000
47.69000
21.04000
15.12000
36.36000
92.73000
45.25000
53.50000
31.09000
91.19000
2.00000
28.29000
89.85000
9.05000
55.26000
4.45000
79.61000
10.26000
72.00000
46.97000
65.33000
60.81000
18.19000
22.79000
12.98000
27.66000
57.80000
95.90000
86.53000
74.77000
57.79000
34.27000
53.95000
69.13000
83.13000
1.85000
79.21000
75.68000
99.80000
63.62000
29.28000
60.42000
73.76000
86.56000
68.12000
9.08000
53.14000
46.40000
12.69000
88.76000
78.79000
97.87000
27.52000
60.18000
55.73000
85.93000
88.00000
13.07000
73.68000
1.31000
85.86000
37.13000
24.37000
32.74000
11.81000
24.10000
96.52000
71.92000
54.58000
63.68000
82.84000
10.58000
6.88000
47.60000
73.05000
37.44000
57.43000
65.57000
57.86000
44.21000
97.95000
9.32000
28.01000
21.62000
20.15000
67.56000
73.21000
59.37000
12.77000
33.02000
85.17000
49.20000
66.51000
94.40000
54.62000
94.66000
92.24000
68.80000
40.83000
51.11000
20.22000
93.03000
94.21000
72.74000
54.37000
91.18000
14.01000
76.03000
12.18000
78.72000
13.69000
76.44000
8.10000
71.11000
9.72000
89.44000
57.60000
83.84000
17.57000
31.50000
77.16000
33.36000
52.70000
17.10000
82.24000
34.15000
31.60000
61.69000
88.32000
2.66000
68.71000
81.75000
11.85000
53.38000
80.53000
92.75000
66.31000
3.77000
82.50000
11.15000
69.17000
67.30000
90.11000
50.42000
35.89000
01.79000
01.94000
02.49000
02.15000
04.94000
02.19000
02.55000
01.96000
01.70000
02.34000
01.78000
01.22000
03.18000
01.49000
03.30000
03.05000
04.52000
02.79000
02.24000
02.59000
04.85000
01.35000
01.73000
02.95000
03.28000
04.29000
04.88000
03.26000
02.94000
02.75000
02.83000
02.65000
02.96000
03.84000
02.70000
04.23000
02.46000
02.70000
03.61000
03.14000
04.56000
02.45000
04.69000
02.51000
04.40000
02.21000
01.07000
01.44000
01.09000
01.10000
02.56000
04.15000
02.52000
02.04000
02.84000
02.91000
04.02000
01.78000
03.58000
02.66000
04.04000
02.57000
04.91000
03.52000
02.70000
04.54000
02.94000
01.63000
04.14000
03.81000
01.81000
01.10000
04.46000
04.51000
01.63000
02.05000
03.81000
02.76000
02.54000
04.63000
02.31000
02.68000
04.65000
04.94000
04.07000
04.41000
04.10000
03.11000
01.24000
04.06000
01.00000
03.28000
01.92000
01.77000
03.49000
01.56000
02.24000
01.65000
03.69000
02.07000
03.80000
04.81000
03.05000
01.61000
01.93000
01.74000
01.10000
04.35000
02.18000
01.58000
03.83000
02.56000
01.68000
01.44000
04.38000
01.36000
01.56000
02.46000
03.86000
01.87000
02.92000
01.75000
03.40000
01.23000
02.92000
04.45000
04.12000
04.55000
02.65000
03.67000
03.15000
04.96000
03.26000
04.55000
01.62000
03.59000
01.87000
04.21000
04.65000
01.56000
03.60000
03.77000
01.36000
03.99000
01.58000
04.36000
04.89000
04.02000
04.93000
03.10000
02.37000
03.84000
03.43000
01.13000
01.75000
04.92000
03.09000
03.51000
02.23000
02.14000
02.92000
03.08000
01.93000
01.60000
01.03000
01.97000
02.98000
01.45000
03.55000
02.30000
03.51000
03.80000
04.61000
02.20000
01.63000
02.78000
02.33000
03.80000
03.48000
04.52000
02.84000
01.21000
03.18000
03.13000
04.26000
04.56000
02.85000
04.75000
04.71000
03.98000
04.62000
03.50000
02.33000
01.59000
02.61000
01.51000
03.23000
03.52000
02.95000
04.89000
11
48
2
22
33
42
32
26
25
34
24
37
13
46
5
36
31
8
7
9
30
21
23
19
41
16
13
10
17
3
40
47
4
13
39
44
27
1
28
15
13
11
49
14
50
18
29
12
45
20
6
38
43
35
324.70720
