50
4
126.23000
100.65000
106.38000
196.43000
162.81000
186.64000
188.09000
176.38000
199.81000
195.72000
140.53000
199.72000
177.84000
168.48000
104.32000
107.07000
137.54000
145.57000
120.08000
139.06000
119.53000
167.61000
128.45000
136.30000
164.43000
175.21000
170.05000
139.42000
112.88000
109.01000
185.50000
189.06000
105.49000
109.64000
115.42000
125.83000
182.89000
117.71000
100.45000
190.35000
185.70000
173.85000
181.21000
123.27000
154.56000
118.69000
198.32000
165.19000
130.08000
192.84000
199.28000
155.03000
183.34000
161.00000
116.38000
179.42000
131.61000
156.00000
187.22000
161.45000
166.43000
191.46000
177.42000
166.74000
153.42000
133.00000
152.61000
160.93000
158.20000
146.24000
178.40000
109.63000
146.41000
196.81000
120.44000
178.47000
183.67000
150.33000
144.33000
133.09000
135.60000
172.44000
115.70000
139.09000
167.83000
128.74000
100.19000
162.11000
145.98000
184.88000
163.41000
167.77000
135.68000
106.47000
171.00000
121.69000
102.56000
159.14000
188.57000
189.51000
164.24000
140.37000
185.05000
189.55000
109.19000
113.36000
135.49000
123.10000
187.77000
155.12000
114.86000
170.74000
190.59000
156.28000
113.78000
123.09000
108.27000
107.47000
122.89000
170.77000
131.45000
199.31000
132.80000
104.42000
150.75000
122.42000
134.14000
114.65000
156.79000
167.43000
117.53000
192.10000
140.20000
124.97000
173.61000
127.38000
191.60000
185.65000
192.99000
111.12000
101.62000
140.11000
166.31000
133.95000
160.88000
178.97000
184.18000
186.50000
160.01000
192.86000
166.77000
120.78000
132.43000
123.04000
190.52000
159.33000
130.50000
131.62000
166.83000
166.85000
138.96000
116.98000
111.33000
158.97000
173.41000
194.75000
139.65000
151.30000
149.49000
180.56000
167.40000
159.48000
182.82000
190.02000
110.21000
199.13000
189.03000
138.76000
183.72000
185.87000
183.74000
142.41000
103.54000
135.33000
182.57000
116.59000
185.29000
163.14000
101.15000
176.93000
144.61000
184.91000
155.11000
139.05000
197.12000
116.29000
160.08000
118.58000
158.44000
172.88000
09.81000
08.35000
07.27000
06.12000
08.59000
05.03000
09.90000
09.33000
08.56000
09.50000
08.18000
07.28000
08.63000
05.67000
06.01000
08.89000
07.69000
07.43000
07.28000
08.04000
09.66000
08.71000
05.92000
08.66000
08.44000
08.40000
05.82000
09.65000
07.94000
05.41000
05.90000
09.91000
07.07000
08.64000
05.05000
08.35000
09.72000
07.01000
07.19000
08.87000
09.82000
09.42000
06.22000
05.39000
06.26000
09.78000
06.05000
06.81000
07.95000
06.98000
09.73000
08.67000
07.42000
06.97000
05.57000
06.23000
09.21000
09.57000
09.61000
06.39000
09.27000
07.35000
06.98000
09.32000
07.76000
05.46000
07.86000
05.16000
09.82000
09.07000
07.40000
09.08000
05.62000
08.33000
05.76000
06.22000
05.32000
08.40000
08.08000
06.75000
09.06000
09.43000
09.53000
05.82000
07.01000
06.58000
05.27000
08.59000
09.32000
05.00000
05.44000
05.21000
06.15000
09.86000
05.21000
05.84000
07.65000
06.31000
09.74000
05.64000
09.11000
08.37000
08.67000
08.82000
08.04000
08.40000
07.40000
05.40000
08.18000
09.38000
08.04000
06.12000
05.93000
07.69000
07.00000
07.38000
07.70000
09.75000
05.69000
05.59000
09.90000
06.96000
05.50000
07.15000
08.93000
05.73000
07.85000
08.48000
06.19000
07.46000
09.14000
05.97000
08.11000
08.57000
05.77000
06.04000
06.07000
05.45000
09.17000
05.09000
06.49000
09.52000
05.72000
09.53000
05.77000
07.17000
06.84000
05.76000
05.33000
09.83000
07.07000
05.06000
06.35000
05.25000
09.58000
08.15000
08.33000
08.47000
05.44000
07.15000
05.00000
06.42000
07.33000
09.71000
09.02000
06.75000
07.90000
08.49000
08.05000
07.13000
09.80000
06.14000
09.74000
05.22000
05.69000
05.32000
06.75000
08.66000
08.23000
08.68000
06.73000
05.11000
05.08000
08.89000
07.35000
07.24000
08.88000
08.60000
06.25000
07.69000
07.29000
05.46000
06.09000
09.12000
07.98000
07.13000
09.54000
09.19000
08.60000
06.27000
13
14
35
44
30
15
38
49
33
3
29
39
21
2
12
27
45
42
10
34
43
5
46
37
20
47
22
13
23
8
40
19
26
16
41
24
17
28
6
31
18
12
9
32
11
50
4
1
25
12
36
7
13
48
2262.17700
