50
10
110.23000
140.07000
149.08000
145.49000
186.80000
156.44000
165.23000
178.05000
165.29000
179.50000
156.93000
144.06000
149.19000
119.03000
140.18000
165.79000
167.05000
109.78000
156.01000
190.50000
172.35000
111.52000
170.43000
190.47000
143.63000
109.03000
174.45000
162.95000
184.40000
112.05000
184.09000
130.21000
123.18000
155.37000
140.37000
139.52000
113.47000
198.74000
109.31000
163.15000
133.80000
126.93000
181.91000
198.35000
187.68000
149.71000
174.20000
167.39000
103.62000
101.84000
189.30000
199.88000
164.47000
119.45000
145.05000
154.43000
107.67000
150.95000
180.50000
131.73000
193.27000
146.04000
127.28000
119.69000
165.40000
105.09000
142.04000
131.19000
193.20000
153.51000
106.41000
104.12000
170.80000
141.67000
127.04000
101.37000
117.36000
144.99000
135.57000
110.84000
177.01000
163.83000
188.63000
145.41000
118.90000
123.60000
167.87000
142.98000
137.16000
174.68000
179.93000
166.43000
150.93000
192.47000
156.45000
103.65000
104.35000
177.36000
154.07000
167.54000
180.74000
154.31000
186.63000
167.65000
181.94000
110.27000
156.17000
197.47000
162.88000
133.58000
169.71000
162.01000
108.34000
115.24000
124.52000
164.79000
128.06000
171.27000
142.85000
134.33000
156.83000
142.69000
171.99000
124.13000
154.40000
195.51000
184.18000
112.72000
105.54000
120.75000
176.71000
103.61000
120.02000
134.42000
171.83000
125.32000
132.59000
177.54000
116.81000
131.36000
103.04000
116.13000
183.91000
100.25000
116.12000
141.20000
170.41000
135.50000
181.60000
168.76000
171.97000
139.43000
189.54000
194.34000
177.51000
128.45000
141.38000
179.32000
163.23000
186.04000
151.71000
139.30000
192.03000
131.33000
195.94000
105.93000
151.79000
108.46000
174.46000
135.85000
155.40000
186.58000
112.64000
110.70000
140.76000
159.82000
160.89000
137.11000
170.75000
147.32000
194.60000
146.74000
133.27000
193.22000
114.15000
196.21000
141.20000
166.68000
144.94000
167.17000
132.45000
161.81000
137.36000
166.27000
169.89000
197.78000
166.79000
125.14000
141.41000
118.71000
157.59000
112.64000
196.74000
120.63000
160.01000
182.05000
197.04000
134.85000
146.56000
131.01000
186.36000
186.62000
183.27000
131.78000
143.21000
160.71000
161.14000
181.63000
171.11000
166.88000
196.20000
102.83000
198.58000
139.91000
129.46000
142.63000
179.13000
139.56000
126.94000
173.31000
191.28000
150.58000
179.64000
192.13000
138.55000
182.76000
103.59000
121.36000
149.44000
170.85000
139.80000
108.25000
177.48000
174.62000
154.30000
125.09000
101.17000
178.84000
138.08000
169.13000
159.36000
185.96000
140.36000
181.80000
153.98000
124.14000
147.13000
154.45000
168.32000
140.75000
117.59000
127.60000
196.54000
186.17000
158.36000
164.14000
157.77000
135.79000
101.09000
151.95000
196.16000
190.01000
102.41000
103.93000
180.84000
174.22000
143.98000
157.96000
105.96000
138.80000
132.44000
176.95000
190.65000
159.16000
199.41000
148.77000
179.06000
135.67000
101.54000
186.31000
140.33000
193.73000
120.48000
127.48000
168.60000
183.73000
162.86000
135.16000
183.00000
181.06000
105.95000
125.26000
192.44000
103.10000
113.12000
190.17000
190.31000
159.55000
160.39000
123.40000
123.79000
182.95000
195.02000
178.47000
152.63000
139.31000
189.27000
133.88000
161.61000
119.65000
140.41000
193.15000
160.49000
139.99000
170.71000
184.81000
184.03000
141.34000
127.44000
162.36000
192.00000
189.71000
182.85000
104.31000
169.17000
176.13000
134.21000
114.20000
125.29000
116.61000
103.79000
120.53000
195.15000
152.17000
138.86000
176.81000
138.49000
148.81000
111.68000
161.57000
150.50000
143.66000
146.59000
182.29000
116.05000
119.50000
159.70000
113.16000
104.93000
172.68000
155.72000
109.07000
142.56000
184.86000
172.54000
164.17000
179.31000
162.66000
173.07000
197.59000
190.58000
137.74000
145.18000
153.48000
176.76000
166.73000
101.77000
100.98000
163.24000
131.28000
180.73000
134.23000
100.41000
138.01000
144.96000
172.36000
163.65000
118.58000
182.33000
159.53000
153.37000
129.63000
105.74000
164.87000
194.95000
152.79000
153.09000
182.51000
138.78000
194.71000
129.36000
142.27000
153.24000
131.79000
128.03000
149.20000
161.22000
115.26000
199.32000
114.78000
177.94000
146.63000
171.74000
173.77000
144.43000
173.18000
198.80000
185.94000
126.69000
167.16000
159.02000
136.05000
115.75000
125.85000
155.92000
133.88000
127.62000
171.51000
118.01000
114.18000
103.31000
151.40000
198.80000
136.73000
108.84000
137.79000
176.82000
186.28000
135.22000
127.95000
155.58000
172.61000
198.48000
144.14000
163.59000
130.48000
139.63000
133.62000
154.37000
119.65000
189.79000
176.19000
136.44000
158.88000
156.96000
158.25000
118.59000
161.07000
140.14000
130.66000
141.96000
156.92000
195.99000
106.29000
175.69000
171.81000
106.13000
123.05000
113.92000
156.15000
177.23000
143.81000
175.79000
185.31000
140.90000
156.48000
105.43000
159.70000
153.80000
173.93000
172.00000
104.70000
197.57000
134.07000
169.63000
170.70000
178.84000
199.78000
117.46000
133.09000
129.26000
158.96000
159.63000
192.27000
105.47000
124.48000
165.28000
173.62000
189.11000
134.26000
03.38000
01.02000
03.55000
02.23000
02.41000
02.34000
04.95000
02.73000
03.47000
01.11000
03.55000
01.47000
02.12000
04.15000
01.41000
03.77000
02.95000
03.29000
01.60000
03.97000
03.54000
03.37000
04.22000
01.38000
02.46000
02.20000
02.34000
04.34000
03.29000
02.62000
02.03000
02.18000
02.61000
04.46000
02.37000
01.22000
01.99000
04.54000
03.45000
04.80000
04.03000
04.69000
02.33000
01.24000
04.28000
03.75000
01.11000
03.86000
03.34000
01.53000
01.44000
01.15000
03.89000
03.55000
04.75000
04.17000
04.84000
03.46000
02.75000
04.71000
04.94000
03.99000
03.64000
04.22000
02.92000
01.10000
04.63000
01.16000
02.46000
03.73000
03.91000
02.97000
04.28000
01.84000
04.68000
02.12000
02.07000
02.39000
03.17000
04.05000
02.54000
01.32000
04.55000
03.22000
01.39000
03.59000
03.05000
03.07000
03.33000
03.15000
01.85000
04.08000
02.05000
02.95000
01.18000
03.68000
04.27000
02.96000
02.22000
04.33000
03.43000
01.40000
01.96000
02.57000
01.32000
04.78000
04.77000
04.21000
03.89000
02.33000
04.56000
03.94000
04.97000
03.13000
01.64000
01.33000
03.39000
01.25000
01.35000
04.95000
02.97000
03.78000
02.02000
04.40000
04.55000
02.79000
02.96000
02.24000
01.95000
03.36000
04.52000
02.06000
02.00000
03.57000
04.02000
04.43000
04.52000
02.49000
03.78000
02.92000
02.35000
04.21000
03.14000
04.13000
01.32000
01.80000
02.42000
03.62000
04.25000
01.34000
02.13000
01.22000
01.15000
03.54000
03.79000
01.42000
03.37000
04.35000
04.07000
01.63000
02.82000
04.40000
03.43000
03.58000
02.46000
03.91000
03.32000
01.95000
02.23000
04.07000
02.20000
04.46000
03.09000
03.10000
03.53000
03.80000
02.99000
04.18000
03.75000
01.68000
04.89000
03.53000
04.31000
04.80000
04.73000
02.35000
03.67000
04.86000
03.48000
02.83000
01.29000
02.57000
03.08000
04.20000
01.61000
03.64000
02.49000
02.64000
02.10000
02.75000
03.74000
03.76000
01.18000
02.97000
04.29000
01.34000
01.12000
04.30000
01.00000
03.62000
04.62000
03.37000
01.95000
01.94000
02.27000
02.02000
04.20000
04.62000
01.65000
03.06000
01.84000
04.98000
03.32000
02.33000
01.95000
01.37000
04.88000
04.66000
04.60000
01.10000
04.89000
03.87000
02.87000
04.50000
02.94000
02.80000
02.84000
04.90000
03.61000
01.26000
03.60000
04.63000
04.47000
04.09000
01.20000
03.02000
04.10000
01.12000
04.75000
04.40000
03.40000
01.84000
04.97000
03.91000
03.68000
02.45000
03.91000
02.51000
01.83000
01.90000
03.46000
01.29000
02.58000
02.14000
02.82000
04.73000
03.61000
02.13000
02.19000
02.26000
03.63000
01.81000
02.79000
04.33000
02.35000
02.15000
02.80000
02.42000
04.46000
01.09000
01.44000
04.96000
03.68000
01.59000
02.91000
01.40000
02.70000
03.60000
04.41000
02.21000
01.22000
04.08000
04.14000
02.84000
03.96000
04.97000
01.31000
03.73000
04.61000
01.23000
01.73000
04.11000
04.90000
04.85000
01.53000
03.05000
02.94000
03.93000
02.76000
04.03000
02.95000
01.22000
03.77000
04.65000
01.78000
04.80000
03.87000
03.47000
01.24000
03.76000
03.39000
04.08000
04.16000
04.16000
03.67000
03.05000
02.37000
01.10000
03.02000
01.97000
04.70000
02.64000
04.78000
03.41000
04.97000
01.87000
01.28000
02.94000
02.02000
04.86000
01.84000
01.16000
03.67000
02.69000
04.79000
03.63000
02.76000
03.44000
01.46000
04.93000
04.61000
01.77000
03.02000
03.85000
02.69000
01.17000
01.51000
04.78000
02.21000
03.54000
02.31000
02.15000
04.14000
03.09000
04.85000
04.67000
02.42000
03.00000
01.61000
02.03000
04.01000
03.50000
02.02000
04.96000
04.86000
01.77000
04.55000
01.13000
01.92000
04.03000
04.64000
03.27000
01.15000
01.48000
02.75000
01.08000
01.51000
02.31000
04.33000
01.25000
02.93000
03.74000
03.84000
03.48000
02.38000
03.97000
04.72000
04.50000
01.81000
02.19000
02.23000
01.71000
04.82000
03.45000
03.86000
01.41000
04.46000
03.10000
03.03000
04.33000
01.30000
03.24000
04.31000
02.29000
02.42000
02.22000
01.28000
04.11000
03.89000
03.35000
04.53000
03.63000
02.80000
02.97000
01.63000
03.68000
01.23000
02.40000
01.15000
04.08000
02.24000
03.97000
04.67000
01.66000
01.93000
03.01000
02.79000
02.24000
01.36000
03.86000
03.06000
04.67000
02.61000
03.82000
02.07000
04.76000
04.77000
01.25000
01.40000
03.35000
03.68000
04.60000
03.18000
03.06000
04.88000
03.57000
02.70000
01.74000
04.40000
03.95000
01.53000
01.43000
03.45000
04.19000
03.36000
03.08000
04.24000
03.75000
04.90000
04.65000
01.96000
03.07000
03.85000
01.09000
04.82000
03.62000
02.92000
04.36000
02.03000
03.84000
01.82000
03.40000
03.78000
03.19000
01.23000
04.17000
01.28000
02.12000
02.87000
01.63000
02.73000
02.09000
01.44000
03.72000
01.34000
01.54000
04.64000
03.40000
03.31000
03.93000
5
36
50
22
1
49
5
26
46
21
25
7
5
15
32
41
6
13
5
18
48
23
24
16
5
37
2
47
38
42
5
12
19
44
29
39
5
5
20
34
40
4
5
28
33
11
9
43
5
35
31
8
30
10
5
45
3
27
14
17
591.91210
