50
10
113.58000
177.31000
161.05000
101.11000
133.17000
168.73000
196.78000
110.28000
157.79000
119.97000
111.18000
106.03000
190.97000
140.79000
120.26000
110.63000
161.21000
165.97000
165.04000
171.33000
122.04000
155.26000
111.54000
160.40000
151.96000
193.44000
150.77000
175.12000
154.50000
190.27000
198.74000
137.75000
158.16000
180.51000
196.48000
195.54000
116.47000
123.92000
109.99000
120.78000
107.94000
105.29000
130.30000
110.72000
136.09000
134.37000
173.42000
187.62000
129.43000
145.92000
189.72000
130.39000
192.45000
165.41000
132.63000
160.38000
111.88000
186.42000
183.37000
191.25000
101.82000
149.13000
173.56000
110.90000
106.42000
153.94000
159.85000
132.21000
194.81000
126.23000
123.88000
193.08000
161.14000
116.40000
172.29000
156.40000
124.55000
199.84000
136.72000
110.05000
129.17000
176.94000
173.82000
166.94000
144.15000
173.08000
165.22000
164.94000
163.63000
138.67000
117.56000
166.96000
106.74000
149.08000
162.48000
160.87000
117.64000
104.72000
156.64000
159.58000
117.35000
186.73000
121.31000
189.16000
102.97000
121.65000
176.84000
124.49000
121.47000
127.04000
129.49000
197.68000
157.59000
193.90000
176.53000
112.23000
121.12000
138.26000
140.23000
196.66000
146.81000
101.13000
167.85000
104.48000
194.43000
148.54000
131.66000
114.21000
148.74000
171.48000
128.92000
129.37000
119.52000
185.98000
181.90000
178.47000
141.52000
133.06000
137.87000
115.03000
174.51000
178.73000
169.08000
117.56000
103.27000
114.00000
172.81000
189.58000
137.54000
154.89000
196.76000
151.54000
146.98000
158.24000
162.12000
151.17000
172.70000
192.88000
185.78000
147.48000
135.03000
130.64000
130.65000
159.61000
109.39000
103.18000
184.59000
131.71000
196.15000
167.13000
160.52000
132.92000
120.72000
104.14000
196.32000
157.38000
133.47000
120.83000
154.88000
124.23000
109.81000
148.87000
124.09000
177.61000
150.11000
144.87000
116.83000
186.65000
179.78000
190.50000
171.02000
145.51000
149.19000
192.37000
149.52000
173.32000
133.76000
182.15000
140.24000
114.22000
138.59000
104.50000
121.52000
128.53000
179.34000
169.27000
186.71000
189.67000
107.35000
166.72000
144.05000
141.49000
188.64000
169.10000
172.04000
168.75000
114.22000
173.69000
174.21000
181.23000
100.11000
102.74000
179.07000
113.68000
187.32000
103.53000
140.14000
125.87000
141.88000
148.32000
135.94000
102.57000
154.79000
134.38000
169.97000
153.55000
142.07000
183.97000
170.75000
113.57000
144.74000
144.35000
191.81000
142.39000
128.81000
187.80000
111.65000
124.78000
185.30000
111.57000
108.74000
158.00000
133.70000
148.20000
148.32000
154.44000
124.51000
143.17000
135.76000
107.42000
107.12000
116.76000
165.20000
167.34000
188.17000
131.86000
155.78000
109.59000
199.31000
176.36000
151.63000
134.56000
197.17000
163.15000
121.91000
167.65000
163.40000
130.13000
160.75000
159.23000
104.63000
140.17000
187.29000
184.71000
152.51000
181.18000
145.67000
144.48000
163.68000
166.05000
105.04000
163.91000
119.78000
132.65000
159.52000
193.41000
127.44000
143.90000
128.28000
108.37000
133.11000
181.43000
165.33000
158.52000
145.02000
170.62000
119.50000
115.80000
150.15000
131.24000
162.40000
143.15000
195.76000
116.82000
153.79000
106.59000
154.13000
105.87000
178.45000
197.14000
122.51000
101.92000
146.12000
130.81000
123.17000
133.46000
191.59000
148.61000
103.38000
154.03000
174.60000
116.57000
135.40000
142.13000
179.94000
125.69000
116.50000
101.29000
117.37000
192.00000
168.94000
160.01000
121.65000
156.51000
139.99000
171.81000
152.54000
185.24000
101.92000
115.21000
140.27000
119.57000
197.90000
101.39000
148.44000
113.82000
117.70000
139.72000
158.08000
113.53000
198.53000
171.23000
194.58000
100.37000
178.30000
190.05000
108.33000
180.96000
119.89000
115.32000
174.73000
186.94000
111.19000
191.18000
194.16000
174.97000
165.10000
186.78000
192.02000
126.67000
119.50000
196.25000
118.69000
148.69000
137.28000
138.73000
149.56000
172.67000
106.35000
158.37000
185.03000
155.25000
139.57000
124.30000
150.49000
178.07000
174.86000
130.67000
196.32000
147.77000
145.06000
158.28000
172.87000
186.49000
127.38000
130.88000
141.05000
137.20000
185.43000
115.25000
121.11000
188.93000
147.74000
146.17000
154.05000
188.96000
167.82000
183.39000
105.89000
109.56000
124.18000
111.68000
167.65000
147.98000
120.35000
140.80000
155.35000
126.50000
184.83000
105.53000
110.00000
192.38000
171.14000
165.62000
197.61000
117.88000
157.80000
105.85000
109.20000
100.28000
148.33000
135.98000
160.79000
161.83000
171.23000
190.77000
193.39000
149.80000
180.03000
129.99000
101.40000
115.54000
133.42000
196.50000
121.34000
188.67000
157.42000
103.81000
185.43000
130.26000
150.76000
182.91000
150.31000
153.21000
182.58000
159.18000
197.62000
195.41000
147.03000
183.02000
134.00000
119.74000
163.25000
129.81000
191.08000
114.09000
175.36000
199.95000
125.52000
191.36000
152.52000
118.83000
118.94000
189.44000
188.87000
136.83000
178.00000
171.21000
103.55000
129.35000
134.32000
124.58000
140.69000
196.78000
144.56000
162.42000
169.44000
164.51000
190.36000
122.63000
02.51000
04.58000
02.64000
04.58000
02.38000
02.89000
03.70000
01.89000
03.90000
04.28000
01.57000
03.06000
02.64000
03.57000
02.33000
01.42000
03.18000
04.58000
01.05000
03.30000
03.11000
04.15000
01.82000
04.02000
04.99000
04.10000
01.71000
03.91000
04.41000
03.27000
02.80000
04.31000
01.94000
01.48000
04.17000
03.53000
03.16000
03.55000
01.90000
04.92000
02.66000
03.32000
01.06000
04.78000
04.00000
03.62000
03.73000
04.46000
03.78000
04.27000
01.17000
01.77000
01.31000
03.32000
04.03000
01.74000
03.11000
02.49000
02.19000
01.85000
04.70000
04.90000
03.87000
03.56000
04.77000
02.52000
02.27000
01.32000
03.05000
04.29000
03.59000
02.58000
04.22000
04.16000
03.04000
03.80000
01.99000
01.08000
04.81000
02.42000
03.06000
03.02000
02.11000
04.91000
03.14000
02.93000
01.15000
02.72000
02.93000
02.75000
01.12000
04.29000
04.14000
01.44000
02.23000
03.09000
01.46000
02.96000
01.69000
01.56000
01.07000
04.04000
04.83000
03.52000
02.83000
03.95000
03.33000
02.50000
02.89000
01.65000
04.42000
03.19000
03.09000
02.22000
04.43000
01.17000
02.26000
03.75000
04.70000
01.01000
04.21000
01.30000
03.54000
04.29000
01.78000
02.96000
04.30000
01.60000
04.80000
01.80000
03.29000
04.50000
04.09000
03.91000
01.84000
01.58000
03.48000
04.36000
02.28000
02.41000
03.81000
03.23000
03.95000
01.58000
02.89000
01.59000
03.16000
02.66000
03.57000
01.53000
01.44000
02.55000
01.54000
03.65000
01.91000
03.47000
04.90000
04.50000
03.64000
01.04000
04.11000
01.22000
03.07000
04.97000
02.13000
02.02000
01.67000
01.94000
02.91000
04.10000
01.87000
03.68000
03.40000
01.66000
03.14000
02.87000
01.56000
01.91000
01.93000
01.23000
04.34000
01.05000
03.69000
01.45000
03.70000
04.29000
02.88000
03.24000
04.58000
01.82000
02.94000
03.31000
04.94000
04.84000
04.34000
03.35000
03.73000
01.58000
04.52000
02.07000
02.55000
01.76000
03.74000
04.05000
04.50000
01.90000
01.89000
01.75000
02.24000
04.37000
03.23000
02.82000
03.83000
04.49000
02.34000
01.08000
02.36000
02.60000
02.81000
03.37000
03.90000
04.02000
01.19000
01.51000
03.53000
03.09000
03.09000
04.33000
01.34000
03.13000
03.07000
01.66000
02.38000
04.46000
04.71000
04.33000
04.76000
04.42000
04.58000
04.17000
03.54000
01.33000
04.28000
01.99000
02.79000
02.53000
02.37000
03.64000
03.61000
04.34000
02.26000
02.48000
03.55000
02.22000
03.14000
02.10000
02.40000
04.14000
02.52000
03.18000
02.49000
04.88000
01.12000
03.68000
03.02000
04.88000
04.63000
02.56000
04.19000
01.61000
03.76000
03.75000
03.20000
01.51000
02.20000
04.22000
02.26000
04.04000
04.67000
01.92000
04.56000
01.65000
04.86000
03.81000
02.32000
03.79000
01.49000
01.83000
04.73000
04.93000
02.24000
04.94000
02.01000
04.50000
03.83000
03.09000
01.34000
02.97000
03.96000
03.23000
01.50000
04.90000
04.18000
02.73000
02.73000
02.92000
01.47000
03.71000
03.02000
02.62000
02.35000
02.52000
04.71000
01.57000
03.67000
03.26000
03.12000
02.36000
03.25000
02.99000
02.57000
04.56000
03.91000
03.80000
04.40000
04.75000
01.49000
04.76000
02.94000
04.50000
04.81000
01.95000
01.50000
02.40000
03.71000
04.45000
04.43000
02.03000
01.00000
02.34000
01.05000
03.95000
04.52000
02.70000
01.68000
01.76000
03.10000
01.60000
01.66000
02.02000
01.12000
04.44000
01.14000
02.34000
04.08000
03.64000
04.83000
04.37000
03.12000
02.42000
01.45000
03.47000
03.18000
03.01000
02.45000
04.34000
02.22000
04.59000
04.27000
04.69000
03.19000
03.38000
04.38000
03.21000
02.05000
04.57000
01.23000
03.62000
03.75000
02.37000
02.27000
02.61000
02.24000
03.98000
03.95000
01.89000
04.48000
01.60000
03.73000
04.17000
02.41000
04.45000
04.06000
01.13000
05.00000
02.71000
04.39000
01.50000
02.19000
03.60000
01.87000
01.82000
04.99000
03.92000
03.47000
03.64000
03.41000
01.50000
02.22000
02.30000
02.65000
01.20000
02.72000
01.63000
01.79000
01.35000
02.53000
02.45000
04.92000
01.29000
04.24000
02.59000
01.11000
01.34000
03.43000
04.88000
04.43000
02.83000
04.66000
01.15000
01.97000
04.09000
01.53000
04.22000
01.80000
04.43000
04.60000
03.93000
01.01000
04.21000
01.46000
03.10000
01.67000
04.73000
04.68000
01.56000
02.85000
04.34000
03.85000
04.14000
04.07000
02.16000
02.32000
01.83000
04.93000
04.20000
02.82000
01.89000
04.74000
02.28000
03.25000
01.59000
04.71000
02.84000
03.31000
01.88000
03.04000
01.35000
03.71000
04.71000
02.93000
02.24000
02.14000
01.03000
04.58000
02.99000
01.31000
02.81000
01.20000
02.03000
04.93000
02.99000
03.00000
02.83000
01.70000
03.52000
01.16000
01.83000
01.32000
03.36000
03.91000
04.49000
02.49000
02.46000
04.43000
01.27000
04.92000
01.77000
04.94000
03.61000
5
11
37
12
42
44
5
47
27
7
48
15
5
46
28
5
45
6
5
24
50
16
13
31
5
32
9
26
3
21
5
43
25
41
18
10
5
49
34
38
29
22
5
17
4
35
14
23
5
30
20
36
40
19
5
39
8
2
33
1
590.20340
