50
10
156.09000
116.58000
103.02000
116.49000
105.83000
119.18000
180.57000
191.48000
157.38000
139.31000
130.45000
157.64000
108.01000
180.50000
162.40000
130.98000
179.99000
171.25000
111.21000
152.52000
120.57000
165.08000
136.64000
188.28000
102.03000
140.51000
123.45000
129.26000
121.63000
101.06000
181.41000
191.49000
101.64000
175.23000
145.28000
115.99000
189.32000
116.55000
174.83000
168.76000
156.94000
103.53000
154.83000
140.83000
101.76000
139.68000
195.04000
148.20000
146.05000
153.53000
115.46000
148.03000
193.04000
122.73000
139.10000
138.01000
198.22000
195.48000
141.55000
148.31000
116.79000
151.24000
198.21000
110.57000
136.63000
134.16000
109.46000
181.43000
170.64000
113.37000
100.70000
142.53000
156.71000
183.02000
122.31000
100.51000
157.72000
162.25000
149.70000
187.02000
161.57000
195.19000
183.24000
158.68000
181.15000
150.99000
148.33000
197.15000
154.35000
123.79000
195.36000
109.07000
144.06000
132.72000
199.72000
126.06000
138.17000
121.94000
161.80000
104.78000
137.06000
123.33000
131.83000
175.05000
133.57000
132.59000
143.50000
110.46000
101.91000
187.22000
138.15000
155.49000
120.61000
171.98000
106.77000
107.42000
193.16000
196.63000
165.39000
188.50000
148.10000
195.95000
155.02000
146.00000
138.93000
129.71000
141.68000
152.19000
144.17000
182.65000
116.38000
104.34000
167.34000
164.56000
195.14000
124.70000
136.95000
110.20000
118.98000
160.55000
106.51000
179.33000
153.90000
184.15000
154.55000
156.71000
190.93000
192.76000
184.58000
152.12000
166.48000
181.88000
188.66000
161.88000
189.20000
159.93000
179.10000
106.54000
120.91000
108.79000
178.73000
100.32000
168.24000
191.34000
106.68000
118.62000
162.85000
195.49000
107.11000
161.83000
161.37000
134.11000
149.14000
155.34000
145.45000
145.10000
126.92000
149.54000
121.72000
191.35000
159.58000
119.82000
121.82000
160.76000
191.28000
166.57000
102.40000
166.20000
191.15000
115.18000
145.09000
145.58000
153.33000
116.04000
156.54000
161.78000
196.96000
144.55000
168.38000
102.69000
197.07000
185.84000
119.76000
136.83000
188.42000
140.84000
101.92000
172.53000
123.19000
195.61000
129.25000
112.87000
161.14000
116.16000
174.01000
136.38000
187.04000
193.50000
133.48000
146.55000
110.65000
143.64000
129.92000
171.92000
166.73000
107.62000
110.59000
166.00000
115.06000
151.43000
147.76000
107.30000
140.39000
166.09000
138.70000
199.34000
152.50000
167.63000
105.67000
170.63000
186.15000
197.06000
195.94000
174.70000
101.10000
120.39000
181.77000
190.04000
182.13000
128.63000
114.03000
165.19000
126.61000
102.75000
118.46000
133.09000
179.49000
128.13000
176.13000
161.35000
101.41000
157.81000
124.92000
144.11000
142.78000
198.43000
127.71000
100.51000
178.98000
181.64000
172.41000
174.68000
110.40000
164.07000
171.90000
135.78000
162.43000
127.37000
164.06000
177.94000
185.46000
178.17000
111.81000
120.30000
154.88000
148.12000
103.01000
107.00000
171.09000
193.86000
150.57000
107.19000
159.47000
197.03000
192.37000
115.00000
170.42000
164.26000
191.31000
149.57000
192.20000
122.39000
180.14000
167.99000
172.17000
189.19000
177.33000
133.30000
193.71000
161.70000
158.46000
199.83000
197.82000
187.20000
177.05000
127.36000
150.52000
137.94000
111.61000
100.64000
142.82000
111.21000
165.67000
129.45000
190.75000
129.25000
167.72000
148.55000
135.31000
139.34000
171.29000
117.70000
142.52000
113.75000
154.90000
121.67000
103.41000
149.73000
122.07000
170.23000
133.97000
169.55000
101.29000
198.14000
175.24000
120.49000
146.10000
165.17000
193.22000
174.80000
175.36000
175.09000
139.21000
153.13000
155.49000
177.20000
105.52000
173.12000
172.15000
193.29000
189.81000
166.65000
194.48000
148.73000
173.71000
171.61000
116.62000
193.93000
163.87000
150.90000
157.71000
104.28000
191.93000
192.40000
161.89000
180.15000
114.52000
109.00000
198.31000
146.95000
113.29000
138.59000
161.09000
155.07000
194.88000
144.07000
169.40000
179.89000
190.93000
113.33000
167.35000
121.80000
158.08000
159.25000
124.11000
106.20000
177.97000
119.73000
133.79000
183.48000
190.36000
139.67000
116.22000
151.17000
154.68000
167.49000
137.45000
121.11000
110.27000
183.55000
182.96000
115.42000
179.39000
116.37000
187.50000
175.12000
109.30000
119.46000
110.85000
166.22000
172.28000
171.33000
137.78000
179.74000
165.59000
175.50000
178.04000
131.70000
111.49000
160.49000
166.39000
163.10000
157.25000
179.81000
162.62000
139.97000
175.14000
111.98000
151.48000
153.32000
162.41000
160.51000
142.74000
119.16000
141.35000
153.93000
171.17000
178.52000
159.20000
145.73000
174.10000
184.12000
168.22000
169.36000
141.47000
113.63000
179.05000
109.18000
192.73000
199.79000
170.84000
130.84000
128.28000
199.24000
156.49000
103.49000
173.49000
193.62000
173.88000
121.25000
178.78000
189.57000
185.90000
103.29000
119.51000
118.72000
180.45000
193.72000
196.10000
137.73000
170.42000
161.71000
133.92000
128.22000
193.69000
101.38000
183.37000
196.85000
113.16000
131.87000
119.83000
175.25000
116.72000
197.33000
143.71000
120.06000
117.25000
166.90000
180.38000
112.92000
09.94000
07.84000
09.52000
05.14000
07.68000
05.23000
09.50000
05.58000
07.96000
07.80000
06.44000
05.15000
06.19000
05.02000
08.87000
06.46000
09.03000
07.63000
06.60000
08.35000
09.39000
07.58000
05.64000
05.92000
06.44000
08.11000
08.29000
05.52000
05.57000
08.68000
08.07000
09.74000
08.46000
05.02000
09.79000
07.44000
08.01000
09.10000
09.46000
08.71000
08.38000
09.14000
09.38000
09.90000
09.98000
09.62000
08.08000
08.60000
09.47000
06.26000
08.74000
09.12000
06.72000
08.51000
07.00000
05.63000
05.40000
07.76000
08.75000
09.40000
07.39000
09.87000
07.68000
05.69000
09.49000
08.21000
08.73000
06.01000
09.79000
07.43000
08.09000
08.10000
07.58000
08.39000
08.21000
05.97000
08.45000
08.23000
07.78000
09.87000
09.21000
05.33000
06.74000
06.31000
07.92000
09.31000
06.28000
08.05000
08.89000
06.05000
08.84000
09.08000
07.71000
07.68000
08.11000
09.66000
06.18000
07.59000
09.04000
06.29000
06.15000
08.09000
08.44000
05.63000
07.89000
06.75000
06.81000
06.77000
06.67000
06.41000
05.55000
09.28000
05.70000
09.37000
06.00000
08.56000
09.47000
09.15000
05.77000
06.29000
08.70000
05.54000
08.70000
05.36000
05.35000
09.59000
09.88000
09.95000
07.66000
08.56000
05.67000
05.45000
05.08000
06.01000
08.67000
08.53000
08.36000
06.71000
07.72000
07.11000
09.45000
06.70000
07.91000
05.33000
06.59000
08.26000
05.61000
08.61000
09.24000
09.93000
08.79000
07.94000
09.02000
08.60000
06.33000
06.63000
06.56000
09.95000
07.83000
05.01000
08.02000
09.25000
07.29000
08.64000
05.55000
05.18000
09.98000
09.36000
07.53000
07.69000
07.40000
05.21000
08.57000
07.96000
07.29000
05.52000
09.56000
08.45000
08.67000
05.85000
07.64000
07.83000
06.78000
08.02000
06.17000
06.06000
08.14000
05.10000
09.79000
09.32000
05.49000
06.40000
09.37000
05.05000
07.84000
07.49000
07.05000
06.95000
05.44000
05.19000
08.96000
06.25000
07.57000
07.53000
08.74000
06.56000
05.14000
09.64000
09.82000
09.72000
08.74000
08.87000
08.23000
05.82000
07.53000
08.43000
06.27000
06.22000
06.94000
07.81000
07.46000
08.50000
08.61000
07.72000
06.59000
06.53000
05.46000
05.14000
09.69000
05.39000
06.65000
08.28000
09.06000
06.44000
07.58000
06.63000
08.23000
07.27000
09.92000
05.90000
06.98000
06.73000
06.58000
08.07000
06.34000
09.91000
06.72000
06.36000
08.60000
08.17000
05.48000
05.76000
06.72000
05.48000
06.14000
07.61000
07.77000
08.87000
09.14000
05.72000
08.79000
06.92000
08.78000
05.97000
07.20000
08.64000
05.63000
05.48000
06.69000
09.29000
06.51000
07.64000
07.22000
05.37000
09.48000
07.08000
09.97000
09.63000
08.86000
09.66000
07.38000
06.08000
05.22000
07.53000
08.14000
09.96000
05.37000
09.06000
07.20000
07.80000
07.39000
08.89000
05.74000
07.33000
05.57000
07.88000
06.21000
07.56000
05.50000
08.16000
06.52000
06.14000
06.48000
07.48000
06.52000
09.44000
07.80000
07.42000
08.10000
09.70000
09.35000
09.98000
05.11000
09.83000
08.09000
06.21000
07.64000
08.98000
07.25000
08.39000
07.04000
07.57000
06.29000
05.05000
05.91000
07.25000
05.95000
05.98000
08.10000
05.93000
08.19000
07.21000
08.70000
07.79000
06.24000
06.03000
09.07000
08.21000
09.57000
05.98000
06.79000
08.88000
08.90000
06.84000
05.72000
07.69000
06.21000
09.64000
05.96000
08.80000
05.27000
05.08000
09.01000
07.05000
06.22000
09.69000
07.19000
06.64000
07.01000
07.52000
07.99000
05.50000
07.26000
09.75000
09.16000
07.97000
07.85000
08.84000
09.71000
09.59000
05.91000
08.46000
09.88000
07.20000
09.82000
08.57000
06.18000
08.86000
09.20000
05.35000
06.37000
08.88000
09.95000
06.25000
09.45000
07.82000
09.17000
09.95000
05.67000
07.52000
05.27000
06.41000
06.54000
06.03000
07.85000
06.80000
09.81000
07.66000
07.81000
08.57000
05.21000
08.31000
06.24000
09.65000
07.33000
08.47000
06.22000
07.41000
08.57000
08.22000
05.38000
09.32000
05.59000
08.26000
08.49000
09.24000
06.30000
05.58000
06.60000
07.26000
09.86000
08.39000
06.98000
09.73000
06.69000
06.16000
08.17000
09.24000
08.45000
09.63000
09.96000
09.65000
08.03000
05.76000
08.38000
06.06000
09.61000
07.78000
05.72000
09.80000
08.60000
05.15000
05.51000
08.48000
06.64000
08.61000
07.54000
05.95000
06.67000
05.11000
08.68000
09.09000
08.71000
08.92000
09.44000
08.73000
05.60000
07.17000
07.93000
05.18000
05.67000
08.46000
09.09000
09.96000
06.97000
07.41000
09.11000
05.81000
08.82000
09.91000
05.43000
06.73000
06.78000
08.07000
06.74000
07.99000
07.68000
05.29000
08.00000
06.08000
09.59000
06.20000
05.37000
08.76000
06.80000
06.66000
06.32000
05.03000
09.90000
08.81000
09.53000
05.15000
05.70000
06.02000
09.94000
05.62000
07.27000
07.94000
08.74000
09.20000
5
13
25
44
33
30
5
14
26
48
1
42
5
32
8
3
9
41
5
49
10
50
15
12
5
7
35
45
21
39
5
5
4
6
23
11
5
2
22
34
43
37
5
27
31
46
40
28
5
18
17
19
38
29
5
47
36
16
24
20
647.74600
