50
10
74.46000
13.50000
33.32000
96.80000
36.20000
24.99000
84.32000
10.42000
19.56000
31.89000
68.97000
82.08000
3.26000
19.12000
77.35000
12.05000
89.79000
95.35000
26.33000
20.39000
10.37000
97.00000
55.51000
54.89000
15.99000
83.23000
32.24000
88.09000
85.37000
38.97000
46.64000
18.29000
24.00000
72.88000
15.56000
65.52000
58.11000
21.38000
78.60000
78.58000
42.67000
42.64000
4.12000
30.01000
55.43000
22.57000
80.23000
16.11000
99.85000
69.84000
76.04000
60.92000
71.31000
33.00000
82.29000
60.07000
20.85000
73.35000
47.93000
79.83000
28.99000
13.82000
78.55000
83.44000
15.68000
28.08000
7.48000
58.93000
24.60000
17.49000
88.77000
19.05000
25.22000
7.19000
7.26000
1.31000
11.73000
47.08000
66.52000
67.98000
3.08000
13.79000
99.88000
9.08000
42.97000
6.71000
64.41000
35.35000
1.84000
50.97000
40.94000
85.31000
71.91000
97.45000
36.03000
23.23000
74.11000
22.81000
81.01000
35.12000
56.33000
69.00000
36.65000
46.40000
99.60000
14.40000
46.06000
46.93000
37.34000
9.07000
50.68000
2.57000
27.73000
19.35000
23.07000
90.03000
55.69000
36.36000
59.51000
15.80000
31.88000
75.95000
83.06000
6.11000
89.72000
79.73000
41.49000
14.94000
90.39000
14.05000
6.36000
21.03000
18.79000
68.02000
73.96000
27.84000
82.60000
59.49000
68.33000
63.62000
19.23000
29.06000
36.27000
82.33000
85.85000
42.10000
49.31000
62.72000
69.39000
89.71000
19.27000
85.97000
48.36000
59.35000
94.05000
62.70000
47.34000
68.23000
73.02000
49.69000
65.18000
31.87000
92.70000
41.13000
52.77000
55.85000
17.35000
55.97000
84.73000
72.48000
32.98000
38.91000
62.47000
38.85000
53.36000
58.41000
11.11000
35.77000
16.99000
9.65000
79.55000
69.82000
85.14000
10.60000
45.41000
73.33000
47.81000
5.94000
8.09000
3.37000
16.78000
64.13000
91.72000
39.76000
29.55000
80.37000
49.19000
90.08000
49.38000
73.60000
8.01000
83.34000
46.73000
49.20000
27.63000
28.04000
58.65000
66.68000
38.89000
27.89000
5.16000
35.87000
82.41000
30.71000
38.26000
15.94000
25.52000
9.02000
37.67000
90.81000
57.35000
59.12000
6.88000
72.15000
94.74000
5.05000
73.11000
93.38000
79.30000
91.61000
91.34000
15.66000
76.39000
93.34000
40.31000
21.91000
77.11000
7.53000
22.49000
22.80000
97.32000
54.23000
66.12000
52.76000
78.62000
82.23000
26.18000
71.93000
86.37000
64.07000
84.44000
97.12000
9.59000
54.89000
23.78000
95.35000
9.50000
46.07000
48.78000
57.91000
76.70000
60.54000
29.89000
9.93000
94.02000
36.84000
60.32000
1.31000
68.04000
37.21000
60.00000
7.69000
30.07000
49.68000
72.65000
29.44000
36.20000
87.00000
67.71000
91.70000
68.24000
87.68000
39.38000
46.37000
33.77000
14.99000
6.61000
67.07000
63.12000
54.94000
13.09000
55.20000
14.35000
22.28000
28.28000
35.89000
67.30000
53.54000
46.38000
59.03000
46.21000
13.62000
17.28000
38.54000
37.96000
6.36000
40.63000
48.23000
70.56000
36.96000
38.50000
32.55000
67.06000
34.64000
45.32000
32.09000
74.25000
52.40000
21.26000
13.23000
64.67000
68.94000
50.23000
66.06000
35.61000
87.77000
42.91000
8.44000
9.12000
38.10000
33.70000
78.97000
32.00000
71.93000
81.79000
46.02000
76.77000
68.97000
73.08000
98.68000
41.75000
32.71000
17.25000
54.81000
47.96000
90.39000
47.71000
54.02000
43.21000
96.97000
47.43000
17.70000
45.86000
25.90000
60.75000
30.68000
77.46000
24.33000
8.63000
50.23000
40.72000
54.29000
89.45000
33.45000
47.39000
85.21000
31.35000
61.14000
35.99000
12.31000
82.22000
40.88000
68.77000
52.53000
19.68000
4.00000
34.76000
51.57000
42.13000
6.58000
45.71000
77.89000
75.71000
30.42000
40.13000
26.66000
71.29000
82.12000
80.29000
15.86000
4.53000
93.99000
55.20000
89.18000
73.79000
23.12000
76.61000
18.06000
7.23000
49.31000
47.23000
73.06000
85.43000
83.18000
64.50000
3.65000
50.61000
62.29000
49.62000
55.35000
56.55000
89.99000
6.09000
39.80000
20.11000
89.31000
61.13000
90.45000
80.88000
8.06000
69.72000
68.44000
7.22000
16.78000
10.59000
57.70000
87.24000
13.75000
85.23000
67.90000
39.80000
21.03000
24.86000
34.45000
4.49000
85.40000
80.46000
16.53000
46.68000
80.41000
32.76000
98.05000
58.47000
3.36000
83.25000
90.68000
55.71000
74.27000
62.15000
28.83000
94.12000
95.95000
17.64000
9.68000
18.46000
72.46000
98.17000
57.74000
12.41000
12.73000
13.38000
10.96000
8.31000
3.75000
4.98000
67.73000
62.22000
58.31000
42.41000
55.19000
56.97000
15.89000
20.87000
23.22000
98.13000
37.78000
58.31000
46.46000
19.02000
12.97000
99.43000
26.30000
73.73000
53.24000
14.68000
86.88000
46.07000
97.09000
95.26000
80.07000
41.62000
8.79000
63.11000
80.52000
91.71000
73.34000
60.95000
88.61000
54.40000
6.51000
02.96000
02.26000
01.15000
04.40000
04.57000
04.90000
03.07000
04.03000
01.81000
02.35000
03.28000
02.75000
01.26000
04.43000
02.86000
04.90000
02.50000
01.98000
03.89000
03.80000
02.09000
02.81000
01.45000
01.78000
01.64000
03.77000
03.62000
02.16000
03.70000
02.67000
03.47000
01.29000
03.86000
02.34000
03.09000
04.47000
02.70000
02.62000
01.54000
02.05000
01.79000
04.33000
02.92000
01.35000
03.72000
01.30000
04.29000
02.69000
04.06000
04.35000
04.42000
03.41000
03.84000
04.92000
04.41000
03.83000
02.83000
02.48000
01.58000
02.00000
02.97000
04.38000
03.12000
02.38000
01.97000
01.60000
01.24000
02.42000
02.51000
02.07000
01.14000
04.57000
04.32000
02.76000
01.03000
04.29000
04.08000
01.62000
04.10000
02.02000
03.51000
01.59000
02.56000
03.23000
01.30000
02.64000
01.61000
02.36000
01.17000
01.72000
03.46000
02.87000
03.80000
04.78000
03.31000
01.21000
02.91000
02.77000
01.36000
02.84000
02.61000
01.56000
02.61000
03.44000
04.15000
03.03000
01.38000
01.35000
04.73000
04.77000
02.98000
02.95000
01.18000
02.87000
02.73000
02.82000
03.33000
02.41000
04.98000
04.54000
02.00000
01.46000
03.03000
04.69000
01.02000
03.10000
03.23000
04.84000
01.23000
03.40000
04.90000
03.58000
04.44000
03.46000
04.37000
04.47000
01.49000
01.34000
02.96000
04.11000
04.21000
04.13000
03.00000
04.06000
01.42000
03.89000
03.83000
02.91000
02.95000
01.72000
02.35000
04.63000
01.33000
04.14000
02.35000
01.08000
04.64000
04.82000
02.22000
04.54000
01.92000
03.23000
01.40000
03.70000
03.12000
02.58000
04.35000
04.28000
03.18000
03.07000
04.52000
04.98000
02.07000
01.90000
04.37000
01.50000
04.74000
01.27000
03.34000
02.54000
01.13000
04.40000
01.90000
01.80000
02.21000
03.48000
01.49000
01.99000
03.93000
03.71000
04.57000
02.82000
03.23000
03.31000
02.58000
04.98000
02.08000
01.46000
04.00000
02.18000
01.93000
04.12000
03.76000
02.80000
01.15000
01.48000
03.04000
04.47000
03.63000
02.41000
04.49000
02.24000
04.46000
01.23000
01.70000
04.94000
03.70000
01.27000
01.25000
02.40000
02.44000
02.85000
02.70000
01.45000
02.76000
03.32000
02.65000
01.91000
03.73000
04.98000
02.66000
04.61000
01.43000
03.18000
01.32000
03.39000
04.94000
02.25000
02.20000
01.07000
04.33000
03.50000
01.88000
01.47000
02.70000
01.26000
01.95000
01.43000
04.11000
02.87000
01.64000
03.93000
01.37000
03.98000
03.37000
04.08000
03.89000
03.12000
02.97000
04.81000
02.50000
03.68000
04.14000
03.07000
03.40000
01.12000
03.58000
04.80000
01.80000
03.89000
03.00000
04.97000
01.91000
01.45000
01.09000
03.53000
04.92000
04.24000
01.57000
01.42000
01.04000
03.72000
01.14000
04.61000
01.47000
04.35000
01.49000
04.04000
02.42000
03.58000
01.33000
03.67000
01.08000
03.85000
04.37000
04.45000
03.67000
04.63000
03.30000
04.34000
04.03000
04.38000
03.46000
03.81000
02.44000
04.73000
03.17000
01.23000
02.15000
02.74000
04.21000
03.98000
04.49000
03.00000
02.42000
03.14000
03.78000
03.07000
02.62000
02.77000
03.35000
01.53000
02.65000
03.96000
03.53000
01.97000
01.32000
04.80000
01.65000
04.97000
02.47000
04.34000
04.04000
04.09000
02.93000
02.69000
02.02000
01.92000
04.52000
04.90000
03.93000
02.04000
02.07000
01.06000
03.08000
01.02000
03.41000
02.26000
01.82000
04.44000
04.71000
01.84000
04.22000
02.94000
03.79000
03.52000
03.20000
02.51000
03.05000
04.65000
02.72000
02.51000
02.44000
02.44000
01.23000
02.64000
02.93000
03.09000
02.18000
03.60000
02.45000
01.80000
02.02000
03.11000
03.97000
02.77000
02.21000
03.85000
03.44000
03.21000
01.20000
01.54000
01.82000
01.33000
02.44000
04.88000
01.04000
04.32000
02.39000
03.57000
04.08000
04.38000
02.50000
04.31000
02.87000
02.73000
01.22000
02.81000
02.38000
01.55000
01.16000
01.75000
02.36000
03.38000
01.29000
03.44000
03.93000
04.32000
03.56000
04.71000
02.80000
01.63000
03.56000
04.38000
01.07000
04.62000
01.86000
02.28000
01.80000
03.63000
04.04000
03.23000
01.08000
01.98000
04.68000
01.07000
03.97000
04.01000
03.36000
02.62000
04.57000
03.04000
04.65000
03.71000
01.95000
01.39000
02.13000
01.16000
04.18000
02.41000
02.39000
04.82000
04.35000
02.41000
04.99000
01.50000
04.53000
02.72000
02.52000
03.03000
04.28000
03.53000
02.02000
03.74000
01.45000
01.94000
04.38000
03.61000
02.44000
01.00000
03.04000
03.22000
03.44000
02.16000
04.69000
02.53000
01.66000
03.86000
01.03000
02.49000
03.30000
01.57000
04.77000
01.06000
03.56000
03.73000
01.61000
01.18000
02.66000
03.80000
02.25000
02.81000
01.78000
04.24000
02.41000
02.91000
03.13000
04.49000
02.77000
03.43000
01.93000
01.01000
01.04000
03.32000
02.36000
03.25000
03.94000
02.53000
01.64000
01.67000
4
48
21
8
16
8
25
17
34
24
36
39
31
26
4
32
33
10
12
3
45
27
40
4
47
1
38
11
6
43
3
37
7
22
18
3
19
29
2
5
46
49
9
30
41
7
23
28
35
20
13
44
6
6
5
42
50
4
14
15
53.71716
