50
7
99.21000
28.03000
41.46000
16.76000
32.11000
45.27000
70.59000
84.25000
99.98000
90.54000
48.75000
11.81000
95.29000
13.94000
66.19000
40.13000
47.20000
87.85000
29.07000
15.43000
73.02000
66.48000
6.00000
33.00000
31.74000
27.30000
79.49000
90.65000
68.54000
24.62000
98.48000
39.26000
70.24000
40.00000
24.83000
28.25000
11.86000
31.82000
81.81000
60.08000
6.07000
83.78000
11.65000
39.76000
55.73000
58.33000
15.94000
22.36000
4.36000
42.25000
52.85000
53.29000
33.51000
68.98000
26.65000
38.23000
14.83000
80.77000
67.36000
92.88000
23.12000
86.17000
89.28000
56.12000
78.62000
73.32000
57.75000
3.50000
29.90000
44.30000
38.65000
98.75000
98.29000
64.61000
49.93000
49.28000
36.44000
15.67000
12.06000
46.65000
68.79000
40.34000
94.57000
24.11000
50.09000
97.37000
72.53000
3.07000
9.87000
10.95000
69.07000
43.61000
3.96000
15.20000
10.85000
96.00000
64.98000
11.64000
73.60000
50.16000
10.50000
91.51000
82.70000
98.79000
23.60000
7.68000
59.93000
91.18000
10.91000
96.44000
97.29000
16.66000
92.07000
95.73000
80.07000
65.64000
54.15000
91.56000
31.25000
58.82000
94.14000
72.46000
61.94000
90.71000
76.43000
78.03000
24.97000
84.11000
77.35000
50.41000
59.29000
37.62000
38.66000
81.77000
45.56000
75.13000
15.04000
67.85000
51.61000
99.34000
25.56000
54.43000
84.93000
39.24000
4.26000
88.83000
43.17000
97.60000
47.56000
71.42000
82.49000
69.38000
77.92000
19.20000
64.93000
77.42000
91.74000
15.59000
4.00000
20.72000
93.00000
19.23000
85.47000
15.81000
39.31000
60.82000
75.90000
44.67000
38.32000
11.73000
65.17000
4.18000
1.24000
29.49000
20.92000
52.67000
88.31000
13.32000
36.12000
65.37000
65.32000
49.60000
81.52000
79.92000
46.11000
65.38000
55.17000
48.92000
47.08000
75.90000
29.93000
87.36000
36.65000
36.05000
5.93000
27.16000
83.81000
87.90000
59.12000
60.67000
7.40000
89.74000
16.88000
82.08000
16.33000
94.75000
31.28000
39.43000
46.39000
2.73000
96.66000
3.27000
86.50000
70.61000
29.46000
51.87000
15.77000
37.11000
6.57000
17.52000
48.97000
63.26000
20.78000
31.10000
93.05000
88.86000
29.31000
76.50000
93.62000
80.03000
3.30000
40.16000
84.48000
78.68000
76.33000
57.60000
39.09000
54.03000
98.86000
67.84000
19.07000
51.06000
83.80000
60.99000
25.75000
42.10000
58.00000
28.67000
49.58000
75.22000
1.68000
21.72000
47.53000
86.99000
99.73000
54.36000
78.79000
7.77000
32.14000
21.21000
64.55000
51.95000
95.27000
56.60000
35.89000
32.87000
92.04000
86.05000
99.70000
25.32000
74.42000
73.74000
92.15000
19.01000
95.91000
72.01000
24.20000
67.06000
63.09000
72.90000
32.15000
38.51000
82.06000
57.59000
31.04000
63.84000
12.96000
45.96000
61.25000
89.44000
14.50000
47.05000
40.93000
26.12000
98.43000
9.56000
13.54000
95.61000
80.03000
69.38000
90.72000
68.89000
48.91000
81.57000
43.40000
52.37000
39.32000
31.37000
55.23000
77.97000
31.71000
92.39000
21.55000
67.72000
8.83000
69.87000
49.63000
44.18000
41.59000
42.84000
13.15000
80.99000
41.57000
17.64000
96.72000
55.31000
8.54000
76.40000
53.38000
93.35000
79.93000
30.53000
46.07000
25.88000
85.33000
64.28000
4.18000
31.71000
91.03000
91.14000
69.00000
93.19000
53.46000
1.45000
49.26000
45.72000
66.75000
8.82000
64.58000
23.26000
06.82000
08.77000
06.14000
05.95000
07.54000
08.84000
07.01000
05.32000
09.13000
05.36000
05.68000
05.34000
05.56000
08.56000
05.97000
07.06000
09.88000
09.65000
09.61000
06.25000
06.84000
08.39000
08.70000
06.00000
05.28000
05.52000
08.24000
09.13000
05.73000
05.33000
08.61000
05.73000
07.83000
08.11000
08.10000
05.67000
07.85000
07.65000
05.37000
06.07000
06.23000
08.79000
06.99000
08.82000
05.05000
09.86000
09.90000
08.09000
05.49000
05.22000
08.29000
07.47000
08.94000
06.84000
07.25000
08.90000
09.29000
06.43000
08.02000
06.09000
06.27000
07.07000
06.09000
05.97000
09.29000
08.04000
09.22000
09.57000
08.81000
06.55000
09.91000
09.60000
08.79000
05.16000
07.95000
07.89000
09.20000
09.34000
07.90000
07.90000
08.54000
09.94000
06.56000
07.26000
06.33000
05.73000
05.51000
05.22000
05.57000
05.82000
08.60000
05.18000
05.32000
07.25000
09.44000
07.17000
08.14000
07.45000
08.90000
05.37000
05.99000
05.70000
07.02000
07.86000
08.90000
05.73000
08.21000
06.38000
08.29000
06.57000
06.62000
05.75000
08.54000
05.41000
07.13000
09.60000
09.41000
06.73000
08.75000
07.62000
08.55000
09.77000
07.16000
07.97000
09.02000
06.03000
07.14000
09.85000
06.74000
06.76000
05.15000
05.99000
08.04000
05.51000
06.77000
05.10000
07.13000
05.58000
09.22000
09.42000
08.63000
07.52000
08.87000
07.23000
05.03000
06.67000
08.72000
05.29000
09.22000
05.62000
07.94000
06.47000
08.83000
05.96000
09.61000
06.24000
06.42000
07.85000
06.06000
08.39000
07.85000
09.96000
06.64000
07.78000
07.07000
05.15000
09.21000
09.62000
05.25000
05.41000
07.66000
07.05000
08.36000
09.36000
09.39000
08.58000
09.61000
09.79000
07.81000
05.61000
06.99000
06.10000
09.87000
09.93000
05.74000
06.84000
08.50000
06.24000
05.90000
07.20000
05.16000
09.60000
09.73000
06.53000
07.34000
07.99000
09.29000
05.79000
06.03000
09.75000
06.28000
06.44000
09.14000
07.10000
06.03000
09.54000
09.03000
05.58000
06.41000
05.54000
08.79000
05.03000
06.59000
08.01000
08.70000
06.09000
07.39000
09.05000
09.48000
06.67000
08.77000
06.76000
09.72000
09.45000
07.34000
07.75000
08.39000
09.35000
08.82000
09.66000
07.38000
06.10000
05.60000
08.64000
08.94000
06.65000
09.21000
06.86000
08.23000
07.74000
07.79000
09.99000
05.79000
08.37000
08.66000
09.74000
05.06000
07.32000
05.76000
06.31000
06.07000
05.47000
05.24000
08.54000
06.13000
05.22000
09.21000
08.71000
05.73000
08.76000
08.26000
07.77000
07.48000
08.25000
05.21000
06.49000
08.74000
07.47000
06.35000
06.04000
09.13000
09.34000
09.01000
05.48000
08.05000
08.44000
09.02000
09.26000
07.15000
08.47000
08.23000
09.73000
07.86000
09.78000
07.02000
09.61000
08.86000
06.86000
06.77000
09.52000
08.62000
05.84000
07.37000
05.49000
07.84000
07.00000
09.75000
06.42000
07.02000
07.24000
09.13000
08.06000
08.01000
05.31000
05.48000
07.82000
07.75000
06.45000
07.95000
05.65000
06.02000
08.95000
09.90000
05.86000
07.94000
09.81000
07.57000
07.54000
05.25000
09.56000
07.60000
07.03000
08.85000
09.73000
09.51000
05.44000
06.28000
05.39000
08.23000
06.15000
09.22000
07.60000
06.57000
07.29000
05.99000
05.95000
07.73000
09.29000
09.04000
06.05000
07.80000
07.31000
07.47000
07.01000
08.26000
08.78000
09.53000
08.97000
08.49000
05.92000
6
36
26
30
35
41
49
9
11
40
39
7
48
29
43
38
18
4
42
33
6
45
8
4
20
25
14
28
9
22
23
8
32
5
17
3
19
12
10
31
7
16
2
24
46
47
8
1
8
50
34
13
21
27
15
37
44
128.06960
