50
10
115.83000
119.44000
186.31000
143.62000
145.95000
101.90000
125.64000
113.46000
145.35000
111.56000
164.13000
193.51000
130.07000
170.69000
130.33000
118.54000
141.11000
126.56000
177.72000
148.31000
144.50000
151.43000
184.84000
167.60000
131.23000
142.56000
155.20000
186.15000
117.34000
122.23000
117.32000
138.74000
143.84000
137.69000
124.70000
185.14000
176.74000
161.22000
155.87000
110.11000
107.06000
190.07000
114.34000
123.41000
150.81000
146.52000
128.62000
159.82000
149.01000
177.83000
124.56000
194.36000
100.02000
148.43000
193.45000
174.99000
183.03000
146.73000
148.48000
162.94000
121.12000
199.44000
133.79000
158.62000
170.93000
119.43000
118.52000
187.40000
114.11000
144.61000
196.82000
199.69000
157.30000
137.86000
187.81000
170.88000
132.14000
187.07000
135.64000
101.34000
195.26000
105.14000
109.46000
116.48000
128.31000
129.95000
103.40000
166.69000
137.92000
124.40000
136.61000
127.35000
155.75000
176.37000
153.22000
198.85000
138.43000
198.75000
122.37000
106.59000
161.85000
126.24000
111.02000
140.69000
162.54000
198.15000
119.99000
152.96000
100.98000
198.53000
187.22000
117.34000
174.44000
130.90000
122.47000
149.83000
105.18000
123.78000
160.51000
191.46000
140.47000
130.67000
161.11000
108.25000
152.57000
130.10000
109.03000
191.20000
138.74000
125.58000
114.03000
156.34000
121.27000
145.63000
110.89000
144.68000
147.40000
143.76000
159.36000
122.23000
189.40000
198.49000
144.22000
180.01000
144.55000
113.33000
175.22000
134.04000
135.11000
116.80000
175.88000
181.05000
148.56000
161.60000
108.09000
144.83000
186.53000
119.87000
142.54000
127.37000
111.33000
109.59000
154.64000
160.31000
110.83000
174.91000
144.78000
100.29000
197.94000
184.95000
138.34000
128.94000
110.54000
133.88000
185.71000
152.92000
111.53000
140.81000
162.29000
103.85000
188.80000
149.90000
168.46000
138.38000
155.23000
130.28000
129.62000
138.16000
148.72000
176.11000
196.16000
109.81000
132.15000
106.50000
143.46000
184.98000
193.43000
165.62000
171.93000
120.32000
158.17000
135.35000
183.88000
114.69000
181.80000
158.84000
140.65000
169.81000
188.21000
113.64000
141.32000
170.48000
155.90000
184.51000
176.91000
113.98000
188.39000
181.21000
163.44000
122.58000
114.20000
138.52000
141.91000
143.53000
186.85000
116.19000
178.35000
149.11000
184.83000
199.00000
163.77000
136.59000
111.69000
196.70000
114.19000
128.21000
195.92000
144.07000
170.61000
171.26000
191.05000
100.87000
199.07000
138.00000
175.59000
151.86000
190.57000
125.69000
153.05000
106.82000
152.55000
123.65000
128.23000
127.28000
169.39000
179.81000
174.51000
199.25000
193.65000
180.20000
178.41000
143.79000
131.98000
187.73000
159.08000
136.29000
116.01000
190.29000
160.65000
177.13000
102.40000
100.77000
152.26000
191.71000
172.78000
157.05000
128.06000
130.42000
133.79000
122.02000
107.19000
168.64000
117.07000
183.59000
133.79000
106.77000
179.26000
154.64000
176.99000
170.20000
102.01000
173.05000
130.94000
109.32000
191.95000
101.72000
114.78000
199.52000
180.72000
128.55000
136.55000
164.19000
115.78000
102.77000
124.95000
172.10000
150.45000
134.34000
142.71000
140.71000
166.23000
181.49000
149.58000
136.03000
135.39000
122.74000
130.34000
149.09000
155.18000
161.61000
194.74000
195.89000
147.88000
126.60000
177.56000
117.46000
160.76000
171.24000
138.56000
179.80000
166.07000
174.04000
162.50000
173.93000
161.09000
138.52000
159.15000
115.88000
168.07000
193.18000
163.28000
146.65000
134.29000
191.56000
134.66000
132.26000
132.01000
112.15000
158.04000
163.72000
153.00000
191.41000
149.36000
192.24000
180.85000
185.46000
124.87000
130.48000
135.37000
188.30000
192.86000
171.47000
154.44000
194.08000
103.74000
121.83000
100.96000
121.94000
132.88000
113.22000
162.82000
116.02000
180.68000
102.27000
152.91000
145.45000
172.53000
170.62000
109.11000
104.38000
158.81000
124.91000
194.33000
111.95000
114.93000
196.79000
196.45000
112.30000
141.27000
142.90000
128.36000
174.57000
163.22000
144.87000
127.95000
192.90000
131.18000
109.34000
158.11000
186.43000
195.28000
148.22000
112.21000
138.24000
135.97000
100.34000
163.09000
169.34000
179.16000
194.12000
108.84000
187.61000
165.86000
176.82000
103.00000
152.81000
162.09000
120.70000
124.06000
149.70000
158.86000
123.04000
175.54000
188.05000
172.19000
106.10000
185.97000
102.63000
143.10000
117.15000
108.86000
153.21000
137.59000
128.44000
122.72000
124.54000
146.70000
137.25000
131.06000
126.39000
186.42000
165.84000
162.42000
193.54000
197.78000
161.48000
170.29000
185.73000
146.79000
196.43000
174.17000
116.12000
173.93000
168.96000
150.75000
136.18000
173.43000
131.11000
112.31000
193.65000
189.33000
140.24000
127.97000
113.91000
103.29000
134.24000
191.89000
147.37000
121.94000
176.00000
123.19000
169.41000
176.92000
153.41000
166.02000
180.41000
124.88000
179.36000
189.52000
105.78000
147.46000
191.75000
187.83000
195.90000
151.29000
153.46000
180.09000
126.17000
168.02000
152.38000
110.44000
196.97000
154.29000
101.40000
148.03000
133.69000
191.73000
138.42000
186.99000
186.73000
04.47000
01.29000
01.41000
01.81000
04.21000
03.81000
03.16000
02.97000
01.88000
01.31000
03.26000
01.15000
03.56000
03.12000
02.29000
04.18000
04.33000
03.58000
01.83000
04.89000
04.27000
02.00000
04.45000
01.11000
04.46000
02.73000
01.73000
03.67000
02.98000
03.08000
02.25000
04.39000
02.89000
01.38000
03.58000
04.11000
04.29000
04.97000
04.32000
04.65000
04.25000
02.17000
04.02000
04.84000
04.85000
02.30000
03.28000
04.51000
01.16000
03.71000
01.12000
02.00000
04.60000
02.33000
02.98000
04.02000
04.89000
04.35000
02.75000
01.40000
02.82000
04.09000
03.15000
02.11000
03.60000
04.01000
03.86000
03.10000
01.42000
03.55000
01.59000
02.32000
03.49000
03.18000
02.05000
02.72000
02.02000
04.34000
03.94000
04.25000
02.19000
01.49000
02.96000
03.88000
02.23000
02.08000
03.82000
03.54000
01.33000
02.56000
04.21000
02.21000
03.70000
04.39000
02.85000
03.82000
02.53000
02.02000
03.43000
01.33000
04.87000
02.47000
03.77000
02.07000
03.95000
03.07000
02.98000
04.94000
04.74000
02.49000
01.44000
03.82000
03.59000
04.33000
02.00000
04.76000
01.81000
01.16000
04.47000
02.87000
01.74000
02.55000
01.68000
02.20000
02.69000
03.09000
03.47000
03.84000
01.01000
02.36000
04.65000
01.87000
02.02000
04.93000
01.07000
03.37000
04.05000
04.37000
01.53000
04.41000
02.41000
03.28000
03.89000
02.08000
01.46000
01.22000
02.95000
02.44000
02.50000
02.78000
02.23000
03.57000
04.70000
01.88000
02.81000
02.92000
02.71000
02.01000
03.36000
04.27000
02.55000
02.62000
02.85000
03.82000
01.67000
02.42000
01.23000
02.78000
02.54000
01.09000
03.44000
03.34000
04.59000
03.35000
03.45000
04.72000
04.29000
02.89000
04.20000
03.11000
03.08000
02.43000
01.65000
03.72000
03.43000
01.66000
04.75000
04.75000
04.78000
01.30000
03.46000
01.41000
03.58000
03.03000
04.72000
01.89000
01.29000
01.56000
04.50000
03.41000
04.75000
03.14000
02.37000
01.36000
01.88000
03.36000
02.65000
02.90000
03.34000
02.07000
03.92000
01.23000
03.69000
01.10000
03.24000
04.67000
02.51000
03.28000
02.71000
02.55000
04.39000
04.44000
01.39000
01.20000
02.89000
01.40000
03.37000
03.94000
04.60000
04.00000
01.71000
03.10000
01.10000
03.06000
02.51000
04.02000
04.97000
02.41000
04.84000
01.01000
01.78000
02.88000
04.77000
01.41000
02.11000
02.30000
03.39000
01.55000
01.53000
03.49000
01.94000
04.32000
03.20000
01.51000
03.67000
04.90000
01.53000
02.32000
04.77000
04.42000
01.19000
02.67000
04.42000
03.33000
03.89000
01.51000
02.84000
03.09000
04.33000
02.80000
01.23000
02.15000
02.22000
03.49000
01.79000
03.96000
02.25000
01.54000
03.72000
04.98000
02.13000
03.89000
03.23000
02.66000
04.57000
02.51000
01.52000
03.45000
01.26000
02.34000
04.79000
02.81000
04.92000
01.33000
04.26000
01.18000
01.24000
02.45000
04.11000
04.03000
01.54000
02.46000
01.14000
04.47000
04.72000
03.36000
03.89000
01.66000
02.62000
03.22000
03.16000
03.22000
04.08000
02.13000
02.27000
03.74000
02.93000
01.16000
01.56000
02.80000
01.98000
02.39000
02.34000
04.98000
01.08000
04.90000
02.96000
03.84000
01.05000
04.77000
02.73000
01.98000
03.71000
03.07000
01.99000
02.96000
03.89000
01.89000
02.06000
03.38000
01.43000
04.29000
01.27000
04.79000
01.15000
02.37000
02.96000
01.80000
04.88000
01.19000
03.69000
03.20000
02.13000
02.88000
04.41000
04.54000
03.26000
03.05000
02.19000
01.08000
01.54000
03.13000
04.46000
01.51000
02.93000
02.34000
03.70000
03.55000
02.37000
04.88000
01.34000
01.89000
03.83000
03.95000
03.85000
04.24000
04.25000
01.75000
02.67000
03.29000
01.58000
01.49000
02.26000
04.76000
02.79000
03.37000
04.07000
03.35000
03.82000
04.59000
02.56000
02.76000
01.63000
03.35000
01.17000
03.69000
02.16000
02.87000
04.37000
03.84000
04.71000
01.42000
04.69000
04.67000
04.42000
04.83000
02.31000
03.72000
02.09000
01.48000
02.79000
02.56000
04.78000
01.72000
03.72000
02.02000
04.58000
04.86000
03.66000
03.93000
02.57000
03.24000
02.21000
03.11000
04.81000
02.18000
03.93000
03.40000
02.40000
04.02000
02.41000
01.62000
03.41000
04.07000
04.22000
03.59000
04.92000
02.68000
04.94000
04.15000
05.00000
01.16000
01.15000
03.13000
02.73000
01.84000
02.42000
01.35000
02.20000
04.06000
03.09000
03.63000
01.28000
03.73000
03.28000
04.16000
02.84000
01.33000
01.52000
04.46000
02.69000
01.56000
01.52000
01.47000
03.02000
03.84000
03.98000
01.14000
03.03000
04.65000
02.60000
02.44000
02.94000
01.42000
04.09000
01.31000
03.94000
04.63000
04.15000
02.71000
04.23000
01.71000
03.48000
04.58000
03.02000
01.12000
03.79000
01.89000
04.52000
04.31000
03.78000
02.59000
01.92000
01.75000
03.14000
03.62000
01.43000
04.87000
02.60000
02.95000
5
10
8
25
6
40
5
1
32
49
34
37
5
24
7
27
12
9
5
36
18
50
30
23
5
33
26
35
42
21
5
47
46
22
2
43
5
3
48
38
5
4
5
45
16
29
17
20
5
31
11
28
15
39
5
13
14
44
19
41
600.07040
