50
4
58.93000
67.69000
18.70000
69.61000
20.72000
57.52000
8.16000
85.95000
47.90000
36.17000
33.60000
12.21000
81.67000
43.84000
36.26000
86.60000
63.26000
21.77000
56.34000
52.36000
32.89000
10.15000
35.06000
48.68000
30.77000
49.23000
12.65000
16.80000
97.12000
80.20000
29.32000
95.94000
74.17000
44.30000
26.30000
29.30000
2.12000
80.73000
43.79000
55.12000
20.21000
31.73000
23.02000
15.60000
69.64000
36.50000
4.21000
49.97000
91.64000
36.28000
19.17000
47.01000
40.91000
33.59000
9.83000
54.93000
8.28000
7.79000
44.40000
11.64000
52.06000
12.75000
88.87000
81.10000
39.20000
14.45000
10.18000
31.29000
34.68000
77.86000
71.32000
26.16000
4.47000
69.94000
40.26000
31.69000
13.54000
55.66000
80.95000
13.85000
27.85000
100.00000
60.37000
37.60000
13.38000
69.91000
43.49000
68.92000
35.08000
30.38000
95.28000
73.78000
58.94000
46.37000
82.70000
18.14000
50.92000
83.84000
70.73000
65.97000
92.60000
82.65000
79.67000
81.18000
49.15000
58.45000
49.38000
75.17000
54.45000
18.80000
63.20000
98.57000
99.22000
53.43000
12.85000
43.10000
75.18000
54.05000
87.05000
97.49000
72.05000
11.38000
78.52000
54.44000
80.55000
15.14000
76.97000
3.69000
91.38000
56.05000
73.13000
34.95000
95.29000
25.83000
57.70000
39.93000
82.97000
14.20000
21.42000
9.36000
45.15000
11.87000
54.00000
32.95000
71.56000
9.57000
47.16000
2.43000
53.90000
97.01000
31.78000
72.30000
17.70000
43.80000
6.20000
83.80000
36.32000
45.74000
72.88000
5.81000
6.43000
64.92000
49.28000
51.78000
42.49000
17.80000
49.88000
39.18000
60.99000
18.85000
90.14000
82.50000
77.38000
83.54000
86.53000
98.18000
8.14000
29.34000
54.52000
2.71000
66.73000
69.72000
9.58000
9.55000
70.63000
22.14000
66.18000
35.17000
35.30000
1.07000
41.79000
95.04000
75.21000
21.99000
50.87000
6.62000
7.83000
1.36000
9.89000
82.39000
05.57000
06.75000
06.76000
09.22000
06.87000
09.12000
09.50000
08.20000
09.52000
09.44000
08.04000
07.08000
07.42000
06.60000
06.28000
09.76000
09.48000
09.53000
08.13000
05.15000
09.60000
07.12000
07.50000
07.17000
06.69000
08.28000
08.29000
09.70000
09.65000
06.92000
09.40000
06.67000
07.40000
06.94000
09.75000
06.97000
08.83000
07.25000
08.25000
09.51000
07.86000
06.75000
08.79000
08.20000
08.39000
09.36000
05.28000
06.95000
09.32000
08.97000
07.23000
05.62000
09.86000
07.49000
08.31000
06.89000
05.09000
09.49000
08.97000
07.17000
09.99000
08.08000
09.40000
06.62000
09.72000
08.42000
09.73000
05.39000
09.44000
05.66000
05.12000
08.64000
09.30000
09.96000
05.74000
06.52000
09.46000
06.47000
06.73000
09.19000
05.07000
05.34000
08.25000
06.81000
06.30000
06.75000
05.47000
09.54000
08.29000
05.83000
08.53000
07.52000
06.21000
07.76000
07.60000
05.93000
05.21000
07.67000
07.82000
09.90000
08.12000
08.11000
08.38000
06.80000
06.63000
09.02000
05.52000
05.57000
09.00000
08.51000
07.23000
06.14000
06.64000
08.00000
09.90000
09.90000
05.95000
08.89000
09.96000
08.27000
08.35000
07.59000
08.80000
07.66000
05.24000
05.51000
07.83000
09.46000
08.02000
09.05000
08.47000
05.08000
08.10000
09.61000
07.10000
05.94000
06.89000
08.61000
05.15000
08.43000
05.80000
07.45000
09.01000
08.97000
06.22000
07.54000
05.10000
08.96000
09.57000
05.27000
06.69000
06.95000
08.58000
07.43000
07.88000
05.34000
08.70000
07.89000
06.35000
08.53000
07.42000
06.98000
09.74000
09.19000
07.39000
07.37000
05.71000
09.98000
06.28000
06.72000
06.92000
08.54000
06.73000
07.67000
06.04000
07.54000
06.41000
07.88000
05.70000
09.64000
07.98000
05.02000
08.57000
07.48000
09.07000
06.73000
07.31000
08.72000
07.37000
05.67000
09.57000
06.03000
05.51000
09.50000
08.01000
07.05000
06.16000
05.88000
05.28000
09.45000
12
14
25
50
21
43
41
18
44
12
22
47
37
12
2
31
9
4
19
1
35
7
5
17
8
23
11
24
32
36
6
39
26
38
42
46
15
28
15
29
45
13
20
16
3
49
27
34
33
11
10
30
48
40
348.73210
