50
4
58.61000
22.94000
70.87000
56.85000
72.01000
97.63000
54.69000
51.32000
36.32000
46.67000
59.04000
39.23000
90.75000
9.27000
25.12000
60.82000
77.54000
25.65000
92.16000
57.29000
36.89000
37.02000
3.38000
68.87000
9.03000
83.61000
96.00000
36.77000
34.18000
7.63000
14.22000
1.22000
53.54000
47.31000
95.28000
2.43000
8.35000
44.85000
82.40000
80.62000
37.82000
40.49000
15.78000
78.01000
83.17000
74.44000
34.65000
34.82000
85.62000
87.92000
19.00000
80.09000
92.36000
32.82000
28.58000
10.26000
58.54000
57.65000
41.87000
47.00000
60.92000
73.03000
24.82000
57.27000
65.44000
44.93000
42.40000
7.04000
38.08000
38.32000
60.59000
60.28000
43.81000
19.16000
45.36000
83.96000
48.60000
52.43000
61.66000
44.05000
18.41000
5.09000
75.48000
5.52000
18.22000
41.11000
52.77000
33.34000
13.99000
27.46000
58.51000
93.47000
70.70000
29.11000
58.67000
52.89000
55.31000
12.03000
19.22000
75.55000
16.43000
45.87000
47.28000
12.00000
93.81000
64.38000
55.84000
16.21000
55.97000
2.47000
43.53000
83.87000
91.63000
48.87000
1.09000
7.69000
92.51000
95.29000
18.22000
75.39000
49.32000
33.46000
85.65000
79.70000
51.80000
52.08000
95.10000
11.33000
90.65000
42.89000
37.29000
58.99000
57.60000
95.60000
1.92000
15.42000
42.36000
2.92000
78.73000
69.32000
35.65000
52.58000
60.43000
13.42000
28.19000
37.30000
36.75000
36.43000
10.70000
46.79000
60.53000
96.70000
19.76000
48.85000
82.88000
47.08000
41.45000
93.31000
8.77000
16.24000
23.91000
65.29000
51.67000
19.64000
81.61000
79.24000
29.04000
72.77000
32.02000
51.65000
55.35000
92.08000
88.60000
96.98000
47.08000
93.05000
68.84000
32.70000
19.69000
91.14000
87.19000
72.28000
87.65000
2.82000
60.12000
33.19000
68.43000
41.56000
3.11000
29.89000
76.49000
24.84000
30.62000
77.85000
28.31000
67.11000
59.13000
93.55000
38.36000
84.85000
08.93000
09.03000
06.55000
06.03000
06.16000
07.29000
08.89000
07.07000
07.09000
05.84000
09.37000
05.36000
05.61000
08.59000
06.91000
09.79000
05.63000
09.44000
05.39000
09.28000
06.05000
07.30000
08.73000
07.73000
05.79000
06.07000
05.84000
09.05000
08.75000
09.66000
05.63000
07.14000
08.83000
06.98000
06.99000
05.91000
09.95000
06.93000
08.83000
09.27000
06.00000
08.42000
05.07000
06.12000
05.90000
05.36000
09.60000
05.37000
08.54000
06.65000
07.05000
05.09000
06.24000
06.46000
09.01000
06.89000
05.39000
09.54000
06.65000
08.80000
05.32000
05.31000
05.15000
05.96000
06.16000
08.91000
09.64000
08.54000
08.09000
05.51000
05.29000
06.70000
06.26000
05.26000
07.26000
05.58000
05.81000
08.31000
05.70000
05.35000
06.92000
09.83000
05.76000
06.16000
09.73000
09.97000
07.61000
08.16000
09.41000
08.88000
06.40000
06.52000
06.10000
06.73000
07.28000
06.39000
09.96000
08.66000
05.42000
07.93000
07.81000
09.03000
05.82000
07.00000
06.76000
07.21000
05.82000
07.97000
09.42000
08.83000
05.24000
05.58000
07.19000
05.28000
05.46000
06.23000
06.48000
07.99000
07.92000
06.34000
08.70000
08.34000
09.00000
07.30000
05.25000
07.76000
05.12000
05.52000
07.53000
07.63000
07.68000
07.41000
06.97000
09.38000
08.08000
09.37000
09.95000
09.41000
07.74000
07.81000
07.89000
09.12000
08.06000
09.15000
07.19000
09.93000
05.45000
09.77000
09.27000
08.23000
05.73000
06.33000
06.03000
09.11000
08.40000
07.73000
09.43000
06.88000
06.95000
07.53000
05.03000
06.88000
09.01000
08.39000
05.48000
06.77000
07.26000
07.97000
08.43000
09.20000
09.33000
08.92000
06.55000
06.83000
07.90000
08.90000
07.48000
07.32000
05.62000
05.56000
08.89000
08.33000
05.13000
06.57000
08.43000
07.50000
09.11000
09.58000
08.76000
07.51000
05.20000
07.24000
07.53000
05.99000
06.07000
07.21000
07.40000
05.61000
09.36000
07.15000
13
4
24
41
32
16
29
39
43
50
14
45
15
38
14
34
25
36
23
33
17
9
30
3
21
13
35
1
19
10
26
48
2
46
49
5
22
31
18
44
13
10
8
11
47
28
37
42
7
6
40
12
20
27
337.90910
