50
10
45.15000
87.93000
61.89000
72.31000
83.04000
17.04000
79.65000
17.68000
86.18000
59.99000
52.03000
69.36000
88.99000
59.39000
25.81000
82.33000
51.64000
80.60000
72.55000
35.31000
58.03000
15.72000
90.52000
30.79000
18.85000
78.61000
2.79000
96.99000
67.51000
12.88000
54.14000
88.91000
65.18000
81.87000
19.10000
84.26000
95.77000
78.70000
92.99000
86.53000
69.96000
19.22000
99.83000
24.94000
22.16000
43.03000
86.42000
51.49000
11.53000
17.50000
87.82000
88.33000
17.76000
93.61000
52.38000
54.51000
30.08000
39.16000
63.05000
18.19000
91.80000
13.33000
33.61000
47.82000
30.08000
96.95000
1.57000
38.58000
92.78000
98.59000
29.19000
9.43000
57.56000
49.58000
5.47000
4.07000
23.79000
5.99000
42.18000
90.95000
16.61000
48.64000
77.84000
66.27000
85.92000
85.11000
75.70000
47.98000
9.34000
47.73000
23.78000
79.77000
84.26000
91.56000
33.83000
32.09000
38.83000
99.43000
44.38000
97.15000
68.64000
77.29000
25.59000
51.82000
24.40000
63.21000
95.65000
31.44000
61.13000
88.44000
78.27000
33.54000
95.69000
76.02000
1.68000
92.55000
69.69000
72.74000
17.86000
69.62000
48.49000
51.14000
6.54000
48.68000
23.18000
8.53000
70.20000
39.40000
9.62000
65.94000
39.08000
76.19000
48.42000
72.16000
65.14000
20.23000
6.93000
98.73000
28.13000
54.42000
74.26000
43.96000
30.52000
89.44000
68.27000
28.88000
1.54000
60.71000
29.56000
1.29000
78.47000
94.25000
28.75000
99.15000
74.16000
5.65000
94.10000
83.74000
68.51000
35.69000
28.36000
35.57000
6.20000
85.74000
85.61000
66.38000
54.70000
81.95000
49.66000
15.70000
10.20000
74.20000
26.09000
44.79000
89.65000
38.13000
46.23000
42.66000
39.75000
73.12000
67.15000
22.07000
27.94000
6.32000
70.67000
20.53000
48.43000
85.61000
63.37000
1.30000
21.17000
88.62000
76.57000
51.40000
88.85000
15.75000
67.35000
84.58000
22.93000
90.12000
76.54000
56.42000
94.38000
29.06000
18.64000
96.87000
50.86000
16.65000
10.48000
78.88000
77.39000
68.20000
49.37000
5.93000
84.64000
1.56000
58.34000
5.26000
8.03000
55.35000
84.18000
30.84000
5.72000
96.91000
99.45000
61.40000
62.63000
18.35000
2.43000
1.44000
89.43000
33.53000
13.16000
77.16000
21.55000
84.05000
79.44000
44.57000
17.14000
37.27000
74.82000
80.38000
61.12000
82.29000
95.58000
89.08000
64.16000
36.98000
64.76000
98.90000
87.37000
30.65000
79.75000
32.37000
86.96000
15.10000
41.74000
67.05000
2.15000
30.50000
3.06000
46.24000
6.59000
9.16000
50.71000
13.65000
1.66000
7.16000
98.47000
37.71000
12.49000
6.33000
84.85000
13.63000
88.97000
13.25000
72.10000
59.36000
8.74000
59.22000
48.24000
20.60000
69.19000
2.34000
26.02000
64.80000
97.45000
22.41000
42.97000
87.15000
44.40000
27.03000
62.34000
7.61000
83.70000
47.51000
72.15000
67.87000
17.71000
40.92000
91.70000
7.68000
94.05000
77.04000
22.48000
15.66000
63.82000
23.51000
47.58000
67.00000
89.43000
27.46000
46.73000
47.64000
62.98000
86.19000
23.40000
66.22000
99.34000
23.74000
5.83000
58.18000
41.09000
84.90000
47.00000
82.68000
52.61000
44.21000
26.64000
25.63000
26.00000
96.97000
47.23000
94.71000
76.10000
67.22000
38.01000
27.33000
45.53000
1.75000
51.94000
80.66000
98.65000
71.11000
67.76000
41.61000
28.55000
74.59000
88.95000
18.87000
35.51000
47.94000
1.47000
67.86000
10.60000
65.05000
61.40000
57.33000
5.42000
39.34000
91.75000
32.01000
26.54000
33.07000
12.48000
66.54000
6.29000
34.25000
65.27000
62.31000
99.75000
55.64000
21.59000
44.45000
90.72000
35.75000
73.62000
62.85000
84.80000
36.85000
42.32000
93.15000
14.30000
46.95000
70.39000
36.73000
34.30000
78.80000
28.28000
17.74000
27.62000
70.93000
9.18000
86.05000
99.84000
85.59000
32.04000
19.31000
84.28000
11.79000
9.44000
10.16000
97.26000
96.41000
19.81000
67.69000
60.62000
84.55000
71.61000
98.68000
17.65000
1.48000
26.01000
69.50000
39.90000
23.95000
65.94000
70.24000
25.66000
56.44000
3.05000
17.77000
95.98000
28.16000
69.76000
51.69000
99.63000
91.11000
28.25000
39.35000
9.18000
26.01000
61.43000
70.86000
19.91000
34.35000
79.96000
63.08000
54.86000
45.35000
19.28000
56.61000
61.83000
12.99000
37.54000
17.81000
13.36000
15.02000
20.66000
36.77000
82.21000
78.52000
64.01000
16.79000
9.43000
24.87000
94.09000
62.58000
74.42000
91.30000
30.12000
24.45000
17.70000
74.01000
20.97000
7.99000
99.53000
90.96000
42.28000
44.52000
10.91000
86.83000
94.43000
91.10000
61.62000
31.09000
4.57000
30.57000
91.16000
16.92000
20.58000
67.50000
62.80000
63.28000
19.10000
35.22000
63.54000
15.86000
99.51000
88.79000
7.16000
42.13000
88.95000
12.04000
30.15000
37.26000
37.31000
9.55000
95.78000
20.22000
05.62000
05.91000
06.19000
05.80000
05.54000
07.40000
05.57000
08.73000
08.55000
09.45000
09.65000
08.37000
09.42000
05.92000
06.32000
06.68000
09.18000
06.89000
09.75000
06.90000
05.13000
08.71000
05.35000
08.48000
05.80000
08.99000
09.78000
07.17000
05.97000
06.58000
05.95000
09.92000
06.68000
06.56000
08.02000
09.97000
05.22000
05.28000
06.40000
06.78000
05.11000
05.36000
07.75000
06.07000
06.15000
05.62000
09.99000
09.83000
09.36000
06.17000
08.48000
06.91000
07.07000
08.81000
09.87000
08.76000
08.88000
08.94000
09.59000
06.30000
08.52000
05.05000
05.69000
09.16000
07.17000
09.88000
07.51000
08.22000
07.28000
07.45000
05.59000
05.61000
07.55000
08.01000
06.77000
09.71000
07.90000
08.05000
09.10000
05.14000
09.54000
05.35000
06.91000
07.79000
09.91000
08.89000
05.75000
09.79000
07.69000
08.93000
07.45000
09.51000
07.82000
06.98000
05.08000
06.58000
06.51000
05.79000
07.94000
06.88000
06.62000
09.38000
09.89000
07.52000
07.51000
07.02000
07.36000
07.52000
08.94000
06.53000
05.90000
06.94000
08.52000
09.55000
06.22000
05.54000
05.08000
08.99000
05.30000
09.37000
08.73000
09.03000
06.35000
05.71000
05.81000
05.06000
08.86000
08.10000
08.92000
08.75000
08.54000
06.32000
06.91000
08.01000
07.37000
06.40000
09.88000
06.99000
08.57000
05.64000
09.18000
06.12000
06.61000
07.57000
07.40000
07.04000
07.22000
06.96000
08.39000
07.67000
08.50000
05.18000
06.70000
07.96000
06.81000
08.22000
09.61000
07.56000
05.64000
08.60000
07.70000
07.44000
08.37000
06.25000
07.47000
05.67000
09.62000
07.38000
06.68000
06.56000
05.27000
09.42000
09.31000
05.67000
07.46000
06.06000
05.64000
09.83000
09.56000
07.24000
07.17000
07.09000
06.19000
09.17000
06.64000
06.78000
08.25000
09.27000
08.06000
09.47000
07.85000
06.24000
06.69000
06.96000
08.39000
05.02000
09.03000
07.33000
09.47000
06.80000
05.33000
07.54000
08.62000
08.34000
08.05000
07.94000
05.57000
05.66000
06.05000
05.00000
09.72000
06.10000
09.73000
08.21000
09.60000
07.25000
05.76000
08.28000
05.01000
07.97000
07.04000
07.18000
06.96000
08.36000
07.74000
08.14000
07.76000
09.76000
08.27000
05.63000
05.93000
09.77000
05.28000
05.37000
06.26000
07.24000
06.69000
09.34000
09.78000
07.26000
06.65000
05.75000
08.79000
06.19000
05.58000
09.09000
06.81000
06.61000
05.14000
05.06000
08.74000
07.29000
08.88000
06.99000
09.35000
08.40000
07.85000
05.64000
08.07000
05.13000
07.23000
08.02000
08.57000
07.74000
08.84000
07.50000
05.81000
07.74000
05.75000
08.70000
05.97000
07.87000
07.27000
07.51000
06.49000
07.14000
08.98000
06.05000
06.08000
05.80000
07.67000
07.71000
09.66000
05.36000
06.43000
07.11000
08.43000
08.58000
09.57000
05.14000
09.83000
09.45000
07.66000
08.91000
07.55000
08.22000
07.51000
06.82000
06.54000
06.41000
09.82000
09.62000
05.35000
08.78000
05.28000
07.21000
08.80000
07.10000
09.25000
06.04000
06.60000
09.51000
09.97000
08.39000
05.11000
06.44000
06.91000
07.80000
06.91000
09.54000
05.79000
09.07000
05.86000
06.72000
08.58000
08.21000
07.05000
07.15000
08.50000
07.52000
06.83000
06.23000
05.04000
05.54000
07.79000
05.62000
08.90000
07.04000
08.80000
08.24000
07.07000
08.07000
09.93000
08.25000
07.76000
05.90000
07.55000
06.05000
05.45000
09.08000
05.24000
09.50000
08.32000
08.51000
08.70000
06.05000
09.09000
06.91000
09.49000
09.40000
09.66000
07.86000
06.61000
05.12000
07.14000
05.05000
05.31000
05.03000
09.93000
08.43000
07.09000
07.18000
07.65000
09.19000
09.71000
05.90000
06.17000
09.77000
07.18000
06.76000
07.64000
08.85000
09.74000
06.56000
05.42000
06.39000
08.90000
08.38000
09.15000
08.57000
07.42000
06.53000
09.71000
07.83000
09.29000
06.58000
09.21000
07.87000
09.78000
05.34000
07.54000
05.22000
05.62000
05.46000
08.20000
08.81000
09.81000
08.47000
05.39000
09.24000
07.77000
05.08000
05.16000
06.60000
08.66000
08.52000
09.78000
07.23000
07.89000
08.25000
07.79000
08.74000
07.13000
05.00000
08.97000
09.97000
09.27000
05.74000
09.37000
06.03000
08.49000
08.70000
06.26000
08.25000
05.19000
08.34000
08.18000
09.24000
06.03000
05.38000
09.92000
07.84000
08.93000
06.81000
07.51000
09.15000
08.03000
05.85000
08.24000
09.53000
07.91000
06.12000
08.17000
05.20000
09.02000
05.03000
06.35000
09.21000
09.57000
06.07000
09.10000
06.24000
08.87000
05.10000
08.85000
05.30000
07.49000
09.25000
09.30000
06.64000
07.25000
06.91000
05.38000
06.78000
06.22000
07.71000
08.30000
08.45000
08.70000
07.52000
05.49000
05.68000
05.27000
08.47000
05.64000
08.70000
07.74000
08.94000
08.70000
09.02000
09.18000
08.56000
05.85000
09.41000
08.90000
08.20000
09.54000
08.85000
07.48000
05.01000
4
42
45
49
27
4
7
39
25
28
7
36
26
23
37
15
47
50
5
46
32
13
6
40
7
8
33
19
18
29
30
16
7
24
14
44
22
34
11
17
3
20
21
2
4
10
43
9
3
5
35
48
1
31
12
4
4
38
5
41
59.41002
