50
7
186.02000
123.39000
154.09000
134.99000
129.06000
155.72000
144.72000
115.35000
127.96000
179.65000
140.90000
155.14000
148.10000
118.75000
108.78000
172.49000
193.93000
123.17000
128.59000
187.07000
158.95000
119.62000
144.62000
170.12000
175.73000
161.38000
115.21000
194.44000
165.90000
178.27000
162.79000
184.40000
190.16000
126.69000
123.81000
165.93000
198.25000
139.60000
198.83000
116.52000
179.00000
176.53000
102.44000
115.21000
110.29000
173.55000
113.30000
192.63000
109.06000
193.32000
154.04000
175.43000
147.14000
173.14000
174.91000
144.47000
129.13000
144.70000
139.15000
153.45000
151.63000
116.83000
135.19000
114.63000
110.12000
152.55000
103.03000
179.33000
126.60000
128.98000
184.21000
187.93000
199.66000
187.26000
171.84000
119.87000
154.44000
182.63000
160.61000
143.65000
192.67000
134.38000
196.77000
166.85000
142.60000
175.85000
128.09000
186.10000
109.08000
104.45000
153.97000
137.08000
123.49000
131.67000
175.32000
144.57000
193.80000
133.03000
144.63000
172.36000
107.41000
115.21000
169.05000
134.42000
196.69000
138.81000
103.74000
113.52000
141.96000
162.52000
118.70000
188.32000
139.05000
196.65000
173.06000
126.15000
147.89000
103.05000
165.03000
120.89000
142.45000
145.17000
181.85000
143.02000
160.77000
137.97000
149.84000
189.56000
154.94000
198.03000
184.39000
134.08000
141.13000
193.46000
139.94000
176.73000
149.57000
193.93000
159.99000
194.23000
174.53000
120.68000
127.11000
189.84000
124.37000
196.51000
112.93000
143.40000
171.51000
195.80000
107.97000
165.96000
176.73000
196.95000
124.68000
198.57000
159.90000
124.43000
135.87000
197.81000
106.17000
128.77000
104.17000
156.40000
147.71000
115.97000
168.79000
131.13000
168.27000
131.10000
195.52000
192.85000
153.15000
108.30000
126.68000
176.47000
139.22000
120.74000
131.17000
130.97000
164.90000
130.71000
154.45000
169.38000
120.19000
139.50000
168.53000
118.80000
196.63000
137.50000
122.01000
170.40000
137.34000
154.15000
190.03000
129.39000
187.00000
107.96000
124.30000
165.07000
145.16000
106.94000
190.13000
109.30000
114.22000
182.38000
177.60000
196.37000
149.14000
148.11000
198.59000
115.78000
113.75000
138.62000
142.70000
121.58000
160.94000
165.01000
163.60000
119.38000
182.63000
164.93000
129.00000
116.37000
159.85000
152.58000
170.70000
171.28000
112.65000
168.74000
134.54000
144.42000
150.17000
130.73000
130.44000
147.65000
120.60000
182.46000
182.38000
194.40000
161.20000
144.39000
178.38000
149.66000
148.29000
163.53000
120.55000
179.99000
147.24000
163.47000
119.28000
184.48000
159.08000
116.26000
108.62000
100.92000
196.98000
157.61000
131.43000
145.44000
127.20000
155.62000
162.07000
128.72000
156.14000
196.78000
176.46000
150.54000
166.76000
131.61000
102.09000
149.69000
168.57000
124.72000
168.02000
154.08000
147.68000
104.77000
154.87000
130.63000
116.71000
114.49000
144.80000
135.36000
164.88000
160.66000
171.56000
163.34000
107.97000
164.12000
170.46000
198.68000
138.30000
109.81000
128.35000
164.60000
174.77000
196.68000
133.67000
173.34000
190.71000
110.85000
164.92000
191.36000
105.69000
195.41000
162.14000
182.92000
187.43000
173.29000
105.90000
175.09000
105.25000
140.74000
153.76000
146.17000
142.47000
195.56000
152.35000
150.97000
146.51000
187.10000
187.37000
170.91000
178.85000
166.31000
133.57000
163.92000
165.03000
135.67000
104.78000
114.54000
144.64000
199.23000
103.86000
183.86000
121.34000
112.62000
172.78000
159.51000
112.87000
132.99000
142.52000
105.70000
101.00000
169.11000
183.16000
113.22000
181.60000
131.26000
06.96000
07.20000
09.20000
07.81000
09.80000
08.79000
09.64000
09.11000
05.60000
07.34000
09.32000
05.94000
07.04000
06.81000
05.82000
08.09000
05.95000
07.19000
09.62000
05.11000
05.82000
06.97000
06.56000
08.81000
09.25000
05.65000
05.39000
05.77000
05.49000
06.27000
05.25000
09.85000
07.96000
07.86000
08.18000
09.64000
06.67000
07.98000
06.58000
06.02000
05.82000
05.21000
05.77000
09.64000
06.21000
06.62000
06.45000
08.41000
07.81000
05.32000
06.51000
09.74000
07.14000
08.71000
07.12000
07.28000
06.12000
08.10000
08.18000
05.16000
09.73000
07.49000
08.91000
09.04000
06.14000
09.91000
05.84000
08.72000
09.55000
06.30000
05.21000
05.64000
07.68000
08.00000
05.57000
05.39000
09.26000
09.21000
05.21000
05.18000
06.52000
09.54000
09.70000
06.40000
07.73000
06.49000
09.36000
07.04000
09.66000
07.95000
06.79000
09.24000
05.10000
09.69000
09.36000
06.79000
05.36000
07.89000
06.69000
07.63000
07.61000
08.11000
07.21000
05.36000
07.86000
05.65000
08.50000
09.62000
07.29000
05.12000
09.07000
05.22000
09.02000
07.49000
07.56000
09.58000
06.57000
05.97000
06.75000
06.09000
06.34000
08.55000
06.03000
06.71000
05.12000
05.48000
08.96000
09.36000
07.60000
06.77000
05.74000
05.53000
08.86000
09.71000
05.69000
07.67000
06.86000
06.34000
09.80000
06.79000
09.96000
05.99000
08.18000
09.90000
09.40000
07.73000
07.58000
07.52000
06.83000
07.90000
05.70000
05.73000
07.46000
09.84000
05.95000
05.57000
08.41000
05.81000
05.24000
08.00000
06.85000
06.57000
06.66000
06.60000
05.45000
08.73000
06.84000
05.36000
09.15000
08.03000
08.40000
06.14000
07.65000
06.85000
07.50000
06.23000
07.93000
06.71000
06.31000
05.75000
06.72000
05.77000
05.50000
05.27000
08.03000
06.33000
06.78000
08.22000
05.61000
07.34000
05.34000
08.42000
05.51000
06.88000
07.43000
07.58000
08.52000
09.68000
07.79000
07.82000
09.89000
07.95000
09.31000
08.96000
09.39000
09.23000
07.02000
06.67000
07.83000
05.18000
07.28000
06.48000
08.14000
08.12000
09.15000
07.79000
09.90000
08.87000
07.07000
07.25000
06.81000
09.30000
08.40000
06.28000
09.22000
09.78000
05.87000
08.58000
06.62000
06.68000
05.09000
07.59000
05.14000
09.90000
07.08000
09.05000
05.05000
05.38000
05.74000
08.43000
08.26000
07.52000
05.37000
08.49000
05.83000
06.78000
08.15000
06.74000
05.45000
07.13000
08.01000
07.85000
05.03000
07.92000
08.27000
08.83000
06.80000
08.64000
07.96000
09.42000
07.92000
08.44000
08.43000
05.53000
09.93000
06.84000
05.79000
09.69000
07.89000
08.77000
08.42000
08.57000
07.88000
07.04000
09.45000
05.50000
09.48000
09.84000
09.31000
07.93000
08.29000
08.28000
08.15000
09.96000
08.44000
08.82000
08.42000
09.84000
05.05000
05.84000
07.32000
07.43000
06.78000
09.12000
09.33000
06.77000
08.29000
06.29000
08.67000
08.51000
06.65000
08.95000
09.95000
07.91000
07.34000
07.27000
07.40000
06.47000
08.10000
06.04000
06.71000
08.14000
06.02000
08.33000
06.72000
08.68000
06.11000
06.97000
07.96000
07.36000
08.75000
07.06000
05.05000
09.47000
07.22000
08.45000
09.30000
08.83000
05.20000
08.26000
06.13000
05.25000
09.25000
08.40000
07.60000
07.06000
06.30000
08.03000
09.93000
08.63000
06.21000
06.05000
05.96000
07.82000
09.21000
08.67000
07.68000
08.52000
08.42000
06.83000
7
27
43
47
22
34
49
19
7
50
46
15
17
12
40
14
7
25
26
42
20
9
18
7
7
41
8
1
28
24
38
48
7
33
10
37
29
16
23
2
7
3
39
36
30
4
21
6
8
32
13
31
11
5
35
44
45
1071.69500
