50
10
25.99000
44.12000
49.46000
95.68000
36.22000
70.33000
26.90000
58.98000
76.09000
92.24000
4.78000
90.88000
43.89000
14.34000
91.76000
9.24000
60.67000
62.85000
25.28000
52.65000
74.21000
92.76000
62.49000
88.48000
57.06000
82.80000
89.31000
8.84000
6.52000
36.44000
16.41000
27.57000
43.62000
80.91000
76.21000
86.29000
17.17000
71.21000
30.88000
52.34000
97.69000
85.05000
63.34000
15.84000
84.49000
26.92000
84.24000
91.64000
98.61000
24.04000
21.40000
98.60000
39.83000
92.92000
89.70000
4.43000
41.91000
57.48000
90.63000
32.46000
10.84000
8.32000
98.82000
16.03000
33.63000
88.14000
15.65000
11.21000
24.03000
68.38000
64.25000
98.82000
19.57000
42.25000
96.53000
87.43000
82.49000
28.69000
88.11000
8.38000
2.82000
71.41000
39.38000
16.73000
90.32000
40.84000
74.48000
94.31000
85.49000
30.21000
45.29000
49.69000
50.60000
58.44000
26.45000
13.19000
72.66000
70.24000
18.35000
40.90000
29.34000
49.22000
43.33000
27.16000
34.06000
92.08000
27.48000
85.08000
88.23000
9.69000
72.11000
81.37000
71.60000
83.98000
69.33000
13.33000
86.63000
27.62000
34.98000
2.00000
62.56000
73.02000
9.69000
94.16000
52.37000
81.34000
58.79000
64.38000
34.79000
37.52000
74.40000
8.93000
13.30000
50.20000
72.37000
48.86000
16.13000
54.83000
93.31000
32.96000
96.27000
11.55000
4.57000
32.78000
34.43000
4.29000
94.26000
45.61000
32.11000
42.72000
98.46000
43.62000
45.41000
7.99000
95.47000
28.12000
86.27000
59.98000
5.48000
36.32000
40.32000
15.20000
33.06000
31.48000
25.50000
47.29000
11.52000
1.60000
85.53000
57.63000
95.96000
58.44000
90.83000
71.36000
70.19000
41.53000
35.62000
39.37000
39.78000
13.12000
37.85000
36.29000
36.06000
60.22000
42.21000
62.52000
16.11000
96.60000
18.15000
44.17000
60.74000
60.76000
58.87000
31.16000
77.54000
14.97000
84.32000
98.10000
97.82000
46.24000
55.46000
32.37000
46.43000
88.87000
15.62000
43.94000
85.66000
95.25000
46.62000
33.63000
98.46000
84.58000
9.60000
66.78000
57.36000
35.58000
87.49000
35.50000
58.66000
50.73000
91.96000
54.64000
25.41000
59.27000
57.43000
65.82000
4.39000
15.17000
43.06000
35.38000
67.15000
95.16000
33.77000
53.42000
12.98000
5.73000
39.23000
36.82000
61.92000
72.11000
93.86000
26.17000
62.78000
50.27000
58.83000
86.82000
87.08000
17.94000
18.05000
11.89000
68.63000
36.24000
45.14000
78.09000
88.54000
14.57000
15.56000
40.62000
15.74000
55.74000
7.92000
10.49000
85.74000
54.96000
72.13000
93.30000
63.81000
31.18000
84.81000
23.35000
36.95000
28.10000
46.35000
54.74000
17.93000
15.16000
80.89000
70.27000
44.26000
85.56000
40.32000
76.53000
79.19000
60.25000
98.27000
5.84000
11.75000
81.94000
57.13000
13.27000
52.70000
21.07000
41.04000
80.65000
41.54000
69.84000
99.88000
16.55000
40.53000
49.20000
76.32000
76.64000
87.42000
15.26000
97.15000
35.69000
40.21000
11.52000
38.47000
28.25000
54.45000
36.83000
39.87000
2.11000
84.12000
51.37000
67.73000
28.81000
8.94000
40.05000
14.14000
6.64000
30.40000
12.54000
92.96000
56.65000
77.73000
3.27000
47.79000
27.63000
5.91000
71.39000
43.00000
90.12000
90.66000
3.83000
69.68000
43.42000
38.48000
8.25000
44.68000
8.57000
75.58000
20.07000
8.63000
32.36000
56.96000
98.47000
26.87000
87.34000
88.23000
44.55000
12.24000
4.67000
38.44000
72.99000
74.07000
2.85000
27.91000
68.86000
57.79000
27.43000
26.08000
57.28000
44.22000
16.92000
27.17000
88.16000
39.94000
33.59000
50.11000
38.12000
76.27000
65.44000
39.60000
6.55000
11.29000
26.24000
64.10000
18.59000
24.82000
52.49000
18.80000
25.12000
24.43000
8.46000
21.65000
1.79000
41.45000
80.17000
17.36000
47.98000
32.95000
82.37000
74.36000
89.82000
79.76000
52.57000
87.87000
78.20000
26.12000
6.11000
36.47000
2.63000
16.76000
72.77000
23.12000
75.40000
26.59000
7.12000
61.65000
51.65000
77.67000
35.40000
87.47000
70.96000
18.77000
12.59000
60.75000
99.72000
20.46000
16.43000
65.40000
30.00000
80.01000
50.39000
12.11000
75.69000
21.47000
43.69000
34.28000
79.37000
89.64000
49.34000
92.08000
7.40000
59.05000
46.04000
71.43000
48.90000
26.01000
37.29000
81.00000
21.71000
12.55000
51.31000
56.21000
65.44000
65.47000
42.09000
72.35000
81.59000
77.76000
81.70000
75.67000
66.77000
76.16000
53.88000
16.63000
12.13000
9.30000
11.18000
93.64000
72.74000
87.95000
22.05000
34.81000
32.41000
52.62000
80.68000
88.04000
95.74000
64.57000
8.03000
30.97000
96.03000
12.81000
45.79000
61.97000
89.37000
9.12000
64.41000
8.20000
57.58000
90.99000
58.10000
18.53000
7.23000
23.68000
45.80000
68.60000
68.65000
92.22000
71.21000
59.80000
99.92000
12.37000
4.78000
17.26000
82.84000
08.04000
07.90000
07.36000
08.62000
09.19000
09.20000
09.89000
08.37000
08.67000
08.97000
05.16000
05.53000
06.87000
06.68000
06.71000
07.71000
05.46000
08.04000
09.33000
08.75000
07.36000
05.04000
09.04000
08.76000
06.72000
05.89000
08.15000
09.07000
08.96000
05.07000
05.18000
07.29000
05.72000
08.30000
09.91000
07.27000
09.93000
07.55000
08.38000
09.10000
05.74000
06.04000
07.89000
09.13000
08.57000
08.25000
06.95000
09.95000
05.07000
09.90000
09.26000
08.45000
07.33000
06.15000
08.21000
05.23000
08.97000
09.18000
07.69000
08.80000
05.95000
09.61000
06.37000
09.42000
05.08000
05.80000
09.22000
08.59000
09.43000
07.39000
07.40000
09.07000
08.32000
05.26000
08.38000
09.86000
07.30000
06.54000
05.83000
06.22000
08.21000
09.60000
09.70000
09.65000
09.10000
09.08000
06.19000
07.90000
09.28000
05.86000
07.72000
09.98000
09.34000
07.05000
08.00000
06.14000
06.08000
06.05000
06.97000
07.88000
09.02000
06.51000
09.65000
06.40000
07.02000
07.56000
09.68000
06.58000
05.34000
05.40000
08.35000
08.90000
07.20000
07.32000
07.02000
08.78000
07.07000
06.84000
08.28000
07.89000
05.69000
08.75000
05.99000
09.12000
05.01000
09.10000
05.23000
06.65000
08.26000
05.16000
07.36000
05.88000
09.92000
05.47000
09.98000
08.46000
05.71000
09.81000
06.93000
07.32000
07.60000
09.22000
08.31000
06.61000
08.81000
05.99000
05.47000
06.74000
08.81000
08.65000
08.41000
08.80000
06.26000
08.11000
07.31000
09.05000
08.66000
05.78000
09.70000
06.01000
09.54000
08.43000
09.59000
05.27000
06.01000
09.75000
07.23000
08.63000
06.45000
09.67000
09.13000
09.16000
05.49000
09.39000
08.04000
06.18000
09.02000
06.35000
07.96000
05.26000
09.16000
09.25000
09.16000
08.20000
09.28000
08.01000
08.12000
08.09000
09.03000
08.84000
07.61000
09.22000
09.27000
09.18000
06.64000
07.18000
07.13000
07.71000
05.44000
08.78000
10.00000
09.73000
09.63000
06.34000
07.01000
09.03000
06.07000
05.34000
06.11000
09.47000
09.33000
09.74000
08.33000
06.13000
08.57000
07.75000
05.94000
05.37000
09.20000
08.86000
07.50000
09.77000
07.88000
08.78000
07.77000
08.20000
07.51000
09.49000
07.81000
05.75000
07.27000
09.21000
09.88000
08.76000
07.55000
07.42000
07.54000
09.84000
05.02000
09.83000
05.55000
07.82000
07.59000
08.41000
09.97000
07.82000
09.42000
06.40000
08.07000
06.17000
09.87000
08.36000
07.81000
08.63000
05.69000
06.18000
08.78000
09.00000
05.86000
09.79000
06.74000
08.57000
09.72000
05.07000
09.12000
06.34000
07.81000
09.15000
09.63000
07.57000
06.96000
05.40000
08.20000
08.75000
05.24000
08.46000
06.01000
07.65000
06.96000
09.21000
05.53000
08.27000
07.69000
09.77000
05.42000
05.86000
09.24000
08.52000
05.64000
06.93000
09.68000
05.09000
07.38000
09.23000
08.33000
05.36000
08.08000
06.76000
05.75000
06.46000
06.79000
06.51000
09.51000
05.25000
08.13000
08.54000
05.06000
08.05000
09.34000
08.31000
09.12000
09.25000
09.24000
08.72000
08.66000
09.91000
07.96000
08.93000
06.89000
07.29000
06.82000
09.37000
08.29000
09.94000
08.44000
06.68000
08.58000
07.64000
06.66000
08.78000
09.74000
06.43000
06.57000
09.82000
09.99000
08.58000
09.52000
05.22000
08.80000
07.64000
08.12000
06.64000
06.90000
08.40000
06.20000
06.98000
06.25000
06.87000
08.88000
05.42000
09.02000
06.04000
05.10000
07.00000
07.04000
09.15000
06.37000
07.36000
09.42000
07.52000
09.77000
09.03000
05.79000
07.33000
08.09000
06.33000
07.04000
06.01000
05.30000
09.83000
05.29000
07.27000
06.68000
06.34000
08.91000
06.04000
08.71000
08.92000
07.55000
08.52000
09.17000
06.90000
07.08000
07.14000
07.05000
05.84000
09.62000
05.61000
07.60000
07.56000
08.55000
08.85000
07.33000
05.12000
08.52000
08.06000
08.99000
07.85000
05.38000
05.68000
05.94000
05.08000
05.53000
09.93000
06.62000
06.83000
08.22000
09.65000
07.20000
06.43000
05.86000
06.81000
09.35000
09.61000
08.24000
05.26000
05.98000
08.34000
06.40000
05.08000
06.24000
05.85000
07.61000
07.64000
05.54000
06.61000
05.42000
05.53000
05.54000
06.34000
09.60000
07.60000
09.17000
07.01000
06.20000
08.93000
05.56000
06.85000
07.50000
05.89000
05.14000
05.33000
07.03000
06.07000
09.57000
08.17000
09.58000
08.32000
06.75000
07.35000
07.78000
08.91000
07.35000
07.76000
05.64000
07.72000
08.61000
08.70000
08.26000
07.88000
05.08000
07.21000
05.58000
05.89000
09.81000
07.91000
08.80000
09.50000
07.12000
06.68000
05.35000
07.73000
07.58000
05.67000
08.92000
05.81000
08.00000
08.23000
09.46000
05.26000
06.46000
09.01000
08.16000
08.83000
07.26000
08.88000
07.46000
05.53000
05.98000
09.96000
06.05000
05.60000
09.43000
05.65000
08.87000
05.56000
05.67000
05.56000
07.12000
08.15000
5
44
16
28
11
29
5
49
34
30
6
31
6
37
23
32
46
43
20
4
15
39
17
18
4
5
50
35
13
4
25
7
12
36
6
21
19
42
40
22
14
6
3
41
27
26
8
38
5
1
45
2
10
4
5
47
9
24
33
48
60.30095
