50
7
187.52000
129.42000
131.61000
155.32000
187.70000
196.08000
154.51000
114.38000
116.07000
163.59000
108.81000
117.51000
113.81000
125.05000
173.95000
189.88000
136.14000
175.15000
118.44000
133.18000
102.34000
160.13000
149.85000
175.69000
145.76000
127.79000
164.80000
122.25000
163.81000
177.49000
198.99000
104.24000
167.98000
110.17000
177.17000
129.63000
133.80000
178.31000
163.17000
132.94000
150.86000
135.96000
109.86000
125.25000
172.83000
188.75000
109.20000
144.21000
167.43000
143.84000
199.54000
162.09000
124.47000
154.89000
117.44000
160.38000
154.70000
130.06000
179.77000
131.89000
108.14000
117.58000
156.98000
114.66000
199.78000
143.78000
146.09000
160.79000
146.17000
124.03000
120.69000
186.43000
115.42000
112.78000
180.92000
121.82000
177.21000
153.53000
103.49000
161.24000
152.79000
128.85000
191.68000
113.03000
164.96000
110.38000
125.32000
149.62000
188.07000
108.80000
110.80000
157.48000
198.07000
123.88000
131.09000
187.13000
122.43000
194.42000
195.70000
103.19000
104.73000
186.48000
181.78000
159.12000
112.64000
156.18000
170.96000
128.51000
135.97000
175.49000
134.64000
149.72000
108.87000
186.73000
107.71000
159.62000
104.52000
158.80000
139.16000
196.63000
185.19000
137.15000
142.02000
150.74000
152.18000
193.82000
143.40000
113.51000
195.88000
177.37000
134.45000
128.05000
145.74000
162.97000
120.40000
139.04000
120.26000
102.32000
170.53000
142.72000
177.00000
173.69000
168.20000
136.89000
162.61000
131.91000
160.82000
170.92000
162.76000
158.38000
174.46000
129.56000
142.03000
120.42000
166.59000
122.45000
198.50000
180.77000
138.22000
177.35000
115.99000
173.13000
196.54000
175.26000
108.72000
129.28000
100.28000
136.27000
117.46000
195.08000
109.74000
169.49000
159.53000
180.43000
136.80000
123.13000
178.84000
109.32000
194.88000
134.43000
195.84000
169.77000
148.97000
179.72000
157.56000
163.90000
165.62000
124.38000
187.58000
157.85000
162.95000
172.84000
136.04000
131.86000
160.63000
118.62000
129.66000
130.22000
129.91000
194.29000
158.74000
179.34000
134.37000
130.64000
176.85000
105.06000
126.89000
196.33000
176.13000
129.52000
184.25000
140.73000
121.20000
181.78000
134.34000
149.91000
140.70000
142.45000
144.10000
136.52000
177.37000
193.71000
169.53000
189.77000
137.99000
169.30000
105.71000
125.44000
143.41000
104.53000
136.76000
135.84000
178.54000
186.25000
185.88000
139.89000
142.37000
102.90000
165.32000
133.04000
197.92000
194.46000
126.40000
137.32000
122.29000
102.49000
109.51000
151.29000
156.65000
120.11000
178.11000
135.70000
166.61000
199.25000
141.76000
174.88000
157.75000
193.55000
126.65000
168.37000
173.13000
111.77000
114.16000
177.67000
163.66000
128.68000
162.25000
128.30000
131.85000
158.08000
155.45000
159.86000
181.74000
102.87000
154.84000
176.02000
168.95000
104.99000
148.07000
194.50000
150.66000
195.44000
199.34000
197.09000
135.60000
144.29000
199.43000
179.63000
134.08000
110.66000
115.68000
102.05000
107.96000
192.77000
141.97000
138.31000
120.68000
177.85000
148.76000
126.45000
150.24000
167.86000
116.58000
156.95000
129.27000
189.86000
163.34000
132.86000
115.00000
191.39000
193.82000
164.74000
139.98000
125.72000
166.37000
125.39000
125.85000
122.69000
103.40000
139.18000
133.31000
138.69000
141.38000
132.03000
112.10000
106.68000
180.85000
181.45000
151.06000
186.18000
136.41000
166.47000
128.05000
113.29000
186.73000
117.72000
160.02000
150.63000
124.52000
167.37000
152.99000
137.43000
106.57000
199.16000
152.00000
139.45000
103.74000
198.40000
191.21000
199.02000
06.26000
09.16000
05.87000
08.73000
09.01000
06.25000
06.81000
05.76000
07.61000
07.68000
06.88000
09.38000
08.39000
06.96000
06.65000
08.31000
05.56000
07.40000
08.34000
09.82000
08.72000
09.57000
08.32000
07.14000
05.38000
08.78000
09.61000
07.06000
08.42000
07.64000
09.33000
07.36000
08.62000
08.51000
06.28000
09.36000
07.15000
06.01000
08.39000
05.38000
08.08000
09.54000
05.22000
06.25000
05.85000
05.75000
05.48000
08.82000
07.80000
06.06000
07.92000
09.94000
07.70000
09.67000
05.26000
09.07000
07.60000
06.37000
06.64000
07.30000
08.48000
05.04000
08.99000
06.41000
05.58000
09.24000
05.26000
06.10000
08.92000
09.17000
06.91000
06.44000
05.79000
09.14000
06.42000
05.40000
08.23000
05.15000
09.78000
06.33000
05.55000
07.29000
09.00000
05.48000
06.84000
07.34000
09.60000
09.49000
08.44000
06.18000
08.14000
07.89000
06.46000
06.34000
09.65000
05.60000
09.27000
09.52000
05.22000
05.42000
09.55000
08.69000
07.17000
08.11000
08.61000
08.10000
08.76000
09.48000
06.68000
05.78000
09.25000
07.54000
06.14000
07.87000
05.92000
09.25000
08.52000
06.54000
08.90000
06.34000
06.97000
07.47000
08.75000
07.82000
08.80000
07.36000
08.90000
07.45000
07.96000
06.41000
08.18000
06.28000
07.52000
05.87000
08.31000
05.09000
07.21000
05.46000
06.38000
06.94000
05.89000
05.95000
07.40000
09.68000
09.07000
06.62000
06.76000
08.39000
06.40000
07.76000
07.06000
05.15000
06.98000
06.86000
05.41000
05.05000
08.23000
08.87000
08.79000
06.98000
06.02000
06.16000
08.63000
06.28000
05.73000
06.45000
08.60000
07.45000
08.74000
05.38000
07.17000
06.62000
09.96000
08.95000
05.05000
09.05000
05.29000
06.07000
07.73000
06.65000
09.18000
06.03000
07.97000
05.49000
07.06000
06.03000
08.27000
08.26000
07.89000
08.62000
08.43000
06.77000
06.66000
09.28000
07.98000
09.52000
06.87000
08.87000
08.75000
09.12000
07.34000
05.21000
09.06000
08.13000
09.21000
05.88000
07.61000
07.83000
06.47000
08.68000
07.76000
06.43000
06.94000
06.77000
07.84000
08.52000
08.83000
05.54000
05.29000
09.70000
08.22000
05.19000
09.21000
09.08000
06.59000
08.13000
07.86000
06.80000
08.33000
06.59000
06.10000
06.52000
08.18000
05.02000
07.95000
07.89000
08.81000
07.66000
09.09000
09.10000
08.26000
06.03000
09.31000
09.35000
07.46000
06.37000
05.06000
06.34000
07.74000
07.23000
07.06000
05.82000
08.83000
09.27000
08.71000
05.62000
07.02000
06.15000
05.38000
09.84000
08.53000
05.77000
07.36000
06.78000
08.22000
09.41000
08.45000
05.09000
08.21000
07.51000
08.48000
06.34000
05.40000
07.13000
05.79000
07.48000
08.95000
09.47000
09.72000
08.34000
07.78000
07.40000
08.15000
09.17000
08.07000
07.89000
09.96000
08.09000
05.79000
09.58000
07.55000
08.60000
09.14000
05.24000
09.34000
07.11000
06.13000
09.28000
07.25000
05.42000
06.10000
08.82000
09.03000
09.79000
05.03000
06.56000
08.78000
07.61000
06.79000
05.58000
08.55000
08.99000
08.98000
05.38000
07.09000
05.51000
05.88000
08.98000
08.54000
06.00000
05.86000
05.44000
09.92000
09.10000
08.97000
07.30000
08.65000
05.66000
09.38000
08.13000
05.05000
06.33000
07.92000
05.03000
09.82000
09.02000
09.54000
06.10000
06.54000
06.40000
05.83000
07.95000
09.20000
08.42000
07.55000
08.22000
09.67000
09.77000
07.07000
08.06000
7
17
43
8
48
32
42
20
8
12
5
34
50
40
36
11
29
7
38
22
13
37
31
23
1
7
25
3
15
4
21
49
44
7
2
6
7
45
30
10
27
7
18
39
47
35
24
16
28
7
41
14
9
46
33
26
19
1086.20600
