50
4
147.30000
175.97000
155.75000
166.16000
175.82000
192.40000
112.61000
172.25000
196.17000
148.30000
181.60000
188.13000
148.97000
184.30000
103.36000
154.42000
174.84000
141.04000
118.49000
111.75000
114.40000
159.12000
167.64000
100.74000
108.29000
179.19000
191.42000
162.03000
197.12000
141.85000
130.46000
136.23000
121.52000
187.75000
125.38000
163.97000
122.12000
157.49000
116.81000
185.88000
139.54000
191.72000
145.38000
142.58000
114.41000
131.04000
151.70000
174.69000
187.35000
116.09000
192.86000
102.59000
162.86000
189.52000
100.01000
163.31000
150.00000
182.18000
183.55000
129.33000
196.35000
112.96000
109.11000
166.27000
167.52000
147.47000
142.30000
139.76000
129.15000
151.35000
148.77000
115.42000
146.86000
190.20000
194.13000
158.88000
186.27000
129.67000
144.00000
135.77000
113.02000
135.37000
164.02000
111.70000
192.71000
172.94000
119.80000
152.30000
190.99000
107.99000
176.98000
123.20000
173.47000
106.15000
101.17000
190.02000
105.78000
133.04000
158.00000
118.40000
142.48000
195.06000
118.01000
154.14000
160.34000
157.56000
180.81000
129.15000
115.73000
117.74000
126.44000
197.15000
199.27000
166.22000
145.54000
148.78000
101.58000
193.64000
128.72000
174.64000
113.29000
190.61000
166.61000
165.37000
125.02000
147.76000
149.85000
111.60000
127.41000
155.72000
169.04000
103.94000
111.07000
105.11000
114.82000
133.03000
166.63000
186.55000
177.81000
189.49000
184.71000
190.67000
148.64000
163.94000
155.94000
108.10000
117.93000
147.00000
170.95000
129.46000
195.27000
152.99000
184.61000
175.52000
137.68000
159.62000
156.42000
119.75000
167.80000
195.36000
123.77000
150.92000
101.27000
175.86000
102.27000
184.65000
153.72000
116.74000
107.56000
136.57000
140.75000
133.61000
155.25000
122.31000
178.01000
142.11000
160.97000
157.48000
181.11000
157.87000
140.36000
157.72000
165.68000
196.50000
109.02000
138.65000
147.34000
173.63000
182.59000
115.89000
141.72000
104.88000
176.69000
105.06000
164.45000
105.89000
106.95000
121.81000
131.15000
192.27000
04.63000
04.51000
04.32000
04.52000
02.87000
04.45000
03.66000
02.20000
03.09000
04.66000
02.55000
03.71000
04.42000
04.25000
04.10000
04.17000
01.98000
02.36000
03.45000
02.71000
02.90000
02.10000
03.72000
02.44000
02.30000
02.61000
04.03000
02.50000
03.30000
03.00000
03.51000
02.01000
01.04000
02.41000
01.28000
04.10000
02.63000
03.96000
04.47000
03.88000
03.20000
02.76000
04.21000
04.49000
01.88000
01.96000
03.61000
01.05000
01.79000
04.67000
02.32000
03.05000
04.28000
02.10000
04.43000
04.99000
01.30000
04.71000
02.39000
03.29000
04.21000
03.74000
04.30000
02.09000
01.15000
03.33000
02.29000
01.49000
04.23000
03.59000
04.49000
01.64000
01.58000
04.66000
03.02000
02.65000
01.33000
02.65000
02.01000
04.65000
03.60000
01.69000
01.59000
03.77000
04.51000
01.91000
01.87000
04.12000
04.19000
03.43000
02.99000
01.84000
02.77000
02.38000
01.06000
01.05000
04.37000
02.87000
04.22000
01.87000
01.74000
04.53000
01.94000
02.83000
02.38000
04.07000
01.70000
01.37000
03.52000
04.89000
04.51000
01.75000
02.29000
04.11000
03.51000
01.10000
03.80000
02.86000
03.81000
04.53000
01.18000
02.26000
02.55000
01.18000
03.57000
03.44000
04.86000
04.17000
04.07000
03.52000
03.84000
02.63000
03.82000
03.64000
04.64000
01.68000
03.94000
04.90000
04.37000
02.44000
01.56000
04.45000
04.16000
02.05000
01.80000
03.39000
01.13000
01.62000
01.79000
02.87000
04.78000
03.79000
01.49000
01.63000
04.79000
02.34000
02.47000
04.18000
03.28000
02.40000
04.99000
01.29000
02.36000
02.10000
03.17000
03.09000
04.17000
03.54000
03.14000
03.71000
02.83000
04.87000
03.02000
01.28000
04.46000
04.20000
04.93000
01.91000
03.19000
03.66000
03.01000
03.73000
01.14000
01.38000
03.37000
04.87000
04.45000
03.47000
04.14000
03.45000
03.22000
04.07000
03.45000
01.60000
03.60000
01.31000
03.42000
01.45000
03.69000
01.29000
12
33
35
18
25
30
41
24
20
38
43
7
39
13
27
45
23
22
37
50
44
10
2
40
31
12
5
13
16
47
21
8
1
36
3
32
9
29
34
17
28
12
4
48
14
46
6
13
49
19
26
15
42
11
1746.66700
