50
7
77.13000
6.30000
67.66000
35.53000
71.22000
51.98000
17.25000
70.79000
82.03000
49.98000
37.40000
93.06000
10.33000
82.44000
79.14000
30.56000
92.55000
59.78000
8.41000
11.04000
59.28000
67.23000
51.60000
15.32000
75.80000
18.30000
53.00000
25.75000
98.56000
1.31000
19.34000
75.74000
23.68000
31.88000
70.24000
2.23000
33.44000
3.41000
91.78000
89.23000
51.81000
33.62000
82.94000
28.27000
90.92000
19.01000
7.12000
56.95000
3.57000
80.38000
60.87000
69.10000
52.13000
50.20000
84.12000
56.25000
4.46000
13.21000
1.14000
25.80000
87.49000
23.27000
7.75000
23.92000
58.50000
28.34000
53.81000
36.45000
97.09000
89.27000
90.75000
38.40000
62.62000
33.33000
22.03000
43.44000
38.77000
97.74000
49.67000
54.42000
86.03000
88.12000
30.73000
13.88000
93.15000
22.01000
21.80000
51.51000
24.70000
79.39000
31.54000
38.67000
69.56000
58.15000
70.16000
33.90000
96.37000
17.59000
99.90000
35.43000
61.96000
56.83000
77.99000
22.02000
68.51000
85.69000
35.57000
64.11000
74.90000
95.42000
95.93000
25.47000
61.55000
6.50000
54.63000
31.52000
72.29000
87.46000
42.91000
36.03000
65.90000
14.38000
82.20000
68.51000
64.56000
9.37000
34.57000
85.80000
5.39000
98.11000
48.29000
21.53000
86.91000
60.31000
13.28000
33.62000
26.57000
73.22000
6.64000
58.81000
1.27000
68.17000
45.16000
60.11000
3.78000
77.01000
35.78000
76.33000
90.33000
83.64000
62.40000
45.89000
68.99000
59.33000
78.78000
22.45000
97.84000
51.36000
84.37000
89.82000
2.86000
25.21000
1.98000
27.32000
23.19000
20.86000
28.19000
73.71000
53.01000
17.96000
88.91000
85.66000
87.04000
84.34000
86.82000
82.27000
72.07000
29.48000
49.92000
96.54000
55.43000
48.05000
81.99000
26.92000
36.47000
76.39000
16.11000
82.77000
16.13000
40.00000
58.17000
41.87000
46.37000
2.07000
44.33000
91.92000
81.69000
14.94000
84.57000
88.05000
31.67000
1.51000
39.49000
93.09000
92.41000
13.97000
34.59000
4.96000
71.50000
42.43000
69.16000
90.48000
66.15000
80.83000
18.43000
16.45000
63.76000
99.94000
19.06000
94.70000
90.37000
96.79000
23.64000
44.62000
62.22000
45.25000
48.16000
32.64000
33.19000
44.46000
23.54000
28.75000
46.37000
71.35000
43.13000
53.98000
84.49000
30.17000
16.19000
31.90000
20.48000
98.96000
14.42000
36.12000
62.90000
86.03000
24.42000
42.83000
13.54000
73.54000
86.53000
39.21000
89.56000
4.49000
50.64000
83.24000
39.91000
54.28000
13.16000
88.65000
39.21000
48.89000
57.01000
1.05000
53.59000
58.46000
68.63000
52.24000
25.94000
18.56000
84.52000
17.67000
24.49000
76.67000
43.72000
57.99000
94.23000
47.69000
35.32000
75.49000
9.47000
57.47000
50.96000
60.65000
16.30000
97.24000
34.32000
42.62000
90.11000
73.17000
29.63000
39.73000
84.11000
53.87000
33.18000
9.96000
75.78000
22.85000
42.78000
98.48000
47.81000
6.04000
63.09000
80.99000
26.34000
85.87000
61.61000
96.64000
55.60000
56.32000
21.21000
2.40000
89.73000
21.96000
32.92000
33.55000
96.76000
88.87000
77.94000
6.14000
9.17000
18.23000
77.14000
59.55000
70.34000
67.73000
39.55000
12.94000
92.10000
51.10000
12.89000
8.75000
98.17000
80.66000
34.04000
67.25000
76.71000
22.74000
79.55000
36.99000
29.81000
42.22000
16.16000
40.32000
22.95000
58.04000
46.25000
27.87000
36.57000
89.68000
05.09000
06.95000
07.34000
06.35000
08.26000
05.68000
09.47000
06.07000
05.22000
07.33000
06.00000
07.22000
08.51000
06.97000
06.83000
08.16000
09.81000
05.67000
09.78000
07.04000
07.44000
08.01000
08.05000
09.27000
08.85000
09.59000
07.73000
05.02000
08.14000
09.53000
05.30000
06.73000
08.56000
07.97000
05.13000
06.61000
09.98000
08.56000
06.99000
09.12000
06.42000
05.97000
08.53000
08.50000
08.55000
08.36000
07.80000
06.25000
06.16000
09.95000
06.41000
09.06000
07.57000
08.91000
08.35000
06.88000
05.28000
05.11000
08.33000
08.68000
08.90000
09.26000
09.19000
09.99000
07.70000
06.74000
06.03000
05.44000
06.96000
05.84000
08.70000
06.33000
05.49000
05.22000
09.33000
08.07000
08.11000
06.44000
09.82000
07.74000
08.16000
06.46000
09.32000
06.55000
05.00000
05.12000
06.75000
07.34000
06.49000
07.64000
08.31000
07.11000
06.52000
07.16000
09.95000
09.48000
07.49000
07.18000
09.88000
07.22000
07.27000
06.86000
05.79000
07.50000
05.38000
05.28000
06.67000
06.47000
06.10000
08.56000
08.32000
08.36000
09.89000
06.24000
09.19000
06.69000
07.60000
05.13000
06.91000
05.96000
07.99000
06.82000
05.73000
09.19000
05.20000
05.14000
09.05000
05.42000
06.24000
08.72000
06.90000
07.22000
08.54000
08.42000
08.46000
08.15000
07.42000
09.89000
09.55000
05.30000
08.57000
06.03000
05.13000
06.77000
05.57000
09.52000
06.79000
09.18000
07.43000
05.30000
07.59000
08.16000
07.65000
07.00000
07.09000
06.92000
08.43000
06.26000
06.43000
09.49000
09.91000
09.60000
09.80000
06.82000
08.38000
08.47000
09.92000
05.23000
07.37000
08.45000
05.51000
08.93000
05.17000
06.76000
08.82000
07.54000
07.35000
09.77000
08.11000
08.55000
09.23000
05.48000
05.15000
09.84000
08.42000
06.03000
07.74000
07.21000
07.27000
05.23000
07.18000
06.81000
05.41000
05.98000
05.78000
07.71000
07.24000
07.87000
09.40000
09.36000
07.06000
07.98000
07.90000
09.46000
05.68000
07.91000
09.94000
05.30000
05.50000
08.63000
08.58000
06.78000
09.28000
08.54000
05.22000
06.89000
06.45000
09.58000
06.66000
05.88000
05.55000
09.69000
07.57000
08.77000
06.78000
05.34000
08.04000
07.84000
09.46000
09.00000
06.04000
05.13000
09.58000
06.67000
09.91000
09.97000
07.25000
05.36000
05.92000
06.43000
09.23000
05.59000
05.68000
05.86000
06.40000
08.90000
08.75000
09.36000
06.31000
05.36000
08.34000
06.34000
08.61000
07.30000
09.16000
06.08000
07.80000
07.14000
09.66000
05.50000
07.77000
07.93000
09.81000
05.34000
06.17000
06.52000
09.28000
07.99000
09.13000
05.19000
05.07000
09.95000
08.83000
09.09000
08.89000
09.40000
05.95000
08.76000
09.76000
08.63000
07.18000
07.64000
06.44000
06.59000
07.73000
09.55000
09.97000
06.36000
08.84000
06.21000
06.13000
07.66000
05.25000
09.73000
08.01000
09.37000
07.71000
05.10000
08.41000
06.98000
06.73000
09.27000
08.45000
06.69000
08.38000
09.90000
08.68000
05.83000
07.43000
06.55000
08.64000
09.82000
08.33000
05.88000
07.02000
05.52000
08.40000
09.33000
09.19000
08.29000
05.39000
05.56000
09.64000
09.52000
09.92000
08.05000
09.48000
09.11000
08.00000
07.51000
08.99000
07.98000
08.53000
09.43000
05.09000
05.55000
05.81000
06.55000
08.83000
07.27000
07.03000
06.40000
07.90000
07.10000
09.75000
08.76000
09.13000
05.03000
09.45000
08.17000
9
42
33
24
47
19
49
38
36
30
6
50
10
25
34
7
9
8
16
27
26
35
29
45
39
41
7
40
17
37
48
44
11
13
6
3
1
15
6
8
2
6
18
23
31
46
4
14
8
22
5
43
21
28
32
20
12
121.39990
