50
4
176.41000
122.84000
198.98000
187.50000
160.13000
127.66000
189.94000
185.88000
143.48000
129.76000
100.84000
151.87000
167.09000
169.78000
172.31000
126.08000
171.58000
188.35000
144.98000
149.15000
197.58000
126.07000
159.47000
161.69000
185.72000
123.59000
156.41000
104.34000
176.61000
121.52000
176.42000
117.71000
110.89000
160.49000
160.12000
142.44000
129.18000
181.13000
148.15000
119.14000
172.10000
124.06000
181.12000
188.45000
180.28000
129.90000
199.66000
190.98000
194.34000
139.28000
153.54000
154.29000
113.10000
173.94000
182.38000
135.53000
132.09000
122.28000
157.93000
142.39000
180.60000
129.05000
145.80000
140.47000
124.24000
159.86000
111.63000
195.42000
128.66000
180.35000
121.04000
172.85000
159.47000
156.13000
139.65000
138.39000
182.29000
152.84000
133.09000
157.67000
162.75000
136.09000
166.99000
196.31000
166.49000
171.52000
106.96000
119.93000
159.11000
124.74000
118.64000
194.16000
106.25000
161.39000
167.65000
184.63000
173.53000
147.09000
119.61000
156.96000
176.31000
129.31000
120.35000
145.38000
114.40000
101.49000
194.78000
146.47000
122.83000
154.16000
184.86000
123.38000
192.22000
177.95000
181.22000
166.71000
113.19000
163.48000
174.47000
167.10000
176.38000
101.38000
155.25000
115.17000
172.40000
182.28000
114.17000
101.54000
191.89000
196.79000
141.88000
116.85000
125.46000
135.54000
128.98000
151.71000
163.75000
189.17000
166.10000
196.75000
197.37000
148.28000
143.88000
142.60000
116.95000
103.52000
152.93000
179.88000
113.13000
145.50000
189.00000
181.74000
157.45000
179.65000
138.45000
100.48000
158.96000
183.66000
170.93000
193.66000
151.32000
119.92000
102.07000
176.91000
150.14000
104.06000
147.49000
165.84000
171.07000
151.70000
122.82000
176.09000
129.71000
178.46000
143.68000
123.27000
141.69000
199.97000
125.70000
123.02000
122.65000
131.87000
184.50000
190.96000
188.20000
189.76000
135.71000
142.71000
153.97000
189.27000
194.95000
193.90000
135.59000
146.04000
177.85000
160.15000
148.67000
175.69000
100.03000
157.09000
01.81000
04.69000
02.06000
02.01000
01.93000
02.52000
01.81000
01.12000
03.09000
01.68000
04.17000
01.11000
04.42000
01.30000
04.25000
01.12000
01.05000
04.48000
01.20000
04.27000
04.09000
02.37000
02.12000
01.68000
04.68000
02.08000
02.15000
04.47000
01.94000
02.74000
04.42000
03.78000
02.99000
03.48000
04.04000
02.73000
02.96000
03.42000
04.14000
04.44000
04.97000
01.68000
03.84000
04.04000
04.15000
01.40000
02.28000
04.65000
03.63000
01.68000
01.12000
01.05000
04.58000
04.43000
01.13000
01.03000
02.28000
04.86000
04.54000
02.93000
01.44000
03.27000
03.47000
02.89000
02.17000
03.80000
02.05000
01.02000
04.62000
02.57000
04.40000
01.46000
04.90000
03.70000
02.64000
04.32000
03.14000
03.32000
04.91000
01.73000
03.46000
01.56000
03.31000
01.82000
01.99000
02.53000
01.99000
04.71000
02.85000
02.37000
01.07000
02.53000
02.17000
01.20000
04.66000
03.40000
04.07000
03.15000
04.91000
03.45000
04.41000
02.28000
02.65000
04.00000
03.13000
01.16000
01.51000
03.91000
02.41000
03.38000
03.49000
03.72000
03.37000
02.06000
01.71000
04.56000
03.15000
02.34000
01.31000
03.55000
02.85000
01.33000
03.41000
01.82000
03.62000
04.16000
01.12000
04.49000
02.57000
03.96000
03.59000
04.70000
04.83000
01.85000
03.93000
03.55000
03.52000
02.95000
03.26000
02.19000
03.78000
04.40000
02.72000
01.72000
02.72000
03.31000
03.42000
03.29000
01.47000
04.81000
02.18000
01.11000
01.64000
02.16000
01.85000
02.71000
03.56000
02.03000
04.55000
04.38000
03.58000
03.03000
04.41000
04.24000
03.82000
03.28000
03.56000
04.42000
02.41000
04.92000
04.13000
03.04000
01.48000
02.06000
04.23000
02.23000
03.14000
04.83000
01.98000
04.11000
01.53000
03.35000
03.53000
02.81000
02.76000
03.76000
02.99000
04.45000
04.97000
04.17000
02.48000
03.16000
02.28000
02.71000
04.13000
01.06000
04.81000
01.50000
02.07000
04.28000
12
14
19
50
10
42
26
36
33
39
20
32
11
13
1
6
41
7
15
17
37
40
43
21
38
8
3
13
27
44
22
34
24
2
9
45
5
4
35
46
28
12
48
23
31
29
49
12
18
25
16
47
30
13
1783.45300
