50
4
83.81000
30.70000
80.77000
15.77000
2.62000
48.90000
52.37000
48.48000
61.82000
56.67000
85.49000
41.38000
4.65000
94.25000
22.33000
34.69000
69.32000
3.85000
2.13000
68.64000
98.04000
23.69000
65.09000
84.42000
32.05000
94.99000
53.44000
23.28000
10.55000
59.96000
7.40000
24.43000
73.77000
57.83000
66.18000
29.07000
63.92000
29.81000
72.01000
77.44000
21.22000
16.13000
65.10000
11.76000
84.90000
56.99000
85.67000
70.23000
97.17000
93.63000
51.79000
20.93000
18.42000
59.99000
63.90000
98.44000
35.47000
94.89000
3.13000
32.70000
61.63000
19.01000
33.46000
86.68000
62.87000
95.33000
21.86000
28.33000
5.16000
91.81000
33.29000
21.64000
52.47000
73.43000
33.72000
32.57000
71.77000
6.16000
88.12000
27.08000
29.02000
53.96000
63.46000
70.16000
88.20000
83.80000
24.72000
28.75000
17.27000
61.65000
36.84000
66.85000
79.20000
52.48000
65.82000
51.41000
41.96000
22.26000
77.61000
47.40000
50.29000
34.76000
92.00000
66.37000
14.22000
55.26000
26.16000
25.01000
64.79000
23.96000
91.83000
26.20000
93.74000
30.58000
81.73000
60.68000
91.78000
65.84000
85.58000
20.15000
49.62000
21.46000
94.09000
93.35000
56.98000
86.16000
97.99000
72.98000
5.59000
52.66000
87.99000
48.78000
84.15000
10.67000
54.81000
11.44000
85.40000
49.92000
88.16000
50.71000
99.05000
62.13000
79.78000
58.28000
16.82000
38.00000
20.38000
24.89000
27.42000
67.27000
92.32000
36.26000
81.19000
14.66000
46.52000
66.40000
89.25000
7.79000
38.06000
75.88000
43.39000
37.49000
82.41000
80.17000
58.07000
20.23000
96.04000
94.72000
49.77000
70.47000
94.42000
36.02000
33.95000
5.69000
93.02000
18.53000
26.08000
39.35000
8.30000
57.71000
41.63000
87.92000
53.74000
70.04000
96.07000
67.88000
46.81000
70.99000
6.87000
93.69000
2.96000
76.02000
86.50000
81.81000
36.68000
1.61000
53.42000
47.73000
64.42000
61.22000
03.39000
01.15000
04.47000
01.79000
02.90000
04.86000
02.07000
04.24000
02.39000
02.83000
01.22000
04.52000
04.98000
02.19000
01.04000
01.74000
01.81000
02.06000
04.66000
03.04000
03.99000
01.57000
03.19000
03.54000
02.65000
03.84000
03.77000
02.37000
04.92000
04.00000
01.51000
02.64000
01.92000
01.18000
03.55000
03.49000
04.78000
02.49000
01.01000
04.05000
04.62000
03.06000
01.01000
03.42000
04.57000
02.02000
02.68000
04.75000
03.74000
02.49000
03.43000
01.07000
01.83000
01.82000
04.94000
04.90000
03.24000
03.32000
04.28000
03.09000
04.55000
03.24000
01.58000
03.78000
01.88000
01.72000
04.96000
03.08000
03.35000
02.87000
02.55000
01.11000
01.09000
02.82000
02.48000
02.02000
03.23000
01.71000
04.86000
01.91000
01.89000
03.64000
01.82000
04.91000
01.19000
04.75000
01.50000
03.16000
01.26000
01.16000
04.00000
04.77000
02.23000
05.00000
01.47000
01.87000
04.22000
04.39000
02.02000
02.58000
01.98000
04.97000
02.20000
02.53000
01.15000
01.52000
01.47000
03.09000
02.80000
01.36000
01.80000
03.48000
04.08000
01.59000
04.31000
04.84000
02.11000
03.36000
02.13000
04.29000
02.01000
03.78000
04.39000
02.96000
04.91000
03.97000
04.21000
01.97000
03.93000
01.07000
02.71000
02.44000
04.19000
04.20000
01.02000
01.50000
02.83000
02.48000
04.26000
04.28000
04.96000
01.04000
01.57000
03.90000
03.72000
01.01000
02.06000
01.49000
04.23000
03.50000
03.27000
04.00000
04.04000
03.16000
01.92000
03.69000
04.67000
03.85000
01.05000
02.90000
04.83000
01.10000
02.77000
03.73000
02.65000
01.04000
01.22000
04.32000
04.26000
01.81000
02.52000
02.78000
03.78000
01.51000
04.79000
01.25000
03.33000
02.28000
02.16000
01.86000
01.05000
02.25000
04.76000
02.71000
03.05000
03.53000
02.70000
01.95000
03.47000
04.25000
02.12000
01.69000
04.42000
02.54000
01.13000
04.06000
04.03000
04.52000
01.87000
03.19000
15
43
15
22
38
6
32
4
42
31
44
29
18
13
5
19
12
40
2
37
30
25
21
3
12
48
17
28
9
11
35
1
14
7
10
47
36
49
20
45
34
12
16
50
26
33
23
11
27
24
8
39
41
46
315.09740
