50
4
84.95000
43.21000
41.27000
29.50000
95.92000
20.73000
18.80000
96.17000
99.56000
62.86000
58.61000
49.56000
37.10000
11.81000
2.93000
28.88000
47.76000
6.81000
89.98000
74.36000
72.74000
88.07000
62.96000
28.21000
53.28000
97.81000
61.11000
29.65000
29.59000
76.25000
25.63000
19.90000
41.89000
63.61000
95.76000
39.17000
31.39000
1.11000
14.70000
28.70000
38.32000
27.96000
20.67000
28.69000
3.90000
85.39000
54.91000
79.36000
67.34000
15.61000
3.72000
78.25000
6.78000
35.52000
65.69000
99.09000
89.56000
91.47000
12.25000
57.89000
89.40000
68.36000
7.37000
19.61000
71.29000
31.16000
17.02000
49.23000
1.19000
44.83000
7.16000
13.71000
43.06000
75.36000
42.77000
77.02000
63.89000
88.69000
89.80000
7.13000
29.63000
50.82000
15.24000
67.01000
5.26000
26.69000
82.05000
24.62000
55.74000
81.29000
58.20000
43.94000
48.04000
81.57000
8.65000
90.94000
47.14000
92.52000
97.38000
32.57000
82.91000
53.84000
13.26000
97.94000
13.03000
71.66000
56.32000
60.46000
42.95000
75.58000
95.53000
53.95000
64.39000
56.32000
22.62000
69.12000
68.06000
4.60000
26.31000
96.69000
44.69000
10.14000
97.30000
28.38000
83.99000
63.65000
28.33000
52.91000
77.68000
56.86000
8.11000
61.99000
16.48000
79.49000
27.36000
46.34000
89.10000
23.25000
76.80000
95.69000
88.28000
76.86000
48.14000
2.75000
4.72000
33.05000
31.11000
55.23000
27.15000
80.52000
19.84000
92.40000
2.65000
90.37000
78.14000
11.83000
13.11000
31.95000
94.12000
53.68000
38.48000
4.69000
83.25000
35.42000
94.24000
24.05000
61.00000
71.52000
96.84000
6.50000
42.83000
78.44000
61.76000
66.52000
44.21000
71.66000
4.47000
21.56000
80.62000
66.64000
39.44000
85.10000
68.51000
78.86000
83.13000
74.61000
23.37000
24.78000
52.02000
5.56000
59.65000
18.87000
60.57000
91.41000
93.83000
76.60000
25.25000
50.63000
42.38000
15.44000
09.56000
09.18000
07.84000
05.58000
06.54000
06.54000
05.51000
05.05000
05.88000
05.36000
10.00000
07.95000
06.49000
09.55000
05.20000
08.16000
07.26000
08.01000
05.03000
09.60000
07.12000
09.66000
08.39000
06.17000
09.96000
08.38000
09.19000
06.78000
09.69000
08.11000
06.33000
05.34000
05.22000
07.73000
08.73000
05.75000
05.46000
06.15000
05.28000
06.92000
09.30000
07.29000
09.89000
07.75000
05.66000
05.04000
06.47000
07.15000
08.44000
08.32000
05.98000
09.33000
05.50000
09.70000
09.38000
06.77000
06.37000
07.44000
06.51000
09.86000
06.05000
08.41000
07.53000
08.75000
09.71000
07.77000
07.60000
08.61000
07.49000
05.67000
06.88000
09.59000
09.55000
07.27000
05.52000
06.84000
06.05000
07.72000
08.67000
05.53000
07.15000
07.18000
06.50000
05.80000
08.00000
05.80000
09.16000
07.82000
08.76000
08.75000
06.81000
06.74000
09.59000
06.18000
09.60000
07.71000
05.63000
08.24000
07.69000
05.90000
07.29000
08.46000
07.71000
06.80000
07.92000
06.12000
06.86000
08.47000
09.69000
07.14000
07.84000
06.69000
08.99000
07.92000
07.06000
07.88000
07.23000
09.87000
05.93000
08.44000
05.82000
09.39000
05.84000
09.77000
06.17000
07.89000
08.22000
08.29000
09.67000
06.78000
09.45000
05.41000
07.74000
07.46000
05.96000
07.51000
06.79000
06.35000
09.14000
06.02000
08.21000
09.84000
05.41000
07.34000
08.42000
09.34000
06.16000
07.87000
08.82000
06.25000
07.81000
07.74000
09.22000
08.27000
09.41000
08.20000
08.70000
06.00000
08.68000
06.36000
07.17000
05.25000
08.27000
09.88000
07.29000
08.70000
05.83000
06.41000
06.71000
08.98000
09.02000
08.62000
08.09000
08.77000
05.50000
09.15000
09.08000
05.71000
07.92000
05.66000
07.35000
07.46000
08.95000
05.81000
05.54000
06.67000
06.23000
07.25000
06.32000
06.01000
07.42000
07.65000
07.34000
08.13000
05.18000
09.66000
06.26000
05.69000
07.16000
05.93000
13
4
24
41
32
16
29
39
43
50
14
45
15
38
14
34
25
36
23
33
17
9
30
3
21
13
35
1
19
10
26
48
2
46
49
5
22
31
18
44
13
10
8
11
47
28
37
42
7
6
40
12
20
27
337.03950
