50
7
75.74000
34.19000
1.35000
82.31000
62.81000
57.65000
36.62000
31.24000
79.12000
75.74000
25.79000
22.62000
2.24000
36.01000
69.96000
23.35000
94.88000
60.80000
36.62000
51.35000
64.46000
1.75000
5.18000
27.11000
3.53000
83.32000
19.50000
21.16000
43.35000
61.23000
38.34000
6.57000
7.32000
64.03000
83.90000
7.46000
54.53000
48.55000
93.27000
49.50000
36.25000
47.41000
66.99000
11.41000
40.39000
20.54000
19.51000
70.44000
45.07000
3.67000
66.82000
5.20000
87.92000
15.60000
42.37000
80.17000
84.26000
33.82000
24.36000
23.22000
52.51000
4.12000
98.78000
55.32000
11.37000
24.48000
56.19000
89.59000
55.34000
58.29000
35.18000
77.85000
8.24000
82.91000
76.87000
60.06000
66.64000
40.06000
75.46000
15.88000
57.46000
83.44000
25.67000
13.13000
81.38000
34.12000
72.29000
59.30000
67.39000
24.12000
64.63000
52.06000
20.28000
50.90000
2.08000
26.74000
70.13000
26.79000
83.54000
7.85000
83.75000
13.79000
54.26000
64.74000
97.14000
56.52000
2.70000
74.76000
35.48000
41.21000
10.74000
40.15000
78.74000
75.52000
48.75000
50.78000
24.82000
70.63000
76.28000
74.31000
32.03000
87.80000
91.53000
5.69000
74.60000
90.81000
81.89000
13.67000
91.18000
94.52000
73.40000
95.32000
34.37000
16.31000
81.31000
26.47000
19.15000
22.61000
60.50000
5.28000
75.45000
83.40000
54.05000
8.68000
98.62000
21.71000
44.71000
39.91000
96.92000
58.12000
71.28000
90.79000
10.01000
67.07000
16.09000
34.44000
71.02000
58.17000
68.22000
15.68000
15.68000
59.07000
65.37000
13.38000
72.31000
86.57000
69.56000
20.34000
74.77000
47.60000
20.62000
92.78000
6.96000
85.79000
82.66000
3.83000
52.32000
36.91000
99.59000
85.07000
49.35000
72.44000
40.61000
87.98000
36.10000
56.00000
49.73000
25.46000
2.66000
87.91000
99.25000
23.34000
39.67000
59.63000
39.28000
72.87000
90.80000
99.32000
43.20000
80.23000
10.17000
38.88000
9.08000
38.88000
11.54000
18.16000
36.72000
56.86000
4.10000
29.44000
72.26000
5.38000
12.38000
80.58000
91.50000
35.43000
99.55000
7.77000
84.12000
2.49000
20.96000
19.97000
4.26000
11.15000
65.64000
55.47000
17.96000
68.50000
16.79000
29.32000
57.70000
34.69000
92.27000
80.89000
69.86000
68.42000
4.12000
29.35000
64.25000
82.45000
97.05000
17.14000
64.62000
90.06000
11.95000
64.52000
59.12000
56.60000
22.36000
20.05000
69.27000
45.21000
61.65000
84.96000
9.50000
78.31000
72.88000
40.93000
9.78000
18.78000
46.98000
30.82000
92.69000
36.56000
62.97000
27.31000
34.85000
43.21000
28.20000
17.00000
10.42000
38.51000
24.79000
49.94000
46.63000
60.88000
62.17000
91.07000
73.23000
38.92000
27.56000
69.78000
71.03000
38.92000
32.48000
28.35000
22.39000
17.30000
66.25000
72.51000
59.71000
68.20000
45.48000
24.89000
19.95000
76.90000
61.59000
68.57000
88.09000
66.36000
92.68000
56.86000
44.58000
79.64000
94.53000
53.74000
86.78000
8.93000
8.80000
49.29000
8.24000
36.15000
38.69000
87.72000
25.26000
14.48000
54.77000
66.32000
95.84000
21.43000
40.58000
81.92000
68.15000
12.26000
43.03000
84.38000
27.02000
67.57000
24.00000
25.13000
46.47000
46.73000
8.77000
5.62000
41.16000
33.43000
36.54000
29.87000
13.96000
88.13000
11.93000
53.95000
6.39000
99.60000
51.49000
35.45000
49.14000
32.41000
38.20000
82.03000
05.56000
09.95000
08.31000
06.85000
07.99000
09.63000
09.42000
05.98000
09.83000
08.32000
05.09000
05.63000
07.11000
06.48000
07.51000
08.32000
07.53000
08.06000
09.24000
08.83000
07.93000
08.05000
05.77000
06.71000
06.78000
09.94000
07.95000
08.77000
06.69000
08.23000
09.51000
06.60000
06.92000
05.96000
09.61000
09.03000
05.87000
07.16000
05.27000
09.68000
08.57000
09.39000
08.91000
09.42000
09.20000
06.22000
05.83000
08.90000
08.57000
09.74000
07.86000
08.85000
05.47000
07.42000
05.85000
06.56000
09.10000
07.21000
07.32000
08.09000
05.19000
06.83000
06.73000
07.45000
08.40000
08.95000
08.33000
05.31000
06.92000
06.61000
08.61000
06.47000
09.94000
05.74000
08.85000
07.38000
05.18000
07.67000
07.56000
08.61000
06.37000
06.61000
08.06000
07.39000
05.74000
07.18000
05.91000
05.09000
06.56000
06.86000
06.43000
09.71000
05.60000
08.56000
07.23000
08.40000
05.65000
08.04000
05.65000
09.94000
05.12000
09.32000
09.33000
05.45000
06.66000
09.47000
09.81000
06.85000
09.64000
07.88000
05.08000
08.22000
09.30000
05.71000
07.14000
08.43000
08.77000
08.94000
09.62000
09.89000
06.55000
05.78000
05.28000
06.02000
09.05000
09.22000
08.55000
08.74000
08.07000
09.50000
07.97000
06.01000
08.29000
06.65000
08.73000
09.28000
09.78000
07.95000
05.17000
06.03000
05.52000
05.45000
08.26000
07.26000
08.85000
08.46000
08.12000
09.98000
06.03000
06.05000
06.69000
09.86000
06.13000
05.62000
07.11000
08.06000
05.86000
08.22000
06.97000
05.63000
07.67000
08.17000
08.37000
08.29000
09.46000
05.42000
09.40000
09.63000
08.92000
06.57000
06.68000
08.62000
05.98000
07.35000
07.86000
07.14000
05.35000
05.15000
09.07000
07.46000
08.99000
06.50000
07.49000
09.72000
08.64000
09.54000
08.79000
09.48000
08.30000
06.59000
09.67000
05.16000
06.75000
06.58000
05.35000
05.59000
05.00000
07.61000
07.04000
07.49000
09.26000
08.85000
08.36000
05.80000
07.57000
08.89000
09.92000
09.39000
08.55000
09.78000
05.36000
07.96000
05.97000
07.84000
05.86000
06.13000
07.77000
05.39000
05.46000
08.30000
08.52000
08.25000
08.62000
06.11000
06.91000
08.29000
07.68000
06.01000
08.30000
05.87000
05.38000
06.66000
07.19000
07.38000
07.34000
06.54000
09.69000
07.72000
09.56000
06.36000
06.09000
07.80000
05.96000
06.60000
08.29000
07.05000
05.82000
05.02000
07.34000
05.93000
06.35000
09.21000
05.46000
08.29000
07.11000
06.31000
05.50000
06.81000
05.73000
08.77000
06.88000
05.26000
06.28000
08.35000
05.11000
05.29000
05.11000
05.94000
06.73000
06.43000
08.33000
09.09000
06.80000
08.60000
09.32000
09.45000
06.40000
09.60000
06.21000
05.37000
05.11000
07.64000
09.43000
09.28000
08.53000
08.81000
09.13000
05.30000
05.79000
09.58000
07.76000
06.66000
07.01000
09.34000
07.52000
08.24000
05.84000
07.85000
07.88000
09.06000
08.51000
05.56000
09.87000
05.61000
08.59000
05.08000
09.19000
07.91000
09.51000
06.76000
08.13000
06.08000
08.00000
06.40000
06.42000
09.86000
06.16000
07.05000
07.92000
05.01000
08.98000
06.55000
08.13000
05.80000
06.86000
09.99000
06.72000
07.52000
08.07000
07.24000
09.95000
08.99000
06.28000
05.41000
08.26000
05.01000
08.06000
06.42000
08.72000
08.94000
05.35000
09.40000
07.53000
05.12000
07.99000
08.28000
07.54000
06.42000
06.23000
09.26000
11
47
46
33
32
23
36
25
50
13
22
3
7
48
4
30
15
12
2
45
7
17
11
28
44
24
40
7
6
42
6
10
14
26
39
8
49
27
29
18
1
9
37
20
5
31
19
38
5
21
6
35
41
16
8
34
43
102.76750
