50
7
1.82000
52.29000
89.59000
57.95000
29.85000
27.22000
41.17000
98.44000
49.84000
67.47000
90.55000
48.10000
38.74000
68.40000
60.76000
87.68000
98.78000
38.27000
73.39000
90.08000
12.01000
48.78000
4.04000
65.89000
81.75000
86.52000
26.89000
14.88000
93.13000
3.54000
70.15000
74.47000
55.58000
61.79000
63.59000
74.27000
54.32000
91.64000
87.01000
80.55000
2.88000
36.38000
23.78000
49.75000
88.57000
1.75000
6.28000
75.99000
30.00000
8.37000
60.11000
41.09000
91.60000
61.04000
24.53000
60.46000
31.59000
84.26000
31.10000
64.54000
25.80000
23.23000
70.31000
2.44000
65.47000
19.64000
72.29000
47.54000
56.78000
18.72000
55.38000
53.04000
68.32000
16.76000
76.56000
96.43000
83.61000
11.57000
83.00000
34.00000
50.58000
52.03000
60.53000
45.32000
30.10000
89.55000
83.17000
88.78000
47.45000
27.60000
65.58000
50.04000
42.83000
68.19000
10.63000
88.60000
19.87000
68.39000
58.85000
93.20000
59.82000
34.69000
51.59000
34.42000
20.27000
38.77000
22.67000
43.70000
4.33000
19.75000
76.40000
52.77000
25.28000
14.50000
35.03000
49.78000
48.47000
98.59000
44.11000
36.81000
40.78000
39.74000
28.01000
79.36000
20.16000
40.35000
36.35000
58.85000
6.07000
93.98000
95.58000
19.12000
69.05000
34.90000
60.44000
17.95000
83.17000
82.49000
59.47000
77.52000
72.56000
98.87000
49.50000
35.94000
62.87000
34.27000
63.15000
91.75000
31.84000
75.64000
36.08000
84.94000
10.34000
47.65000
28.10000
74.40000
93.33000
17.42000
99.52000
94.13000
44.65000
74.96000
72.99000
80.08000
46.58000
14.69000
32.55000
19.25000
23.09000
53.31000
76.21000
98.19000
85.30000
87.33000
68.36000
59.48000
86.02000
39.54000
85.33000
43.26000
65.24000
7.56000
68.88000
42.72000
2.60000
16.26000
73.68000
52.58000
64.91000
67.35000
19.82000
19.63000
61.68000
89.81000
39.31000
90.19000
88.57000
88.43000
30.60000
65.63000
77.57000
72.14000
82.57000
16.84000
68.32000
46.73000
58.29000
7.62000
71.40000
61.76000
77.15000
11.84000
74.55000
35.78000
96.74000
60.20000
42.36000
49.75000
26.73000
24.06000
64.69000
99.56000
75.30000
60.97000
10.19000
46.54000
6.72000
70.12000
70.83000
62.91000
81.76000
38.92000
19.36000
87.32000
18.28000
92.41000
50.83000
72.37000
30.65000
47.82000
40.09000
34.05000
87.32000
58.05000
86.28000
2.27000
59.26000
67.16000
67.35000
70.40000
24.96000
77.46000
21.58000
23.69000
9.71000
78.41000
89.15000
29.58000
21.79000
38.03000
15.89000
97.64000
50.10000
15.22000
14.24000
9.14000
72.76000
45.72000
63.08000
91.39000
7.55000
92.56000
56.22000
79.25000
58.39000
95.53000
49.86000
55.62000
71.92000
20.77000
15.15000
5.94000
81.93000
9.18000
85.66000
65.72000
61.86000
29.96000
12.87000
75.00000
73.37000
29.12000
7.68000
23.87000
18.74000
77.97000
96.92000
2.96000
86.47000
26.60000
23.54000
72.15000
52.66000
19.37000
3.06000
68.24000
67.48000
79.95000
70.62000
4.73000
92.49000
72.11000
27.60000
15.95000
59.78000
7.21000
72.90000
27.42000
76.21000
59.02000
60.50000
3.31000
76.97000
19.26000
43.91000
94.98000
73.03000
40.04000
28.68000
96.45000
2.67000
89.42000
21.93000
87.91000
77.94000
99.86000
81.80000
89.23000
42.21000
17.76000
70.00000
10.46000
11.64000
50.92000
97.28000
97.30000
29.69000
25.09000
77.91000
89.64000
04.89000
03.21000
01.19000
04.56000
03.76000
01.60000
04.86000
02.29000
04.17000
04.13000
04.24000
02.08000
02.92000
01.49000
02.78000
04.04000
01.60000
02.68000
03.74000
01.57000
04.64000
01.01000
04.20000
03.38000
01.27000
04.09000
01.04000
03.51000
03.53000
03.88000
04.98000
03.29000
04.29000
02.60000
02.51000
01.38000
03.22000
02.84000
01.98000
03.75000
04.79000
01.45000
03.51000
01.68000
04.30000
03.62000
01.06000
01.75000
01.86000
04.85000
01.44000
02.68000
02.09000
04.64000
02.20000
02.48000
01.59000
01.50000
02.91000
04.69000
02.58000
04.14000
02.72000
01.49000
04.12000
01.38000
04.11000
01.86000
03.58000
01.85000
02.86000
01.59000
02.66000
04.02000
02.04000
01.29000
01.34000
02.14000
02.08000
04.38000
03.94000
04.29000
02.69000
03.09000
01.09000
02.36000
04.89000
04.47000
03.71000
02.04000
01.02000
04.37000
01.06000
04.86000
04.75000
01.47000
02.69000
02.14000
01.04000
03.25000
03.04000
03.48000
02.21000
04.91000
03.82000
02.30000
03.73000
04.89000
03.30000
04.99000
03.81000
04.95000
01.88000
01.07000
01.97000
04.54000
01.75000
03.38000
02.57000
01.40000
04.92000
02.08000
04.80000
01.59000
03.22000
02.64000
04.62000
01.49000
04.29000
03.83000
04.84000
01.78000
01.59000
03.75000
01.06000
01.46000
04.37000
01.80000
03.70000
03.84000
03.71000
04.70000
03.99000
02.54000
02.50000
04.47000
03.98000
03.50000
01.43000
04.46000
04.95000
02.60000
01.64000
01.74000
01.82000
01.75000
01.77000
03.30000
03.14000
02.78000
02.93000
02.78000
04.40000
03.48000
01.01000
03.11000
01.40000
03.40000
03.24000
04.01000
04.27000
01.95000
02.14000
04.03000
03.44000
04.32000
01.56000
02.54000
03.67000
03.53000
02.65000
01.68000
02.02000
02.39000
01.87000
04.46000
01.85000
03.56000
01.01000
04.67000
02.85000
03.48000
01.16000
04.90000
03.02000
02.42000
04.72000
02.59000
04.68000
02.45000
04.20000
04.09000
03.75000
04.31000
04.53000
03.96000
02.44000
02.49000
01.93000
04.99000
01.45000
04.11000
03.88000
03.05000
03.95000
03.44000
04.68000
02.33000
02.86000
02.08000
03.43000
01.33000
02.96000
02.93000
02.06000
02.86000
02.83000
04.20000
03.29000
04.03000
04.85000
01.42000
04.68000
02.30000
01.22000
01.44000
04.57000
01.40000
03.96000
04.42000
04.15000
01.39000
02.89000
01.81000
01.38000
04.66000
03.66000
02.40000
01.07000
01.88000
02.15000
03.89000
01.99000
02.00000
04.88000
02.86000
03.46000
02.91000
03.36000
01.40000
04.07000
01.83000
04.93000
02.37000
04.06000
03.30000
02.25000
03.45000
03.98000
01.63000
03.29000
03.11000
02.73000
02.97000
01.32000
02.64000
03.47000
03.26000
04.94000
04.16000
03.72000
02.27000
04.04000
04.59000
01.27000
01.58000
03.85000
01.65000
04.26000
02.57000
02.90000
03.90000
01.11000
04.45000
03.03000
04.69000
02.58000
02.22000
03.39000
04.19000
03.46000
01.51000
04.82000
02.28000
01.87000
01.74000
01.98000
01.47000
01.17000
04.26000
04.47000
03.02000
03.44000
02.78000
02.52000
03.55000
02.56000
04.33000
01.18000
04.00000
02.24000
03.26000
02.30000
03.60000
01.99000
03.22000
02.54000
01.93000
03.14000
03.17000
03.41000
04.86000
02.83000
03.40000
01.18000
02.57000
04.00000
03.49000
04.97000
03.56000
01.42000
04.36000
02.70000
04.64000
03.66000
02.21000
03.09000
04.93000
03.13000
02.59000
10
6
49
47
21
50
23
30
41
46
1
6
20
11
28
24
45
14
5
26
2
7
29
9
6
17
19
3
18
36
35
6
37
25
33
8
12
27
8
38
43
44
15
39
32
34
48
9
4
13
40
42
16
5
10
22
31
113.75230
