50
7
97.98000
53.12000
78.83000
21.98000
77.54000
57.23000
60.09000
91.45000
62.95000
46.49000
86.33000
85.62000
12.20000
98.39000
42.06000
2.31000
70.45000
69.21000
73.23000
88.40000
25.56000
39.54000
42.70000
97.31000
50.51000
66.76000
74.74000
31.49000
60.00000
36.53000
10.56000
92.97000
56.87000
9.34000
51.79000
39.80000
82.65000
71.96000
17.98000
27.58000
69.04000
89.94000
89.09000
64.98000
85.40000
54.17000
63.01000
63.18000
91.27000
31.28000
26.85000
25.16000
6.82000
21.38000
46.17000
37.32000
24.42000
47.85000
59.37000
30.29000
41.57000
55.60000
84.38000
8.47000
8.92000
25.03000
41.67000
64.42000
51.91000
99.01000
1.78000
32.41000
25.28000
38.28000
36.79000
32.83000
57.56000
63.05000
71.81000
26.77000
6.60000
11.41000
33.51000
63.49000
4.01000
81.91000
97.61000
32.93000
9.73000
90.99000
45.36000
12.19000
59.47000
17.54000
6.09000
18.03000
17.26000
52.34000
11.64000
56.40000
37.62000
27.51000
40.22000
6.59000
61.39000
12.31000
93.30000
4.22000
94.99000
62.63000
58.83000
22.00000
2.83000
20.06000
86.63000
81.72000
59.25000
24.72000
18.67000
82.99000
8.00000
69.81000
32.59000
50.70000
2.74000
51.06000
97.23000
85.55000
62.57000
14.24000
22.07000
17.52000
22.51000
6.68000
1.77000
49.39000
78.00000
27.76000
71.68000
14.26000
42.39000
78.38000
58.30000
18.99000
89.47000
12.51000
24.82000
97.77000
10.93000
81.68000
3.81000
8.15000
89.03000
36.83000
54.37000
36.82000
15.15000
27.76000
85.21000
27.08000
84.61000
17.48000
63.97000
38.25000
61.65000
4.21000
83.62000
44.56000
9.08000
74.33000
15.90000
83.67000
40.73000
55.89000
55.88000
9.17000
73.99000
63.12000
78.40000
35.04000
77.29000
50.92000
83.60000
92.21000
20.62000
62.35000
48.42000
76.03000
23.99000
80.17000
75.11000
93.76000
11.00000
76.29000
44.70000
19.09000
55.25000
61.29000
62.52000
36.63000
56.89000
14.08000
93.35000
46.29000
32.38000
77.85000
8.39000
75.18000
43.73000
83.69000
90.47000
34.42000
96.90000
70.42000
98.80000
6.92000
38.50000
4.17000
4.54000
77.12000
1.32000
25.83000
40.25000
83.54000
57.83000
5.62000
56.40000
64.20000
71.65000
87.54000
65.90000
9.20000
44.10000
45.90000
95.59000
9.18000
64.64000
27.78000
37.71000
7.81000
63.44000
8.59000
95.44000
49.34000
58.80000
39.52000
40.37000
31.04000
8.73000
99.06000
39.22000
55.23000
29.25000
94.05000
55.91000
69.02000
29.44000
61.56000
39.64000
71.98000
38.71000
61.24000
43.93000
17.47000
68.03000
47.22000
74.34000
95.50000
55.67000
86.54000
38.97000
89.29000
15.70000
12.68000
94.98000
18.68000
87.48000
69.02000
5.06000
90.73000
90.17000
67.38000
77.96000
56.14000
67.23000
31.49000
29.98000
50.80000
38.91000
48.51000
24.46000
51.26000
51.77000
21.52000
28.28000
23.24000
30.15000
16.02000
59.38000
70.16000
24.53000
67.75000
60.44000
38.86000
33.85000
2.25000
15.66000
84.35000
9.55000
77.54000
68.04000
14.09000
37.24000
71.77000
19.35000
9.23000
67.96000
12.17000
7.01000
79.19000
66.65000
26.49000
58.63000
12.20000
61.69000
95.55000
42.48000
18.76000
95.38000
3.69000
14.00000
88.21000
75.44000
81.33000
67.31000
38.14000
22.51000
66.41000
87.71000
58.99000
20.65000
44.93000
98.15000
70.44000
68.85000
5.44000
11.76000
68.01000
31.51000
86.51000
09.21000
09.19000
08.12000
06.37000
09.35000
05.86000
08.98000
06.30000
07.42000
07.98000
05.59000
09.59000
07.31000
06.31000
07.97000
09.08000
09.50000
05.14000
06.50000
09.85000
08.66000
09.74000
09.45000
06.77000
06.06000
08.92000
05.50000
06.96000
07.13000
07.51000
06.21000
07.32000
08.94000
08.85000
08.53000
07.01000
07.69000
07.28000
07.29000
09.94000
06.25000
05.67000
07.73000
07.31000
06.59000
07.92000
07.98000
05.07000
07.35000
06.41000
07.11000
09.72000
06.73000
09.98000
07.53000
08.51000
06.20000
05.07000
08.33000
09.04000
08.94000
05.59000
09.30000
08.13000
09.93000
06.98000
09.97000
09.27000
07.67000
05.12000
07.18000
05.07000
06.65000
08.74000
07.49000
09.78000
09.91000
06.99000
09.75000
06.79000
06.49000
06.89000
07.57000
06.16000
08.94000
05.86000
06.83000
07.05000
05.83000
09.22000
08.17000
05.28000
09.26000
07.66000
09.50000
05.80000
07.32000
09.78000
08.49000
05.23000
05.85000
07.31000
07.23000
05.11000
07.38000
05.30000
08.41000
07.45000
07.49000
07.82000
06.69000
09.94000
09.23000
06.37000
06.86000
06.78000
08.54000
07.22000
05.37000
05.68000
06.74000
08.89000
07.80000
05.36000
08.06000
09.68000
06.37000
08.08000
07.08000
05.17000
07.45000
07.08000
06.32000
05.68000
09.05000
09.16000
08.67000
08.80000
08.31000
07.08000
09.89000
06.90000
09.02000
07.17000
06.16000
09.60000
09.10000
06.75000
06.55000
06.30000
05.57000
08.00000
06.10000
07.85000
09.03000
09.87000
05.33000
07.04000
06.18000
07.65000
07.29000
05.24000
09.43000
09.83000
05.21000
05.23000
07.18000
07.82000
07.07000
06.41000
06.37000
08.43000
08.12000
07.34000
09.95000
06.33000
08.38000
08.20000
09.38000
06.59000
05.14000
08.34000
07.13000
07.20000
05.43000
08.72000
09.21000
06.49000
08.58000
09.47000
07.61000
05.73000
08.66000
07.33000
07.87000
06.54000
07.02000
08.20000
06.53000
08.46000
05.14000
08.14000
08.08000
08.50000
08.94000
09.44000
08.27000
09.50000
08.63000
05.23000
08.22000
05.51000
05.82000
07.11000
06.93000
06.46000
06.23000
07.72000
06.25000
07.06000
07.26000
08.21000
08.47000
09.28000
05.43000
05.76000
08.73000
09.85000
08.89000
06.03000
07.57000
07.78000
09.95000
05.72000
08.43000
06.84000
07.54000
05.06000
05.13000
08.05000
09.76000
05.26000
09.40000
07.21000
06.33000
06.07000
08.34000
07.39000
06.11000
08.24000
07.54000
07.52000
07.78000
06.28000
05.78000
09.11000
08.56000
09.61000
05.96000
08.67000
08.67000
08.14000
07.49000
05.77000
08.94000
06.33000
07.01000
09.10000
06.23000
06.51000
05.95000
09.04000
05.91000
06.42000
08.00000
05.06000
09.35000
06.68000
06.61000
08.29000
06.47000
08.30000
07.51000
09.01000
08.18000
05.19000
06.17000
09.12000
08.90000
06.65000
05.35000
09.68000
09.09000
09.84000
07.57000
08.39000
07.71000
07.36000
07.62000
07.07000
08.51000
07.42000
09.18000
06.07000
09.02000
05.45000
08.24000
09.84000
07.20000
09.11000
08.90000
06.83000
07.58000
09.51000
08.71000
07.13000
05.09000
05.01000
09.33000
06.79000
07.52000
08.76000
09.10000
05.41000
08.08000
06.18000
05.46000
08.58000
07.87000
07.43000
07.52000
05.43000
08.36000
09.95000
08.51000
06.09000
08.92000
05.95000
08.32000
09.21000
09.33000
09.89000
05.96000
09.45000
07.23000
06.02000
07.10000
05.00000
05.67000
05.83000
5
50
28
22
31
16
9
10
47
39
32
14
3
15
45
21
10
33
38
44
49
4
34
8
25
13
35
5
20
7
43
2
1
8
17
5
42
36
26
40
19
18
6
41
11
23
48
24
29
7
27
37
12
9
46
30
6
127.22100
