50
10
112.05000
172.86000
149.33000
150.66000
125.96000
190.88000
179.10000
118.95000
134.95000
174.38000
158.82000
160.73000
105.04000
195.64000
167.01000
160.78000
127.22000
151.91000
107.20000
128.84000
117.53000
165.46000
107.88000
199.70000
116.98000
183.56000
122.59000
133.11000
191.57000
178.47000
129.83000
113.84000
132.34000
147.46000
133.13000
151.65000
155.29000
112.79000
160.99000
181.32000
101.44000
121.74000
166.93000
162.61000
136.81000
146.56000
129.47000
180.28000
152.40000
184.52000
145.58000
161.48000
184.77000
160.62000
193.69000
187.14000
106.75000
169.97000
159.96000
164.65000
140.85000
103.26000
138.54000
144.42000
193.71000
123.36000
148.58000
101.84000
196.96000
118.18000
134.21000
137.28000
107.25000
100.60000
164.57000
176.15000
106.22000
108.52000
133.80000
168.84000
100.50000
104.82000
161.05000
190.73000
121.75000
177.40000
190.45000
142.22000
126.59000
139.14000
191.15000
148.69000
196.68000
127.94000
157.28000
160.54000
138.64000
106.69000
107.99000
153.16000
146.75000
107.26000
131.96000
189.89000
185.35000
109.46000
116.72000
126.58000
149.97000
140.91000
173.03000
141.16000
187.90000
155.13000
160.64000
199.65000
171.38000
130.63000
164.32000
193.05000
197.70000
170.94000
193.83000
137.39000
189.11000
104.56000
183.95000
173.67000
192.87000
185.01000
194.44000
167.93000
181.27000
190.82000
110.06000
111.16000
151.55000
125.48000
140.57000
119.39000
125.99000
117.53000
120.75000
133.63000
151.86000
120.47000
110.36000
119.89000
101.41000
112.82000
101.34000
102.84000
160.89000
159.42000
199.67000
164.20000
106.00000
162.53000
194.78000
151.34000
157.47000
129.12000
112.07000
145.92000
153.18000
153.34000
101.92000
154.56000
156.02000
154.32000
139.73000
108.91000
153.89000
176.20000
125.89000
165.61000
159.68000
188.13000
185.78000
106.30000
111.27000
184.24000
169.80000
137.62000
171.56000
183.68000
153.33000
191.22000
128.44000
130.59000
136.78000
123.72000
194.80000
194.10000
145.52000
116.78000
108.52000
168.37000
129.95000
177.03000
139.23000
164.73000
109.28000
190.86000
182.99000
191.36000
155.32000
174.50000
160.31000
112.58000
121.05000
191.98000
199.69000
163.14000
147.47000
190.57000
154.66000
102.83000
100.61000
142.54000
103.72000
116.40000
171.48000
145.15000
150.40000
113.61000
176.09000
120.66000
123.21000
129.24000
155.47000
116.35000
175.66000
123.05000
175.62000
104.47000
186.27000
179.81000
127.57000
182.30000
158.56000
109.28000
127.33000
172.10000
121.04000
146.22000
115.91000
121.13000
127.23000
150.41000
149.68000
186.90000
186.94000
174.07000
172.68000
196.28000
161.64000
127.80000
160.13000
119.45000
176.01000
148.62000
168.69000
169.28000
199.17000
161.93000
179.99000
183.66000
125.26000
118.12000
100.66000
125.50000
173.43000
192.57000
162.36000
182.67000
187.82000
185.68000
121.72000
168.07000
137.56000
122.84000
160.39000
119.59000
116.81000
154.44000
185.00000
100.12000
144.69000
155.88000
127.19000
197.55000
165.35000
127.53000
143.61000
124.77000
147.93000
194.79000
115.89000
119.67000
118.90000
122.83000
114.83000
175.87000
187.78000
134.85000
130.37000
168.19000
199.30000
133.36000
165.31000
126.88000
163.21000
134.36000
141.90000
180.45000
114.29000
178.87000
107.41000
182.41000
112.30000
132.92000
134.11000
111.29000
142.01000
187.50000
119.26000
170.59000
113.17000
158.64000
185.13000
188.83000
160.57000
187.36000
178.99000
119.53000
143.95000
139.67000
173.09000
141.20000
148.10000
106.58000
164.71000
157.36000
182.76000
104.12000
176.12000
196.52000
182.72000
173.29000
167.94000
124.27000
177.14000
117.73000
145.12000
180.34000
105.50000
127.77000
168.49000
177.24000
170.87000
197.57000
125.96000
159.11000
173.65000
183.79000
130.40000
195.09000
139.23000
168.06000
119.71000
179.31000
118.00000
157.02000
156.79000
130.92000
185.35000
182.32000
129.51000
194.07000
141.67000
100.59000
150.78000
137.88000
112.35000
193.48000
158.47000
156.50000
147.78000
167.62000
115.49000
169.08000
123.36000
154.66000
109.72000
119.75000
139.47000
111.24000
154.06000
177.64000
194.19000
189.69000
189.26000
175.91000
103.84000
125.03000
140.73000
178.11000
191.77000
190.30000
187.87000
180.77000
148.99000
182.78000
134.18000
193.63000
191.52000
124.72000
108.18000
151.48000
160.38000
163.40000
163.39000
114.06000
121.57000
171.08000
178.32000
166.15000
166.12000
145.03000
156.50000
117.52000
110.04000
107.51000
126.42000
102.93000
194.35000
105.78000
141.62000
182.14000
185.06000
112.12000
180.60000
139.92000
173.19000
123.79000
146.88000
186.04000
174.76000
163.05000
144.47000
100.68000
109.92000
181.80000
166.67000
194.68000
139.79000
108.90000
155.88000
120.62000
193.11000
102.52000
131.22000
153.88000
101.51000
150.54000
136.85000
194.87000
121.64000
165.84000
141.89000
168.97000
135.14000
186.33000
140.49000
126.57000
148.63000
174.90000
151.80000
143.07000
193.78000
119.42000
119.95000
118.85000
127.21000
132.80000
114.08000
179.30000
130.58000
152.92000
128.33000
174.82000
110.51000
142.68000
181.85000
180.79000
198.65000
189.97000
118.77000
197.61000
04.56000
03.64000
01.73000
01.98000
02.74000
02.39000
01.13000
03.82000
03.76000
03.53000
04.79000
03.09000
03.69000
02.39000
03.27000
01.62000
03.63000
03.29000
04.18000
02.23000
01.64000
03.58000
04.07000
04.77000
04.80000
01.57000
04.52000
02.04000
01.20000
04.59000
04.13000
03.89000
03.91000
04.97000
02.45000
01.14000
03.00000
04.04000
04.08000
01.61000
01.56000
04.12000
02.59000
02.14000
03.66000
04.56000
04.56000
04.56000
02.39000
01.66000
03.29000
04.77000
01.37000
01.93000
04.15000
01.88000
01.49000
03.13000
03.07000
01.02000
04.40000
01.70000
04.77000
04.14000
01.31000
02.10000
02.95000
02.19000
04.42000
01.79000
04.30000
03.13000
02.94000
03.22000
04.54000
03.90000
03.07000
01.83000
04.36000
02.47000
04.01000
02.09000
01.47000
01.79000
01.96000
01.45000
02.57000
01.80000
02.14000
02.36000
03.36000
03.47000
02.73000
04.27000
04.55000
04.73000
02.95000
03.64000
03.85000
04.56000
04.94000
02.13000
03.76000
01.80000
03.97000
03.59000
02.38000
02.24000
02.12000
03.79000
02.66000
03.59000
01.73000
04.31000
01.43000
01.92000
02.12000
03.72000
04.52000
02.31000
03.63000
01.60000
02.76000
02.84000
03.57000
02.54000
03.99000
02.58000
04.28000
04.11000
01.01000
01.62000
01.08000
04.89000
03.67000
01.03000
02.30000
04.45000
02.80000
02.89000
01.28000
03.38000
02.21000
02.28000
04.34000
03.25000
02.74000
03.27000
02.80000
02.64000
03.49000
01.40000
01.79000
04.83000
04.64000
01.54000
03.44000
04.09000
02.41000
02.84000
04.58000
03.98000
01.78000
03.49000
04.66000
01.20000
04.69000
02.71000
04.14000
01.46000
02.09000
04.69000
04.46000
03.46000
01.95000
02.64000
04.08000
02.91000
01.20000
02.76000
02.46000
04.51000
01.81000
04.26000
04.04000
01.95000
02.73000
03.33000
02.28000
01.95000
03.91000
01.18000
03.63000
04.21000
02.30000
04.02000
03.55000
01.43000
03.86000
03.05000
01.90000
03.62000
02.45000
04.47000
01.12000
03.96000
04.52000
03.10000
02.57000
03.20000
02.48000
03.91000
02.81000
01.17000
03.41000
01.24000
03.44000
02.69000
03.38000
02.41000
03.03000
01.60000
03.48000
03.76000
01.15000
04.72000
01.77000
02.61000
02.38000
03.88000
01.34000
01.29000
04.31000
03.91000
02.27000
03.12000
01.51000
02.63000
01.63000
04.44000
01.56000
02.88000
01.51000
02.58000
01.03000
04.48000
04.98000
03.85000
01.51000
04.26000
04.23000
04.80000
04.35000
02.22000
01.72000
03.49000
03.77000
01.71000
03.73000
04.78000
02.67000
01.41000
03.46000
03.12000
04.77000
02.25000
03.11000
01.96000
02.77000
02.20000
01.88000
01.75000
02.37000
04.21000
03.98000
03.96000
02.27000
04.23000
02.61000
03.03000
02.18000
03.21000
03.98000
02.41000
02.80000
03.11000
03.28000
02.57000
01.83000
02.88000
04.72000
04.94000
01.98000
02.47000
01.50000
03.99000
02.95000
02.84000
03.83000
03.17000
01.17000
04.06000
03.02000
04.58000
03.19000
04.96000
04.56000
02.98000
02.34000
01.74000
02.03000
03.66000
01.45000
04.46000
04.75000
03.20000
04.36000
04.22000
03.05000
03.19000
03.88000
01.08000
04.25000
02.20000
01.85000
04.13000
04.70000
03.80000
01.10000
03.44000
01.70000
04.59000
01.45000
02.09000
01.60000
02.13000
03.73000
04.16000
03.72000
03.00000
01.76000
02.73000
04.38000
02.78000
02.39000
03.87000
04.92000
02.05000
01.43000
02.67000
03.47000
04.95000
02.61000
03.77000
02.77000
03.35000
01.90000
03.82000
04.78000
01.10000
05.00000
04.94000
02.95000
04.90000
03.86000
04.35000
03.74000
02.47000
03.43000
04.24000
02.58000
02.49000
01.67000
03.82000
03.95000
02.67000
01.53000
03.29000
01.29000
01.73000
02.96000
03.85000
01.06000
03.35000
02.92000
03.71000
02.70000
04.24000
03.36000
02.06000
02.67000
02.11000
03.23000
03.12000
02.43000
03.66000
02.49000
04.09000
04.43000
04.59000
02.97000
03.70000
01.83000
03.65000
02.91000
01.62000
03.88000
02.67000
03.71000
02.20000
04.69000
03.89000
02.44000
01.76000
03.86000
02.13000
01.18000
01.64000
01.95000
01.23000
03.02000
04.16000
04.55000
02.00000
04.02000
04.64000
02.23000
02.28000
01.27000
03.43000
02.57000
04.91000
04.85000
01.84000
02.15000
01.69000
01.83000
02.21000
02.55000
01.47000
04.29000
03.86000
02.35000
02.07000
01.32000
03.12000
01.12000
02.32000
02.98000
01.32000
01.85000
02.80000
02.40000
01.76000
01.06000
02.96000
04.82000
04.07000
04.49000
03.54000
04.68000
02.65000
01.83000
03.49000
02.17000
02.96000
03.78000
02.76000
02.51000
03.44000
02.05000
02.31000
03.90000
03.54000
01.35000
04.09000
01.53000
03.73000
03.37000
03.05000
03.62000
01.46000
02.82000
03.15000
03.36000
03.17000
03.41000
01.34000
02.96000
04.32000
01.83000
03.57000
01.62000
01.36000
03.78000
04.79000
03.55000
03.76000
03.98000
04.97000
5
41
9
13
23
19
5
20
28
16
27
31
5
43
50
40
49
6
5
2
14
30
47
1
5
22
11
3
18
26
5
21
44
35
38
10
5
29
24
42
46
17
5
7
45
4
48
32
5
36
34
5
25
33
5
15
39
12
37
8
593.36690
