50
4
8.16000
57.85000
19.74000
17.42000
15.17000
65.44000
61.36000
83.22000
51.97000
75.77000
4.40000
72.86000
59.80000
30.04000
87.07000
26.57000
78.87000
67.48000
52.59000
83.55000
50.39000
30.31000
40.17000
86.03000
14.59000
57.74000
90.04000
74.22000
11.68000
91.00000
44.41000
88.35000
81.89000
71.30000
42.51000
69.63000
67.43000
38.87000
25.55000
58.28000
8.52000
33.91000
33.75000
94.53000
44.39000
96.66000
8.33000
20.58000
17.24000
69.32000
16.47000
72.42000
21.81000
86.10000
42.77000
66.87000
87.47000
35.22000
89.79000
36.40000
8.33000
41.40000
24.48000
45.98000
47.36000
70.62000
10.83000
61.58000
71.52000
88.84000
14.80000
49.16000
46.78000
62.03000
2.35000
73.70000
38.12000
55.17000
38.46000
2.17000
11.50000
34.21000
89.10000
97.53000
31.89000
64.13000
21.23000
28.75000
65.26000
11.89000
97.83000
58.80000
77.57000
41.47000
86.86000
54.65000
34.81000
19.84000
53.29000
81.27000
97.19000
49.33000
47.98000
7.14000
3.24000
27.61000
36.03000
97.19000
46.21000
29.11000
57.36000
57.33000
18.82000
44.56000
3.69000
76.27000
10.79000
64.67000
63.74000
45.73000
12.85000
80.17000
30.22000
55.44000
15.70000
81.77000
91.86000
96.11000
10.06000
60.19000
41.38000
59.46000
85.67000
6.15000
67.50000
35.21000
35.22000
9.37000
61.92000
14.08000
47.45000
60.56000
15.38000
85.78000
14.07000
51.46000
17.59000
43.04000
24.80000
71.76000
35.39000
87.43000
4.23000
1.82000
75.03000
46.98000
14.60000
2.09000
10.48000
67.08000
77.00000
70.63000
55.20000
64.19000
8.90000
24.93000
26.66000
53.78000
23.78000
78.44000
39.33000
51.33000
38.11000
48.64000
9.68000
72.30000
67.35000
49.99000
52.18000
33.15000
27.97000
97.97000
83.29000
48.37000
34.44000
10.04000
19.49000
34.41000
3.23000
98.67000
74.24000
6.75000
48.81000
82.33000
65.01000
79.85000
87.64000
75.49000
7.27000
71.18000
09.44000
08.95000
06.85000
06.90000
07.02000
06.76000
09.81000
06.51000
06.33000
05.40000
08.96000
08.91000
06.29000
08.78000
08.20000
08.00000
05.79000
05.81000
06.44000
07.70000
08.75000
05.40000
07.59000
06.90000
09.07000
06.45000
05.55000
09.52000
05.65000
07.86000
09.23000
09.46000
07.41000
08.55000
07.54000
05.63000
08.24000
07.42000
09.37000
06.93000
07.06000
08.38000
08.65000
07.27000
07.77000
05.33000
09.27000
05.55000
09.27000
07.17000
08.23000
08.15000
09.91000
07.46000
07.03000
09.58000
08.37000
06.39000
08.94000
06.04000
05.02000
07.93000
09.12000
07.69000
05.01000
07.22000
07.72000
09.67000
08.51000
09.43000
09.90000
07.15000
05.66000
09.71000
05.82000
05.27000
06.64000
08.22000
05.63000
09.21000
06.58000
05.12000
09.49000
09.11000
05.65000
05.56000
07.56000
05.12000
09.00000
09.69000
09.99000
07.42000
06.79000
07.68000
06.93000
06.14000
09.18000
09.68000
08.55000
06.45000
07.74000
05.51000
07.56000
09.43000
07.02000
09.16000
05.05000
06.77000
06.81000
05.55000
08.74000
05.05000
08.51000
06.07000
05.05000
05.66000
08.53000
07.13000
05.37000
05.03000
08.26000
05.15000
06.12000
09.54000
09.13000
06.51000
08.71000
05.62000
07.53000
07.65000
09.53000
09.65000
09.88000
09.94000
10.00000
08.07000
07.57000
09.82000
06.52000
07.25000
07.01000
08.67000
05.49000
08.63000
09.62000
07.91000
08.33000
08.59000
06.79000
08.95000
09.00000
05.80000
05.04000
06.49000
08.44000
05.18000
09.53000
05.33000
09.91000
06.64000
07.39000
05.07000
06.07000
07.83000
06.27000
08.37000
09.58000
06.40000
08.83000
07.89000
08.10000
05.03000
07.73000
06.28000
09.29000
06.35000
05.61000
06.20000
05.79000
08.04000
05.14000
05.31000
05.26000
07.73000
08.98000
06.26000
05.37000
08.10000
09.77000
06.71000
08.76000
06.79000
05.18000
09.31000
08.10000
06.47000
07.86000
06.72000
06.04000
09.78000
10
33
50
26
22
14
29
41
47
1
11
12
32
10
27
35
44
12
48
31
21
40
25
30
13
20
2
46
23
6
43
13
45
17
38
15
34
5
15
18
28
24
37
16
19
36
7
49
9
42
3
8
39
4
372.23130
