50
7
89.33000
59.47000
67.02000
4.09000
86.79000
87.93000
11.73000
29.67000
94.81000
73.26000
67.81000
39.67000
36.95000
86.39000
17.29000
6.76000
85.85000
38.91000
64.50000
16.57000
19.65000
29.57000
93.58000
20.11000
63.59000
96.80000
14.94000
81.36000
48.43000
70.20000
12.82000
30.67000
53.96000
16.05000
99.72000
9.35000
62.56000
88.80000
66.98000
24.12000
8.62000
85.55000
29.19000
95.61000
26.09000
89.61000
77.78000
10.90000
2.97000
24.93000
75.23000
86.20000
92.87000
44.78000
97.18000
41.32000
31.43000
6.56000
81.07000
44.60000
96.75000
16.76000
32.07000
41.27000
10.13000
27.58000
18.76000
27.60000
26.57000
17.51000
24.67000
1.43000
93.24000
40.83000
96.74000
11.63000
96.97000
79.12000
97.82000
9.61000
12.77000
90.77000
53.19000
96.84000
52.33000
60.45000
2.07000
79.33000
20.49000
48.63000
47.07000
12.14000
57.77000
43.09000
7.75000
50.87000
95.88000
8.39000
64.06000
6.19000
75.13000
67.43000
21.94000
46.13000
81.58000
23.81000
28.10000
57.80000
33.16000
82.59000
27.22000
25.78000
75.41000
47.87000
85.18000
14.79000
33.68000
84.13000
21.91000
29.22000
56.62000
72.81000
54.91000
62.65000
71.67000
57.74000
56.69000
48.33000
32.57000
96.69000
99.33000
7.66000
67.85000
13.85000
8.96000
99.73000
35.35000
43.33000
9.23000
76.80000
66.70000
86.66000
77.87000
26.81000
22.82000
59.30000
95.14000
26.85000
38.43000
39.11000
76.70000
88.64000
66.21000
90.27000
97.53000
67.97000
5.54000
30.50000
35.94000
68.70000
45.45000
13.66000
13.89000
10.55000
85.92000
28.30000
43.52000
87.01000
90.34000
15.02000
76.64000
22.88000
36.07000
14.95000
54.21000
14.77000
62.83000
21.27000
54.89000
87.58000
27.31000
28.72000
47.50000
44.98000
47.60000
83.07000
39.53000
13.98000
57.72000
33.65000
27.65000
98.35000
55.10000
77.83000
47.19000
32.18000
51.11000
18.52000
23.66000
21.35000
63.24000
60.79000
25.25000
33.28000
14.71000
54.08000
18.25000
90.73000
56.63000
57.49000
16.13000
5.60000
98.67000
41.36000
9.74000
70.79000
52.02000
64.24000
65.75000
48.61000
76.92000
25.35000
79.11000
12.29000
38.17000
11.07000
20.58000
98.48000
49.62000
47.44000
85.21000
61.77000
28.64000
50.71000
48.85000
17.17000
42.67000
74.76000
10.64000
93.58000
61.70000
63.67000
46.53000
87.35000
7.74000
99.19000
60.74000
6.76000
2.38000
54.21000
40.85000
68.75000
8.63000
35.38000
54.11000
38.49000
44.58000
70.49000
55.46000
40.38000
40.85000
1.12000
23.77000
5.75000
14.21000
87.30000
50.84000
65.44000
69.60000
70.85000
93.89000
5.36000
53.64000
16.87000
25.05000
8.96000
99.12000
66.28000
76.90000
13.73000
80.51000
89.29000
99.92000
57.71000
59.44000
31.89000
8.00000
32.01000
37.20000
64.40000
26.00000
27.25000
4.28000
36.91000
46.14000
86.11000
88.83000
23.81000
73.61000
54.84000
84.47000
42.67000
7.89000
86.12000
96.23000
40.92000
33.60000
24.55000
90.49000
96.58000
39.37000
28.19000
75.11000
86.42000
77.14000
61.22000
84.29000
99.15000
2.45000
76.99000
29.98000
88.90000
18.84000
67.53000
48.46000
23.72000
34.42000
14.04000
54.80000
34.06000
8.34000
35.37000
89.35000
66.33000
99.31000
41.58000
70.29000
31.33000
22.07000
80.37000
41.07000
51.81000
86.92000
89.63000
21.93000
16.92000
61.19000
45.90000
59.44000
27.73000
01.65000
04.64000
02.72000
03.44000
03.32000
02.88000
02.81000
01.81000
01.28000
03.41000
01.98000
02.14000
02.78000
03.64000
04.62000
01.73000
04.91000
04.28000
03.98000
04.20000
04.55000
03.35000
04.10000
01.49000
04.40000
02.21000
01.85000
03.86000
02.98000
03.50000
04.87000
01.85000
04.61000
01.20000
01.67000
04.35000
01.43000
02.57000
03.54000
04.53000
03.40000
02.22000
02.58000
01.90000
04.27000
04.05000
01.71000
04.27000
03.63000
03.27000
03.92000
03.89000
01.04000
03.71000
01.55000
04.57000
01.06000
01.62000
01.85000
04.98000
02.77000
02.21000
02.20000
01.75000
01.97000
01.30000
04.29000
01.33000
01.73000
03.48000
04.11000
01.99000
02.47000
04.17000
01.98000
03.81000
03.90000
03.62000
04.51000
02.67000
03.04000
04.85000
02.64000
04.28000
04.26000
03.74000
01.62000
02.14000
01.18000
02.94000
03.02000
03.58000
02.79000
01.95000
02.70000
03.75000
03.37000
03.05000
04.85000
03.60000
02.00000
01.64000
03.80000
03.42000
03.80000
04.09000
04.16000
01.45000
02.82000
04.19000
02.95000
01.83000
03.41000
03.68000
02.16000
02.73000
04.74000
04.64000
01.63000
01.62000
02.79000
03.42000
01.00000
01.26000
04.36000
04.72000
01.71000
03.75000
01.06000
03.54000
01.03000
04.50000
03.31000
03.18000
02.04000
02.22000
02.33000
01.27000
03.62000
04.94000
04.18000
03.74000
02.48000
04.01000
03.70000
02.84000
03.13000
04.07000
02.58000
03.14000
01.41000
03.29000
02.80000
01.88000
02.14000
04.25000
04.20000
04.11000
03.93000
01.19000
03.46000
02.71000
01.98000
01.82000
02.71000
01.05000
04.83000
04.70000
04.40000
04.33000
04.32000
01.18000
01.27000
01.58000
01.61000
01.43000
02.37000
03.62000
01.16000
04.44000
03.09000
01.08000
04.75000
04.00000
03.11000
02.42000
01.47000
02.72000
04.42000
03.90000
01.73000
02.01000
01.33000
03.60000
03.24000
04.12000
02.48000
03.40000
01.04000
02.08000
04.46000
01.67000
04.15000
04.07000
03.65000
04.62000
03.33000
04.01000
03.43000
01.40000
04.48000
03.31000
04.76000
01.61000
02.72000
04.44000
04.41000
04.15000
03.95000
02.23000
04.94000
03.25000
02.91000
01.80000
04.76000
02.42000
01.16000
04.57000
04.05000
04.52000
01.03000
02.31000
02.83000
01.69000
03.71000
03.07000
02.93000
01.41000
03.18000
01.22000
01.99000
04.44000
04.22000
03.44000
03.46000
02.90000
04.46000
02.75000
02.60000
02.17000
04.94000
04.78000
02.58000
02.35000
03.06000
03.63000
03.23000
04.30000
02.68000
02.14000
03.75000
01.48000
04.37000
02.64000
04.11000
04.37000
03.01000
03.27000
01.59000
02.26000
01.76000
03.98000
04.78000
01.26000
02.14000
04.53000
03.58000
02.29000
01.96000
02.51000
03.22000
03.09000
01.33000
03.29000
02.22000
04.19000
04.70000
02.09000
02.42000
02.96000
02.80000
01.90000
02.98000
03.56000
02.71000
03.57000
02.36000
02.99000
01.79000
03.73000
04.55000
01.62000
03.40000
04.02000
04.65000
02.43000
01.33000
03.36000
03.43000
04.34000
01.25000
01.86000
01.94000
04.30000
02.85000
01.87000
02.03000
01.54000
01.64000
03.02000
04.39000
03.64000
02.96000
04.30000
02.48000
04.45000
03.94000
01.98000
04.61000
02.17000
03.53000
03.65000
03.88000
01.30000
04.49000
02.21000
04.21000
02.64000
03.40000
01.89000
02.34000
01.32000
04.66000
04.21000
01.80000
04.77000
02.46000
02.02000
02.97000
02.75000
9
27
40
21
7
16
20
41
4
49
11
18
15
17
8
30
42
45
48
50
37
22
6
29
44
6
35
34
32
4
47
9
13
38
7
33
24
36
26
5
11
39
6
10
25
1
14
43
12
7
2
28
23
46
31
3
19
121.08160
