50
4
197.85000
152.70000
191.17000
120.92000
138.69000
180.27000
170.50000
173.31000
141.67000
167.63000
132.28000
155.80000
147.41000
155.40000
117.13000
109.02000
196.53000
184.22000
165.68000
173.59000
129.66000
194.70000
118.55000
190.13000
187.43000
127.47000
116.37000
199.28000
110.45000
123.16000
199.75000
141.66000
139.36000
122.38000
109.34000
157.89000
114.77000
165.77000
185.74000
188.60000
177.32000
193.95000
169.59000
174.41000
167.63000
147.55000
101.52000
155.95000
126.32000
167.18000
185.50000
112.06000
181.83000
163.79000
128.50000
198.09000
196.23000
198.17000
180.71000
172.22000
102.64000
153.47000
107.74000
100.09000
166.70000
195.31000
175.23000
147.33000
154.03000
189.33000
148.80000
179.54000
130.25000
101.15000
194.07000
162.37000
160.98000
196.40000
176.67000
161.43000
111.86000
140.68000
162.23000
142.36000
148.50000
199.65000
116.36000
170.76000
136.53000
138.91000
104.70000
112.28000
141.58000
124.09000
192.87000
132.54000
129.27000
120.82000
146.49000
197.15000
115.53000
150.78000
190.48000
155.57000
181.06000
166.03000
123.60000
130.98000
179.43000
124.26000
134.87000
144.70000
101.26000
116.12000
114.92000
187.35000
137.18000
132.22000
154.36000
149.55000
177.80000
163.19000
143.83000
121.94000
113.77000
199.65000
173.95000
195.13000
135.70000
132.22000
135.34000
159.75000
134.21000
151.55000
118.64000
106.43000
199.94000
148.24000
114.45000
125.79000
123.50000
112.92000
113.42000
108.45000
195.53000
136.22000
106.16000
145.05000
106.64000
108.76000
106.03000
189.03000
152.65000
185.43000
102.45000
195.37000
182.39000
158.29000
144.41000
138.65000
165.47000
125.90000
147.52000
134.49000
117.52000
103.88000
127.41000
198.52000
154.16000
107.87000
199.72000
146.37000
191.03000
153.48000
180.05000
193.65000
143.74000
156.34000
184.04000
156.00000
127.92000
132.08000
127.31000
149.03000
159.19000
196.32000
125.50000
188.38000
153.18000
164.68000
194.21000
189.67000
125.52000
152.80000
149.08000
168.52000
191.83000
176.29000
105.73000
140.56000
01.65000
04.51000
03.40000
03.41000
02.91000
03.62000
04.55000
04.03000
01.72000
04.55000
04.80000
02.05000
01.19000
02.43000
03.28000
04.58000
04.46000
04.38000
03.12000
02.74000
02.65000
01.54000
03.44000
03.67000
02.88000
01.02000
03.36000
02.49000
04.28000
01.95000
02.02000
02.32000
01.98000
03.46000
02.54000
02.28000
03.09000
04.67000
04.03000
01.51000
02.75000
04.70000
01.63000
03.13000
04.08000
02.68000
02.47000
02.26000
02.20000
01.74000
02.94000
04.77000
03.99000
02.31000
01.25000
04.18000
02.24000
04.41000
03.46000
02.01000
02.45000
05.00000
01.70000
02.39000
04.73000
04.20000
04.07000
01.45000
01.23000
02.15000
02.72000
03.31000
04.06000
02.95000
01.77000
04.10000
01.35000
02.75000
01.33000
03.94000
01.22000
01.66000
01.54000
02.95000
03.80000
03.81000
02.52000
01.27000
01.22000
01.33000
04.40000
03.01000
01.59000
02.33000
03.29000
04.31000
01.04000
02.95000
03.34000
01.28000
02.61000
03.61000
03.14000
04.68000
02.04000
01.32000
02.95000
03.67000
02.52000
02.87000
02.39000
03.07000
01.19000
01.39000
02.57000
03.99000
03.17000
02.00000
04.63000
03.56000
01.59000
01.82000
01.68000
02.91000
01.56000
01.98000
02.86000
03.17000
04.22000
03.61000
01.28000
01.45000
02.69000
03.83000
02.07000
02.89000
02.09000
03.77000
02.36000
04.61000
03.55000
04.55000
03.28000
03.73000
04.19000
03.29000
01.94000
01.38000
01.15000
01.12000
02.29000
03.39000
02.37000
02.62000
04.32000
02.48000
04.90000
02.23000
01.89000
02.14000
02.04000
03.47000
01.12000
04.49000
03.89000
04.46000
04.13000
03.65000
04.60000
03.33000
01.06000
01.76000
02.27000
02.21000
02.02000
04.94000
03.05000
03.22000
01.14000
03.31000
01.05000
04.48000
04.55000
03.00000
02.40000
04.13000
02.37000
02.13000
01.22000
04.27000
04.72000
02.83000
03.64000
03.05000
01.74000
03.22000
03.79000
02.58000
03.54000
01.42000
12
26
9
33
30
21
35
4
34
38
27
23
29
13
19
40
31
32
13
14
11
48
42
24
46
41
2
13
6
50
49
25
18
47
39
10
7
36
8
43
44
12
45
22
3
37
28
1
12
20
17
15
5
16
1741.44900
