50
4
196.62000
116.47000
145.91000
198.87000
178.31000
126.29000
173.91000
191.32000
137.76000
111.53000
199.97000
129.50000
115.60000
112.81000
164.73000
154.03000
152.44000
170.75000
108.81000
105.54000
188.91000
125.98000
172.83000
124.65000
165.65000
119.13000
197.43000
151.99000
123.27000
190.81000
123.23000
128.18000
102.39000
181.66000
190.84000
193.85000
143.65000
132.31000
140.90000
189.62000
187.67000
183.36000
114.04000
156.12000
175.08000
175.46000
150.87000
133.97000
146.49000
149.22000
159.27000
133.30000
184.32000
137.58000
119.88000
109.59000
186.64000
182.53000
130.31000
114.61000
121.60000
189.03000
156.20000
113.99000
154.82000
122.69000
163.17000
173.35000
151.94000
149.16000
116.84000
158.33000
178.57000
134.05000
182.84000
134.54000
100.34000
142.99000
126.79000
167.61000
182.88000
141.60000
114.32000
123.17000
191.81000
195.51000
111.06000
166.83000
192.76000
170.34000
182.63000
164.24000
151.35000
131.72000
194.65000
181.00000
133.21000
145.27000
112.75000
182.75000
142.39000
167.34000
100.85000
170.09000
116.34000
144.92000
175.20000
190.65000
188.76000
131.11000
193.33000
115.13000
150.26000
116.54000
145.86000
134.17000
191.48000
191.85000
123.42000
138.39000
103.03000
147.64000
116.62000
118.42000
175.54000
174.56000
116.10000
164.88000
199.64000
163.21000
112.48000
168.39000
165.95000
104.24000
196.39000
119.59000
165.10000
188.26000
158.44000
109.09000
187.72000
105.90000
189.26000
127.52000
124.41000
147.78000
179.49000
165.50000
165.82000
104.52000
113.77000
166.59000
136.96000
169.65000
136.00000
183.90000
187.82000
198.78000
194.38000
128.76000
182.64000
113.29000
104.55000
116.82000
137.06000
128.80000
182.12000
163.69000
166.70000
160.93000
142.73000
184.99000
187.18000
125.32000
102.00000
196.36000
114.13000
137.58000
175.54000
113.42000
163.18000
113.34000
179.00000
151.79000
149.95000
168.23000
127.98000
127.11000
190.06000
117.87000
138.13000
154.98000
199.14000
177.89000
125.05000
151.04000
192.82000
163.90000
104.39000
130.92000
03.89000
01.21000
03.44000
02.90000
01.26000
03.45000
03.74000
03.72000
02.29000
01.63000
01.28000
04.06000
02.11000
02.89000
03.17000
03.03000
03.85000
02.35000
04.55000
03.76000
02.64000
03.14000
04.53000
01.38000
01.60000
04.38000
02.24000
03.01000
03.85000
01.19000
04.81000
03.79000
04.51000
04.70000
03.36000
02.82000
02.73000
02.04000
01.01000
03.24000
01.61000
04.32000
04.90000
04.17000
04.28000
02.69000
02.15000
04.75000
01.88000
04.25000
05.00000
01.39000
03.10000
01.11000
02.20000
02.96000
03.80000
02.95000
02.43000
02.09000
01.59000
02.39000
01.80000
02.89000
04.57000
03.58000
04.44000
01.49000
04.90000
02.63000
02.47000
02.02000
02.68000
03.67000
04.03000
04.60000
02.04000
02.82000
01.23000
01.36000
03.11000
04.22000
02.20000
04.42000
02.02000
03.98000
03.07000
01.90000
02.88000
02.22000
03.96000
01.94000
01.83000
03.08000
05.00000
04.66000
02.98000
02.68000
02.30000
02.17000
01.62000
02.10000
04.62000
03.92000
01.03000
01.33000
04.49000
02.49000
01.63000
04.53000
04.10000
01.59000
04.54000
04.82000
04.59000
02.34000
02.88000
03.32000
03.07000
01.88000
01.79000
01.16000
04.67000
01.31000
02.37000
03.47000
02.53000
01.78000
01.77000
03.37000
01.75000
04.39000
01.10000
01.99000
03.47000
02.29000
01.49000
04.44000
04.81000
04.59000
04.07000
03.87000
02.90000
04.42000
01.95000
01.38000
02.87000
02.90000
04.27000
02.11000
01.40000
02.37000
04.79000
01.30000
01.33000
01.14000
01.79000
03.16000
01.93000
01.61000
02.51000
03.77000
01.31000
01.90000
01.09000
01.26000
01.60000
04.12000
03.63000
01.75000
04.93000
02.42000
04.27000
03.38000
01.42000
02.91000
01.14000
04.26000
01.20000
03.71000
04.36000
02.52000
02.39000
02.96000
04.05000
04.29000
03.11000
02.77000
02.34000
03.68000
01.49000
01.28000
01.35000
02.83000
03.66000
04.60000
03.21000
03.86000
03.75000
02.87000
12
39
2
10
38
8
22
17
20
26
19
43
33
12
4
18
29
11
48
9
28
27
47
44
6
37
13
5
46
24
31
45
21
34
36
50
7
42
23
3
13
15
16
41
1
13
25
14
32
35
40
30
12
49
1735.52000
