50
4
104.02000
124.02000
104.59000
165.90000
117.18000
106.72000
171.87000
189.04000
123.72000
180.46000
152.84000
173.53000
164.28000
185.86000
188.13000
160.00000
179.46000
163.55000
118.37000
189.08000
109.91000
154.16000
184.17000
101.38000
196.24000
198.31000
126.18000
137.53000
179.08000
136.62000
185.01000
138.16000
199.05000
109.72000
101.28000
143.89000
196.78000
158.24000
115.62000
195.35000
112.89000
122.80000
168.66000
133.16000
188.02000
144.02000
101.03000
197.95000
162.77000
162.53000
160.61000
198.51000
172.20000
163.15000
154.44000
180.68000
178.05000
134.30000
138.73000
132.21000
157.18000
107.62000
179.09000
118.72000
175.19000
148.73000
141.16000
105.85000
197.72000
123.27000
190.56000
159.21000
190.39000
196.86000
192.91000
144.43000
118.83000
135.12000
113.85000
127.13000
148.66000
103.68000
118.98000
172.95000
145.51000
168.16000
173.95000
147.50000
175.00000
194.18000
144.36000
116.41000
102.75000
147.38000
195.86000
145.31000
194.40000
193.38000
194.06000
199.81000
167.32000
129.63000
129.60000
100.65000
190.32000
110.16000
185.81000
106.98000
177.41000
164.93000
151.43000
182.85000
119.21000
184.57000
117.07000
118.91000
106.35000
159.70000
173.36000
105.77000
129.45000
180.95000
110.93000
134.07000
179.13000
138.95000
120.39000
194.42000
146.03000
124.31000
192.38000
177.45000
120.77000
127.66000
117.52000
173.78000
193.96000
139.63000
186.43000
174.05000
156.25000
150.85000
189.74000
168.87000
198.24000
151.94000
118.08000
148.87000
110.58000
133.51000
154.15000
105.71000
136.73000
148.23000
167.81000
199.60000
174.33000
199.26000
108.25000
111.68000
146.52000
126.30000
191.10000
157.57000
168.93000
144.95000
131.98000
152.90000
157.19000
170.86000
146.51000
113.29000
126.91000
119.65000
150.33000
154.38000
193.73000
106.93000
159.06000
191.77000
173.27000
148.34000
188.32000
141.11000
181.16000
159.51000
153.74000
118.00000
133.01000
156.05000
170.94000
138.09000
144.46000
153.59000
155.54000
116.99000
131.13000
167.75000
123.18000
170.33000
02.11000
01.66000
04.00000
04.71000
04.69000
04.15000
04.59000
02.85000
01.07000
04.71000
04.54000
02.62000
02.37000
02.48000
02.96000
03.16000
03.71000
04.57000
03.00000
03.59000
04.22000
02.11000
03.77000
03.03000
03.03000
02.23000
04.39000
04.60000
03.25000
04.04000
04.00000
03.44000
04.02000
02.68000
01.71000
02.67000
04.45000
01.28000
04.65000
01.40000
03.68000
02.94000
03.95000
02.78000
04.83000
02.81000
02.73000
01.92000
03.03000
04.00000
04.75000
01.73000
04.97000
02.71000
02.97000
03.59000
02.25000
02.40000
03.33000
02.14000
03.73000
02.83000
01.96000
01.48000
01.54000
04.12000
02.99000
01.75000
03.82000
02.40000
02.54000
03.08000
02.67000
01.80000
04.73000
01.58000
02.24000
02.43000
01.70000
01.38000
02.63000
04.43000
01.56000
02.61000
03.99000
03.92000
04.44000
01.39000
02.43000
01.03000
02.47000
01.85000
02.07000
03.87000
03.76000
04.11000
03.05000
04.57000
04.46000
04.29000
01.85000
04.10000
04.90000
02.23000
04.38000
03.98000
03.94000
03.51000
04.22000
03.95000
02.86000
01.44000
02.49000
01.13000
02.77000
01.15000
04.33000
04.65000
04.80000
03.77000
02.84000
03.64000
02.08000
02.41000
03.17000
03.22000
03.74000
02.21000
02.43000
04.52000
02.89000
04.28000
01.75000
04.65000
04.66000
01.76000
02.26000
04.76000
02.18000
03.77000
01.07000
01.95000
04.57000
03.43000
03.32000
01.36000
04.96000
01.87000
02.13000
04.11000
01.59000
02.96000
02.36000
01.66000
03.56000
01.55000
01.95000
01.89000
03.31000
02.95000
02.39000
02.00000
02.97000
01.29000
01.80000
04.11000
04.66000
02.71000
02.31000
02.35000
02.52000
01.31000
02.05000
02.85000
02.66000
03.23000
03.13000
03.73000
03.22000
02.60000
03.69000
03.11000
02.31000
01.53000
01.84000
03.12000
02.06000
02.15000
03.72000
01.89000
04.60000
02.59000
03.45000
01.53000
04.04000
04.98000
03.15000
04.19000
02.53000
03.43000
13
35
36
1
42
34
19
47
24
41
3
21
5
39
12
30
26
14
7
29
18
31
27
45
43
12
32
13
16
48
33
23
49
13
4
15
50
8
20
6
17
12
44
22
40
37
11
25
38
10
2
9
28
46
1735.72900
