50
7
143.29000
122.12000
150.41000
152.70000
134.02000
109.96000
102.71000
125.01000
198.81000
180.65000
190.49000
165.99000
189.00000
156.21000
190.84000
117.19000
144.96000
135.22000
144.92000
171.72000
146.13000
142.84000
107.97000
124.26000
161.03000
180.78000
199.27000
121.05000
197.22000
177.29000
152.16000
109.90000
151.33000
137.22000
164.07000
190.17000
159.05000
191.97000
146.46000
162.79000
145.15000
149.49000
174.87000
180.24000
173.43000
144.30000
138.90000
196.59000
196.79000
187.49000
146.99000
109.40000
183.66000
132.63000
106.34000
112.35000
180.04000
116.15000
172.99000
176.58000
186.32000
183.29000
108.79000
100.28000
196.40000
108.03000
177.17000
170.71000
180.74000
128.39000
193.12000
114.20000
136.36000
196.49000
173.20000
146.11000
136.83000
128.48000
185.52000
120.89000
182.32000
154.59000
199.76000
182.05000
149.52000
169.11000
137.15000
112.16000
141.72000
180.38000
120.51000
182.85000
138.73000
160.81000
124.19000
104.81000
146.97000
196.89000
124.13000
177.79000
140.90000
129.60000
124.43000
170.65000
160.94000
167.76000
123.01000
116.79000
112.21000
198.07000
126.32000
106.12000
151.49000
104.28000
179.44000
104.43000
149.64000
171.68000
116.50000
154.05000
141.56000
137.14000
110.68000
123.87000
176.23000
139.09000
124.26000
159.35000
166.69000
167.52000
158.54000
132.52000
140.04000
113.98000
103.90000
191.96000
187.44000
121.59000
189.79000
112.81000
114.11000
135.02000
134.72000
146.79000
189.34000
150.52000
196.25000
172.16000
196.48000
165.88000
182.11000
173.64000
115.09000
130.97000
135.04000
121.68000
182.65000
196.07000
159.64000
164.72000
133.47000
165.62000
166.99000
156.41000
173.16000
131.55000
194.74000
164.49000
108.92000
174.88000
157.10000
120.74000
199.48000
115.67000
194.83000
171.01000
105.14000
163.06000
125.28000
125.22000
137.76000
165.23000
192.35000
107.33000
110.78000
159.44000
116.48000
105.38000
189.19000
122.02000
144.70000
121.48000
139.53000
118.33000
100.60000
121.78000
179.93000
152.83000
134.32000
186.51000
167.23000
180.10000
194.86000
186.68000
196.60000
153.78000
126.18000
121.71000
186.63000
173.05000
172.51000
137.37000
137.06000
120.88000
184.39000
161.15000
186.70000
106.78000
126.43000
122.10000
163.45000
116.84000
127.28000
100.84000
134.24000
163.70000
129.67000
179.54000
155.09000
136.59000
140.39000
191.95000
121.05000
151.25000
180.28000
173.36000
116.26000
100.04000
134.27000
110.65000
163.91000
101.84000
101.31000
192.24000
176.27000
152.12000
144.46000
158.12000
104.64000
172.90000
110.91000
179.03000
136.94000
153.40000
152.56000
113.90000
128.83000
110.76000
180.65000
174.75000
146.48000
159.41000
192.99000
108.21000
144.75000
146.75000
138.93000
199.96000
105.01000
134.27000
169.41000
124.78000
185.23000
147.49000
186.91000
196.47000
169.94000
126.03000
195.50000
117.92000
120.21000
173.54000
150.77000
131.07000
123.69000
107.74000
109.92000
166.93000
144.59000
110.43000
181.68000
195.56000
173.69000
177.44000
176.35000
176.10000
178.31000
168.71000
155.80000
106.74000
152.97000
186.12000
182.94000
192.07000
123.07000
145.94000
100.44000
187.13000
136.75000
180.18000
165.51000
194.38000
174.24000
108.53000
171.65000
140.54000
179.82000
102.22000
151.41000
178.88000
111.84000
134.06000
126.45000
139.23000
192.71000
128.42000
157.44000
177.98000
158.92000
111.22000
194.14000
128.10000
110.99000
159.95000
125.38000
149.11000
163.52000
153.66000
129.04000
177.09000
195.18000
122.97000
122.04000
174.69000
198.70000
100.07000
110.42000
181.11000
130.85000
168.67000
09.80000
05.77000
07.09000
07.24000
05.42000
09.57000
09.45000
06.54000
08.76000
09.15000
09.06000
07.49000
09.61000
08.70000
06.87000
06.36000
09.43000
05.94000
09.19000
06.68000
08.79000
09.59000
05.25000
06.76000
09.92000
06.90000
09.65000
07.15000
09.19000
06.12000
09.89000
08.18000
09.59000
09.03000
08.85000
07.46000
08.29000
08.42000
07.32000
07.33000
09.05000
05.60000
06.46000
07.44000
09.82000
07.89000
05.34000
07.16000
05.15000
06.13000
05.51000
09.99000
07.69000
08.53000
09.65000
07.37000
05.06000
07.30000
07.14000
09.38000
09.14000
06.10000
06.21000
08.80000
08.36000
06.34000
09.84000
05.04000
09.64000
09.82000
08.30000
06.65000
05.94000
06.21000
06.59000
08.82000
08.71000
05.60000
06.99000
05.90000
05.43000
05.95000
06.56000
08.84000
07.09000
05.62000
09.61000
07.77000
05.71000
05.85000
05.22000
09.44000
06.81000
08.28000
09.74000
09.74000
06.93000
07.45000
09.27000
06.22000
09.06000
09.05000
08.15000
08.61000
08.37000
08.70000
09.78000
08.36000
08.07000
08.98000
09.52000
09.83000
07.15000
09.84000
08.12000
05.66000
07.47000
05.97000
07.96000
06.99000
06.31000
09.34000
05.56000
06.00000
08.81000
06.69000
09.08000
08.36000
05.52000
07.02000
05.82000
05.77000
09.88000
09.10000
09.73000
08.45000
05.70000
08.97000
08.88000
07.61000
09.72000
07.41000
08.01000
08.01000
09.03000
07.49000
05.97000
05.40000
08.63000
07.05000
07.87000
07.46000
09.96000
07.90000
05.74000
08.66000
07.55000
08.14000
08.56000
05.69000
07.10000
06.54000
07.17000
07.99000
05.27000
06.82000
08.43000
07.92000
08.49000
09.31000
07.69000
08.20000
05.44000
08.51000
06.36000
09.46000
09.58000
05.55000
09.32000
07.70000
06.63000
05.70000
07.49000
06.84000
07.07000
05.87000
05.30000
06.16000
08.65000
07.12000
08.20000
07.86000
08.90000
07.13000
05.16000
09.50000
07.60000
07.74000
06.14000
06.55000
06.23000
07.92000
07.89000
05.77000
09.09000
07.52000
07.70000
05.58000
09.19000
05.99000
05.32000
07.75000
09.05000
08.37000
05.70000
05.65000
05.36000
05.75000
06.63000
07.44000
06.44000
07.70000
06.31000
08.50000
09.73000
09.84000
05.84000
09.03000
09.35000
06.28000
06.70000
06.45000
08.52000
07.15000
08.26000
07.98000
07.14000
06.11000
05.29000
08.08000
09.22000
07.82000
05.44000
05.98000
05.42000
05.46000
06.75000
08.20000
05.55000
08.23000
06.04000
07.21000
06.96000
08.04000
05.24000
07.85000
08.67000
05.03000
08.44000
05.92000
07.22000
08.41000
08.45000
06.92000
06.88000
08.56000
05.38000
05.51000
07.95000
08.76000
09.07000
07.97000
09.22000
07.68000
06.67000
09.72000
05.53000
06.88000
05.06000
07.84000
05.20000
08.32000
08.40000
08.53000
07.60000
06.83000
05.61000
09.64000
05.58000
07.64000
07.88000
08.17000
08.04000
08.89000
06.16000
07.73000
07.38000
09.07000
08.69000
06.11000
08.24000
09.58000
09.70000
09.07000
06.84000
08.41000
06.53000
05.15000
06.47000
08.03000
07.56000
05.10000
07.61000
07.98000
06.26000
07.42000
06.12000
05.09000
05.24000
06.62000
05.74000
05.92000
08.76000
05.72000
05.61000
09.34000
05.21000
08.76000
07.75000
08.94000
09.63000
08.30000
09.60000
05.60000
06.20000
07.91000
06.45000
09.97000
05.74000
09.68000
09.02000
09.95000
08.20000
06.71000
05.88000
08.22000
05.19000
05.61000
06.02000
09.71000
7
2
23
28
17
32
6
7
7
25
41
13
20
14
5
46
7
16
44
40
9
11
12
35
7
31
45
48
4
34
3
27
8
8
49
43
18
38
37
42
24
7
10
15
1
50
36
22
19
7
39
47
29
21
26
30
33
1059.25900
