50
10
39.99000
66.92000
85.18000
70.51000
11.90000
12.13000
17.05000
64.67000
63.92000
93.22000
30.76000
1.55000
57.22000
78.57000
98.86000
57.88000
75.70000
58.26000
20.64000
39.15000
30.04000
48.16000
16.15000
72.58000
53.66000
88.86000
33.18000
13.15000
7.72000
47.74000
44.26000
37.60000
75.15000
14.89000
46.70000
50.41000
67.61000
6.16000
62.53000
79.81000
19.52000
62.17000
39.55000
79.77000
89.04000
50.27000
49.31000
29.03000
63.10000
60.56000
88.76000
85.80000
8.69000
96.98000
16.39000
60.79000
2.84000
48.43000
33.84000
33.66000
3.47000
41.27000
79.62000
97.61000
60.47000
82.07000
18.00000
73.59000
50.48000
4.15000
34.99000
5.29000
72.89000
61.59000
44.34000
60.17000
53.82000
38.21000
83.58000
34.42000
43.17000
39.58000
16.95000
46.00000
16.57000
97.04000
30.48000
39.60000
73.42000
68.65000
37.93000
83.68000
40.84000
35.24000
76.80000
73.43000
67.73000
3.38000
11.36000
27.80000
8.44000
50.85000
54.80000
59.93000
89.74000
78.89000
23.21000
55.56000
51.31000
50.71000
12.84000
89.52000
32.76000
13.11000
76.69000
22.99000
99.43000
37.63000
94.47000
38.89000
44.44000
22.57000
69.67000
47.88000
81.64000
88.97000
30.52000
84.38000
53.63000
85.61000
29.99000
9.56000
25.78000
84.06000
46.83000
6.34000
88.18000
81.59000
84.51000
84.39000
58.69000
1.25000
72.26000
80.11000
76.92000
87.83000
63.06000
52.69000
10.23000
16.89000
7.89000
21.30000
1.78000
71.01000
7.36000
76.57000
6.13000
63.54000
80.12000
83.79000
65.41000
66.99000
96.62000
68.11000
62.43000
19.89000
51.06000
79.40000
3.77000
83.50000
61.38000
93.32000
19.75000
47.82000
72.29000
11.23000
67.45000
24.61000
53.23000
56.29000
29.69000
51.40000
97.41000
80.37000
12.04000
91.44000
25.77000
59.12000
45.83000
33.74000
80.02000
91.91000
88.14000
89.06000
31.59000
5.90000
21.79000
96.92000
72.70000
48.95000
19.33000
92.27000
15.06000
53.67000
57.30000
4.38000
78.42000
75.54000
24.74000
40.97000
4.95000
59.66000
42.70000
32.27000
27.04000
46.64000
58.97000
31.27000
5.88000
2.83000
46.10000
16.69000
25.38000
18.34000
1.38000
91.01000
95.21000
10.03000
45.86000
84.46000
51.78000
18.50000
28.32000
50.03000
53.26000
10.10000
20.31000
65.44000
84.58000
74.94000
19.12000
35.18000
56.40000
30.88000
46.80000
86.47000
3.13000
17.52000
51.13000
74.30000
22.07000
51.07000
44.38000
81.61000
55.31000
31.37000
40.21000
90.68000
10.73000
5.88000
54.32000
19.89000
86.72000
30.66000
99.47000
36.70000
11.41000
87.55000
15.17000
36.31000
32.69000
84.12000
61.69000
37.67000
27.19000
51.69000
29.03000
84.47000
94.31000
46.33000
28.96000
47.16000
61.18000
49.88000
98.98000
18.95000
76.68000
68.90000
4.37000
18.78000
17.45000
35.72000
30.13000
90.36000
81.89000
6.41000
90.02000
5.13000
97.12000
61.80000
85.08000
45.50000
41.19000
58.63000
83.59000
78.00000
80.44000
34.45000
37.58000
21.22000
49.06000
46.48000
49.55000
82.82000
61.92000
17.77000
48.70000
99.24000
60.62000
94.10000
88.04000
30.63000
11.52000
50.03000
47.28000
59.92000
4.72000
80.85000
28.91000
97.77000
56.08000
10.59000
61.16000
79.60000
8.21000
84.05000
98.00000
64.58000
25.46000
75.77000
19.17000
37.62000
98.93000
82.05000
26.16000
8.40000
46.48000
25.93000
48.18000
11.33000
57.30000
64.50000
34.10000
5.20000
10.84000
67.12000
88.14000
23.68000
21.62000
21.11000
63.48000
33.94000
21.96000
13.49000
3.84000
36.38000
67.95000
57.02000
76.65000
56.13000
42.39000
90.21000
78.12000
44.08000
50.87000
76.33000
27.20000
74.86000
25.72000
3.38000
66.58000
49.87000
23.00000
82.12000
66.71000
93.23000
24.54000
53.08000
21.80000
56.84000
36.91000
77.50000
49.79000
15.33000
91.44000
44.41000
95.39000
68.09000
46.21000
65.55000
47.24000
16.35000
15.97000
64.00000
24.50000
5.29000
87.18000
78.10000
83.80000
14.48000
7.05000
80.17000
12.06000
35.05000
69.86000
73.69000
16.94000
82.83000
99.67000
86.89000
33.86000
99.44000
44.26000
73.75000
23.00000
51.24000
74.17000
13.00000
68.26000
28.32000
87.70000
7.13000
80.32000
46.54000
7.89000
84.35000
93.60000
47.52000
79.54000
99.66000
68.25000
96.60000
77.19000
31.79000
88.21000
85.88000
97.12000
82.20000
64.14000
31.24000
86.13000
36.14000
17.12000
53.98000
74.26000
21.07000
89.75000
98.32000
70.62000
52.22000
50.15000
96.27000
38.46000
49.54000
71.94000
79.14000
64.80000
56.72000
56.52000
4.00000
63.39000
43.23000
29.02000
50.69000
71.76000
3.24000
39.32000
27.78000
53.17000
54.73000
63.07000
65.58000
94.61000
43.38000
1.65000
22.18000
10.86000
37.64000
78.20000
77.41000
37.43000
31.71000
45.61000
39.82000
38.58000
44.55000
77.50000
39.75000
2.32000
20.84000
06.83000
05.86000
07.00000
09.24000
09.57000
07.72000
07.21000
07.59000
07.98000
06.81000
07.83000
07.44000
08.10000
08.21000
08.03000
06.99000
07.22000
08.28000
08.20000
05.73000
08.87000
09.62000
05.02000
09.38000
07.84000
06.08000
06.39000
09.92000
05.15000
07.74000
06.48000
05.55000
08.11000
05.97000
05.68000
05.76000
05.23000
08.35000
05.67000
06.28000
06.31000
08.74000
09.35000
09.06000
07.38000
07.22000
05.89000
07.34000
05.73000
05.16000
07.25000
08.16000
07.51000
06.82000
09.55000
08.99000
07.39000
06.37000
08.55000
05.44000
06.59000
09.96000
08.57000
08.42000
07.57000
06.59000
05.18000
05.03000
09.01000
06.53000
05.19000
08.66000
05.86000
06.27000
06.67000
08.95000
09.30000
08.57000
08.93000
06.76000
06.77000
07.43000
07.55000
09.23000
06.98000
08.10000
09.33000
09.73000
09.86000
07.09000
07.35000
07.91000
06.59000
07.16000
05.91000
09.62000
09.64000
07.31000
05.60000
07.01000
05.94000
06.16000
07.07000
07.97000
05.62000
05.24000
07.76000
08.37000
06.26000
05.65000
08.04000
05.76000
06.69000
05.29000
09.90000
06.20000
07.02000
08.34000
06.55000
06.96000
08.60000
05.20000
07.46000
06.58000
09.02000
07.52000
08.35000
09.84000
07.14000
08.23000
06.21000
07.79000
08.04000
06.48000
09.25000
07.69000
08.09000
07.68000
06.95000
08.10000
09.86000
08.49000
05.02000
08.79000
07.22000
06.82000
05.44000
05.80000
05.26000
06.83000
05.99000
06.24000
05.24000
07.38000
09.05000
07.79000
07.71000
06.10000
06.31000
06.94000
07.17000
08.47000
07.41000
09.87000
06.38000
08.81000
08.22000
09.02000
09.34000
07.70000
05.88000
08.09000
06.30000
06.94000
08.77000
07.01000
08.76000
09.60000
06.50000
06.99000
09.49000
10.00000
09.97000
05.45000
07.48000
08.70000
06.30000
06.10000
07.99000
07.53000
08.87000
08.87000
07.52000
09.54000
07.30000
09.96000
08.83000
09.06000
07.48000
06.80000
05.21000
07.15000
05.76000
06.06000
06.22000
09.80000
09.33000
06.00000
05.73000
06.41000
06.44000
09.46000
05.39000
07.70000
06.89000
05.31000
08.13000
05.63000
06.70000
08.63000
08.09000
08.43000
08.17000
05.78000
05.69000
05.57000
09.82000
09.35000
07.59000
07.78000
06.44000
08.19000
06.70000
07.02000
09.07000
07.39000
07.18000
06.53000
10.00000
08.32000
09.43000
05.77000
07.75000
08.55000
05.12000
05.46000
07.11000
06.95000
07.17000
07.59000
09.58000
09.59000
05.34000
07.58000
05.40000
06.64000
09.49000
05.43000
08.33000
09.88000
06.19000
05.69000
08.31000
05.82000
08.49000
07.99000
06.52000
07.20000
05.72000
08.21000
05.41000
08.04000
08.44000
08.48000
08.67000
08.58000
08.47000
07.18000
06.24000
05.34000
08.88000
08.93000
09.31000
06.06000
08.98000
09.61000
05.33000
09.74000
09.33000
06.36000
07.98000
06.65000
06.76000
07.55000
07.21000
08.28000
09.34000
07.82000
09.20000
07.39000
09.31000
07.45000
08.24000
09.04000
07.31000
09.14000
08.98000
05.72000
09.87000
07.16000
08.23000
09.72000
06.46000
05.05000
08.59000
07.71000
07.81000
07.61000
08.91000
07.59000
05.87000
05.86000
09.29000
08.53000
08.89000
07.09000
06.06000
05.94000
06.33000
09.84000
06.84000
06.47000
08.91000
08.89000
05.47000
08.04000
08.60000
05.27000
07.04000
09.81000
08.64000
06.27000
07.90000
07.18000
08.48000
05.43000
05.66000
06.82000
08.86000
07.53000
08.27000
09.02000
07.37000
05.20000
05.31000
08.08000
09.34000
09.51000
09.00000
09.83000
08.55000
05.38000
09.57000
06.06000
08.38000
07.75000
08.55000
09.86000
08.44000
07.81000
08.68000
05.54000
09.63000
08.00000
08.96000
08.67000
09.07000
07.02000
09.65000
06.05000
05.14000
09.79000
07.25000
05.77000
07.47000
07.52000
09.53000
07.13000
06.93000
07.65000
05.47000
05.70000
05.67000
08.87000
05.34000
08.29000
07.04000
06.11000
05.63000
07.98000
08.81000
07.61000
08.84000
05.10000
07.29000
09.41000
09.50000
06.99000
06.17000
05.95000
05.90000
08.52000
07.71000
08.58000
08.46000
09.15000
05.45000
09.90000
08.83000
09.62000
09.18000
08.75000
09.93000
06.89000
09.93000
05.24000
05.91000
09.18000
09.99000
05.71000
07.18000
05.98000
07.89000
07.76000
05.41000
07.99000
08.43000
05.23000
08.51000
07.20000
07.62000
08.23000
05.63000
06.82000
07.77000
08.10000
07.18000
06.34000
07.40000
07.44000
05.29000
07.47000
08.41000
07.15000
07.49000
05.85000
05.45000
06.68000
08.75000
07.54000
09.82000
08.56000
09.64000
09.67000
05.19000
08.04000
06.98000
05.62000
06.52000
06.62000
08.84000
05.01000
09.99000
07.05000
09.53000
08.73000
08.04000
08.34000
09.62000
08.90000
09.37000
05.74000
05.92000
08.91000
08.91000
05.76000
06.51000
08.38000
07.87000
06.14000
05.69000
08.19000
08.67000
05.91000
09.03000
05.47000
05.01000
05.30000
08.36000
08.59000
5
21
34
29
38
12
5
43
22
11
48
7
5
33
14
32
36
42
6
31
1
5
46
19
3
5
18
24
47
6
25
5
40
41
9
10
39
4
16
50
23
27
5
8
44
4
30
15
4
17
2
13
28
6
45
37
20
26
49
35
65.04845
