50
10
22.79000
57.96000
61.84000
33.16000
79.82000
73.94000
24.59000
79.42000
55.90000
86.39000
99.93000
21.80000
96.80000
49.30000
50.03000
24.67000
76.08000
40.39000
57.81000
79.12000
90.02000
63.16000
33.93000
3.01000
61.67000
46.82000
12.81000
34.94000
37.82000
44.37000
53.62000
42.28000
90.02000
34.52000
42.28000
16.12000
17.56000
20.77000
87.45000
71.33000
40.47000
31.34000
25.56000
50.50000
7.56000
20.20000
14.76000
19.00000
89.37000
65.10000
53.32000
17.85000
75.77000
79.70000
72.62000
54.30000
69.45000
23.68000
19.13000
21.92000
49.32000
84.65000
16.98000
1.54000
52.88000
58.81000
17.06000
98.73000
43.39000
64.10000
94.01000
47.80000
8.87000
45.23000
50.21000
3.85000
61.08000
70.65000
9.80000
47.69000
39.52000
35.55000
22.67000
86.89000
6.47000
57.89000
64.45000
53.78000
48.93000
82.35000
36.53000
4.44000
80.67000
78.40000
63.05000
19.68000
40.19000
40.23000
94.89000
7.09000
71.07000
48.28000
84.09000
2.93000
55.49000
4.53000
17.40000
98.38000
40.65000
96.18000
86.22000
21.59000
54.77000
60.66000
34.14000
17.37000
51.83000
56.13000
25.52000
58.25000
10.56000
67.50000
51.48000
42.54000
33.45000
5.46000
28.85000
91.27000
49.72000
3.41000
97.26000
53.23000
13.36000
21.52000
25.05000
98.98000
2.08000
44.72000
1.34000
27.79000
19.39000
82.67000
41.97000
59.72000
93.50000
70.78000
88.55000
43.56000
79.39000
68.23000
45.87000
34.05000
46.05000
48.66000
83.02000
55.80000
50.09000
67.12000
89.62000
71.06000
48.53000
82.39000
22.75000
92.62000
10.81000
20.61000
62.24000
58.99000
30.14000
30.68000
16.66000
32.41000
26.47000
88.22000
16.32000
99.91000
43.49000
94.62000
18.31000
76.25000
50.66000
75.02000
4.46000
97.94000
42.17000
79.31000
80.33000
29.23000
36.98000
83.12000
79.24000
56.15000
78.78000
86.84000
57.28000
92.46000
38.01000
16.60000
95.27000
76.66000
85.30000
34.88000
23.21000
11.34000
35.43000
10.31000
52.78000
37.65000
69.53000
88.38000
93.82000
97.18000
98.26000
86.93000
69.36000
20.15000
57.06000
46.57000
26.20000
57.55000
5.08000
32.66000
35.89000
89.11000
26.25000
36.31000
95.70000
19.31000
31.22000
73.36000
29.70000
74.37000
54.43000
85.43000
82.66000
10.28000
56.04000
38.86000
29.14000
3.77000
20.96000
23.78000
64.43000
58.32000
57.87000
56.02000
12.56000
4.16000
3.18000
77.20000
14.34000
63.89000
70.09000
41.22000
67.62000
38.65000
77.35000
9.84000
47.52000
8.98000
51.65000
42.28000
41.06000
18.55000
92.37000
95.61000
61.00000
36.84000
26.66000
52.66000
45.85000
58.03000
3.39000
18.99000
57.88000
2.08000
97.21000
25.93000
85.09000
11.68000
11.50000
30.55000
41.24000
56.29000
68.40000
14.69000
62.86000
31.10000
20.80000
83.91000
14.19000
54.06000
42.32000
71.54000
81.26000
69.88000
34.37000
33.66000
78.82000
48.00000
47.55000
73.75000
41.63000
87.51000
96.42000
25.47000
53.80000
64.43000
41.81000
98.09000
29.19000
83.57000
72.82000
90.91000
70.27000
55.58000
7.29000
25.97000
7.29000
14.88000
83.85000
49.06000
91.22000
20.65000
70.83000
33.73000
3.79000
57.79000
58.36000
76.26000
45.48000
36.98000
62.27000
99.71000
46.52000
91.63000
24.19000
51.86000
59.90000
82.92000
9.46000
4.26000
64.34000
94.76000
9.19000
53.20000
63.32000
37.81000
39.23000
22.72000
7.54000
29.80000
38.34000
34.93000
36.94000
16.97000
65.28000
81.95000
87.81000
65.15000
21.07000
75.70000
80.11000
50.98000
36.04000
4.20000
57.51000
73.84000
67.25000
78.21000
88.49000
59.87000
96.54000
38.23000
68.23000
58.97000
31.47000
45.55000
15.69000
46.75000
2.37000
88.15000
73.56000
23.62000
65.32000
79.81000
13.29000
14.70000
4.14000
58.04000
27.09000
69.89000
23.40000
85.10000
34.90000
65.82000
55.43000
50.00000
80.42000
2.88000
13.41000
73.29000
56.73000
41.78000
48.54000
90.26000
51.13000
83.82000
41.75000
25.20000
61.05000
5.35000
64.61000
54.85000
71.41000
94.48000
15.39000
83.68000
91.89000
70.07000
15.15000
40.93000
57.88000
71.72000
11.68000
78.57000
28.58000
65.79000
76.52000
76.34000
87.88000
43.38000
8.96000
37.72000
47.47000
20.35000
29.05000
89.93000
40.76000
37.30000
84.58000
87.96000
27.91000
60.58000
49.08000
10.53000
92.85000
81.32000
18.87000
59.13000
43.42000
10.56000
11.48000
18.27000
75.85000
68.37000
5.34000
35.61000
90.02000
43.80000
2.78000
20.28000
36.81000
42.45000
66.07000
90.23000
89.85000
95.63000
84.22000
91.16000
51.54000
61.41000
69.98000
91.51000
46.01000
20.63000
60.87000
85.49000
24.14000
78.85000
20.16000
92.04000
60.58000
69.41000
34.85000
55.86000
56.71000
48.37000
18.70000
45.41000
37.67000
96.55000
9.24000
54.88000
53.34000
22.54000
68.71000
4.22000
79.36000
55.66000
08.85000
05.03000
06.12000
07.63000
08.53000
08.51000
06.50000
05.43000
08.30000
05.34000
07.62000
06.79000
06.05000
07.49000
05.54000
06.79000
05.95000
08.18000
07.53000
06.78000
08.41000
06.88000
07.13000
09.38000
05.10000
09.32000
09.12000
08.41000
08.91000
07.47000
09.55000
08.98000
09.02000
09.55000
05.69000
07.44000
05.82000
05.04000
06.07000
06.39000
05.99000
09.66000
05.49000
09.67000
07.42000
05.37000
09.99000
07.37000
09.29000
05.41000
07.33000
08.75000
07.60000
09.03000
09.33000
06.35000
06.14000
05.80000
07.67000
09.70000
07.08000
05.16000
08.55000
06.54000
09.75000
07.99000
09.40000
05.89000
09.71000
06.41000
08.92000
07.98000
08.77000
08.80000
07.04000
09.33000
05.01000
09.80000
09.97000
07.70000
07.73000
05.28000
05.13000
07.07000
07.51000
07.37000
06.23000
07.72000
06.16000
09.45000
08.20000
06.14000
06.75000
06.15000
07.23000
05.08000
08.59000
08.34000
05.77000
08.56000
08.80000
09.16000
09.89000
07.89000
05.50000
08.96000
08.24000
08.01000
09.90000
06.06000
08.88000
07.03000
07.73000
05.23000
05.64000
07.87000
05.95000
07.53000
08.63000
09.69000
07.79000
05.22000
09.20000
07.89000
07.73000
06.85000
09.93000
09.15000
06.48000
07.21000
09.69000
06.36000
06.02000
07.32000
08.56000
08.69000
09.57000
09.48000
07.90000
06.55000
06.60000
07.21000
05.31000
06.60000
07.84000
05.30000
09.62000
06.75000
05.25000
09.80000
06.31000
07.84000
08.90000
07.35000
09.75000
08.07000
07.52000
05.73000
08.13000
09.59000
07.29000
09.90000
07.95000
05.46000
07.85000
06.07000
06.98000
05.02000
05.08000
06.65000
09.20000
08.82000
06.11000
05.36000
09.88000
08.67000
09.32000
07.13000
05.52000
07.65000
09.33000
08.15000
08.88000
05.07000
07.03000
05.87000
08.95000
06.50000
09.54000
08.97000
05.99000
08.76000
05.24000
07.39000
06.51000
09.90000
08.77000
07.34000
08.26000
09.26000
09.86000
07.64000
07.84000
06.69000
09.02000
08.04000
06.38000
08.30000
08.28000
05.71000
05.98000
07.68000
06.15000
08.24000
08.33000
05.57000
07.44000
09.48000
06.32000
08.93000
08.17000
09.52000
09.11000
05.99000
05.63000
09.72000
07.12000
06.22000
08.36000
07.66000
07.01000
05.34000
06.14000
07.21000
06.69000
05.33000
05.00000
08.44000
05.31000
09.41000
07.23000
07.73000
08.29000
07.05000
06.37000
07.65000
07.29000
08.97000
07.20000
07.07000
07.56000
08.79000
06.30000
06.65000
08.95000
07.78000
07.32000
06.72000
06.76000
07.75000
08.64000
07.43000
07.82000
07.08000
05.21000
05.29000
05.20000
05.41000
08.22000
08.06000
08.20000
08.61000
05.11000
09.73000
07.40000
08.81000
09.57000
05.55000
09.61000
09.39000
06.54000
07.05000
07.90000
09.98000
07.22000
06.95000
06.58000
06.46000
09.05000
09.28000
06.23000
05.96000
05.72000
09.29000
08.65000
06.85000
07.16000
08.47000
06.91000
08.76000
06.32000
08.52000
06.92000
06.19000
09.03000
07.29000
09.11000
07.54000
05.24000
05.55000
09.68000
05.31000
06.29000
08.71000
08.11000
08.03000
09.78000
08.44000
05.12000
05.49000
09.55000
07.64000
07.68000
08.72000
05.71000
05.47000
09.02000
05.01000
09.60000
07.35000
08.60000
07.90000
08.81000
09.94000
07.16000
07.16000
07.21000
06.14000
06.66000
08.84000
09.87000
05.11000
05.33000
05.21000
08.16000
07.27000
07.64000
09.82000
09.67000
09.28000
07.74000
07.42000
05.46000
09.38000
09.38000
07.42000
07.63000
07.97000
08.08000
08.48000
05.89000
09.93000
05.98000
09.31000
05.51000
07.10000
06.43000
09.83000
07.97000
07.53000
09.09000
06.25000
06.04000
05.55000
09.82000
06.00000
08.71000
06.71000
05.76000
07.78000
06.25000
07.84000
05.27000
06.52000
05.16000
07.00000
08.00000
08.43000
08.18000
08.50000
09.82000
05.93000
09.33000
07.92000
07.86000
07.72000
08.86000
07.07000
05.50000
08.75000
06.31000
07.26000
06.21000
06.67000
05.88000
07.15000
08.36000
06.67000
09.61000
07.29000
05.96000
07.74000
06.65000
05.89000
06.31000
06.23000
07.44000
07.42000
07.94000
09.74000
08.61000
07.62000
05.63000
07.11000
08.09000
08.44000
05.43000
08.45000
05.03000
08.12000
09.61000
05.09000
09.84000
06.13000
06.72000
09.64000
09.18000
08.18000
06.53000
05.94000
05.97000
06.26000
05.08000
09.10000
09.36000
08.58000
09.66000
05.45000
09.76000
09.62000
08.19000
05.85000
06.23000
06.37000
07.26000
09.29000
08.81000
06.09000
09.42000
05.51000
06.15000
06.07000
07.09000
08.53000
08.83000
08.45000
08.98000
08.61000
08.67000
06.59000
05.03000
07.23000
08.72000
05.14000
06.42000
07.17000
08.31000
09.96000
05.59000
07.41000
08.00000
08.19000
06.25000
08.22000
09.60000
08.21000
08.33000
06.10000
06.20000
09.64000
08.01000
08.81000
07.09000
08.37000
07.75000
05.34000
07.85000
06.52000
06.24000
05.95000
7
22
48
35
31
30
12
32
5
36
41
14
24
11
4
43
29
34
38
3
46
18
25
4
42
50
49
10
5
7
21
9
39
28
4
37
27
4
1
5
15
47
19
8
6
8
40
16
3
33
44
45
17
2
5
23
13
26
20
5
66.28684
