50
10
25.24000
51.85000
12.59000
96.37000
92.35000
10.19000
32.15000
93.84000
83.80000
67.78000
42.78000
12.87000
89.72000
23.91000
47.95000
61.11000
26.95000
98.62000
75.89000
74.99000
35.10000
41.71000
80.59000
14.67000
80.53000
23.71000
40.77000
63.08000
55.34000
41.93000
58.92000
31.87000
74.39000
19.41000
64.27000
54.48000
79.28000
2.93000
10.79000
91.06000
36.36000
64.05000
75.22000
27.53000
35.76000
2.05000
63.04000
71.57000
93.30000
36.98000
37.30000
87.91000
56.91000
23.45000
32.72000
35.68000
51.42000
57.36000
3.21000
47.56000
27.37000
41.11000
66.70000
99.18000
16.08000
61.70000
68.91000
91.92000
73.64000
32.89000
78.28000
50.93000
82.87000
91.19000
89.01000
26.09000
50.33000
1.87000
21.04000
92.05000
7.36000
49.94000
17.09000
51.17000
10.03000
50.16000
46.59000
27.61000
40.17000
40.04000
4.74000
71.24000
5.34000
81.84000
9.51000
58.72000
35.87000
64.57000
5.58000
89.41000
78.67000
22.34000
70.77000
8.07000
5.94000
80.74000
70.24000
31.20000
67.66000
84.96000
63.58000
60.68000
38.35000
13.72000
35.71000
87.60000
14.32000
68.51000
95.29000
28.82000
17.61000
79.56000
78.74000
23.94000
95.01000
99.85000
45.23000
39.33000
21.07000
9.11000
78.67000
66.08000
90.07000
8.82000
89.74000
21.05000
27.06000
28.20000
13.85000
43.85000
76.84000
21.25000
9.17000
1.83000
13.94000
65.69000
60.62000
84.10000
33.66000
66.01000
93.93000
30.06000
46.55000
44.36000
46.75000
64.70000
86.09000
89.60000
83.40000
69.58000
33.31000
55.75000
55.76000
51.26000
49.47000
60.78000
38.47000
41.06000
23.57000
49.38000
31.91000
95.07000
67.39000
90.00000
61.23000
96.10000
20.44000
77.84000
77.32000
50.73000
43.97000
31.84000
55.80000
89.29000
26.99000
94.72000
96.06000
69.84000
81.28000
37.91000
25.25000
73.22000
46.34000
53.61000
91.24000
6.99000
83.43000
61.79000
71.68000
1.48000
37.71000
84.14000
22.41000
13.01000
30.15000
36.50000
83.80000
42.12000
46.90000
79.79000
69.16000
15.39000
41.96000
75.19000
43.84000
4.38000
93.04000
7.60000
97.95000
6.39000
5.64000
84.70000
49.35000
43.44000
5.98000
43.91000
37.63000
63.34000
48.05000
43.39000
29.16000
38.63000
11.57000
68.06000
15.04000
65.60000
98.02000
28.59000
11.13000
67.29000
38.64000
58.40000
58.02000
90.51000
84.40000
18.65000
23.09000
8.78000
16.04000
92.26000
16.60000
86.23000
15.44000
23.56000
39.18000
85.38000
95.60000
51.33000
45.52000
73.80000
48.34000
34.53000
17.46000
89.01000
65.85000
23.06000
60.55000
94.27000
68.10000
91.55000
8.13000
77.59000
98.78000
42.38000
15.27000
51.73000
28.34000
98.70000
63.80000
54.20000
48.98000
13.39000
61.28000
48.26000
80.64000
59.09000
39.05000
21.94000
68.03000
38.18000
53.18000
86.98000
79.60000
74.80000
85.48000
82.90000
10.54000
20.84000
43.55000
71.96000
81.95000
49.90000
14.00000
30.02000
12.33000
32.37000
48.00000
53.52000
56.47000
79.19000
86.12000
34.81000
50.77000
32.96000
76.14000
26.89000
54.40000
58.04000
89.62000
8.49000
52.29000
46.53000
24.84000
82.09000
54.11000
14.29000
2.85000
77.91000
94.26000
1.92000
70.44000
48.94000
33.92000
74.78000
2.15000
72.91000
56.00000
25.97000
92.27000
54.30000
71.18000
69.36000
65.86000
21.33000
14.87000
47.54000
68.69000
27.00000
45.24000
25.87000
47.76000
67.79000
7.47000
34.79000
34.74000
19.29000
66.97000
89.39000
18.35000
17.77000
27.38000
24.12000
11.34000
32.70000
12.83000
18.80000
51.23000
58.26000
73.22000
79.99000
2.27000
14.42000
85.17000
41.04000
50.49000
43.87000
49.08000
57.00000
10.63000
17.05000
89.09000
10.71000
19.22000
27.18000
57.07000
7.73000
39.51000
93.19000
27.67000
79.40000
59.51000
60.78000
1.28000
83.79000
92.00000
97.41000
3.02000
2.71000
75.47000
98.28000
29.84000
16.24000
56.78000
42.21000
88.46000
67.91000
56.46000
13.33000
79.56000
10.38000
18.20000
56.42000
18.99000
63.70000
69.23000
7.92000
46.36000
76.67000
64.52000
25.98000
29.02000
21.81000
81.82000
95.54000
57.07000
94.44000
25.60000
28.25000
47.38000
19.59000
23.09000
56.53000
40.55000
42.05000
28.27000
41.56000
2.93000
35.37000
19.88000
67.24000
24.63000
95.84000
1.38000
44.26000
22.50000
47.50000
1.02000
7.02000
37.16000
36.15000
50.97000
64.63000
37.22000
37.43000
81.47000
72.71000
63.13000
44.45000
61.12000
50.93000
7.44000
68.21000
33.62000
98.66000
25.24000
22.45000
67.43000
43.05000
98.35000
43.70000
57.73000
32.98000
35.34000
95.22000
23.48000
44.09000
65.53000
66.02000
8.39000
76.76000
47.00000
67.86000
80.89000
57.14000
60.58000
39.25000
37.18000
35.11000
13.83000
42.45000
94.22000
85.30000
37.09000
65.48000
97.71000
10.10000
87.42000
22.09000
17.10000
32.66000
04.54000
02.75000
02.84000
02.16000
02.50000
02.96000
01.69000
02.75000
03.89000
01.39000
03.88000
03.10000
01.77000
02.37000
04.97000
02.03000
02.22000
03.22000
01.56000
03.39000
04.33000
02.28000
03.21000
03.98000
04.17000
02.87000
04.51000
01.65000
02.82000
01.33000
01.03000
03.22000
02.36000
02.97000
01.36000
04.51000
01.87000
02.12000
03.06000
02.37000
01.42000
02.13000
04.73000
02.60000
02.09000
03.30000
01.93000
04.05000
01.96000
02.98000
01.61000
02.43000
02.14000
01.43000
01.05000
01.20000
01.81000
03.88000
03.75000
04.45000
03.98000
04.67000
03.44000
03.13000
04.86000
01.24000
02.80000
01.20000
01.63000
04.05000
01.54000
03.61000
04.52000
04.55000
04.37000
04.32000
04.72000
03.19000
04.99000
02.26000
02.43000
01.43000
02.10000
01.41000
02.86000
01.72000
03.40000
02.71000
04.21000
03.52000
01.60000
04.11000
01.69000
03.27000
02.40000
04.57000
03.49000
02.42000
04.51000
04.04000
04.42000
03.76000
03.55000
02.20000
03.15000
04.66000
02.65000
02.49000
03.83000
02.37000
04.74000
04.27000
01.79000
03.48000
03.66000
04.60000
01.36000
03.56000
02.22000
01.57000
03.87000
03.19000
04.26000
02.26000
03.65000
03.96000
02.61000
02.75000
04.02000
04.43000
03.09000
04.10000
01.32000
04.19000
04.53000
04.41000
04.87000
03.81000
02.77000
02.74000
04.99000
04.87000
02.62000
03.18000
01.03000
01.96000
01.92000
02.81000
01.30000
02.64000
01.96000
04.35000
03.27000
04.96000
04.87000
03.90000
01.79000
03.36000
01.87000
03.32000
03.75000
03.59000
02.91000
01.79000
01.61000
03.36000
02.95000
03.53000
04.82000
01.37000
01.93000
01.74000
03.82000
01.32000
04.82000
02.62000
02.08000
03.93000
01.56000
01.37000
04.04000
02.88000
03.11000
02.20000
03.17000
04.89000
01.42000
02.31000
01.90000
01.65000
01.45000
03.91000
03.70000
01.88000
01.14000
02.19000
01.03000
03.27000
03.45000
01.36000
04.26000
04.47000
02.19000
02.21000
03.90000
04.03000
04.60000
01.59000
02.84000
02.82000
02.47000
01.99000
02.66000
01.66000
03.89000
02.73000
01.94000
02.39000
01.93000
04.15000
04.26000
03.83000
02.66000
03.57000
02.19000
01.81000
01.18000
03.32000
01.31000
01.16000
01.56000
02.72000
04.21000
03.70000
04.87000
02.11000
02.45000
04.27000
01.19000
02.82000
04.62000
02.70000
01.60000
03.17000
04.30000
03.80000
02.18000
02.48000
04.06000
01.41000
03.18000
01.34000
04.04000
02.94000
04.95000
01.51000
02.95000
01.77000
04.93000
03.23000
01.56000
02.24000
01.34000
01.95000
04.57000
02.33000
01.37000
02.13000
01.67000
04.97000
01.23000
01.22000
03.58000
02.12000
02.11000
01.67000
02.00000
02.73000
02.24000
02.94000
01.63000
04.76000
04.79000
01.48000
04.17000
03.17000
01.99000
02.73000
04.33000
01.89000
03.04000
01.17000
01.80000
01.89000
02.12000
04.23000
01.30000
01.13000
02.46000
04.37000
03.53000
04.84000
02.26000
01.27000
04.51000
03.56000
03.79000
02.14000
01.94000
04.73000
03.08000
02.38000
03.67000
03.44000
02.45000
03.56000
02.51000
03.74000
01.23000
04.27000
04.30000
02.74000
03.74000
04.07000
03.87000
02.49000
03.32000
03.55000
01.04000
02.09000
02.29000
04.28000
04.64000
01.61000
03.97000
04.85000
04.49000
02.12000
04.71000
04.83000
03.44000
01.71000
01.82000
04.80000
01.30000
03.45000
01.64000
02.33000
02.90000
03.42000
03.14000
03.52000
02.40000
01.68000
01.54000
02.78000
02.13000
04.56000
04.59000
04.59000
02.12000
02.23000
02.76000
04.66000
03.33000
04.88000
03.49000
03.69000
03.70000
03.71000
03.24000
03.38000
02.19000
02.94000
03.46000
02.44000
02.76000
03.76000
02.61000
04.57000
02.35000
04.37000
04.13000
02.47000
02.92000
03.99000
04.49000
01.85000
03.43000
02.81000
01.13000
01.41000
03.82000
02.03000
04.51000
04.85000
01.05000
03.86000
02.08000
04.87000
01.50000
02.40000
03.63000
02.68000
01.74000
04.55000
02.14000
03.71000
04.42000
02.18000
03.50000
02.28000
03.61000
04.63000
04.29000
02.19000
02.39000
02.22000
02.08000
04.29000
04.84000
02.28000
03.46000
02.39000
04.04000
01.13000
03.99000
03.33000
02.06000
04.12000
04.27000
02.94000
01.99000
01.55000
01.87000
02.04000
03.89000
04.77000
03.36000
02.46000
04.86000
02.10000
04.32000
03.03000
02.97000
02.87000
01.34000
03.58000
01.29000
01.41000
01.63000
03.24000
03.83000
01.35000
04.06000
01.95000
02.95000
02.31000
04.91000
04.53000
04.20000
01.50000
02.87000
02.94000
04.80000
01.36000
01.65000
02.12000
02.94000
01.35000
01.96000
04.03000
01.83000
01.92000
01.49000
03.62000
01.67000
04.53000
02.95000
04.85000
03.67000
03.62000
02.04000
04.67000
02.03000
02.66000
03.46000
01.04000
03.95000
02.09000
04.93000
04.89000
01.64000
03.36000
01.13000
04.20000
04.29000
04.94000
03.79000
03.91000
4
7
24
6
38
7
45
15
31
41
49
9
28
5
17
42
14
34
44
3
19
46
50
6
39
12
18
25
33
20
2
40
1
6
23
26
5
30
27
35
7
22
13
3
32
36
21
48
7
2
10
16
8
47
37
43
3
4
29
11
62.33133
