50
7
48.97000
80.76000
34.56000
64.07000
10.11000
3.14000
63.67000
34.21000
12.67000
96.38000
52.09000
47.66000
41.33000
3.68000
3.84000
8.27000
57.55000
25.68000
72.97000
56.58000
49.10000
80.90000
19.08000
25.28000
79.56000
52.33000
48.84000
82.72000
40.78000
34.86000
73.44000
89.46000
98.44000
87.80000
55.13000
43.71000
48.47000
86.38000
56.70000
31.84000
59.65000
68.25000
92.99000
79.91000
30.02000
85.01000
81.39000
5.16000
32.43000
53.65000
24.53000
14.45000
53.74000
45.20000
8.85000
59.07000
75.87000
81.85000
84.39000
48.15000
93.78000
53.54000
14.23000
37.50000
44.56000
84.95000
45.64000
59.75000
27.75000
54.79000
68.54000
74.85000
57.82000
41.31000
61.04000
19.50000
14.62000
74.84000
39.91000
54.73000
88.97000
88.22000
11.09000
21.36000
40.07000
65.36000
19.21000
83.49000
37.08000
90.71000
98.05000
85.04000
15.54000
2.76000
23.07000
94.23000
23.96000
37.56000
53.91000
57.04000
55.47000
21.89000
65.45000
46.08000
49.62000
83.09000
85.85000
55.61000
13.94000
55.78000
58.92000
40.52000
93.24000
46.46000
12.64000
33.81000
37.82000
51.79000
50.80000
32.93000
45.07000
8.10000
6.48000
49.24000
16.90000
38.90000
85.57000
58.51000
5.27000
9.38000
25.22000
50.46000
63.70000
70.88000
34.43000
78.20000
98.75000
17.43000
51.47000
10.79000
18.52000
28.23000
90.38000
77.70000
79.17000
24.14000
92.55000
27.30000
43.39000
14.20000
67.65000
31.91000
58.80000
55.41000
44.21000
93.04000
19.57000
30.51000
15.44000
90.82000
64.79000
71.69000
96.32000
92.67000
50.37000
80.08000
19.78000
68.58000
19.36000
32.62000
77.17000
39.57000
53.52000
31.57000
78.76000
28.21000
25.76000
56.94000
96.22000
9.14000
45.66000
16.08000
17.18000
57.51000
13.99000
90.11000
89.66000
2.55000
68.16000
90.46000
80.62000
71.01000
37.80000
3.35000
18.42000
45.71000
88.16000
39.31000
44.38000
7.99000
7.80000
55.29000
30.15000
4.16000
60.50000
59.37000
47.48000
70.81000
55.85000
53.19000
73.10000
54.57000
38.87000
49.64000
97.09000
55.73000
80.86000
75.56000
12.08000
64.77000
31.90000
23.19000
58.77000
11.85000
65.40000
95.71000
83.38000
14.27000
34.55000
64.72000
82.19000
30.03000
16.84000
12.72000
53.02000
6.31000
66.56000
85.65000
44.75000
27.93000
66.27000
47.38000
8.80000
69.90000
73.38000
22.19000
46.62000
46.90000
72.55000
49.28000
72.53000
11.16000
4.06000
58.31000
48.62000
82.66000
28.52000
7.68000
19.10000
52.44000
93.47000
43.16000
92.02000
36.66000
10.71000
77.49000
18.08000
78.79000
1.99000
24.97000
32.17000
1.07000
55.46000
48.93000
11.84000
48.05000
74.20000
17.27000
21.83000
45.09000
24.71000
46.91000
66.52000
41.83000
85.41000
58.35000
40.50000
64.72000
3.15000
23.10000
74.99000
67.48000
33.69000
13.25000
92.43000
79.65000
1.22000
52.91000
53.89000
58.08000
96.19000
45.72000
23.66000
86.06000
50.28000
11.58000
49.57000
12.37000
93.14000
67.46000
34.58000
85.60000
9.11000
70.78000
66.99000
15.48000
29.62000
16.69000
63.43000
20.66000
90.59000
87.45000
16.31000
86.19000
80.04000
9.04000
43.33000
13.05000
85.50000
90.59000
40.99000
61.66000
47.56000
85.90000
31.11000
11.35000
7.37000
34.96000
12.27000
1.86000
57.10000
16.40000
9.37000
87.87000
92.49000
98.05000
24.11000
90.47000
60.31000
89.40000
03.94000
02.66000
01.78000
02.63000
04.73000
02.73000
04.87000
03.20000
03.07000
04.16000
02.45000
03.57000
02.80000
04.18000
04.04000
01.41000
02.61000
04.36000
04.96000
01.69000
01.97000
04.58000
04.36000
02.68000
03.17000
01.02000
03.18000
01.97000
01.33000
04.17000
02.19000
02.47000
02.36000
04.86000
03.96000
02.40000
01.00000
04.19000
02.88000
01.28000
02.80000
03.61000
03.16000
01.96000
02.10000
02.87000
04.81000
04.59000
04.08000
02.02000
04.63000
04.05000
03.96000
03.85000
03.28000
02.60000
04.81000
03.90000
01.95000
02.44000
04.24000
01.39000
03.33000
02.82000
03.87000
03.19000
03.47000
01.77000
01.63000
02.03000
01.70000
02.15000
01.77000
02.40000
02.67000
01.63000
04.86000
02.64000
02.37000
02.69000
01.76000
04.88000
02.05000
02.63000
03.66000
01.08000
02.32000
03.56000
04.06000
03.00000
01.09000
02.39000
04.77000
04.21000
03.56000
04.86000
01.91000
02.11000
04.26000
03.52000
01.42000
04.28000
04.04000
03.16000
04.93000
04.49000
01.40000
02.41000
03.62000
02.49000
03.06000
02.72000
01.94000
03.38000
03.63000
02.07000
04.15000
01.55000
04.53000
02.77000
04.32000
02.73000
03.98000
01.46000
04.35000
01.94000
03.04000
03.06000
03.94000
01.52000
03.57000
02.82000
02.59000
01.14000
02.22000
04.31000
01.65000
03.75000
04.49000
01.39000
02.24000
01.63000
02.67000
04.26000
03.32000
02.38000
01.87000
01.40000
03.64000
02.91000
01.83000
02.26000
03.39000
01.68000
01.90000
03.53000
02.65000
04.41000
02.68000
04.04000
02.73000
01.69000
04.22000
01.62000
03.11000
03.51000
04.91000
01.91000
04.57000
02.66000
03.43000
04.35000
03.18000
04.74000
04.77000
04.22000
04.36000
02.19000
02.26000
02.58000
04.83000
04.23000
03.50000
04.33000
02.62000
02.90000
04.44000
04.17000
03.05000
03.07000
03.32000
04.61000
04.80000
04.40000
02.71000
01.98000
01.83000
03.37000
03.48000
04.42000
03.11000
01.23000
02.72000
01.84000
03.74000
02.83000
03.17000
03.14000
03.89000
01.74000
02.18000
01.56000
04.10000
02.40000
02.95000
02.92000
01.72000
03.54000
04.49000
02.39000
04.92000
04.24000
03.64000
02.44000
02.69000
01.86000
01.02000
02.84000
02.83000
02.09000
03.09000
02.68000
01.94000
04.93000
04.12000
02.38000
03.43000
02.69000
04.17000
01.64000
03.55000
01.99000
03.14000
01.50000
01.33000
01.77000
02.74000
02.29000
04.64000
03.28000
02.44000
03.75000
01.58000
01.79000
04.54000
01.98000
01.59000
04.36000
04.37000
01.10000
04.76000
04.05000
02.85000
01.04000
03.89000
01.44000
04.19000
02.52000
02.11000
04.92000
01.93000
01.08000
02.85000
04.69000
04.90000
01.10000
03.87000
02.77000
03.26000
01.73000
03.21000
02.98000
02.47000
02.96000
01.27000
04.96000
01.32000
03.58000
02.71000
02.16000
01.89000
03.20000
02.55000
03.84000
03.60000
04.25000
04.08000
01.09000
01.15000
01.95000
01.20000
03.15000
01.54000
02.04000
03.50000
01.36000
01.17000
02.82000
04.61000
01.72000
02.32000
01.85000
04.66000
03.50000
04.29000
04.33000
01.60000
01.32000
03.18000
01.74000
01.20000
03.06000
01.91000
01.89000
03.03000
03.94000
04.22000
02.92000
02.49000
04.50000
04.65000
03.25000
04.76000
04.58000
02.56000
03.64000
02.88000
01.32000
04.11000
01.14000
03.65000
03.20000
04.30000
03.13000
01.73000
04.00000
04.91000
01.29000
01.55000
04.80000
8
49
16
18
9
6
48
15
14
5
10
33
13
27
5
5
12
41
31
23
29
8
7
45
35
32
30
50
44
38
8
46
28
24
43
36
34
1
4
10
21
17
2
3
25
8
39
22
19
47
6
11
20
42
37
26
40
101.28160
