50
4
53.84000
70.91000
95.84000
52.68000
52.67000
47.70000
77.85000
23.87000
52.68000
72.86000
81.17000
14.04000
94.09000
87.59000
46.99000
63.41000
19.13000
33.13000
15.55000
14.18000
66.01000
48.69000
27.05000
5.58000
76.95000
75.49000
22.73000
77.83000
92.16000
54.75000
42.79000
73.15000
52.88000
26.68000
28.46000
31.75000
98.31000
31.51000
19.95000
92.86000
70.67000
10.46000
57.49000
98.70000
10.18000
3.73000
82.29000
89.47000
56.07000
51.56000
90.98000
35.89000
42.23000
20.52000
80.83000
87.28000
4.53000
46.30000
31.83000
29.44000
9.98000
94.34000
8.96000
26.35000
24.54000
31.61000
77.19000
43.97000
14.18000
22.07000
4.48000
48.28000
43.86000
31.71000
53.81000
5.23000
79.57000
26.48000
92.14000
78.81000
87.27000
71.35000
85.44000
36.97000
32.92000
33.30000
98.68000
43.70000
80.49000
76.29000
97.84000
64.94000
96.96000
67.29000
48.86000
66.69000
48.29000
71.26000
16.74000
14.89000
15.88000
17.47000
92.38000
29.34000
26.97000
50.31000
78.35000
54.46000
34.98000
40.64000
7.10000
32.43000
30.65000
78.17000
67.36000
52.96000
4.68000
54.63000
51.84000
7.77000
46.80000
59.73000
50.28000
85.59000
48.73000
84.19000
53.37000
79.12000
1.18000
19.72000
51.85000
78.09000
92.87000
55.06000
36.44000
73.22000
17.52000
81.91000
96.84000
55.22000
62.86000
90.99000
25.79000
14.82000
21.59000
73.03000
11.99000
41.73000
82.44000
18.75000
60.74000
96.76000
40.99000
70.80000
92.84000
89.56000
69.72000
18.85000
47.81000
46.23000
29.05000
87.00000
40.12000
81.23000
33.46000
92.72000
85.25000
12.04000
98.42000
51.48000
99.65000
52.12000
41.39000
77.75000
98.80000
18.94000
75.84000
87.99000
98.18000
26.97000
19.24000
97.68000
14.23000
91.68000
85.07000
23.28000
60.44000
30.53000
90.79000
78.26000
54.28000
57.00000
51.86000
80.09000
11.21000
87.56000
82.76000
44.23000
45.70000
38.67000
01.61000
02.61000
04.73000
03.16000
02.42000
02.34000
04.07000
04.06000
04.08000
01.21000
01.83000
03.67000
01.72000
02.33000
01.14000
01.10000
02.47000
04.85000
01.12000
03.48000
01.46000
03.88000
04.89000
01.94000
01.79000
02.54000
03.57000
03.59000
02.61000
03.97000
04.31000
03.57000
03.04000
03.29000
02.21000
01.01000
02.20000
03.62000
04.40000
03.01000
03.21000
04.08000
02.02000
04.72000
01.21000
03.81000
02.18000
01.25000
03.31000
01.93000
01.95000
04.28000
01.72000
03.13000
01.16000
02.28000
04.77000
04.73000
02.07000
02.51000
03.58000
04.63000
04.82000
01.11000
02.30000
02.97000
01.53000
02.20000
01.03000
03.85000
04.32000
01.91000
03.91000
03.41000
01.31000
04.35000
03.06000
01.77000
04.65000
01.66000
02.60000
03.05000
02.43000
01.96000
02.66000
03.39000
02.81000
01.37000
03.37000
02.91000
01.88000
04.02000
04.85000
01.73000
03.80000
02.04000
03.23000
03.97000
04.67000
03.54000
03.62000
04.28000
03.11000
03.73000
04.06000
02.34000
03.10000
03.23000
01.88000
02.55000
03.03000
01.44000
02.19000
02.04000
04.01000
03.49000
02.13000
01.93000
03.18000
02.50000
02.81000
03.35000
01.66000
03.61000
01.37000
03.42000
04.58000
03.93000
02.92000
03.28000
01.05000
04.60000
04.60000
04.03000
04.21000
02.73000
03.52000
02.82000
03.17000
03.45000
04.81000
04.76000
03.08000
03.88000
01.60000
02.97000
01.04000
01.16000
03.02000
02.59000
04.25000
03.56000
01.57000
02.76000
04.46000
02.79000
02.68000
03.91000
03.02000
03.39000
01.22000
03.50000
02.05000
03.50000
03.28000
03.66000
03.68000
01.24000
03.01000
02.51000
02.04000
02.73000
02.52000
02.17000
03.24000
02.10000
03.95000
04.78000
01.42000
01.48000
01.41000
04.46000
02.70000
02.99000
01.03000
03.33000
01.20000
04.75000
04.94000
03.52000
03.04000
04.90000
03.26000
03.15000
02.37000
01.54000
02.12000
04.35000
01.29000
04.82000
13
6
19
35
22
45
34
27
23
39
12
24
42
46
13
14
32
9
28
10
16
4
50
49
13
26
21
7
14
25
40
47
43
5
30
37
1
2
44
20
11
17
29
10
3
41
31
15
48
18
36
38
33
8
320.55690
