50
7
55.75000
45.87000
28.25000
28.60000
84.27000
82.50000
57.01000
98.24000
47.38000
60.18000
82.11000
63.36000
93.71000
58.32000
24.04000
16.55000
51.72000
21.79000
52.31000
89.05000
73.14000
8.34000
41.00000
5.26000
88.51000
40.17000
14.24000
23.27000
54.66000
54.37000
96.70000
93.35000
4.21000
51.49000
68.08000
6.43000
95.10000
45.97000
6.65000
37.60000
66.05000
16.70000
41.72000
5.64000
78.08000
55.47000
7.15000
15.49000
71.00000
20.49000
28.90000
22.85000
42.37000
26.68000
81.30000
12.84000
18.06000
74.00000
55.43000
57.00000
25.78000
12.96000
2.12000
78.15000
42.85000
82.69000
60.32000
74.88000
11.03000
78.38000
11.69000
72.08000
83.99000
93.75000
23.06000
71.44000
82.81000
75.59000
2.91000
1.96000
40.53000
71.23000
46.91000
66.42000
53.57000
80.02000
91.39000
97.89000
34.30000
3.89000
61.86000
5.27000
57.50000
92.81000
21.51000
20.73000
13.87000
4.29000
22.69000
56.24000
79.90000
28.40000
75.07000
11.42000
98.93000
49.59000
79.71000
73.71000
47.83000
78.86000
66.30000
17.69000
86.85000
15.41000
28.81000
15.59000
80.78000
44.63000
36.99000
6.07000
44.46000
93.58000
87.89000
40.72000
93.29000
78.47000
56.36000
36.52000
96.68000
53.22000
41.55000
23.41000
24.64000
60.89000
20.39000
94.72000
96.17000
84.22000
95.13000
60.73000
36.87000
95.13000
47.80000
92.11000
19.34000
5.20000
82.74000
76.49000
19.76000
12.20000
54.51000
63.27000
63.98000
41.12000
13.74000
67.50000
37.53000
2.19000
99.78000
85.62000
62.17000
77.20000
71.86000
2.53000
83.53000
34.24000
99.13000
1.67000
36.40000
14.24000
18.14000
20.56000
92.23000
85.39000
75.38000
97.22000
15.66000
94.70000
85.75000
23.76000
5.99000
14.48000
76.09000
88.80000
53.70000
90.83000
37.65000
38.03000
88.95000
2.13000
74.59000
14.69000
31.04000
96.57000
57.51000
15.04000
35.98000
55.66000
68.94000
36.92000
69.58000
92.15000
37.11000
78.77000
71.41000
35.78000
76.63000
74.87000
17.35000
70.36000
22.24000
22.77000
17.38000
51.02000
77.49000
13.50000
9.76000
44.81000
51.50000
28.27000
8.55000
83.19000
2.41000
86.92000
54.13000
13.56000
88.94000
99.51000
64.65000
43.73000
25.81000
14.74000
83.57000
98.43000
24.34000
67.51000
32.15000
66.82000
49.85000
36.35000
55.93000
49.98000
69.23000
85.01000
79.27000
14.41000
1.43000
19.87000
52.81000
39.54000
70.67000
15.57000
7.01000
83.81000
40.68000
44.14000
88.76000
97.32000
18.14000
90.00000
83.29000
14.31000
2.81000
37.28000
40.63000
59.99000
33.10000
93.41000
24.72000
65.12000
37.64000
46.62000
63.95000
10.53000
82.68000
8.43000
2.60000
76.55000
25.68000
67.14000
45.41000
98.60000
59.76000
40.38000
15.00000
12.62000
70.20000
19.55000
94.45000
3.61000
79.96000
23.36000
84.74000
60.12000
2.18000
47.33000
48.27000
23.73000
85.66000
14.24000
8.89000
10.24000
7.45000
45.43000
13.49000
41.37000
60.23000
10.66000
26.32000
45.63000
11.68000
63.17000
45.20000
69.18000
15.08000
51.90000
20.01000
97.86000
52.02000
37.70000
1.17000
7.67000
80.88000
45.87000
90.14000
10.29000
86.33000
16.59000
92.93000
9.58000
29.85000
52.50000
64.60000
47.06000
97.20000
72.15000
61.77000
54.42000
54.95000
57.51000
93.07000
2.04000
91.98000
4.46000
69.72000
47.45000
76.93000
71.31000
52.95000
89.87000
02.83000
01.39000
01.57000
02.24000
01.08000
04.23000
04.33000
01.37000
01.83000
04.29000
01.09000
02.23000
01.04000
01.93000
03.49000
03.59000
01.53000
01.83000
04.99000
03.56000
02.89000
03.00000
02.85000
01.54000
03.55000
04.74000
04.15000
04.23000
02.74000
04.68000
03.77000
03.68000
02.50000
04.75000
02.42000
03.23000
01.69000
01.21000
04.60000
03.52000
01.98000
02.61000
04.65000
04.52000
01.86000
03.82000
04.71000
03.52000
02.61000
04.03000
01.53000
01.49000
04.58000
03.88000
02.56000
04.29000
03.69000
02.26000
04.14000
03.08000
04.98000
03.33000
02.11000
01.23000
01.20000
04.12000
01.62000
04.90000
01.40000
03.45000
03.15000
01.07000
04.97000
03.95000
04.46000
03.55000
03.59000
02.08000
02.66000
02.93000
03.25000
02.10000
04.15000
04.64000
02.27000
02.08000
02.63000
02.90000
01.27000
03.93000
01.16000
02.78000
01.18000
03.33000
02.05000
02.11000
01.26000
03.80000
04.98000
01.58000
03.36000
01.67000
04.09000
03.35000
03.48000
01.36000
04.99000
04.84000
03.67000
03.13000
02.63000
02.73000
02.49000
01.20000
03.76000
02.15000
02.34000
03.10000
01.92000
04.52000
03.42000
03.68000
03.46000
01.61000
01.74000
03.08000
01.55000
01.47000
03.13000
04.77000
02.18000
02.47000
01.23000
01.53000
02.14000
03.30000
03.49000
01.46000
03.04000
04.96000
01.17000
01.96000
01.30000
04.75000
03.34000
03.74000
02.15000
02.31000
02.91000
04.83000
03.55000
02.12000
01.69000
03.38000
02.34000
01.91000
02.03000
01.43000
01.82000
03.57000
03.24000
04.24000
01.18000
03.07000
01.90000
01.90000
01.91000
04.17000
03.93000
03.35000
01.83000
04.43000
02.55000
02.31000
01.05000
01.25000
04.27000
03.33000
04.02000
01.84000
02.95000
03.76000
01.48000
01.19000
01.74000
03.78000
04.49000
04.15000
03.09000
04.36000
02.42000
03.34000
02.81000
01.31000
04.97000
01.23000
03.96000
03.23000
04.12000
04.07000
04.71000
01.63000
04.27000
04.48000
01.14000
03.19000
01.66000
04.96000
04.90000
01.78000
02.00000
02.34000
04.67000
04.98000
02.60000
03.60000
01.92000
02.64000
04.62000
01.00000
04.97000
04.96000
02.99000
02.15000
02.90000
04.44000
04.50000
03.94000
03.65000
01.89000
01.70000
02.60000
03.94000
04.42000
02.99000
03.64000
03.32000
03.47000
02.58000
03.93000
02.14000
04.80000
02.47000
01.60000
03.59000
02.46000
02.49000
02.12000
03.63000
04.83000
04.48000
03.06000
02.85000
03.85000
01.93000
04.12000
04.54000
02.27000
03.54000
03.64000
04.86000
03.94000
03.35000
01.68000
03.76000
03.59000
02.68000
03.08000
03.47000
03.70000
04.20000
03.53000
02.57000
04.62000
01.87000
03.49000
01.92000
02.49000
02.97000
02.27000
02.70000
03.24000
02.10000
03.97000
04.42000
04.65000
03.15000
03.52000
02.89000
02.30000
01.35000
04.64000
04.23000
03.56000
01.22000
01.88000
02.88000
01.65000
02.61000
02.60000
04.06000
02.01000
02.09000
01.33000
03.86000
02.93000
04.09000
02.02000
04.24000
04.17000
02.94000
04.19000
03.44000
02.13000
02.05000
04.16000
01.54000
04.54000
01.65000
04.54000
02.44000
04.41000
04.80000
04.28000
03.84000
02.10000
03.35000
04.61000
03.24000
03.26000
03.97000
03.11000
03.98000
04.84000
02.14000
03.64000
01.18000
01.14000
04.15000
02.39000
03.82000
01.75000
01.13000
01.86000
04.64000
01.56000
02.97000
04.85000
02.22000
02.80000
7
15
28
16
24
36
33
39
8
19
25
7
12
6
48
29
30
5
41
49
4
50
46
9
43
5
20
32
31
8
14
40
18
6
11
37
17
9
23
47
7
34
38
35
3
45
27
13
8
10
2
26
44
1
22
42
21
94.74427
