50
4
5.79000
90.17000
73.64000
75.17000
4.90000
9.62000
27.32000
34.66000
96.45000
19.20000
93.56000
54.89000
23.68000
60.13000
15.58000
77.07000
24.79000
73.62000
31.59000
42.43000
41.01000
99.90000
82.82000
90.18000
13.55000
80.18000
11.49000
62.55000
81.64000
54.69000
55.80000
98.75000
87.49000
63.64000
57.99000
41.01000
71.32000
48.25000
58.27000
28.53000
73.35000
48.74000
96.86000
2.54000
34.80000
6.33000
15.97000
3.26000
94.89000
60.24000
43.54000
68.30000
66.61000
20.15000
11.14000
73.85000
46.11000
14.79000
68.29000
49.07000
98.15000
11.57000
81.95000
58.92000
89.69000
75.48000
18.10000
69.38000
85.69000
73.48000
40.71000
46.41000
52.14000
70.53000
16.74000
54.98000
54.00000
32.61000
11.17000
61.06000
57.24000
24.69000
88.95000
30.62000
27.82000
12.73000
18.07000
28.63000
30.71000
61.70000
61.49000
21.05000
31.89000
38.57000
86.18000
72.86000
96.33000
8.31000
58.10000
51.03000
83.73000
30.57000
51.80000
81.54000
67.83000
22.12000
68.78000
98.63000
16.37000
87.17000
95.07000
85.57000
19.09000
18.44000
22.38000
33.10000
66.68000
4.65000
39.44000
30.92000
50.88000
36.51000
37.96000
69.76000
61.39000
5.75000
8.65000
41.33000
88.95000
2.09000
41.25000
35.36000
25.27000
16.24000
27.47000
42.56000
59.06000
38.92000
57.02000
53.65000
82.05000
60.85000
21.63000
59.36000
84.96000
72.75000
11.01000
50.39000
58.49000
65.34000
75.62000
82.97000
8.10000
50.04000
38.10000
75.37000
93.28000
99.02000
27.09000
85.78000
14.70000
25.23000
58.06000
30.67000
84.84000
42.16000
47.48000
24.50000
22.17000
66.26000
10.83000
82.74000
40.15000
14.01000
62.57000
22.87000
55.26000
98.87000
20.16000
58.34000
82.95000
39.33000
97.08000
6.64000
39.71000
48.83000
11.79000
81.22000
40.00000
43.86000
76.77000
99.56000
99.29000
39.87000
10.49000
77.12000
35.05000
52.35000
26.40000
29.38000
03.51000
03.23000
01.24000
01.13000
03.78000
01.41000
03.52000
02.95000
01.85000
01.66000
01.16000
02.42000
04.83000
03.11000
01.27000
02.64000
03.86000
04.89000
03.00000
02.75000
02.06000
02.12000
01.45000
01.88000
02.55000
01.92000
03.76000
03.14000
04.46000
03.43000
01.05000
01.67000
02.92000
01.76000
04.45000
04.58000
01.04000
04.04000
01.08000
03.01000
01.96000
01.39000
02.07000
04.07000
04.80000
04.95000
02.54000
02.90000
04.68000
01.83000
04.37000
02.89000
03.18000
01.47000
01.77000
01.95000
03.65000
02.34000
01.32000
01.68000
04.32000
03.96000
03.14000
02.21000
01.32000
02.44000
03.36000
03.67000
02.78000
01.91000
02.09000
02.18000
04.82000
02.49000
03.48000
01.87000
03.57000
04.32000
03.63000
02.86000
03.16000
03.50000
02.68000
01.27000
03.70000
04.18000
04.74000
01.24000
01.33000
02.47000
01.96000
02.88000
04.16000
02.50000
02.44000
02.33000
04.33000
04.39000
02.32000
03.70000
01.40000
01.58000
03.79000
02.04000
04.62000
04.14000
03.52000
02.01000
01.15000
02.79000
03.13000
02.63000
04.11000
02.66000
03.73000
01.03000
02.63000
04.87000
02.45000
02.33000
01.83000
02.55000
04.42000
03.67000
02.85000
04.82000
02.76000
02.15000
02.79000
04.80000
02.60000
02.91000
02.80000
03.63000
01.06000
03.08000
04.00000
02.41000
03.26000
03.77000
03.50000
02.30000
02.34000
02.12000
02.43000
04.39000
03.42000
03.25000
01.93000
01.83000
04.55000
03.21000
03.41000
03.00000
04.70000
01.99000
01.18000
03.42000
02.63000
03.57000
03.81000
03.72000
04.48000
02.11000
01.41000
02.02000
04.36000
03.71000
04.11000
04.45000
04.41000
02.50000
02.03000
01.13000
02.74000
04.61000
01.30000
02.20000
01.48000
04.16000
04.04000
01.76000
02.76000
03.28000
04.39000
01.96000
04.70000
04.09000
04.45000
04.92000
01.42000
04.72000
02.37000
04.75000
03.06000
03.29000
04.26000
03.59000
03.73000
01.93000
14
41
15
10
40
7
6
47
25
13
1
5
46
48
44
11
38
39
4
35
28
42
32
8
17
36
12
12
16
2
31
9
22
20
43
33
27
26
18
30
13
23
50
14
29
24
49
19
11
45
37
21
3
34
275.49270
