50
4
153.64000
198.31000
158.98000
110.49000
166.77000
130.79000
144.58000
139.27000
185.00000
141.02000
105.60000
166.11000
148.96000
169.63000
182.66000
131.65000
199.27000
157.25000
116.38000
176.51000
176.56000
144.51000
147.40000
141.32000
121.46000
172.03000
116.32000
166.70000
174.58000
180.43000
163.79000
193.28000
176.55000
110.33000
130.42000
161.67000
168.00000
102.38000
156.85000
112.52000
189.55000
197.18000
183.69000
186.43000
181.83000
135.36000
151.56000
124.04000
185.46000
157.55000
180.14000
186.99000
128.40000
178.06000
161.19000
104.63000
186.72000
187.40000
138.17000
172.09000
173.77000
129.39000
176.70000
155.01000
155.18000
169.65000
142.40000
119.01000
196.58000
173.79000
100.90000
129.71000
163.58000
107.46000
117.82000
152.74000
121.83000
136.26000
158.79000
153.72000
136.93000
125.83000
189.43000
198.29000
174.52000
141.80000
175.37000
152.06000
100.21000
149.78000
182.24000
180.65000
179.65000
115.40000
175.65000
149.71000
178.44000
104.29000
121.23000
124.84000
199.59000
104.33000
135.73000
156.93000
195.12000
191.57000
151.59000
194.57000
103.96000
177.26000
176.06000
175.98000
116.72000
152.05000
199.78000
191.79000
124.05000
106.54000
113.36000
132.63000
116.55000
131.38000
107.44000
189.12000
184.86000
117.17000
172.63000
151.88000
119.60000
154.55000
199.57000
111.54000
111.39000
134.15000
178.88000
158.72000
150.87000
146.58000
101.18000
184.05000
128.65000
182.47000
157.10000
178.16000
135.36000
132.45000
137.26000
131.67000
161.63000
187.14000
153.51000
183.77000
194.60000
154.23000
107.43000
125.53000
156.44000
174.62000
131.09000
103.45000
145.83000
138.97000
140.13000
133.14000
178.42000
162.92000
150.17000
130.25000
169.82000
162.09000
176.83000
110.39000
135.66000
152.10000
135.75000
189.19000
191.56000
148.59000
142.54000
182.26000
153.15000
167.17000
112.84000
105.25000
136.05000
123.46000
162.26000
173.77000
155.90000
133.11000
106.43000
103.44000
128.30000
111.72000
160.97000
109.90000
168.89000
174.93000
141.52000
108.76000
07.08000
09.93000
05.45000
09.92000
08.76000
09.01000
06.88000
05.18000
05.92000
07.68000
08.24000
06.99000
07.46000
09.84000
08.45000
09.24000
07.31000
09.41000
06.41000
05.84000
09.36000
05.27000
06.02000
05.70000
07.52000
06.35000
06.20000
07.72000
05.69000
06.55000
05.85000
05.81000
07.79000
09.76000
08.87000
08.88000
07.71000
09.91000
09.18000
05.84000
09.37000
05.90000
05.67000
05.58000
06.67000
06.63000
07.25000
07.02000
08.52000
06.00000
05.04000
09.90000
05.28000
07.63000
05.66000
07.85000
09.95000
07.45000
08.15000
09.58000
06.55000
08.62000
07.65000
05.24000
05.24000
06.31000
09.33000
09.98000
06.19000
05.66000
08.34000
08.97000
09.55000
06.83000
09.84000
07.36000
05.47000
09.98000
08.97000
05.31000
09.11000
05.26000
05.91000
07.97000
05.63000
07.84000
05.80000
05.50000
05.19000
07.86000
08.81000
08.06000
07.93000
05.49000
05.08000
05.80000
09.02000
05.88000
09.77000
08.87000
05.73000
08.04000
07.68000
07.68000
06.45000
05.32000
05.98000
08.02000
06.43000
09.08000
09.23000
08.04000
07.06000
05.72000
08.85000
09.16000
09.76000
06.66000
06.23000
07.77000
05.94000
08.29000
07.79000
05.28000
06.99000
07.04000
09.94000
08.10000
09.33000
09.29000
09.07000
07.64000
09.36000
06.46000
06.60000
05.30000
08.48000
09.96000
08.93000
07.49000
08.11000
06.19000
07.47000
05.61000
09.66000
06.55000
08.61000
06.07000
09.52000
07.46000
06.42000
09.06000
06.57000
06.21000
08.77000
06.05000
08.36000
07.03000
06.91000
08.87000
07.27000
07.51000
08.50000
05.16000
05.94000
05.29000
06.18000
07.60000
07.05000
08.04000
07.62000
08.83000
08.24000
08.42000
05.47000
06.51000
07.16000
09.07000
07.39000
08.30000
06.49000
07.66000
06.04000
06.86000
08.87000
06.84000
09.07000
09.83000
06.96000
09.27000
09.13000
09.88000
08.41000
07.61000
08.89000
09.67000
05.89000
09.51000
05.99000
06.84000
12
31
22
8
1
37
47
40
19
35
11
4
38
13
45
15
30
3
32
27
44
39
48
24
12
49
21
12
7
43
28
20
26
13
9
18
23
2
29
17
13
16
14
25
6
33
36
50
34
5
10
41
46
42
2297.27500
