50
10
90.00000
54.93000
32.37000
70.09000
82.14000
73.18000
90.48000
2.76000
95.71000
9.31000
75.84000
9.73000
97.05000
33.85000
66.19000
75.92000
77.28000
45.11000
65.00000
13.01000
52.24000
65.13000
1.51000
53.40000
62.54000
41.69000
27.70000
58.27000
74.54000
46.35000
23.29000
12.54000
79.35000
76.39000
90.77000
24.86000
92.81000
54.85000
60.37000
30.67000
56.54000
28.54000
84.07000
89.12000
35.88000
68.99000
41.59000
86.14000
21.96000
74.50000
44.46000
56.62000
49.14000
18.76000
45.89000
36.22000
81.17000
51.05000
4.98000
31.58000
15.37000
21.96000
14.94000
92.60000
56.32000
92.74000
94.70000
95.90000
37.32000
53.41000
89.97000
41.88000
14.47000
15.73000
69.20000
54.67000
68.58000
17.21000
26.58000
85.15000
8.22000
21.11000
80.07000
9.98000
62.73000
15.45000
75.37000
27.52000
90.18000
12.98000
80.91000
63.92000
72.38000
51.23000
90.92000
70.07000
15.92000
93.44000
25.32000
21.60000
11.37000
2.01000
11.43000
72.41000
79.38000
37.47000
39.30000
68.54000
26.21000
78.68000
40.54000
69.08000
96.65000
79.63000
74.31000
40.38000
65.24000
19.05000
26.55000
72.55000
28.28000
98.43000
5.91000
82.43000
7.81000
48.98000
46.81000
11.65000
50.62000
22.69000
10.42000
24.54000
30.26000
97.30000
79.66000
13.22000
43.02000
78.27000
66.19000
92.55000
11.94000
92.85000
4.45000
6.13000
82.82000
95.01000
52.58000
17.31000
30.19000
63.49000
85.13000
20.11000
4.21000
97.31000
5.20000
33.90000
88.92000
85.14000
84.49000
62.38000
94.84000
75.49000
51.17000
87.39000
59.49000
62.55000
54.10000
16.50000
45.12000
65.28000
68.93000
79.03000
39.74000
28.38000
96.05000
34.06000
56.13000
20.30000
61.58000
61.41000
32.79000
35.23000
15.43000
68.66000
31.98000
92.13000
32.22000
87.13000
41.71000
36.69000
13.34000
73.90000
74.76000
36.37000
82.93000
10.78000
69.61000
85.36000
92.87000
3.36000
83.61000
67.15000
7.77000
11.43000
65.86000
17.36000
67.29000
6.47000
58.13000
62.75000
73.60000
86.07000
88.63000
39.74000
67.30000
99.00000
12.36000
7.51000
14.75000
17.83000
6.05000
49.97000
6.04000
37.84000
73.16000
77.79000
57.04000
82.07000
43.95000
26.38000
10.35000
98.33000
70.37000
53.93000
30.33000
59.14000
32.18000
46.33000
9.08000
60.80000
31.84000
13.26000
61.45000
26.36000
97.58000
88.15000
30.06000
2.61000
84.40000
33.15000
70.62000
90.93000
13.44000
61.72000
88.19000
58.29000
64.42000
67.56000
59.74000
53.21000
94.32000
5.25000
41.36000
88.45000
72.61000
97.92000
14.86000
3.52000
92.47000
98.46000
85.83000
58.69000
73.86000
81.51000
87.57000
43.97000
60.48000
47.45000
76.17000
71.11000
21.77000
21.42000
33.46000
78.63000
50.94000
53.31000
65.00000
29.80000
67.94000
19.75000
4.12000
11.62000
17.45000
20.14000
5.89000
36.85000
66.94000
79.60000
52.15000
44.01000
9.47000
25.50000
74.68000
53.08000
80.40000
6.50000
31.70000
64.84000
96.08000
99.40000
58.96000
20.10000
66.18000
23.07000
79.51000
46.09000
25.12000
16.12000
41.13000
96.78000
32.07000
44.89000
15.38000
51.92000
71.94000
1.50000
98.55000
13.97000
55.41000
99.80000
15.67000
11.17000
16.89000
83.40000
11.55000
96.50000
15.55000
17.64000
58.72000
50.69000
36.30000
91.65000
55.47000
75.22000
88.82000
24.26000
23.86000
99.32000
9.53000
54.10000
10.94000
39.84000
73.92000
31.74000
62.43000
64.63000
22.16000
67.41000
74.58000
69.52000
70.46000
52.43000
35.39000
98.19000
21.23000
42.87000
56.64000
21.10000
97.58000
20.56000
76.82000
30.45000
52.42000
91.06000
59.22000
46.19000
59.37000
87.70000
90.83000
13.01000
19.83000
66.56000
85.41000
98.37000
57.92000
9.47000
80.49000
98.46000
25.54000
21.99000
39.31000
32.24000
96.33000
36.44000
48.90000
42.39000
72.66000
9.92000
23.02000
98.39000
89.65000
4.23000
99.28000
99.65000
23.43000
10.24000
75.24000
86.01000
61.01000
96.92000
23.70000
74.35000
94.48000
63.59000
47.15000
74.35000
40.70000
31.28000
74.80000
21.42000
39.28000
46.78000
60.65000
73.74000
56.57000
82.64000
82.42000
18.21000
83.69000
37.14000
44.59000
62.52000
37.48000
31.35000
74.39000
43.07000
57.54000
13.03000
26.81000
19.03000
11.25000
53.75000
78.58000
74.32000
87.69000
51.79000
35.16000
20.62000
5.73000
29.19000
50.82000
33.68000
72.99000
31.34000
34.35000
14.42000
71.07000
64.19000
23.88000
90.20000
81.54000
77.81000
38.36000
38.66000
36.71000
60.21000
22.49000
58.19000
91.66000
24.15000
44.71000
74.92000
30.21000
7.14000
99.24000
39.73000
56.94000
71.44000
7.01000
27.28000
5.17000
7.07000
9.72000
37.93000
29.98000
24.79000
76.83000
96.84000
14.19000
63.10000
4.53000
55.88000
63.38000
85.28000
9.78000
88.69000
10.86000
79.33000
37.27000
96.67000
01.23000
02.11000
02.36000
04.45000
03.03000
01.81000
03.29000
03.64000
04.49000
01.71000
03.29000
04.08000
01.67000
01.15000
04.93000
03.59000
03.67000
04.44000
03.80000
01.01000
04.55000
04.92000
04.46000
04.14000
03.40000
04.93000
04.51000
01.84000
04.29000
03.77000
02.52000
03.92000
04.31000
01.79000
02.06000
01.21000
01.52000
04.31000
03.72000
01.54000
03.02000
01.66000
01.07000
01.74000
04.87000
01.17000
04.69000
03.64000
04.15000
03.16000
01.63000
03.79000
04.35000
01.95000
01.09000
03.46000
04.22000
01.35000
01.93000
01.46000
04.20000
04.44000
04.85000
03.76000
03.49000
03.68000
03.56000
01.30000
02.30000
04.51000
04.76000
02.04000
01.82000
01.40000
04.16000
02.93000
04.27000
01.78000
02.45000
01.92000
04.84000
02.13000
01.35000
01.98000
03.73000
03.88000
03.55000
03.04000
02.16000
01.49000
04.75000
02.07000
02.32000
02.42000
01.67000
01.02000
03.42000
03.12000
04.00000
02.83000
04.56000
04.40000
02.10000
01.94000
04.97000
02.82000
04.51000
04.26000
02.33000
02.80000
04.39000
04.29000
02.95000
01.91000
02.58000
02.12000
02.17000
02.72000
04.91000
02.82000
04.31000
04.82000
02.20000
04.47000
02.70000
04.79000
02.27000
02.14000
03.67000
04.20000
01.97000
03.93000
02.55000
01.63000
03.11000
02.90000
03.66000
04.66000
04.53000
01.13000
04.34000
01.86000
02.05000
01.70000
02.91000
02.82000
04.50000
04.70000
02.70000
02.12000
02.85000
01.07000
02.60000
02.43000
02.48000
03.90000
04.40000
04.53000
03.06000
01.20000
03.99000
02.58000
01.54000
03.17000
04.85000
01.28000
03.88000
01.02000
03.40000
02.33000
01.02000
02.94000
01.12000
04.43000
04.92000
02.15000
04.45000
03.29000
04.54000
04.84000
04.85000
03.61000
01.83000
02.21000
02.76000
03.09000
03.73000
02.48000
03.65000
04.44000
02.21000
02.84000
01.96000
03.36000
02.22000
01.49000
01.15000
04.55000
01.71000
01.64000
01.11000
02.14000
03.76000
01.38000
04.74000
04.71000
01.14000
03.64000
01.40000
01.99000
03.22000
01.90000
03.67000
01.82000
01.09000
02.49000
01.14000
01.01000
02.80000
04.74000
04.38000
01.40000
01.46000
04.98000
04.96000
01.81000
03.12000
04.53000
03.48000
02.08000
02.88000
01.72000
01.50000
03.02000
04.81000
03.88000
01.60000
02.48000
01.98000
03.34000
03.36000
03.27000
04.48000
01.42000
03.37000
01.23000
03.38000
04.46000
03.19000
01.18000
02.39000
01.22000
02.42000
01.14000
01.52000
01.99000
01.62000
03.37000
02.47000
03.68000
03.62000
02.12000
02.45000
04.72000
04.13000
02.33000
03.67000
04.58000
03.86000
01.95000
01.32000
03.71000
04.49000
03.95000
03.61000
03.56000
04.74000
04.27000
03.75000
02.59000
04.31000
03.86000
03.93000
04.24000
03.91000
04.69000
03.36000
04.98000
01.22000
01.70000
02.24000
02.25000
02.97000
02.84000
01.78000
02.51000
04.85000
01.08000
04.18000
01.21000
04.17000
03.84000
02.13000
03.89000
02.86000
01.49000
03.75000
04.94000
02.50000
03.83000
03.11000
03.08000
01.90000
04.93000
01.53000
02.91000
04.92000
03.87000
01.34000
01.98000
04.36000
04.73000
01.87000
02.89000
02.06000
04.59000
03.45000
01.22000
04.85000
01.52000
03.40000
01.53000
04.56000
02.60000
04.06000
01.41000
02.00000
03.92000
04.76000
03.43000
03.02000
02.55000
01.81000
03.18000
02.44000
04.56000
04.55000
01.23000
04.09000
01.05000
02.30000
03.29000
03.42000
02.81000
01.63000
02.42000
01.39000
04.74000
01.97000
04.20000
03.47000
01.06000
04.79000
03.36000
01.63000
04.97000
04.53000
03.58000
04.82000
02.68000
04.65000
01.58000
02.99000
01.39000
01.60000
03.05000
03.08000
01.30000
04.84000
02.70000
01.07000
03.62000
04.81000
04.23000
01.89000
02.54000
04.97000
04.35000
03.51000
01.28000
01.78000
04.76000
04.87000
04.03000
04.68000
04.15000
01.93000
04.00000
04.14000
02.24000
02.54000
03.34000
04.15000
02.57000
04.67000
01.77000
04.28000
04.51000
04.46000
04.67000
02.00000
04.46000
03.00000
04.37000
04.88000
01.24000
02.37000
02.20000
01.50000
02.69000
01.64000
04.48000
01.44000
01.64000
04.89000
02.54000
03.28000
03.90000
01.20000
04.72000
02.58000
04.32000
04.65000
04.33000
03.94000
02.71000
02.32000
03.71000
04.93000
03.91000
02.28000
02.19000
04.13000
01.74000
01.61000
04.08000
01.12000
03.04000
02.39000
02.73000
04.29000
02.31000
02.51000
03.79000
01.16000
01.09000
01.74000
02.37000
01.56000
04.59000
03.73000
03.53000
03.18000
03.78000
04.67000
04.73000
04.74000
02.61000
01.76000
04.42000
01.92000
02.02000
01.21000
02.05000
03.44000
03.98000
02.23000
02.07000
03.00000
03.43000
01.01000
01.94000
03.30000
04.33000
02.75000
04.11000
04.04000
03.63000
01.67000
04.03000
01.94000
03.28000
04.96000
02.16000
02.68000
02.25000
04.83000
03.95000
04.98000
04.47000
6
20
27
10
12
8
23
5
34
47
11
13
9
5
16
44
25
43
2
5
37
46
5
50
3
7
17
4
18
19
39
21
48
4
40
42
45
41
5
28
14
6
35
26
4
7
15
1
36
3
22
38
49
6
30
31
32
24
33
29
66.65099
