50
4
136.35000
193.56000
179.51000
170.61000
132.35000
169.25000
174.93000
182.06000
112.35000
126.61000
174.68000
145.48000
116.99000
106.25000
119.37000
101.51000
186.89000
148.81000
149.63000
190.76000
162.67000
194.92000
106.09000
153.86000
184.96000
185.18000
129.37000
131.45000
194.39000
160.24000
160.10000
164.13000
131.57000
160.71000
138.89000
192.54000
137.14000
127.22000
106.39000
157.31000
151.72000
100.39000
103.20000
199.05000
115.92000
120.86000
169.96000
158.40000
170.39000
129.24000
158.21000
193.53000
178.10000
199.68000
147.57000
162.63000
187.31000
115.58000
143.01000
116.73000
185.40000
149.27000
110.16000
121.43000
138.01000
166.39000
114.64000
142.37000
110.76000
132.56000
122.07000
145.16000
169.27000
113.39000
198.08000
195.45000
179.18000
174.53000
108.29000
158.84000
106.11000
181.59000
118.33000
100.97000
115.67000
100.19000
193.83000
187.46000
173.51000
195.97000
100.41000
183.93000
145.23000
134.55000
103.69000
156.02000
196.47000
181.55000
169.30000
169.34000
105.43000
107.01000
167.53000
176.68000
138.23000
119.99000
103.85000
135.76000
175.73000
147.83000
190.19000
105.02000
108.57000
181.16000
117.19000
175.09000
127.37000
110.62000
175.46000
136.58000
122.76000
126.81000
155.62000
180.14000
185.36000
120.38000
148.32000
196.37000
105.80000
181.94000
144.16000
175.91000
174.70000
102.11000
133.77000
109.38000
182.69000
171.53000
107.79000
187.40000
120.39000
180.82000
156.83000
100.61000
178.43000
120.60000
171.52000
139.62000
147.42000
181.50000
135.09000
102.53000
141.03000
157.86000
186.86000
138.44000
149.55000
133.72000
131.04000
158.16000
158.29000
151.21000
183.25000
177.32000
182.87000
125.94000
159.11000
111.54000
138.93000
173.56000
174.26000
176.45000
142.08000
109.67000
144.32000
187.67000
107.94000
149.91000
184.91000
160.83000
152.16000
109.90000
111.65000
111.56000
190.34000
105.27000
140.18000
155.47000
138.12000
151.64000
186.11000
108.20000
111.12000
164.63000
165.08000
185.37000
124.96000
159.87000
192.70000
102.60000
01.52000
04.85000
02.80000
04.19000
03.16000
01.18000
01.01000
04.73000
03.73000
04.71000
03.70000
04.03000
02.33000
02.57000
02.00000
01.22000
02.11000
01.88000
03.04000
03.42000
02.18000
01.76000
01.93000
01.77000
01.67000
01.34000
01.80000
03.37000
03.70000
03.75000
01.77000
03.36000
03.40000
04.10000
04.98000
04.87000
03.90000
01.54000
02.55000
03.01000
04.31000
03.17000
01.59000
04.91000
03.77000
04.13000
01.25000
01.71000
01.40000
03.54000
02.64000
02.18000
02.37000
02.68000
02.39000
02.61000
04.24000
02.00000
02.42000
01.85000
04.44000
04.18000
02.84000
04.01000
03.11000
01.35000
03.78000
01.22000
04.35000
01.64000
01.36000
01.61000
04.31000
01.17000
03.72000
01.31000
03.10000
04.06000
02.97000
04.43000
04.84000
02.44000
03.24000
03.10000
01.67000
04.43000
04.66000
01.45000
01.71000
02.16000
03.34000
03.60000
01.08000
03.76000
03.43000
01.67000
03.90000
01.35000
01.03000
03.80000
03.69000
01.48000
03.26000
04.27000
02.05000
02.46000
01.69000
04.22000
04.84000
02.66000
03.12000
03.94000
01.18000
03.20000
04.67000
04.58000
04.22000
01.21000
03.47000
03.23000
03.06000
01.80000
04.64000
01.05000
02.84000
02.11000
01.30000
03.14000
04.67000
03.26000
02.59000
02.63000
01.69000
02.38000
01.62000
04.66000
03.02000
04.59000
03.53000
02.33000
01.79000
03.02000
01.44000
04.79000
03.11000
02.78000
04.46000
01.14000
04.12000
01.01000
01.61000
03.32000
04.07000
04.98000
04.00000
01.86000
04.15000
03.23000
04.30000
03.35000
01.20000
01.48000
04.63000
01.90000
01.35000
01.87000
03.13000
03.65000
02.73000
02.51000
01.91000
02.71000
03.45000
01.52000
03.11000
01.21000
01.65000
01.05000
04.84000
01.29000
03.45000
03.20000
01.23000
01.05000
02.97000
02.11000
02.41000
02.63000
02.33000
03.89000
02.50000
04.16000
03.68000
02.69000
03.63000
03.75000
01.12000
04.61000
03.91000
03.53000
12
49
16
38
43
15
23
40
14
4
28
42
9
13
24
21
20
35
10
8
29
45
17
41
19
36
31
13
48
13
2
22
5
7
26
6
46
39
1
12
44
12
11
30
47
34
33
27
37
25
32
3
18
50
1679.05000
