50
4
135.20000
119.45000
105.49000
157.22000
127.64000
108.77000
181.72000
166.67000
172.83000
148.50000
131.03000
196.84000
111.40000
179.26000
194.03000
188.36000
183.99000
141.70000
111.35000
181.86000
131.20000
176.42000
123.62000
117.96000
193.68000
124.06000
171.46000
137.29000
112.04000
125.24000
195.50000
180.48000
126.91000
120.58000
136.36000
188.14000
178.91000
150.72000
134.66000
100.90000
108.67000
156.27000
131.03000
159.39000
156.82000
177.86000
166.11000
104.24000
163.97000
156.11000
128.36000
182.03000
142.37000
184.64000
185.64000
173.74000
178.87000
182.52000
167.76000
169.19000
123.01000
116.95000
140.32000
134.00000
140.41000
153.55000
168.97000
133.79000
196.70000
157.94000
119.32000
134.20000
157.52000
195.76000
157.00000
100.84000
188.47000
132.63000
147.63000
199.34000
155.19000
134.17000
156.84000
195.33000
123.30000
166.01000
150.26000
154.42000
158.43000
193.77000
193.51000
142.26000
126.20000
183.08000
152.21000
124.45000
192.24000
199.56000
191.99000
166.63000
161.02000
102.72000
120.16000
190.53000
105.09000
119.16000
102.14000
187.45000
122.62000
119.22000
102.88000
163.30000
104.24000
193.53000
113.03000
108.71000
140.58000
132.70000
123.20000
114.30000
122.25000
127.36000
124.03000
170.70000
139.88000
168.14000
106.12000
168.52000
184.09000
145.67000
160.12000
198.40000
145.52000
150.56000
176.64000
150.96000
114.79000
173.44000
146.31000
116.83000
182.52000
104.95000
159.75000
186.63000
139.33000
135.70000
107.60000
150.98000
175.86000
156.31000
153.34000
156.89000
182.68000
125.48000
106.62000
124.00000
102.09000
141.92000
171.06000
193.67000
140.47000
118.73000
162.28000
181.53000
113.44000
171.54000
195.91000
103.21000
136.64000
115.98000
187.57000
174.32000
125.67000
167.67000
152.89000
110.49000
196.18000
142.24000
107.49000
127.36000
163.78000
155.30000
167.00000
140.53000
144.10000
122.50000
147.04000
165.65000
152.77000
159.44000
163.24000
118.33000
105.41000
181.76000
131.22000
114.19000
117.64000
105.08000
166.61000
168.87000
02.45000
02.04000
03.47000
01.09000
02.52000
02.74000
01.99000
03.87000
01.27000
02.38000
04.74000
01.16000
01.80000
04.10000
02.84000
04.09000
03.25000
03.03000
03.43000
03.79000
04.75000
02.27000
01.62000
03.37000
01.42000
04.97000
04.54000
01.96000
04.38000
02.24000
03.32000
02.70000
04.76000
01.22000
01.08000
04.69000
01.68000
01.01000
04.95000
03.07000
02.28000
04.76000
02.05000
04.97000
01.66000
03.59000
03.51000
01.50000
02.97000
04.61000
01.40000
02.23000
04.83000
02.15000
03.00000
01.95000
01.42000
01.64000
02.62000
02.22000
02.10000
01.73000
04.39000
03.17000
02.99000
02.57000
04.43000
04.92000
04.21000
04.26000
02.86000
03.60000
01.89000
02.95000
03.82000
03.33000
04.15000
02.76000
03.42000
04.24000
03.12000
03.80000
01.79000
02.45000
02.93000
02.20000
03.06000
02.08000
03.69000
02.10000
03.34000
03.27000
01.53000
03.61000
02.78000
02.13000
04.59000
02.86000
01.48000
02.80000
01.57000
02.04000
04.49000
01.65000
04.57000
04.61000
03.44000
03.06000
03.76000
02.14000
01.14000
04.00000
04.25000
03.76000
02.72000
01.59000
03.18000
02.60000
01.28000
04.96000
01.67000
03.78000
01.97000
03.23000
04.84000
04.43000
01.91000
01.53000
01.82000
01.66000
02.22000
04.98000
01.74000
04.62000
04.03000
02.71000
01.72000
02.41000
04.46000
03.85000
02.88000
04.17000
04.63000
01.51000
02.35000
03.02000
01.68000
04.83000
01.26000
04.08000
04.34000
01.22000
02.99000
04.29000
04.55000
02.02000
03.77000
03.67000
04.42000
03.51000
03.26000
04.80000
02.07000
03.82000
03.61000
01.82000
03.64000
01.07000
02.93000
04.84000
03.24000
01.39000
03.34000
03.99000
03.00000
02.90000
02.98000
01.39000
01.05000
03.73000
03.97000
03.17000
03.51000
02.00000
04.44000
03.46000
04.51000
03.83000
02.50000
04.38000
02.17000
03.36000
04.28000
04.05000
02.61000
02.71000
03.92000
04.61000
03.97000
04.00000
13
38
35
34
23
48
13
30
41
24
40
3
39
33
11
8
1
12
50
44
31
14
21
22
32
26
13
49
19
11
16
37
47
10
27
2
17
9
25
42
13
29
28
18
6
45
46
36
15
4
7
43
20
5
1746.84200
