50
4
190.40000
104.69000
120.52000
100.24000
145.27000
146.10000
132.24000
122.33000
174.00000
134.01000
188.13000
111.23000
117.21000
109.06000
128.82000
107.58000
115.52000
111.87000
194.91000
152.00000
109.56000
183.06000
127.05000
185.12000
139.95000
163.26000
165.85000
147.56000
147.32000
193.10000
151.94000
179.95000
172.29000
113.19000
125.95000
122.91000
155.49000
164.17000
128.49000
117.06000
137.54000
186.66000
100.20000
103.03000
159.07000
121.28000
181.70000
121.46000
160.70000
108.65000
116.41000
124.82000
137.70000
116.25000
173.20000
122.87000
131.12000
165.39000
144.67000
189.51000
172.03000
165.93000
196.43000
190.35000
126.05000
183.48000
194.11000
191.01000
158.81000
183.67000
103.34000
157.14000
135.92000
132.13000
189.75000
154.34000
123.02000
194.47000
118.95000
148.24000
185.73000
136.34000
156.57000
104.48000
189.68000
123.35000
168.24000
188.66000
100.48000
121.12000
119.59000
166.43000
183.77000
195.29000
176.23000
103.40000
105.17000
111.47000
103.80000
165.20000
175.31000
169.00000
118.65000
174.89000
152.43000
180.01000
150.47000
170.69000
111.61000
158.24000
159.66000
179.00000
143.46000
194.30000
136.84000
190.47000
138.63000
178.83000
172.65000
195.71000
187.72000
102.44000
157.69000
185.35000
181.37000
155.77000
182.60000
150.02000
110.20000
129.43000
138.01000
180.33000
164.84000
114.05000
114.53000
166.92000
135.91000
100.26000
102.80000
100.41000
114.03000
178.68000
193.43000
171.42000
189.83000
139.94000
177.06000
170.58000
153.94000
174.66000
177.92000
183.75000
133.83000
183.87000
166.16000
139.52000
139.36000
127.65000
142.90000
150.20000
191.21000
134.14000
123.76000
131.42000
105.00000
118.98000
124.38000
198.79000
196.35000
197.79000
160.37000
167.94000
180.89000
186.19000
147.36000
154.50000
174.24000
199.81000
100.98000
174.09000
192.03000
154.28000
136.85000
142.34000
149.89000
165.22000
170.60000
174.87000
163.43000
148.25000
117.84000
187.31000
148.29000
119.00000
194.22000
195.28000
120.08000
193.10000
115.34000
114.41000
08.19000
09.97000
06.59000
06.20000
06.10000
05.21000
06.60000
09.97000
09.19000
09.73000
06.23000
09.97000
06.35000
07.43000
09.40000
05.09000
06.49000
07.21000
10.00000
09.26000
08.53000
07.99000
06.95000
06.37000
06.36000
08.66000
09.14000
05.34000
08.90000
08.14000
05.50000
05.06000
05.05000
05.33000
09.92000
09.45000
08.71000
09.14000
06.30000
07.40000
08.80000
08.47000
08.56000
07.84000
09.21000
07.23000
05.60000
09.65000
08.86000
09.33000
09.19000
08.19000
07.23000
09.62000
05.95000
06.58000
09.12000
05.97000
06.77000
05.93000
05.15000
05.86000
06.78000
06.40000
05.45000
09.45000
06.17000
08.15000
05.20000
06.89000
05.06000
06.32000
09.54000
08.34000
08.64000
06.09000
08.63000
08.96000
07.04000
07.60000
07.63000
08.90000
05.43000
06.01000
06.70000
08.32000
08.96000
06.48000
05.99000
07.37000
07.79000
09.16000
05.65000
06.22000
07.08000
09.21000
05.85000
05.01000
06.98000
06.78000
05.69000
09.03000
05.30000
09.42000
06.67000
05.24000
08.70000
08.53000
06.59000
07.61000
06.75000
07.02000
06.86000
07.57000
05.84000
06.29000
08.88000
06.50000
07.40000
07.74000
09.07000
05.82000
07.82000
07.78000
08.82000
06.93000
08.50000
07.82000
09.54000
06.24000
05.87000
09.26000
07.65000
05.16000
06.31000
08.50000
09.54000
05.09000
06.24000
06.97000
06.62000
07.44000
07.07000
06.05000
05.29000
08.61000
05.20000
07.16000
06.98000
05.01000
09.54000
05.22000
06.22000
06.67000
09.24000
07.60000
08.95000
06.48000
06.92000
08.00000
05.99000
08.13000
05.23000
09.07000
09.98000
09.28000
06.83000
08.47000
08.59000
07.59000
09.37000
08.85000
09.48000
05.71000
05.51000
07.87000
05.29000
06.29000
07.90000
08.18000
08.69000
07.00000
09.21000
07.45000
07.32000
05.48000
07.09000
08.32000
08.85000
09.41000
09.19000
08.45000
05.94000
06.42000
08.18000
05.51000
06.24000
09.18000
06.70000
07.14000
13
28
5
16
7
23
17
4
18
14
44
43
12
2
12
11
19
20
26
48
21
6
47
42
24
1
46
13
45
31
3
34
30
38
35
22
41
9
39
40
37
12
27
36
25
13
32
8
10
49
50
33
29
15
2283.82300
