50
10
128.50000
162.83000
140.76000
143.35000
141.59000
122.99000
143.13000
102.21000
146.62000
195.51000
192.34000
181.45000
109.62000
152.65000
166.89000
165.82000
121.61000
191.69000
170.31000
165.08000
198.59000
134.88000
131.10000
114.01000
181.58000
129.49000
102.79000
172.38000
136.59000
147.79000
163.89000
124.93000
154.65000
187.05000
117.92000
181.45000
151.77000
169.52000
193.39000
176.70000
168.97000
142.48000
143.81000
170.43000
172.25000
178.19000
147.71000
147.43000
152.64000
173.91000
173.36000
125.96000
137.33000
199.50000
113.99000
130.87000
112.78000
124.03000
144.67000
109.51000
172.22000
194.38000
159.53000
112.28000
122.29000
173.42000
177.72000
114.56000
194.63000
149.04000
143.38000
116.76000
145.89000
134.15000
125.65000
144.25000
157.70000
166.63000
118.66000
147.43000
136.70000
109.37000
141.56000
101.70000
114.54000
150.25000
138.49000
107.43000
147.85000
102.18000
178.59000
190.03000
118.28000
103.04000
156.01000
199.87000
132.46000
115.73000
189.87000
112.37000
113.93000
179.80000
172.16000
181.93000
185.28000
195.23000
138.12000
155.29000
129.55000
136.78000
122.50000
103.42000
193.99000
157.98000
185.06000
192.32000
150.86000
137.35000
110.57000
113.02000
197.44000
178.38000
108.79000
181.53000
155.99000
109.61000
114.48000
138.86000
173.77000
184.55000
187.42000
151.03000
123.05000
181.71000
112.36000
109.06000
101.10000
104.61000
199.08000
128.96000
130.18000
181.76000
182.34000
151.74000
157.56000
166.68000
121.90000
143.43000
155.49000
137.89000
160.60000
185.33000
127.35000
167.47000
153.80000
165.78000
103.27000
100.61000
165.66000
143.89000
107.42000
169.11000
121.57000
101.31000
177.69000
167.10000
171.93000
144.66000
176.97000
113.73000
192.11000
105.61000
193.15000
153.14000
182.51000
140.77000
139.13000
154.48000
168.52000
131.81000
152.78000
111.87000
100.54000
185.34000
197.01000
144.46000
153.95000
133.03000
159.69000
196.40000
129.14000
131.50000
153.74000
136.82000
151.51000
162.40000
117.03000
159.86000
171.44000
132.37000
164.74000
174.31000
149.62000
180.49000
162.36000
172.77000
172.95000
134.40000
190.41000
112.69000
112.84000
169.02000
177.40000
128.83000
110.31000
131.62000
176.85000
180.96000
131.37000
194.48000
167.27000
153.86000
167.03000
154.85000
152.18000
157.28000
133.32000
135.01000
160.10000
125.98000
171.24000
182.21000
144.53000
119.74000
146.81000
168.72000
184.00000
123.33000
151.06000
191.81000
182.02000
146.49000
199.98000
173.75000
167.11000
124.01000
134.61000
161.79000
192.78000
115.65000
108.98000
177.82000
129.60000
135.48000
116.69000
133.64000
199.97000
121.58000
160.74000
125.12000
181.86000
196.65000
197.76000
165.13000
144.42000
186.08000
109.40000
191.58000
181.80000
140.26000
102.29000
167.35000
113.12000
134.59000
108.08000
180.33000
182.54000
169.45000
183.41000
143.42000
159.19000
170.24000
109.92000
194.50000
137.21000
187.34000
194.24000
196.46000
135.75000
196.14000
168.03000
137.20000
198.94000
197.04000
187.91000
129.61000
195.93000
115.43000
135.53000
111.57000
119.74000
183.33000
116.04000
120.72000
151.07000
113.27000
192.47000
104.40000
171.92000
126.57000
135.17000
151.32000
192.03000
139.24000
166.39000
190.00000
146.19000
192.30000
133.42000
173.94000
194.15000
151.76000
108.51000
181.67000
120.68000
108.64000
188.92000
116.70000
135.55000
178.96000
196.93000
107.55000
173.52000
103.72000
179.80000
107.73000
194.35000
148.95000
109.80000
195.76000
182.82000
105.66000
184.18000
175.16000
148.69000
189.86000
125.23000
174.43000
126.73000
142.58000
180.20000
148.43000
142.70000
151.05000
119.44000
165.79000
119.05000
183.30000
126.75000
195.84000
154.30000
147.20000
190.03000
182.74000
148.83000
199.38000
122.16000
195.62000
128.03000
121.49000
161.03000
128.62000
142.30000
120.17000
169.54000
100.89000
167.02000
127.06000
135.57000
156.56000
102.59000
198.80000
172.02000
164.78000
174.39000
117.03000
116.78000
119.68000
132.82000
188.39000
132.73000
140.41000
153.27000
144.53000
107.78000
171.11000
136.13000
142.07000
154.80000
180.91000
146.73000
124.35000
171.46000
142.96000
114.93000
111.19000
154.92000
145.12000
158.27000
174.86000
130.91000
194.60000
167.79000
112.60000
102.95000
101.17000
159.49000
146.68000
199.56000
199.58000
174.39000
124.38000
174.26000
149.62000
178.50000
117.95000
105.55000
136.04000
162.85000
124.66000
196.95000
168.61000
143.44000
166.77000
176.98000
182.09000
161.30000
191.56000
199.16000
136.25000
182.43000
171.29000
142.00000
115.86000
197.85000
103.22000
109.01000
130.68000
123.58000
109.62000
197.00000
167.26000
179.42000
189.96000
146.11000
124.88000
197.13000
116.62000
134.09000
136.32000
110.17000
131.68000
180.09000
176.96000
150.16000
123.00000
128.24000
147.20000
173.76000
103.50000
147.69000
172.42000
162.59000
111.05000
132.58000
103.02000
123.31000
108.54000
102.04000
114.39000
187.55000
183.88000
100.21000
106.91000
111.95000
149.94000
196.25000
105.99000
178.15000
144.63000
184.28000
162.00000
192.80000
130.82000
183.45000
150.35000
187.53000
196.42000
137.90000
171.42000
02.05000
03.81000
01.23000
04.82000
02.33000
03.50000
01.91000
01.79000
01.82000
03.96000
03.23000
02.57000
04.61000
04.51000
03.76000
04.98000
03.77000
01.49000
03.07000
03.85000
01.38000
04.22000
01.75000
03.02000
04.52000
03.02000
01.37000
03.30000
01.27000
01.24000
04.51000
02.53000
04.70000
03.19000
02.75000
03.53000
04.89000
02.20000
04.66000
02.14000
04.92000
04.60000
03.84000
03.17000
04.88000
01.73000
02.84000
04.47000
01.83000
01.90000
03.18000
03.75000
01.28000
02.99000
02.93000
01.35000
04.98000
04.36000
04.13000
02.35000
02.85000
04.48000
03.47000
04.71000
02.10000
03.82000
02.67000
03.38000
02.92000
03.81000
04.42000
02.31000
02.52000
02.91000
04.42000
02.45000
03.11000
04.58000
03.39000
01.76000
03.89000
01.27000
03.02000
03.19000
01.05000
02.43000
02.02000
02.69000
03.81000
02.51000
04.09000
01.22000
02.36000
04.98000
01.93000
04.73000
03.91000
02.27000
01.24000
04.18000
01.85000
01.90000
02.91000
02.22000
02.94000
03.77000
01.78000
04.27000
01.54000
04.75000
04.69000
03.59000
03.97000
02.43000
04.46000
04.27000
01.56000
03.38000
02.94000
03.38000
02.63000
03.18000
02.94000
03.01000
04.51000
02.40000
04.29000
02.23000
01.54000
02.63000
03.82000
01.11000
01.03000
02.45000
03.36000
04.75000
03.33000
01.42000
01.74000
03.21000
01.75000
04.14000
02.79000
03.57000
02.62000
04.17000
03.33000
01.92000
01.28000
04.10000
01.10000
03.72000
01.53000
03.08000
04.86000
03.57000
01.49000
04.74000
02.63000
03.95000
02.31000
02.40000
03.36000
03.07000
03.44000
04.77000
01.01000
04.12000
01.34000
01.55000
02.53000
03.31000
01.47000
03.45000
03.87000
01.84000
02.27000
02.17000
01.99000
01.92000
03.19000
02.41000
02.84000
02.75000
04.70000
01.88000
01.37000
04.53000
04.25000
03.27000
01.54000
04.47000
04.28000
02.30000
04.30000
04.77000
04.25000
03.67000
03.60000
04.62000
01.31000
04.44000
03.08000
02.69000
04.07000
02.16000
01.88000
02.88000
01.42000
01.16000
04.94000
03.63000
01.96000
01.26000
03.34000
03.28000
03.25000
03.28000
01.16000
01.15000
03.87000
01.07000
03.48000
01.56000
03.40000
01.45000
04.37000
01.86000
02.42000
04.24000
02.92000
04.35000
02.52000
02.27000
03.20000
04.38000
02.25000
01.38000
02.28000
02.27000
01.21000
04.38000
02.26000
03.35000
03.97000
03.12000
02.20000
01.94000
04.12000
02.40000
03.33000
03.61000
04.45000
03.57000
04.66000
02.73000
02.39000
01.18000
01.88000
01.82000
03.19000
04.36000
04.19000
03.33000
02.56000
02.07000
01.80000
02.73000
01.21000
04.26000
01.90000
04.45000
04.83000
01.88000
04.71000
01.96000
04.12000
02.89000
03.43000
01.71000
02.81000
04.24000
04.25000
03.14000
01.57000
03.88000
02.39000
02.72000
02.13000
04.76000
02.04000
01.90000
03.17000
02.85000
04.40000
03.13000
04.41000
03.08000
03.69000
01.86000
01.03000
04.26000
01.84000
01.67000
01.56000
01.02000
02.08000
03.10000
01.59000
02.02000
04.61000
03.19000
03.96000
01.35000
02.78000
02.52000
04.50000
02.08000
02.89000
02.67000
04.03000
04.29000
04.29000
02.22000
04.38000
01.06000
03.30000
04.74000
04.38000
02.47000
01.25000
02.81000
03.86000
03.60000
04.47000
02.01000
03.65000
04.52000
04.28000
04.92000
01.57000
02.31000
01.01000
03.11000
04.45000
03.05000
04.00000
01.17000
04.12000
01.83000
01.71000
01.27000
01.46000
01.99000
03.57000
02.31000
04.99000
01.37000
01.51000
02.09000
01.71000
01.21000
04.98000
03.29000
03.55000
02.70000
04.44000
01.62000
03.49000
04.05000
03.35000
01.79000
03.47000
04.46000
02.14000
01.50000
02.45000
04.14000
02.28000
03.45000
04.37000
04.28000
02.23000
03.34000
02.19000
03.10000
01.42000
01.88000
01.87000
03.79000
04.32000
04.77000
02.36000
02.56000
04.38000
02.72000
03.61000
04.61000
04.06000
03.42000
02.14000
04.51000
04.44000
03.58000
01.05000
02.25000
04.64000
04.60000
01.20000
01.02000
04.00000
02.20000
03.65000
01.15000
02.08000
03.20000
02.50000
03.97000
03.45000
03.42000
04.81000
03.81000
01.71000
03.70000
02.66000
03.99000
03.43000
01.87000
01.14000
04.84000
04.19000
04.74000
02.31000
03.70000
04.55000
04.16000
01.27000
02.89000
02.12000
04.95000
02.08000
01.73000
03.45000
04.93000
01.83000
04.56000
04.13000
02.94000
02.59000
04.70000
04.76000
03.53000
02.28000
04.50000
02.75000
02.06000
04.16000
04.86000
04.32000
02.38000
02.85000
02.87000
03.18000
03.44000
02.55000
03.98000
02.03000
01.20000
04.48000
02.64000
04.58000
04.62000
02.82000
02.30000
03.52000
03.64000
04.79000
03.41000
04.56000
01.21000
02.58000
03.44000
02.41000
01.30000
01.41000
04.83000
04.77000
04.85000
03.47000
03.03000
04.33000
01.82000
03.97000
02.51000
02.81000
03.16000
03.10000
04.70000
02.90000
04.83000
5
27
8
32
17
13
5
6
43
40
18
44
5
41
38
19
47
12
5
3
7
33
14
22
5
10
34
50
15
11
5
21
48
1
23
25
5
4
36
42
39
28
5
9
37
26
45
31
5
5
49
16
2
46
5
30
35
24
20
29
594.38960
