50
7
187.93000
119.51000
195.88000
197.53000
127.45000
186.79000
101.05000
143.44000
127.41000
165.17000
114.20000
158.35000
195.76000
130.21000
187.80000
106.07000
167.04000
171.49000
175.93000
139.48000
152.32000
142.68000
184.18000
150.53000
189.25000
111.50000
119.74000
120.23000
192.04000
109.74000
141.36000
168.63000
101.46000
183.25000
109.32000
104.88000
134.84000
141.95000
135.50000
177.17000
136.08000
109.80000
133.32000
122.75000
125.64000
174.84000
167.78000
117.94000
150.54000
139.18000
172.86000
194.71000
184.64000
121.87000
150.33000
160.26000
123.27000
102.92000
187.37000
116.41000
199.29000
145.55000
155.62000
143.02000
185.10000
124.13000
165.76000
146.47000
167.17000
114.60000
117.56000
109.73000
196.04000
144.43000
149.82000
142.31000
136.32000
142.69000
190.43000
130.30000
116.67000
189.98000
106.34000
186.34000
179.80000
168.48000
153.55000
199.65000
132.51000
111.95000
127.13000
186.00000
195.65000
155.67000
111.21000
137.72000
154.12000
186.51000
128.98000
173.70000
141.49000
126.32000
109.17000
195.28000
134.73000
156.75000
185.70000
135.55000
104.74000
118.32000
189.27000
195.71000
196.19000
129.56000
171.58000
145.07000
105.34000
148.02000
110.92000
166.96000
129.98000
120.35000
162.11000
108.79000
119.48000
132.22000
106.55000
132.05000
124.76000
158.40000
102.21000
162.27000
148.32000
112.71000
133.59000
139.05000
194.21000
198.03000
161.79000
166.05000
118.04000
156.30000
174.45000
160.99000
176.99000
118.52000
135.78000
105.67000
179.80000
154.77000
147.16000
154.11000
111.34000
195.76000
150.26000
192.66000
159.36000
155.73000
109.94000
152.22000
166.37000
185.41000
128.28000
199.34000
197.74000
108.40000
171.45000
152.13000
157.93000
174.83000
119.68000
130.29000
140.43000
111.42000
117.25000
105.03000
177.81000
171.44000
122.51000
149.18000
191.71000
184.72000
157.88000
187.09000
142.82000
107.65000
159.83000
144.70000
180.89000
173.20000
128.89000
199.48000
194.75000
140.89000
179.67000
130.50000
162.27000
146.80000
190.82000
168.37000
140.29000
143.77000
113.18000
107.98000
143.92000
173.41000
178.87000
125.75000
147.29000
157.77000
116.06000
186.59000
169.31000
195.81000
113.18000
102.75000
105.43000
150.58000
110.21000
125.55000
177.67000
199.17000
148.71000
195.38000
184.62000
182.75000
121.80000
191.67000
151.42000
156.54000
124.14000
182.94000
179.78000
139.83000
101.99000
176.74000
197.98000
165.96000
103.15000
169.72000
110.84000
132.36000
126.97000
197.56000
149.76000
150.49000
174.39000
185.02000
122.71000
195.90000
107.49000
156.92000
120.87000
139.39000
121.32000
168.11000
113.57000
101.56000
148.49000
162.35000
115.37000
191.97000
159.06000
130.41000
122.14000
120.92000
112.15000
139.63000
193.77000
150.27000
105.97000
183.89000
104.25000
143.46000
127.77000
133.65000
191.61000
115.47000
103.87000
185.95000
107.95000
182.85000
149.65000
114.35000
169.43000
113.72000
119.55000
119.02000
106.28000
177.77000
157.08000
176.65000
112.79000
196.22000
144.81000
190.53000
197.30000
191.88000
154.37000
140.47000
123.56000
180.78000
160.32000
164.76000
178.44000
181.45000
107.79000
144.54000
193.93000
145.16000
127.86000
144.08000
100.65000
188.86000
183.17000
156.09000
130.77000
118.54000
112.94000
137.36000
168.03000
179.27000
182.93000
158.75000
197.74000
105.20000
135.47000
155.16000
156.75000
169.50000
139.47000
175.58000
183.51000
134.44000
140.39000
133.03000
167.99000
101.34000
110.24000
154.62000
101.76000
160.57000
197.60000
131.51000
127.92000
141.58000
177.64000
168.92000
191.16000
162.87000
02.24000
01.45000
04.85000
01.76000
03.02000
01.98000
01.29000
04.13000
01.11000
01.23000
04.32000
01.28000
01.55000
04.15000
01.67000
03.56000
02.21000
01.99000
04.83000
02.62000
03.75000
02.29000
03.15000
01.43000
03.65000
02.95000
01.74000
04.26000
02.21000
02.13000
03.58000
02.70000
04.54000
04.35000
03.41000
01.67000
02.56000
02.41000
01.82000
01.38000
04.99000
03.43000
03.20000
03.35000
03.39000
02.84000
01.74000
04.43000
02.11000
02.41000
02.11000
01.48000
02.78000
03.22000
02.50000
03.01000
03.62000
04.42000
04.81000
02.23000
04.03000
01.80000
02.44000
03.56000
01.34000
04.42000
04.11000
04.23000
03.15000
01.18000
03.83000
04.28000
01.41000
02.78000
02.97000
04.58000
02.36000
03.73000
04.16000
04.80000
04.57000
04.36000
01.38000
01.40000
04.91000
04.80000
01.91000
01.70000
04.56000
03.01000
04.34000
01.80000
03.02000
04.76000
04.57000
04.62000
04.10000
01.61000
01.82000
01.88000
01.37000
04.15000
02.04000
02.90000
01.42000
01.06000
02.13000
04.42000
01.82000
03.31000
03.54000
03.61000
03.21000
02.65000
02.06000
02.16000
04.04000
02.19000
02.30000
04.07000
02.57000
02.33000
03.67000
01.65000
02.89000
02.79000
02.42000
01.52000
04.87000
04.59000
01.59000
02.62000
02.22000
04.08000
01.04000
02.19000
04.45000
02.91000
03.42000
01.80000
02.90000
02.05000
04.24000
01.32000
04.69000
03.77000
01.77000
04.93000
02.78000
01.68000
01.16000
03.96000
02.65000
04.20000
01.94000
04.45000
04.33000
02.15000
02.01000
03.99000
04.00000
04.30000
03.09000
04.57000
03.80000
01.81000
03.26000
02.04000
01.21000
02.68000
02.89000
04.03000
03.00000
01.68000
02.65000
03.98000
03.27000
02.44000
01.56000
03.18000
01.42000
03.37000
02.92000
04.68000
04.17000
03.70000
04.34000
03.38000
03.55000
01.48000
03.78000
03.99000
02.89000
03.57000
01.47000
03.00000
02.85000
03.63000
01.99000
02.76000
03.20000
02.58000
03.24000
04.01000
01.23000
01.06000
02.35000
04.20000
01.84000
03.04000
02.44000
04.28000
04.78000
02.64000
02.90000
04.78000
04.60000
02.29000
04.93000
01.55000
04.64000
02.74000
01.55000
03.74000
03.07000
01.06000
03.58000
03.82000
02.89000
04.62000
01.67000
03.56000
01.89000
01.10000
04.25000
04.06000
02.66000
04.50000
03.61000
03.72000
02.64000
01.13000
01.80000
04.26000
04.05000
03.62000
04.72000
04.71000
03.95000
04.90000
03.15000
02.38000
02.60000
04.71000
03.62000
03.37000
02.39000
02.11000
01.55000
04.96000
03.15000
01.69000
02.54000
02.25000
03.37000
04.21000
01.49000
01.17000
01.87000
04.24000
04.61000
04.44000
03.78000
04.17000
03.44000
01.62000
02.52000
04.21000
04.81000
03.05000
01.85000
04.36000
04.88000
01.91000
01.82000
02.46000
03.13000
04.19000
04.81000
04.14000
04.32000
02.67000
01.50000
04.85000
04.55000
02.96000
04.90000
03.86000
01.22000
01.49000
02.29000
04.93000
01.40000
02.85000
02.88000
01.86000
01.91000
01.06000
03.77000
02.28000
04.28000
02.97000
03.26000
02.17000
02.97000
03.44000
03.51000
02.80000
03.30000
01.66000
04.47000
04.77000
03.36000
03.13000
01.90000
01.98000
04.07000
01.66000
01.37000
03.64000
03.18000
01.38000
04.27000
04.29000
01.21000
02.71000
01.81000
01.77000
03.54000
04.40000
05.00000
03.23000
02.33000
01.53000
02.66000
03.14000
02.56000
03.45000
03.44000
01.28000
7
47
7
50
30
44
42
16
7
20
33
49
6
10
40
45
8
24
31
9
3
19
27
17
48
7
29
25
46
21
22
36
26
7
34
5
2
11
15
4
35
7
43
14
8
37
1
23
28
7
32
38
12
18
39
13
41
914.92110
