50
10
108.59000
117.45000
126.16000
151.92000
154.99000
115.25000
133.80000
159.47000
140.40000
100.62000
141.61000
168.83000
143.34000
158.30000
140.57000
177.28000
167.34000
198.07000
146.73000
107.06000
140.90000
154.69000
101.08000
105.46000
117.55000
187.93000
169.65000
144.73000
175.79000
182.55000
143.45000
122.15000
119.15000
148.33000
138.49000
159.97000
176.13000
120.01000
195.80000
105.46000
100.27000
157.38000
181.38000
130.89000
170.06000
145.19000
186.26000
133.52000
189.02000
193.21000
122.04000
128.12000
124.33000
127.89000
143.66000
153.12000
128.51000
171.84000
178.95000
128.62000
196.58000
194.60000
134.56000
117.50000
147.65000
171.57000
142.14000
107.65000
125.88000
103.13000
158.31000
111.97000
100.41000
114.69000
164.72000
168.35000
165.37000
156.61000
168.02000
139.68000
139.91000
104.31000
199.83000
113.84000
168.16000
158.16000
116.81000
103.73000
119.27000
143.57000
100.59000
147.25000
187.39000
110.91000
157.82000
107.27000
191.64000
135.58000
120.13000
171.69000
102.53000
195.03000
121.26000
198.90000
134.00000
122.57000
177.12000
178.22000
151.07000
167.06000
170.35000
129.38000
113.51000
194.52000
173.19000
130.89000
106.08000
195.95000
182.93000
186.25000
138.55000
187.39000
121.82000
124.00000
145.69000
109.83000
137.14000
197.65000
187.25000
129.30000
101.14000
185.70000
148.01000
136.81000
111.10000
191.68000
137.73000
148.39000
189.28000
144.10000
191.18000
105.03000
182.94000
196.48000
168.12000
172.77000
164.35000
127.33000
153.32000
142.62000
112.45000
184.67000
164.32000
173.05000
127.90000
155.38000
130.56000
141.08000
176.26000
141.14000
195.53000
118.10000
195.43000
136.08000
109.62000
110.75000
148.30000
159.35000
148.24000
150.67000
122.76000
155.08000
111.76000
194.50000
131.69000
192.42000
125.58000
123.89000
113.00000
165.51000
140.09000
145.47000
129.56000
193.50000
130.68000
190.89000
169.28000
120.50000
197.74000
116.78000
145.04000
115.68000
166.67000
104.78000
194.72000
173.18000
187.84000
161.54000
181.24000
112.12000
120.95000
128.21000
137.54000
106.17000
150.02000
170.28000
104.92000
105.34000
137.84000
110.24000
123.43000
147.92000
125.42000
195.38000
146.59000
193.69000
178.78000
197.96000
152.90000
127.40000
188.93000
115.24000
145.89000
158.82000
171.89000
169.49000
154.08000
122.71000
168.67000
107.98000
130.97000
178.85000
145.30000
102.96000
155.08000
112.00000
192.78000
151.72000
129.93000
131.92000
127.13000
176.50000
184.04000
173.38000
189.37000
124.58000
170.91000
196.15000
145.51000
168.22000
120.85000
101.69000
117.54000
145.99000
192.85000
131.22000
165.57000
120.74000
156.06000
104.41000
136.26000
148.71000
179.64000
146.65000
111.25000
167.81000
157.71000
108.33000
197.18000
140.92000
109.42000
164.84000
125.70000
155.93000
178.91000
116.57000
153.45000
125.73000
135.32000
188.91000
162.06000
188.21000
172.79000
132.26000
158.18000
106.26000
110.46000
122.00000
173.44000
167.78000
192.48000
158.52000
164.49000
185.65000
187.97000
167.21000
112.97000
197.77000
191.09000
198.47000
180.19000
147.09000
176.69000
129.82000
121.34000
171.67000
183.35000
142.61000
145.95000
151.67000
156.47000
196.96000
176.27000
115.62000
130.81000
133.88000
159.58000
117.02000
166.15000
119.39000
168.14000
134.39000
147.25000
144.50000
199.22000
171.26000
183.87000
125.24000
175.07000
156.12000
110.78000
102.62000
142.98000
142.51000
187.74000
142.65000
175.20000
108.93000
199.53000
136.34000
168.99000
158.91000
155.90000
199.72000
146.63000
120.95000
191.62000
173.80000
155.38000
148.57000
106.79000
162.67000
111.69000
163.96000
115.64000
112.96000
141.34000
139.40000
138.06000
124.59000
131.64000
151.37000
174.46000
154.19000
195.48000
169.01000
150.22000
183.40000
170.76000
186.47000
115.73000
118.88000
120.36000
122.87000
146.39000
192.24000
132.17000
122.36000
142.58000
160.15000
119.08000
154.09000
129.69000
104.23000
118.99000
112.19000
158.12000
131.14000
194.78000
115.81000
103.25000
172.50000
134.35000
109.08000
165.48000
184.96000
150.59000
161.14000
170.19000
150.16000
128.72000
115.47000
100.64000
137.75000
154.63000
130.01000
195.04000
159.88000
165.27000
159.06000
197.79000
173.28000
164.14000
112.38000
124.92000
100.21000
179.77000
124.74000
117.43000
187.94000
165.67000
155.90000
141.34000
108.73000
100.36000
190.63000
187.68000
159.85000
187.34000
138.70000
172.44000
163.57000
155.14000
134.88000
136.66000
167.14000
157.28000
138.92000
146.34000
142.84000
172.26000
135.59000
192.50000
187.93000
103.60000
134.66000
191.16000
124.67000
179.83000
170.90000
118.99000
154.30000
116.77000
150.59000
168.81000
142.37000
114.20000
138.27000
143.64000
123.51000
149.34000
109.85000
175.11000
185.61000
166.31000
165.70000
119.87000
141.57000
134.27000
131.23000
159.56000
129.27000
147.35000
156.83000
100.82000
111.61000
124.70000
117.88000
175.29000
176.47000
110.45000
114.78000
139.61000
136.75000
173.74000
172.91000
175.41000
130.33000
108.72000
142.67000
189.35000
120.12000
134.53000
199.45000
113.06000
193.99000
195.31000
143.63000
103.19000
164.84000
01.26000
04.85000
01.86000
02.45000
03.66000
04.15000
04.03000
01.71000
03.64000
03.19000
04.45000
02.99000
03.76000
03.81000
04.17000
02.64000
03.60000
04.82000
01.28000
01.98000
03.74000
02.06000
02.85000
03.33000
01.77000
04.36000
04.97000
02.03000
04.25000
01.54000
04.71000
02.40000
02.77000
04.43000
04.16000
01.77000
01.91000
04.86000
02.38000
02.47000
03.23000
03.66000
03.45000
03.83000
01.33000
02.66000
04.47000
02.17000
03.78000
04.68000
04.66000
03.85000
04.74000
03.50000
01.82000
04.17000
04.11000
03.67000
01.59000
02.67000
04.07000
02.63000
03.17000
03.82000
02.32000
03.34000
02.77000
01.07000
01.56000
01.74000
01.58000
04.87000
01.50000
02.80000
01.82000
02.67000
02.83000
04.46000
02.67000
02.93000
03.27000
01.67000
04.36000
03.09000
01.51000
02.40000
04.08000
01.62000
01.25000
03.60000
04.03000
01.97000
03.21000
03.21000
03.41000
04.58000
01.08000
04.19000
02.44000
02.92000
01.19000
03.32000
02.05000
03.50000
03.19000
01.86000
02.26000
02.95000
01.18000
04.62000
04.23000
04.04000
03.97000
03.68000
03.30000
01.33000
01.40000
04.10000
03.79000
02.41000
04.29000
03.98000
03.03000
03.85000
04.47000
02.38000
03.35000
03.24000
02.76000
03.39000
04.08000
03.14000
01.01000
04.09000
01.55000
03.15000
02.03000
02.55000
01.08000
03.83000
01.65000
01.85000
05.00000
02.77000
04.70000
02.07000
04.64000
02.54000
01.01000
04.28000
04.62000
01.07000
02.39000
04.25000
02.83000
01.21000
04.64000
04.84000
01.34000
03.80000
03.28000
04.60000
03.61000
01.54000
04.28000
02.73000
02.08000
04.12000
02.59000
03.45000
02.21000
02.26000
02.16000
03.94000
02.46000
03.66000
03.94000
02.42000
02.27000
01.02000
01.89000
02.08000
02.09000
04.04000
02.96000
03.14000
03.39000
03.43000
03.11000
02.78000
04.62000
02.89000
03.28000
03.23000
01.22000
03.12000
01.43000
03.67000
01.66000
01.82000
02.19000
01.38000
04.22000
04.08000
03.30000
02.00000
03.85000
02.96000
03.61000
01.11000
03.61000
02.89000
02.20000
01.05000
01.05000
04.68000
03.14000
01.15000
02.76000
02.17000
03.52000
01.74000
04.33000
02.18000
01.41000
04.14000
02.32000
04.55000
03.90000
02.68000
02.31000
02.10000
03.05000
04.69000
02.89000
04.66000
03.95000
02.50000
03.63000
03.05000
04.68000
01.44000
01.11000
01.11000
04.30000
03.83000
04.91000
03.67000
02.92000
01.00000
02.55000
03.42000
03.11000
02.55000
03.29000
02.82000
02.85000
02.64000
01.33000
01.23000
04.12000
04.60000
04.38000
03.60000
01.12000
03.88000
01.14000
03.89000
01.06000
04.92000
01.32000
01.05000
04.15000
01.18000
03.61000
03.03000
03.57000
03.12000
03.72000
02.79000
01.54000
02.19000
02.35000
02.28000
01.26000
02.84000
01.21000
04.46000
02.93000
02.53000
02.99000
01.27000
03.76000
03.70000
03.41000
01.66000
01.95000
01.81000
03.17000
03.60000
03.56000
04.68000
01.41000
02.70000
03.04000
04.20000
02.14000
02.77000
02.74000
03.32000
01.15000
04.09000
04.01000
02.62000
02.27000
01.76000
01.18000
03.68000
02.31000
03.85000
01.56000
01.06000
03.12000
03.43000
01.49000
02.36000
03.51000
02.59000
02.30000
04.15000
03.31000
04.40000
02.31000
04.01000
03.36000
04.95000
04.85000
04.51000
01.48000
01.30000
02.26000
01.24000
04.50000
03.54000
03.85000
02.76000
04.25000
02.75000
03.96000
02.67000
02.57000
04.14000
02.80000
03.58000
01.20000
04.36000
01.06000
04.91000
02.45000
01.47000
04.29000
02.10000
02.27000
04.67000
02.94000
02.86000
01.62000
04.17000
04.47000
03.90000
02.45000
03.16000
01.34000
02.91000
03.72000
01.86000
02.99000
02.60000
01.37000
01.47000
03.88000
02.67000
04.35000
04.18000
03.45000
03.82000
02.63000
01.21000
02.17000
03.77000
03.16000
04.75000
01.49000
01.21000
01.88000
04.01000
03.86000
03.84000
03.76000
01.19000
04.74000
02.80000
03.44000
04.48000
02.85000
01.34000
04.46000
03.24000
01.05000
04.39000
02.72000
01.29000
02.90000
02.77000
04.32000
03.97000
01.00000
04.33000
04.31000
01.60000
04.92000
01.87000
02.79000
01.52000
01.23000
01.24000
04.83000
04.04000
01.51000
01.25000
04.50000
02.51000
02.35000
01.75000
04.90000
03.24000
01.31000
03.55000
02.08000
01.57000
04.99000
04.48000
01.14000
01.81000
04.95000
03.38000
04.15000
01.32000
01.78000
04.07000
02.08000
04.07000
04.32000
03.77000
03.11000
04.07000
03.75000
01.94000
01.38000
01.15000
02.92000
02.29000
01.11000
04.76000
04.51000
04.78000
03.49000
01.36000
04.23000
02.36000
02.73000
02.41000
02.79000
04.98000
02.03000
04.34000
01.89000
03.59000
01.60000
04.63000
04.23000
02.16000
02.64000
01.71000
01.51000
01.62000
03.35000
03.04000
02.44000
03.94000
02.93000
01.09000
04.73000
04.07000
01.58000
01.29000
03.06000
01.96000
04.52000
02.10000
5
40
9
23
24
10
5
39
19
20
37
46
5
17
35
42
12
13
5
33
50
29
44
15
5
22
30
8
11
4
5
21
47
28
36
2
5
14
31
18
38
32
5
5
43
1
41
34
5
6
48
3
16
45
5
27
25
7
26
49
593.73600
