50
4
86.73000
70.59000
79.95000
52.80000
64.78000
81.71000
9.10000
38.60000
4.56000
27.50000
68.58000
78.18000
45.31000
47.17000
1.64000
13.76000
29.23000
81.95000
46.48000
83.55000
95.55000
73.06000
45.33000
30.77000
86.48000
60.71000
38.40000
93.65000
42.24000
85.12000
65.91000
15.40000
3.06000
87.52000
69.09000
34.24000
9.14000
9.11000
88.14000
91.40000
1.72000
88.12000
64.29000
29.07000
21.00000
67.77000
37.76000
85.50000
8.21000
87.28000
25.13000
8.38000
13.86000
77.39000
87.83000
34.59000
57.14000
98.49000
53.68000
17.32000
36.06000
59.09000
86.65000
21.53000
15.58000
24.16000
53.71000
13.20000
60.67000
58.67000
19.82000
57.30000
38.30000
29.59000
49.97000
20.79000
13.44000
1.89000
11.10000
67.64000
51.07000
40.53000
67.20000
64.82000
18.14000
12.49000
85.24000
77.30000
78.63000
81.73000
31.17000
71.04000
99.50000
16.23000
68.98000
12.03000
46.73000
78.95000
65.62000
64.22000
27.35000
43.03000
76.21000
53.26000
63.00000
10.14000
60.82000
98.12000
68.51000
31.41000
10.65000
43.99000
34.60000
97.57000
15.43000
79.61000
50.98000
1.33000
65.85000
96.69000
9.38000
30.41000
53.66000
85.95000
98.52000
76.53000
68.56000
38.11000
12.11000
31.41000
2.27000
42.89000
37.87000
83.76000
43.51000
91.00000
67.53000
26.32000
84.01000
74.17000
91.79000
47.78000
15.47000
82.12000
2.39000
39.88000
26.62000
6.55000
87.03000
92.34000
57.34000
12.91000
67.20000
52.62000
75.38000
69.96000
46.68000
42.11000
69.66000
70.00000
59.62000
81.31000
55.64000
28.49000
22.52000
86.70000
48.81000
59.90000
49.82000
73.75000
64.62000
80.69000
58.01000
57.92000
19.55000
7.35000
62.55000
54.68000
28.06000
53.33000
78.90000
79.50000
6.63000
36.11000
23.55000
48.85000
69.72000
70.15000
10.95000
77.20000
34.80000
71.93000
56.58000
81.02000
16.34000
56.91000
76.90000
75.77000
29.81000
40.55000
05.91000
06.02000
07.35000
06.79000
05.38000
05.79000
09.86000
06.02000
06.89000
06.71000
08.86000
08.36000
09.36000
07.69000
08.27000
07.70000
06.69000
07.62000
06.99000
07.95000
07.79000
05.43000
08.94000
08.03000
06.55000
05.00000
08.00000
06.83000
06.90000
05.26000
08.10000
08.27000
07.73000
05.10000
08.14000
06.24000
07.95000
08.43000
07.02000
09.66000
06.47000
09.17000
08.65000
07.44000
07.19000
06.21000
06.94000
08.47000
09.02000
08.46000
07.33000
08.88000
07.77000
06.07000
08.11000
08.01000
07.12000
06.59000
09.82000
09.97000
07.48000
07.53000
07.61000
09.93000
08.99000
09.05000
06.63000
08.04000
06.81000
06.29000
07.05000
09.45000
06.11000
09.41000
09.02000
09.33000
07.03000
08.58000
07.69000
07.83000
09.74000
08.95000
08.22000
05.10000
09.39000
05.67000
05.77000
06.30000
06.13000
08.90000
05.50000
06.60000
05.13000
08.79000
07.55000
06.13000
06.53000
05.51000
07.09000
05.07000
07.01000
05.78000
08.23000
08.01000
09.16000
08.63000
08.73000
09.70000
07.12000
09.52000
05.76000
07.63000
07.31000
09.85000
05.71000
08.22000
06.13000
06.05000
09.99000
07.87000
09.98000
09.50000
05.01000
07.99000
05.27000
06.62000
07.18000
09.97000
08.41000
08.82000
07.90000
05.23000
05.81000
07.50000
08.57000
05.18000
08.86000
09.07000
05.61000
06.22000
08.99000
09.93000
05.42000
09.75000
07.58000
06.48000
09.40000
07.18000
06.06000
05.15000
08.90000
05.94000
09.97000
08.89000
09.11000
08.04000
06.64000
06.86000
09.16000
05.04000
09.50000
08.55000
06.73000
09.58000
06.18000
06.61000
09.45000
09.33000
09.36000
08.70000
09.99000
06.93000
06.68000
07.47000
06.01000
05.04000
05.81000
05.59000
05.16000
06.33000
09.40000
05.71000
05.10000
08.44000
05.10000
05.48000
08.48000
09.03000
05.57000
07.56000
07.96000
05.76000
08.47000
09.61000
06.20000
06.29000
06.46000
09.28000
05.85000
08.27000
14
5
19
8
17
24
32
16
37
38
7
49
9
41
15
12
20
12
23
36
14
46
27
44
3
10
29
28
14
13
42
1
30
22
43
47
11
6
48
21
45
31
18
10
40
4
50
35
34
25
2
39
26
33
363.38750
