50
10
133.60000
168.90000
101.75000
156.40000
112.62000
182.34000
111.17000
104.98000
181.44000
146.62000
196.52000
143.65000
168.58000
196.51000
198.83000
119.69000
127.55000
191.76000
184.09000
105.35000
136.87000
117.14000
143.34000
197.90000
100.05000
182.42000
192.59000
119.60000
145.61000
122.37000
172.84000
117.73000
127.06000
196.75000
150.13000
164.55000
122.93000
190.32000
115.45000
157.32000
136.72000
112.85000
184.84000
118.31000
196.96000
199.11000
199.30000
194.78000
157.15000
108.87000
114.67000
190.00000
134.79000
129.57000
154.96000
180.73000
179.91000
167.77000
165.95000
191.49000
170.93000
179.31000
104.29000
135.17000
177.00000
189.59000
151.62000
149.66000
192.25000
149.00000
114.58000
197.84000
135.83000
132.93000
124.81000
167.61000
151.88000
141.76000
138.96000
171.85000
109.54000
100.90000
138.66000
148.47000
102.94000
160.72000
130.55000
160.35000
151.23000
196.62000
146.28000
195.38000
198.56000
109.00000
142.48000
166.45000
114.05000
123.24000
100.80000
111.45000
144.45000
141.37000
186.13000
165.95000
168.90000
185.53000
135.37000
118.52000
192.23000
172.41000
160.24000
193.72000
124.21000
118.04000
183.02000
120.04000
199.61000
163.43000
150.98000
151.01000
178.19000
174.60000
136.37000
165.13000
144.71000
142.57000
136.46000
165.94000
108.94000
183.34000
173.52000
181.93000
105.65000
137.94000
194.82000
166.64000
194.60000
172.37000
172.62000
198.56000
160.56000
177.67000
104.18000
181.22000
113.29000
169.83000
111.78000
143.14000
187.57000
189.88000
163.52000
106.79000
184.49000
144.05000
140.80000
152.02000
116.07000
196.37000
170.52000
144.34000
190.92000
114.71000
140.58000
127.86000
109.42000
155.71000
163.88000
171.75000
196.97000
101.02000
178.29000
170.13000
103.96000
157.27000
146.71000
142.16000
105.78000
156.10000
157.03000
131.96000
102.83000
154.16000
122.14000
108.68000
120.48000
133.08000
179.93000
166.47000
109.14000
199.51000
193.30000
124.45000
144.19000
185.09000
150.13000
126.78000
126.02000
146.45000
163.31000
142.59000
145.06000
173.01000
146.03000
153.41000
155.59000
110.78000
126.51000
136.19000
100.65000
134.75000
158.90000
175.66000
171.25000
142.17000
146.72000
181.59000
183.41000
155.30000
118.47000
188.75000
178.14000
121.42000
127.69000
156.90000
121.46000
112.80000
152.87000
170.81000
104.39000
126.68000
197.55000
140.24000
142.94000
185.35000
190.23000
199.96000
178.13000
136.07000
184.43000
109.74000
175.97000
151.10000
158.66000
154.34000
127.48000
127.71000
116.45000
143.52000
148.67000
188.16000
117.91000
116.14000
136.53000
144.96000
148.02000
132.11000
127.44000
197.16000
151.39000
186.27000
148.04000
122.13000
147.14000
154.01000
129.98000
107.74000
179.43000
135.72000
129.90000
166.90000
117.38000
156.79000
129.42000
137.48000
155.14000
167.61000
135.21000
182.39000
111.86000
143.58000
178.89000
189.52000
131.67000
185.08000
117.11000
171.74000
183.71000
117.51000
131.51000
166.96000
162.12000
191.25000
128.72000
138.07000
186.05000
181.69000
140.40000
172.95000
199.63000
189.23000
174.43000
179.06000
130.80000
185.03000
163.64000
106.58000
148.41000
119.90000
174.59000
140.30000
195.76000
172.11000
179.54000
158.75000
157.62000
132.68000
175.75000
165.44000
143.75000
117.62000
185.49000
188.88000
188.92000
167.94000
156.03000
182.59000
152.90000
149.67000
159.64000
125.09000
120.44000
153.81000
193.57000
119.88000
101.33000
196.39000
180.09000
195.50000
130.31000
118.42000
166.48000
105.45000
167.16000
185.92000
124.99000
128.24000
196.65000
189.89000
152.89000
167.40000
141.29000
167.93000
147.51000
140.95000
107.67000
169.69000
100.71000
140.14000
132.16000
189.83000
184.09000
157.88000
165.15000
134.97000
160.55000
113.33000
182.04000
136.76000
117.96000
150.62000
183.21000
151.83000
169.23000
138.89000
194.05000
161.83000
152.25000
172.28000
164.96000
173.40000
129.89000
169.94000
171.32000
118.18000
190.07000
176.00000
113.53000
152.81000
145.66000
159.61000
116.98000
158.93000
134.56000
114.90000
132.05000
143.18000
119.65000
161.02000
134.14000
137.21000
116.19000
120.99000
162.53000
151.38000
184.89000
123.82000
193.86000
112.19000
139.09000
154.44000
159.32000
102.56000
132.31000
172.61000
124.93000
194.74000
143.07000
163.11000
181.71000
185.99000
174.88000
135.69000
145.68000
198.59000
156.26000
125.13000
157.84000
179.80000
140.72000
191.18000
184.22000
101.89000
106.77000
118.61000
115.83000
162.11000
157.94000
117.20000
168.69000
182.74000
122.74000
121.69000
183.81000
111.05000
154.68000
191.87000
127.21000
119.29000
132.29000
112.50000
198.79000
127.76000
128.86000
159.56000
158.68000
135.47000
183.63000
120.40000
150.61000
155.78000
108.13000
109.66000
156.22000
126.59000
196.50000
177.73000
182.15000
110.78000
167.89000
100.01000
160.03000
196.25000
166.43000
176.89000
146.52000
195.88000
161.27000
133.75000
123.24000
147.58000
146.55000
120.99000
196.85000
114.21000
141.40000
114.00000
198.98000
183.69000
189.96000
113.17000
186.27000
168.90000
161.39000
143.89000
140.37000
107.72000
149.81000
156.54000
167.90000
163.05000
01.14000
02.69000
03.92000
02.17000
04.13000
04.61000
02.38000
01.00000
02.59000
02.68000
01.99000
03.27000
01.11000
04.73000
01.81000
03.31000
01.26000
03.58000
01.93000
04.44000
01.61000
01.07000
03.41000
02.99000
01.75000
04.02000
04.35000
04.30000
02.26000
04.27000
03.82000
02.68000
04.71000
02.63000
01.89000
01.48000
03.67000
04.93000
03.65000
01.00000
02.74000
02.01000
03.17000
02.59000
02.49000
01.70000
03.54000
04.58000
04.49000
04.81000
03.49000
04.49000
03.68000
01.62000
02.91000
01.42000
02.64000
02.98000
02.10000
04.20000
04.35000
03.79000
02.25000
03.27000
04.50000
04.99000
01.58000
02.10000
03.79000
04.56000
03.27000
01.14000
03.94000
01.43000
03.55000
01.83000
03.65000
03.56000
03.61000
02.64000
02.61000
03.90000
01.65000
03.01000
01.53000
04.42000
04.87000
03.40000
02.11000
04.05000
01.49000
01.26000
03.06000
02.76000
04.70000
03.05000
04.08000
01.49000
04.70000
04.22000
01.66000
02.39000
04.02000
04.34000
01.01000
03.44000
01.52000
03.50000
02.75000
01.61000
04.20000
02.20000
01.70000
02.99000
01.38000
01.01000
01.68000
02.64000
03.38000
01.52000
03.54000
04.64000
01.54000
02.30000
01.09000
02.08000
04.19000
02.92000
01.17000
01.04000
04.66000
03.98000
03.60000
04.59000
01.26000
03.03000
01.21000
04.80000
01.34000
02.68000
03.83000
02.76000
01.21000
02.48000
02.29000
04.55000
02.21000
03.02000
04.41000
01.24000
04.06000
04.11000
03.79000
03.67000
03.35000
03.81000
02.70000
02.65000
04.60000
02.11000
04.66000
01.95000
01.26000
01.72000
01.63000
02.78000
03.78000
02.33000
02.56000
03.35000
03.62000
04.65000
01.41000
02.85000
01.22000
02.39000
01.14000
01.50000
02.05000
02.24000
01.68000
04.49000
04.56000
03.91000
04.01000
02.02000
04.19000
04.11000
02.06000
01.30000
01.40000
04.53000
02.79000
02.54000
01.65000
03.88000
02.17000
02.93000
03.38000
01.86000
01.43000
03.27000
01.58000
01.92000
01.26000
04.89000
04.15000
03.27000
03.21000
02.43000
02.73000
04.07000
04.33000
04.20000
04.92000
03.14000
02.72000
03.53000
03.28000
04.32000
01.45000
02.76000
03.40000
04.42000
04.60000
01.20000
03.85000
01.29000
01.24000
03.20000
04.21000
01.74000
01.47000
02.06000
01.06000
01.61000
04.34000
04.14000
03.98000
01.72000
01.95000
04.75000
03.54000
03.91000
03.36000
04.21000
03.33000
02.99000
02.67000
03.87000
02.10000
03.01000
02.27000
02.24000
04.36000
04.53000
01.37000
01.54000
02.09000
01.73000
01.15000
04.36000
04.98000
01.54000
01.82000
04.15000
03.73000
03.92000
04.58000
03.37000
02.06000
01.84000
03.65000
01.47000
04.65000
01.23000
02.20000
02.90000
01.23000
01.05000
04.47000
01.11000
02.48000
01.27000
03.63000
02.56000
04.11000
02.82000
01.91000
02.70000
02.83000
03.66000
02.50000
01.98000
04.34000
02.75000
01.60000
01.86000
03.34000
04.03000
01.01000
04.72000
03.92000
04.21000
03.22000
04.39000
03.84000
02.12000
01.06000
01.57000
02.45000
04.21000
01.88000
02.83000
01.56000
03.54000
01.99000
03.75000
04.01000
02.19000
02.74000
04.91000
01.62000
03.25000
02.43000
03.89000
03.23000
02.79000
04.41000
03.26000
02.66000
01.89000
05.00000
02.61000
02.74000
02.63000
01.52000
02.50000
03.30000
04.08000
04.32000
04.53000
01.16000
02.33000
04.71000
03.27000
02.16000
02.45000
03.02000
02.29000
01.25000
02.45000
03.57000
03.54000
01.48000
05.00000
03.50000
02.51000
02.98000
01.58000
04.06000
03.51000
03.71000
03.42000
01.70000
04.24000
02.63000
02.71000
01.88000
03.39000
03.68000
04.66000
03.04000
04.68000
03.82000
03.46000
04.65000
04.80000
01.00000
02.32000
03.15000
01.46000
02.18000
01.45000
03.99000
01.36000
03.31000
02.05000
01.64000
04.21000
01.33000
02.32000
03.54000
02.70000
02.22000
01.47000
02.14000
02.55000
04.91000
03.69000
03.62000
04.64000
01.64000
01.61000
01.10000
01.09000
02.73000
04.22000
02.57000
04.45000
01.97000
01.54000
01.61000
03.55000
03.45000
04.88000
04.79000
04.23000
04.23000
02.59000
03.69000
01.30000
02.40000
03.99000
02.90000
02.61000
01.04000
03.41000
03.99000
04.97000
04.22000
04.17000
01.53000
02.21000
01.03000
02.60000
03.12000
01.16000
01.53000
04.03000
01.31000
01.66000
04.82000
02.80000
01.70000
04.52000
02.96000
02.22000
02.86000
03.58000
04.95000
01.83000
01.56000
03.51000
01.27000
03.97000
02.62000
01.40000
01.99000
04.85000
03.56000
04.13000
01.32000
03.92000
01.08000
01.66000
02.46000
01.63000
04.89000
04.92000
01.62000
03.44000
01.70000
01.89000
04.00000
03.80000
03.20000
01.51000
03.79000
02.16000
02.09000
01.73000
04.21000
02.98000
04.09000
01.51000
01.46000
03.71000
03.89000
04.80000
04.74000
02.80000
01.20000
04.56000
04.25000
03.71000
04.72000
02.73000
03.20000
02.89000
5
22
17
25
39
3
5
24
4
44
32
49
5
43
13
45
14
33
5
27
23
10
15
31
5
26
40
47
9
46
5
29
21
1
2
16
5
8
30
35
6
42
5
41
5
19
37
7
5
38
12
48
34
50
5
28
36
18
11
20
595.01940
