50
7
115.35000
179.77000
183.90000
108.63000
112.91000
195.85000
168.51000
107.41000
186.46000
109.40000
189.35000
147.68000
128.75000
152.60000
152.43000
168.66000
196.55000
109.20000
102.82000
136.11000
160.71000
164.49000
174.64000
192.36000
156.15000
155.34000
141.09000
106.33000
131.83000
120.18000
164.43000
123.45000
100.81000
149.00000
145.97000
115.76000
190.17000
133.36000
176.10000
131.84000
191.09000
116.35000
184.26000
146.83000
108.77000
142.68000
188.95000
112.45000
112.52000
108.56000
145.28000
161.21000
185.58000
113.47000
105.20000
144.87000
186.81000
136.77000
139.77000
171.42000
154.75000
149.14000
183.50000
130.48000
143.46000
103.45000
147.49000
175.69000
158.55000
191.65000
169.38000
174.79000
107.20000
194.74000
163.38000
159.55000
148.15000
132.80000
170.26000
175.84000
141.70000
114.95000
107.35000
133.55000
199.71000
189.39000
118.56000
156.68000
135.62000
193.36000
124.33000
133.25000
114.42000
103.20000
171.69000
165.36000
102.65000
184.29000
184.23000
119.18000
173.29000
192.54000
146.52000
195.65000
149.98000
196.16000
115.31000
113.87000
114.12000
176.47000
150.14000
174.29000
176.41000
139.89000
137.49000
152.84000
136.60000
169.35000
127.89000
177.00000
133.52000
174.39000
185.94000
175.85000
195.03000
141.09000
140.31000
129.97000
188.09000
182.10000
133.71000
121.57000
168.70000
186.62000
172.95000
184.36000
131.92000
170.43000
178.86000
153.67000
161.90000
125.86000
136.35000
116.35000
181.82000
171.80000
144.42000
160.83000
103.94000
103.72000
103.82000
109.78000
157.43000
132.62000
130.67000
198.50000
195.96000
173.06000
185.21000
193.14000
119.49000
158.94000
163.70000
151.25000
106.29000
173.60000
163.92000
119.47000
111.19000
164.46000
135.26000
183.50000
115.59000
193.00000
128.63000
118.08000
177.46000
184.74000
146.52000
137.04000
181.30000
179.29000
192.99000
143.25000
188.21000
180.31000
123.66000
178.67000
185.83000
105.53000
195.70000
174.29000
138.38000
136.73000
117.85000
100.19000
136.61000
169.77000
100.41000
115.49000
134.64000
132.46000
167.47000
191.91000
105.84000
136.35000
189.13000
144.06000
191.96000
134.06000
191.40000
195.76000
159.15000
143.69000
178.73000
197.16000
187.66000
184.93000
144.63000
174.96000
121.75000
129.02000
121.67000
182.43000
119.79000
148.75000
131.46000
149.42000
104.18000
168.50000
134.72000
132.31000
111.40000
114.18000
181.19000
164.07000
141.98000
163.30000
159.70000
104.22000
110.53000
194.91000
148.11000
188.84000
195.71000
139.61000
163.39000
180.58000
190.24000
129.59000
165.85000
194.12000
114.37000
113.94000
172.94000
177.50000
183.40000
176.92000
104.91000
170.82000
118.60000
151.48000
157.24000
137.11000
159.97000
188.94000
151.95000
153.47000
149.06000
129.66000
187.60000
161.07000
178.98000
153.10000
189.37000
115.14000
144.41000
127.77000
158.94000
134.95000
191.60000
161.22000
124.59000
153.86000
168.34000
150.10000
191.16000
169.28000
174.00000
130.09000
190.05000
192.69000
109.51000
125.95000
129.21000
199.61000
127.35000
101.50000
143.16000
179.66000
181.19000
117.00000
195.60000
157.77000
141.76000
102.45000
183.93000
167.51000
141.97000
167.97000
133.47000
122.05000
140.97000
180.89000
104.13000
183.24000
136.94000
135.11000
169.88000
114.51000
117.14000
101.09000
168.76000
130.85000
107.88000
175.85000
152.88000
148.82000
124.56000
132.96000
138.38000
136.53000
121.61000
172.59000
155.51000
163.66000
142.54000
171.43000
198.54000
151.45000
169.91000
132.77000
175.82000
122.69000
175.37000
136.43000
159.78000
151.77000
169.59000
188.80000
05.04000
09.97000
06.02000
08.83000
05.14000
05.98000
08.41000
09.98000
06.42000
09.33000
06.70000
05.60000
07.46000
07.68000
07.48000
07.33000
07.26000
05.98000
06.49000
07.78000
07.69000
08.92000
06.12000
08.12000
05.99000
08.48000
07.88000
05.51000
07.34000
06.40000
09.93000
05.62000
07.28000
06.67000
09.58000
05.16000
09.23000
08.07000
05.77000
09.34000
07.03000
06.63000
06.59000
09.38000
07.39000
08.13000
06.75000
05.03000
07.43000
05.66000
07.66000
05.37000
05.49000
08.72000
06.28000
08.65000
06.07000
08.90000
06.90000
08.07000
08.60000
07.05000
06.85000
07.70000
07.47000
07.74000
06.97000
06.98000
09.34000
09.68000
09.10000
08.25000
05.62000
08.20000
08.63000
09.26000
05.02000
07.82000
06.92000
05.61000
05.97000
09.64000
08.88000
08.33000
09.21000
08.95000
05.43000
06.31000
05.22000
07.66000
06.00000
08.86000
06.74000
06.82000
06.03000
08.15000
06.31000
09.11000
09.49000
06.76000
08.75000
05.48000
05.10000
08.18000
05.69000
07.39000
06.70000
08.56000
08.34000
05.99000
05.98000
09.57000
07.60000
07.84000
07.45000
07.30000
06.00000
07.97000
06.05000
05.15000
05.22000
07.48000
09.57000
06.25000
08.58000
05.94000
06.23000
06.01000
08.53000
08.95000
07.11000
09.60000
09.18000
05.65000
08.69000
09.47000
08.77000
06.15000
05.35000
07.81000
07.17000
09.11000
06.85000
09.10000
08.41000
09.20000
05.85000
07.57000
08.14000
09.60000
07.97000
07.44000
08.47000
05.02000
09.95000
06.17000
09.98000
06.97000
07.22000
07.84000
06.95000
09.68000
07.86000
06.32000
05.13000
08.15000
09.69000
07.11000
08.79000
07.77000
07.80000
09.85000
08.24000
06.82000
07.07000
05.85000
07.27000
08.97000
09.61000
05.51000
05.70000
05.77000
07.31000
05.91000
06.88000
09.18000
09.34000
08.26000
05.15000
09.03000
09.61000
05.41000
08.39000
05.57000
09.33000
09.35000
05.48000
06.91000
09.43000
08.70000
08.84000
06.16000
08.26000
08.83000
07.19000
08.92000
05.65000
08.14000
08.38000
07.07000
09.77000
05.73000
09.99000
05.38000
07.45000
06.56000
07.48000
08.40000
07.19000
09.14000
06.71000
07.94000
06.58000
07.96000
06.42000
05.60000
09.88000
06.07000
05.76000
05.20000
05.49000
07.49000
06.76000
05.37000
08.45000
09.78000
06.83000
06.97000
07.93000
06.52000
06.28000
05.66000
09.75000
09.79000
05.81000
09.33000
08.88000
07.70000
09.02000
05.66000
09.81000
07.28000
09.17000
06.08000
05.02000
09.90000
09.51000
05.86000
07.20000
06.11000
09.37000
07.73000
09.54000
08.94000
05.26000
06.49000
06.22000
09.35000
08.45000
08.60000
09.96000
08.64000
07.47000
09.62000
09.49000
06.05000
05.61000
06.79000
07.05000
06.17000
08.44000
06.46000
05.90000
06.51000
06.29000
06.65000
07.81000
09.94000
06.76000
09.51000
05.58000
07.26000
07.20000
08.81000
05.52000
09.63000
07.25000
07.48000
09.94000
06.10000
09.60000
08.45000
09.74000
05.77000
07.01000
06.75000
07.71000
07.35000
09.80000
08.75000
06.58000
06.65000
06.60000
06.83000
09.85000
06.92000
05.18000
09.43000
08.94000
06.12000
09.95000
08.47000
05.64000
09.51000
09.47000
06.89000
09.63000
07.12000
08.93000
06.16000
05.99000
06.22000
07.66000
08.76000
07.69000
08.85000
06.64000
05.68000
08.08000
09.34000
05.98000
08.93000
08.41000
06.77000
07.43000
09.03000
05.31000
07.48000
06.90000
07.53000
8
1
36
5
28
50
18
19
33
7
27
13
39
37
23
47
16
7
21
31
7
9
8
44
32
7
42
30
11
2
45
46
49
7
24
34
10
25
29
41
40
7
12
26
4
43
14
48
3
7
38
17
35
20
6
22
15
1059.13300
