50
4
29.10000
33.47000
1.57000
10.59000
77.40000
10.04000
51.23000
36.86000
39.48000
21.82000
84.29000
19.46000
54.57000
10.04000
41.96000
97.60000
63.88000
14.91000
63.47000
14.51000
8.64000
76.66000
90.03000
8.39000
28.05000
37.49000
62.86000
20.48000
63.35000
36.63000
22.17000
90.98000
55.74000
15.30000
8.20000
62.12000
45.45000
13.72000
61.15000
73.12000
72.70000
72.10000
23.25000
65.20000
78.70000
32.67000
33.71000
78.56000
4.67000
34.64000
39.54000
15.59000
51.85000
51.12000
66.24000
52.59000
16.59000
65.22000
59.51000
60.03000
79.38000
32.75000
84.33000
3.88000
8.21000
18.66000
7.65000
48.11000
66.02000
87.94000
92.45000
59.68000
20.80000
8.55000
7.70000
4.57000
36.52000
43.46000
16.37000
46.74000
79.13000
59.64000
84.42000
53.17000
15.62000
23.06000
78.83000
88.81000
9.94000
97.68000
64.56000
20.65000
28.07000
51.47000
7.58000
12.65000
35.97000
48.41000
71.86000
30.77000
4.91000
11.37000
80.28000
29.75000
38.30000
1.35000
75.79000
36.38000
18.34000
71.80000
13.31000
69.33000
34.76000
15.43000
81.56000
20.32000
78.28000
20.96000
73.27000
78.06000
40.61000
79.10000
78.15000
35.28000
11.47000
81.58000
86.92000
80.70000
80.58000
19.12000
90.30000
7.04000
40.66000
80.43000
79.01000
3.01000
80.43000
58.23000
43.77000
59.33000
91.61000
42.25000
74.29000
67.72000
64.91000
23.19000
62.30000
18.90000
90.06000
90.79000
69.78000
47.58000
33.70000
74.03000
92.23000
38.27000
36.92000
41.24000
80.09000
10.62000
62.79000
96.84000
48.83000
79.09000
27.77000
58.30000
13.92000
61.16000
46.34000
40.09000
89.83000
71.29000
34.96000
57.68000
94.03000
25.94000
9.11000
27.52000
41.99000
39.60000
83.24000
64.10000
48.17000
28.72000
74.84000
83.89000
29.04000
8.78000
98.36000
3.34000
99.08000
94.24000
70.28000
35.93000
75.75000
3.58000
6.06000
98.13000
73.52000
49.26000
07.66000
07.94000
08.80000
06.04000
09.60000
06.07000
06.17000
07.27000
05.87000
05.12000
07.31000
06.36000
05.35000
08.98000
06.11000
07.22000
06.96000
06.57000
06.50000
08.77000
09.59000
06.80000
07.36000
09.90000
07.17000
08.56000
07.62000
09.53000
08.59000
05.77000
06.18000
06.55000
07.76000
07.34000
06.94000
09.88000
08.59000
07.16000
08.81000
08.41000
09.98000
09.14000
05.70000
06.07000
05.83000
07.19000
06.50000
06.75000
05.07000
05.23000
07.26000
09.44000
08.19000
05.76000
06.62000
05.05000
07.57000
05.47000
07.30000
06.39000
08.34000
08.48000
09.45000
08.62000
05.66000
09.96000
08.22000
06.89000
09.68000
05.06000
08.78000
06.36000
05.56000
08.93000
06.28000
07.18000
08.47000
06.74000
05.88000
09.51000
08.54000
08.64000
07.73000
08.51000
05.95000
09.77000
06.98000
09.33000
05.84000
05.31000
08.80000
07.13000
08.38000
05.41000
08.34000
07.06000
08.71000
05.22000
05.76000
09.28000
09.44000
05.39000
08.20000
07.94000
05.06000
07.89000
05.18000
08.55000
05.00000
09.46000
07.20000
06.42000
05.69000
06.48000
05.65000
07.95000
08.52000
05.38000
06.96000
09.57000
09.90000
07.56000
07.52000
07.66000
06.24000
09.42000
08.74000
08.64000
08.94000
07.37000
07.03000
08.91000
09.41000
07.82000
08.79000
09.88000
09.06000
07.17000
05.42000
07.96000
09.29000
06.82000
08.35000
09.55000
06.51000
08.20000
08.96000
06.06000
07.13000
07.69000
08.27000
08.97000
05.36000
08.00000
05.93000
09.26000
06.56000
07.46000
05.09000
08.57000
05.58000
09.79000
08.39000
09.58000
05.08000
07.63000
08.49000
09.92000
07.71000
08.65000
08.05000
07.26000
06.12000
05.48000
09.73000
09.26000
07.98000
05.80000
06.18000
08.57000
05.93000
07.26000
05.06000
07.84000
07.65000
07.52000
09.02000
09.74000
05.77000
09.22000
05.73000
06.92000
07.97000
05.04000
07.82000
07.03000
06.88000
07.61000
07.98000
07.74000
13
22
43
31
12
18
34
4
20
35
49
21
24
3
13
41
23
50
42
29
7
39
15
25
17
45
26
14
13
5
13
8
9
48
30
16
2
11
32
1
36
6
11
33
44
19
28
37
10
27
47
38
46
40
292.17580
