50
10
25.78000
58.92000
6.17000
20.88000
79.37000
7.22000
25.37000
33.85000
9.36000
31.58000
37.18000
93.66000
4.86000
30.27000
45.08000
11.99000
81.72000
25.34000
77.31000
21.25000
82.55000
63.59000
87.83000
81.62000
72.70000
18.55000
55.39000
79.00000
43.28000
85.52000
82.45000
23.07000
10.15000
88.54000
98.27000
47.25000
13.90000
74.41000
56.80000
12.69000
20.90000
15.67000
35.79000
3.33000
22.24000
8.61000
38.71000
28.83000
33.80000
75.27000
52.15000
25.41000
33.97000
34.73000
74.47000
31.41000
74.71000
59.59000
36.28000
90.69000
11.82000
72.94000
55.52000
79.87000
74.61000
62.81000
76.89000
98.36000
22.18000
41.95000
69.85000
72.28000
34.33000
47.88000
28.58000
51.53000
18.64000
43.85000
71.05000
11.74000
6.44000
17.89000
42.95000
52.29000
53.80000
81.74000
12.73000
99.33000
43.54000
74.93000
73.58000
4.74000
81.25000
59.72000
46.47000
41.15000
99.23000
24.11000
74.08000
10.96000
5.75000
8.27000
78.50000
88.75000
26.64000
46.19000
48.61000
79.81000
59.76000
31.48000
38.88000
29.26000
77.66000
41.87000
34.23000
27.20000
77.63000
80.83000
44.33000
89.49000
81.72000
77.59000
4.60000
58.73000
37.71000
85.14000
73.21000
99.27000
17.16000
82.21000
37.07000
4.23000
17.35000
72.27000
4.85000
86.46000
60.33000
83.57000
10.97000
89.56000
93.88000
70.06000
15.60000
78.89000
90.56000
10.50000
3.65000
45.55000
47.66000
7.36000
54.14000
86.66000
64.29000
87.53000
7.94000
85.55000
87.03000
91.60000
34.75000
68.60000
56.12000
80.02000
85.45000
42.38000
33.83000
71.73000
36.66000
38.20000
8.15000
11.44000
86.79000
13.15000
90.86000
66.58000
62.96000
48.04000
22.47000
33.37000
15.06000
50.46000
63.23000
29.75000
17.74000
51.72000
3.16000
99.41000
71.37000
8.90000
53.02000
13.81000
3.09000
2.83000
52.33000
64.16000
60.79000
40.07000
63.34000
71.38000
22.11000
52.96000
79.40000
65.26000
12.67000
96.04000
31.25000
42.39000
71.38000
2.19000
8.97000
37.76000
6.10000
27.31000
65.53000
11.52000
80.19000
44.95000
80.68000
47.60000
86.76000
52.39000
57.89000
56.66000
41.66000
71.68000
25.38000
73.13000
84.50000
50.61000
36.15000
57.16000
82.63000
60.73000
68.91000
92.68000
27.15000
99.32000
28.16000
90.36000
32.93000
89.44000
41.12000
84.62000
41.56000
77.87000
61.77000
35.61000
19.41000
37.16000
68.84000
27.27000
30.54000
12.97000
86.34000
1.26000
34.39000
86.59000
92.85000
60.95000
35.92000
89.15000
35.36000
65.26000
16.96000
58.17000
7.08000
64.06000
83.09000
55.91000
26.95000
32.99000
67.63000
70.38000
39.67000
71.44000
26.65000
15.35000
14.69000
6.55000
40.97000
27.32000
45.21000
86.20000
18.18000
69.55000
51.18000
88.03000
88.59000
31.07000
76.30000
12.42000
11.28000
23.63000
90.02000
82.52000
65.07000
84.73000
86.54000
51.20000
58.55000
78.65000
25.63000
62.66000
99.03000
31.20000
34.93000
71.84000
14.72000
94.54000
85.27000
97.42000
10.33000
18.24000
13.08000
80.99000
33.64000
53.28000
75.52000
87.91000
57.19000
79.37000
59.52000
10.30000
78.29000
1.01000
73.73000
62.00000
19.97000
44.42000
53.57000
85.62000
28.03000
64.59000
58.23000
47.52000
75.00000
40.24000
72.60000
37.79000
59.19000
73.86000
7.37000
72.31000
2.64000
94.68000
94.94000
92.67000
51.13000
56.67000
97.49000
65.22000
83.05000
93.71000
52.73000
80.15000
37.76000
38.07000
86.92000
47.96000
27.77000
92.85000
11.19000
8.81000
65.84000
29.49000
48.68000
43.54000
90.48000
40.19000
51.28000
59.71000
64.94000
44.90000
93.62000
88.64000
76.25000
87.33000
77.08000
87.42000
38.16000
37.92000
26.81000
37.86000
87.18000
88.86000
91.69000
45.55000
87.58000
61.12000
49.36000
42.80000
27.36000
97.38000
98.21000
85.69000
18.30000
68.10000
65.36000
57.04000
97.90000
66.47000
79.02000
42.96000
22.45000
70.68000
94.74000
79.95000
41.88000
3.14000
93.99000
83.55000
24.91000
33.89000
92.61000
75.79000
98.77000
98.33000
32.22000
4.48000
19.46000
57.64000
77.16000
40.14000
62.69000
94.73000
20.55000
81.08000
33.95000
21.28000
76.24000
50.34000
60.47000
69.70000
86.84000
93.71000
96.22000
2.15000
18.69000
84.73000
20.95000
1.57000
60.91000
20.70000
36.13000
77.61000
31.35000
22.66000
70.98000
66.69000
69.62000
38.41000
58.20000
30.49000
10.53000
43.81000
49.09000
55.03000
65.66000
49.50000
52.55000
38.88000
53.12000
11.60000
13.28000
81.41000
28.98000
41.86000
98.73000
9.78000
74.08000
78.80000
6.11000
71.85000
95.97000
85.67000
51.36000
45.28000
27.00000
50.50000
80.17000
29.45000
22.22000
85.04000
62.01000
49.49000
63.47000
28.80000
90.07000
56.29000
58.32000
43.05000
84.29000
25.49000
38.10000
16.80000
88.39000
56.47000
58.87000
61.80000
71.79000
75.37000
03.74000
03.41000
03.38000
01.32000
04.34000
01.84000
03.28000
01.03000
02.18000
01.30000
02.32000
01.32000
02.32000
02.11000
04.09000
01.00000
02.85000
01.62000
01.15000
03.92000
02.85000
02.15000
03.10000
02.89000
02.39000
03.02000
04.51000
03.74000
02.55000
04.56000
04.95000
01.30000
01.42000
04.10000
01.00000
03.41000
02.06000
03.98000
02.25000
02.88000
04.56000
03.51000
03.27000
01.55000
01.99000
03.02000
03.64000
02.24000
04.44000
03.85000
01.20000
03.64000
02.82000
02.20000
02.38000
04.36000
01.88000
02.76000
03.14000
02.86000
01.76000
04.95000
01.18000
02.11000
02.65000
02.25000
03.22000
02.07000
01.76000
01.09000
04.95000
03.67000
01.29000
04.94000
03.08000
04.87000
04.45000
02.24000
03.32000
04.64000
03.43000
02.46000
04.35000
02.91000
03.44000
04.03000
01.89000
04.65000
02.69000
02.43000
04.65000
03.81000
04.38000
02.09000
02.31000
03.34000
04.70000
04.47000
01.59000
03.19000
01.77000
04.24000
03.63000
03.69000
02.15000
04.61000
03.29000
04.87000
03.30000
01.62000
02.75000
01.34000
04.54000
01.83000
03.85000
02.19000
02.20000
04.83000
01.41000
01.49000
01.62000
03.20000
03.26000
02.31000
01.11000
02.50000
02.23000
04.75000
04.01000
01.33000
04.15000
01.86000
02.65000
03.26000
03.84000
03.74000
02.35000
04.86000
01.13000
01.47000
01.44000
03.72000
04.86000
03.11000
03.26000
02.41000
04.84000
01.75000
04.12000
04.52000
03.42000
02.38000
02.26000
01.12000
03.21000
03.27000
03.82000
01.50000
02.40000
02.33000
04.13000
04.04000
02.95000
02.76000
03.65000
02.42000
03.81000
04.77000
03.83000
03.36000
04.92000
01.56000
03.12000
02.55000
03.25000
03.33000
04.97000
04.71000
04.75000
01.29000
01.85000
03.53000
04.36000
03.65000
03.20000
01.71000
02.06000
03.59000
03.47000
02.96000
02.77000
03.33000
02.12000
03.99000
04.47000
02.07000
03.60000
02.49000
02.10000
04.01000
04.97000
02.78000
01.64000
04.66000
02.53000
04.34000
01.37000
03.94000
03.20000
01.93000
02.38000
03.06000
04.57000
04.40000
04.75000
01.33000
01.20000
01.56000
01.55000
03.09000
04.69000
04.25000
02.86000
01.66000
03.60000
04.29000
03.77000
03.38000
03.52000
02.51000
04.34000
03.56000
03.02000
04.74000
01.66000
02.54000
01.68000
01.80000
01.81000
01.65000
04.09000
01.53000
03.86000
03.21000
03.81000
04.76000
03.89000
02.56000
03.42000
01.31000
01.38000
02.36000
03.84000
02.28000
02.42000
02.51000
04.68000
02.24000
03.99000
03.51000
01.52000
01.16000
04.29000
04.83000
03.08000
05.00000
02.53000
02.92000
03.05000
04.70000
02.90000
03.24000
04.14000
04.23000
02.63000
04.22000
02.05000
04.54000
03.89000
01.34000
01.48000
03.58000
01.91000
03.04000
04.13000
04.30000
04.88000
02.77000
04.71000
02.65000
02.00000
02.99000
02.93000
03.60000
03.49000
03.14000
03.48000
01.09000
04.53000
03.70000
01.37000
04.56000
03.46000
02.89000
01.78000
01.04000
04.34000
03.93000
03.47000
01.79000
01.79000
04.16000
02.25000
01.88000
02.12000
01.13000
02.97000
01.39000
04.68000
01.44000
03.44000
01.39000
01.78000
04.66000
02.51000
03.98000
02.76000
03.37000
03.98000
04.21000
01.94000
03.15000
04.70000
02.18000
02.66000
02.57000
02.50000
02.95000
01.23000
01.22000
04.19000
04.62000
03.00000
03.67000
01.61000
02.25000
02.28000
03.50000
03.59000
03.92000
02.01000
03.77000
04.56000
04.07000
01.31000
04.89000
04.35000
02.48000
04.59000
04.88000
01.72000
01.98000
02.29000
03.44000
01.62000
04.77000
01.87000
01.27000
02.00000
02.06000
03.78000
04.08000
01.81000
02.06000
01.48000
02.57000
01.00000
01.96000
01.41000
04.43000
04.54000
03.97000
03.04000
02.39000
02.37000
03.30000
02.80000
02.13000
01.44000
04.13000
02.17000
02.36000
01.71000
03.69000
03.58000
02.79000
04.13000
04.16000
02.50000
04.12000
03.81000
01.68000
04.56000
02.24000
02.25000
02.60000
01.67000
04.96000
04.94000
01.83000
01.45000
02.02000
01.95000
04.68000
04.47000
01.25000
04.37000
01.48000
04.31000
03.46000
04.27000
03.57000
03.54000
02.50000
02.73000
03.27000
01.75000
01.19000
01.83000
01.90000
03.51000
03.36000
04.64000
01.81000
02.39000
01.83000
03.25000
02.31000
04.99000
02.44000
02.73000
03.73000
02.87000
04.00000
01.16000
03.40000
04.62000
02.36000
01.62000
03.65000
03.15000
02.01000
01.96000
03.71000
03.38000
03.73000
02.53000
01.84000
02.34000
02.63000
03.55000
01.50000
02.73000
02.67000
02.23000
01.15000
04.25000
04.79000
04.77000
04.24000
03.61000
02.96000
02.37000
03.22000
02.50000
04.12000
03.24000
03.55000
03.64000
04.23000
04.57000
03.68000
02.72000
04.24000
04.57000
03.06000
04.44000
02.11000
02.45000
02.15000
02.52000
04.79000
02.41000
02.40000
03.66000
04.22000
01.64000
02.26000
03.55000
01.37000
7
16
33
26
6
44
13
3
4
37
48
50
30
7
39
46
29
32
2
23
47
6
49
20
5
38
35
42
4
10
9
14
11
5
25
27
15
28
4
6
1
22
7
41
43
24
3
31
45
12
6
17
19
18
36
40
8
2
34
21
65.76297
