50
10
152.24000
179.10000
167.67000
156.26000
163.71000
166.00000
197.82000
179.08000
166.54000
130.31000
155.46000
168.56000
189.25000
106.78000
181.62000
171.96000
185.35000
155.18000
142.30000
161.55000
133.36000
160.28000
128.52000
134.60000
136.80000
131.83000
156.31000
113.36000
124.19000
104.62000
166.67000
145.11000
149.03000
138.39000
125.61000
102.10000
189.84000
117.93000
124.17000
181.62000
150.14000
152.98000
178.34000
105.91000
158.44000
178.33000
129.16000
122.25000
168.27000
153.73000
167.59000
129.45000
138.21000
100.96000
149.89000
131.34000
119.88000
157.35000
116.96000
192.32000
111.51000
176.15000
125.45000
125.28000
182.25000
182.74000
156.98000
168.11000
126.24000
127.53000
118.21000
183.70000
162.62000
185.89000
140.77000
159.94000
135.53000
158.23000
181.31000
109.72000
114.11000
169.92000
121.46000
170.93000
192.50000
171.37000
167.87000
106.46000
189.84000
137.97000
152.18000
104.21000
150.27000
170.09000
131.02000
177.06000
142.93000
193.14000
186.05000
162.91000
187.14000
125.33000
108.33000
162.42000
139.74000
119.90000
136.50000
128.69000
117.79000
108.76000
116.86000
119.15000
131.04000
107.93000
171.70000
162.29000
114.28000
158.43000
148.27000
111.64000
127.25000
126.27000
118.84000
145.71000
154.74000
102.46000
180.68000
168.03000
106.49000
103.02000
156.05000
107.09000
117.29000
168.97000
192.21000
116.43000
146.89000
166.32000
161.44000
174.55000
180.06000
186.09000
161.00000
184.97000
126.57000
144.29000
113.15000
176.21000
121.18000
181.95000
145.43000
122.59000
106.94000
197.46000
126.05000
171.56000
198.89000
123.05000
198.18000
131.67000
123.18000
128.72000
149.71000
147.06000
180.18000
171.11000
193.54000
186.87000
195.30000
131.87000
167.54000
145.23000
118.91000
117.63000
134.62000
141.31000
126.42000
160.05000
182.66000
119.22000
118.22000
115.75000
124.55000
148.11000
119.69000
166.37000
198.19000
122.13000
181.22000
118.57000
166.47000
160.42000
178.21000
103.97000
117.27000
107.10000
111.04000
179.23000
163.48000
131.34000
161.13000
156.61000
151.95000
100.50000
151.76000
178.00000
125.82000
192.67000
128.48000
162.15000
153.15000
168.11000
182.31000
106.31000
137.48000
136.56000
129.26000
132.75000
107.30000
132.81000
110.34000
188.74000
116.15000
116.61000
191.58000
146.54000
142.54000
172.73000
163.99000
103.42000
189.97000
110.94000
143.58000
181.65000
186.97000
166.00000
171.37000
128.48000
187.05000
197.67000
113.37000
116.19000
168.74000
190.73000
160.61000
142.04000
135.53000
154.94000
129.09000
128.30000
172.65000
141.20000
124.97000
166.42000
173.69000
159.73000
106.34000
153.21000
112.04000
105.51000
131.46000
151.83000
106.84000
153.94000
131.98000
150.17000
102.23000
105.40000
164.53000
161.11000
167.36000
185.29000
110.76000
122.54000
196.36000
143.99000
177.31000
197.36000
108.37000
156.90000
195.82000
173.45000
147.54000
124.40000
122.93000
163.71000
183.00000
171.89000
140.29000
106.02000
108.90000
149.75000
154.52000
163.29000
144.38000
133.39000
197.27000
123.39000
133.57000
123.18000
158.50000
158.49000
143.20000
157.06000
136.01000
159.08000
124.89000
153.28000
111.83000
167.44000
162.89000
118.40000
158.20000
162.08000
141.96000
143.45000
172.41000
146.53000
171.87000
144.43000
176.71000
149.29000
187.38000
162.35000
118.37000
123.89000
148.25000
163.24000
169.65000
148.83000
139.26000
138.12000
127.83000
127.64000
170.17000
102.99000
115.16000
188.82000
175.74000
198.87000
178.91000
185.90000
115.74000
191.78000
191.35000
197.39000
174.94000
172.73000
149.75000
126.81000
120.52000
167.97000
106.74000
199.31000
131.65000
177.38000
186.72000
100.66000
189.96000
119.21000
135.95000
184.64000
145.83000
100.12000
117.31000
170.39000
174.65000
151.74000
118.69000
102.03000
176.82000
130.70000
152.99000
148.73000
177.73000
118.66000
158.10000
104.61000
127.76000
122.25000
196.91000
188.81000
102.31000
173.11000
157.30000
145.49000
101.77000
127.88000
152.18000
143.77000
151.53000
168.20000
119.42000
177.80000
101.98000
100.72000
121.92000
166.71000
128.51000
157.07000
133.19000
187.75000
124.47000
167.96000
154.65000
109.36000
146.83000
198.33000
163.18000
185.32000
154.90000
134.82000
112.28000
175.39000
114.68000
149.67000
180.49000
164.35000
117.19000
140.17000
171.31000
161.96000
178.44000
128.58000
113.25000
102.98000
139.46000
162.16000
159.85000
147.18000
166.26000
113.17000
189.60000
179.33000
149.84000
178.89000
106.03000
109.18000
106.24000
181.58000
137.65000
171.52000
176.46000
168.50000
137.97000
126.10000
126.52000
111.92000
185.52000
157.68000
186.99000
126.32000
146.47000
131.47000
171.71000
153.00000
170.59000
168.31000
102.53000
131.34000
128.52000
122.63000
161.10000
199.24000
114.38000
144.83000
154.04000
119.59000
147.31000
110.30000
113.00000
180.28000
171.47000
119.43000
194.63000
194.20000
155.98000
197.61000
180.56000
199.23000
194.99000
195.22000
177.43000
158.28000
107.64000
187.67000
116.89000
159.22000
138.06000
175.34000
155.57000
114.96000
155.41000
183.62000
175.12000
163.38000
153.82000
162.90000
182.18000
167.37000
03.67000
04.48000
01.27000
01.70000
03.76000
02.58000
02.25000
04.63000
03.15000
01.65000
02.18000
01.80000
02.40000
01.51000
04.14000
03.55000
03.09000
02.99000
04.21000
01.21000
03.80000
03.91000
03.46000
03.10000
04.11000
03.11000
03.97000
02.56000
04.59000
04.41000
04.83000
01.91000
02.84000
04.64000
02.10000
04.48000
01.41000
01.63000
04.87000
02.60000
03.90000
02.21000
03.22000
01.60000
02.87000
02.21000
04.22000
03.80000
03.92000
02.44000
04.03000
02.90000
02.66000
04.70000
03.41000
03.49000
02.23000
04.87000
04.87000
01.24000
04.87000
01.81000
01.60000
02.60000
02.26000
04.46000
03.82000
03.03000
03.11000
02.77000
02.73000
02.97000
01.12000
03.71000
02.53000
03.89000
03.00000
03.22000
04.41000
04.23000
04.45000
02.26000
02.60000
03.45000
02.17000
02.78000
04.28000
02.01000
01.87000
03.73000
01.67000
01.34000
02.25000
01.06000
03.96000
03.92000
03.01000
03.74000
01.37000
01.18000
02.56000
04.58000
03.87000
01.53000
03.53000
04.58000
04.90000
04.04000
03.70000
03.52000
01.92000
01.91000
01.89000
03.46000
04.25000
03.71000
01.94000
03.50000
02.22000
03.01000
04.67000
03.71000
03.16000
02.39000
03.91000
01.16000
03.40000
01.44000
02.48000
01.94000
04.27000
04.72000
04.22000
01.13000
04.09000
01.83000
01.95000
02.79000
02.19000
03.32000
01.51000
04.02000
02.91000
04.80000
01.71000
02.88000
03.56000
02.82000
02.39000
02.46000
04.37000
04.60000
03.74000
04.15000
04.26000
04.86000
04.40000
03.34000
01.42000
04.02000
01.43000
01.16000
01.31000
04.80000
02.78000
02.83000
02.36000
02.91000
01.40000
02.54000
04.05000
03.03000
03.26000
03.50000
02.82000
02.88000
03.30000
01.92000
04.12000
01.16000
01.48000
02.99000
02.41000
01.57000
02.74000
04.91000
01.14000
04.82000
01.05000
02.90000
04.76000
04.60000
03.35000
01.16000
02.73000
03.63000
01.60000
04.88000
01.50000
01.60000
02.77000
02.75000
04.64000
02.28000
01.99000
03.34000
05.00000
03.50000
01.13000
02.65000
01.19000
04.99000
01.27000
01.02000
04.79000
01.56000
04.48000
03.75000
04.38000
01.04000
01.85000
01.19000
01.55000
04.27000
01.45000
04.67000
02.85000
01.07000
04.36000
02.50000
03.88000
02.27000
04.66000
04.03000
01.22000
03.70000
01.42000
03.57000
04.43000
02.19000
02.72000
04.45000
04.10000
03.55000
01.65000
03.01000
03.81000
02.63000
04.28000
04.57000
04.92000
01.64000
01.55000
01.80000
03.68000
03.86000
02.79000
01.96000
02.20000
03.06000
03.03000
04.94000
02.21000
02.19000
02.47000
04.20000
02.39000
01.20000
02.32000
02.21000
02.45000
01.06000
04.78000
02.40000
03.10000
03.70000
01.04000
01.24000
02.04000
04.10000
03.33000
04.18000
01.97000
02.19000
04.83000
01.66000
02.59000
02.93000
03.75000
01.15000
04.61000
04.28000
03.29000
03.09000
01.73000
01.18000
03.67000
04.95000
04.66000
01.60000
03.44000
01.96000
03.45000
02.83000
04.05000
01.86000
04.68000
02.39000
03.11000
03.08000
01.41000
03.92000
03.96000
04.19000
03.45000
04.51000
02.91000
04.78000
01.65000
02.24000
01.31000
01.42000
03.82000
04.19000
01.47000
03.70000
02.80000
02.43000
02.72000
02.18000
04.42000
02.04000
01.40000
04.44000
03.49000
01.10000
02.83000
03.07000
03.86000
02.70000
01.34000
03.64000
02.35000
02.89000
04.26000
04.74000
04.78000
02.78000
03.91000
01.93000
04.38000
03.34000
01.60000
01.93000
04.24000
01.97000
03.32000
01.64000
02.68000
04.95000
04.98000
03.69000
01.67000
03.49000
03.03000
01.78000
04.15000
01.80000
02.93000
02.61000
02.09000
01.08000
03.13000
01.89000
04.42000
03.53000
03.09000
04.31000
01.11000
04.35000
03.25000
03.59000
03.10000
03.75000
01.07000
02.41000
02.36000
02.94000
03.00000
04.50000
03.83000
04.10000
04.50000
02.55000
01.46000
02.45000
02.01000
02.25000
02.22000
02.19000
03.35000
04.65000
04.48000
04.13000
03.50000
03.84000
03.64000
03.40000
03.45000
02.76000
02.77000
04.18000
04.78000
02.23000
01.94000
01.81000
02.06000
04.10000
02.24000
04.61000
02.89000
03.17000
01.74000
01.91000
03.83000
03.28000
03.51000
04.04000
02.46000
01.26000
03.64000
02.33000
01.36000
02.94000
03.21000
01.10000
04.11000
03.14000
04.29000
01.69000
03.29000
01.70000
01.96000
02.42000
04.47000
03.43000
04.30000
02.62000
02.24000
02.18000
02.26000
02.14000
03.84000
03.52000
04.59000
03.00000
01.57000
01.29000
01.65000
01.92000
03.50000
01.22000
03.63000
02.34000
02.33000
01.24000
01.73000
04.71000
03.75000
04.33000
04.15000
02.50000
02.48000
02.43000
04.11000
02.14000
02.22000
04.49000
03.81000
03.10000
03.67000
04.46000
02.43000
01.84000
04.53000
01.31000
04.20000
03.79000
03.51000
02.98000
02.32000
03.42000
04.31000
02.43000
02.97000
04.17000
03.63000
01.61000
01.38000
02.51000
5
14
44
48
39
30
5
42
7
38
31
11
5
49
29
10
33
32
5
47
40
27
46
3
5
16
23
21
4
19
5
18
34
13
17
41
5
36
25
50
43
12
5
22
45
8
5
28
5
15
1
26
6
37
5
9
2
24
20
35
600.79630
