50
4
90.97000
36.73000
31.38000
43.84000
81.71000
42.75000
61.38000
63.21000
12.53000
60.78000
2.07000
15.71000
22.65000
32.04000
91.68000
40.55000
53.30000
95.75000
73.41000
78.94000
45.68000
94.13000
86.49000
72.11000
40.02000
67.40000
72.14000
60.28000
76.53000
55.78000
70.58000
83.67000
96.44000
99.48000
23.02000
83.49000
40.97000
40.72000
68.69000
99.96000
49.33000
18.73000
49.79000
74.30000
62.73000
73.72000
6.56000
46.74000
22.41000
47.90000
25.05000
73.69000
58.12000
94.61000
53.45000
4.50000
68.65000
71.36000
87.10000
92.92000
17.91000
89.70000
91.96000
7.92000
69.87000
16.60000
34.00000
12.48000
91.49000
16.04000
77.20000
72.55000
48.75000
53.99000
88.51000
55.11000
6.61000
96.40000
33.91000
25.12000
30.04000
10.26000
77.37000
47.56000
85.02000
58.52000
85.86000
88.39000
38.51000
9.16000
25.34000
14.58000
54.47000
26.15000
59.78000
89.11000
98.89000
75.45000
56.16000
79.93000
78.07000
1.59000
55.73000
98.80000
52.54000
50.61000
92.09000
90.99000
24.72000
82.64000
22.52000
12.04000
84.32000
88.40000
35.72000
50.68000
24.06000
58.60000
23.43000
98.62000
32.67000
82.97000
75.36000
47.59000
1.85000
53.22000
83.22000
86.30000
21.33000
59.07000
37.75000
7.48000
81.82000
91.24000
28.64000
98.83000
75.05000
41.46000
46.64000
54.09000
90.74000
98.43000
82.44000
61.96000
20.59000
54.88000
27.78000
14.17000
53.34000
99.53000
85.68000
16.24000
73.56000
71.48000
97.65000
68.00000
73.26000
32.47000
39.45000
16.33000
60.03000
95.77000
25.56000
74.71000
49.34000
78.85000
71.44000
60.61000
56.66000
96.18000
93.56000
88.49000
97.45000
64.23000
8.39000
74.82000
88.19000
97.46000
29.40000
35.07000
44.34000
13.35000
73.06000
83.71000
80.37000
25.36000
55.83000
38.21000
13.75000
49.96000
92.19000
13.04000
57.95000
3.63000
98.60000
23.66000
30.44000
99.82000
90.53000
85.55000
05.59000
05.54000
08.16000
05.66000
09.39000
07.33000
06.63000
06.05000
08.51000
08.56000
09.88000
07.83000
06.87000
08.12000
06.83000
09.90000
08.37000
09.92000
06.36000
06.16000
06.92000
07.87000
07.40000
05.52000
06.42000
05.87000
08.84000
06.90000
05.78000
07.84000
09.59000
09.18000
08.90000
07.67000
08.57000
06.29000
09.70000
09.28000
09.66000
07.13000
07.08000
06.57000
06.80000
05.59000
09.94000
08.44000
08.86000
05.60000
07.19000
08.81000
05.24000
08.45000
07.09000
06.05000
07.47000
08.28000
07.65000
09.54000
05.16000
05.48000
08.75000
07.98000
08.45000
05.20000
05.54000
06.53000
07.52000
07.61000
08.17000
05.33000
07.51000
07.85000
06.80000
09.56000
08.58000
06.09000
06.60000
09.35000
05.88000
07.48000
07.70000
09.87000
09.58000
07.18000
05.28000
06.28000
09.83000
05.33000
09.49000
08.73000
06.78000
07.11000
05.48000
07.38000
05.59000
07.67000
08.40000
07.38000
06.43000
07.15000
05.43000
07.23000
05.56000
09.40000
08.10000
08.91000
09.47000
05.32000
07.36000
09.42000
05.69000
08.27000
09.63000
05.16000
05.61000
09.65000
06.31000
07.53000
05.65000
05.87000
08.81000
07.95000
07.20000
08.34000
08.52000
07.82000
06.69000
08.46000
06.87000
08.55000
05.50000
07.64000
05.25000
06.53000
05.05000
07.28000
05.08000
08.19000
06.75000
08.80000
07.75000
09.92000
07.00000
08.59000
09.68000
08.13000
07.21000
08.07000
07.26000
09.22000
09.54000
06.93000
07.06000
05.65000
06.91000
06.09000
06.92000
09.19000
06.17000
07.17000
09.99000
08.48000
09.97000
07.82000
08.93000
06.17000
05.95000
05.71000
06.38000
09.92000
06.79000
08.49000
05.02000
07.39000
05.14000
08.81000
07.48000
06.23000
08.64000
09.34000
06.44000
09.10000
09.97000
07.72000
09.55000
08.66000
06.77000
06.62000
09.46000
07.55000
06.70000
08.68000
08.82000
08.45000
07.42000
06.57000
05.31000
09.00000
06.58000
07.95000
11
7
28
4
43
50
3
49
35
9
47
11
14
22
23
34
1
31
41
30
20
16
18
14
40
27
6
13
26
15
5
24
19
17
21
29
45
48
12
2
25
12
37
33
38
46
8
36
13
10
42
32
39
44
468.92790
