50
4
122.13000
173.84000
194.02000
193.49000
172.07000
168.71000
111.36000
167.08000
191.96000
181.18000
118.95000
128.58000
122.42000
151.87000
157.43000
118.63000
104.07000
121.42000
167.42000
177.84000
177.55000
130.45000
189.54000
146.84000
183.47000
119.58000
164.42000
166.26000
162.46000
129.44000
132.68000
176.71000
155.15000
100.65000
134.95000
118.83000
102.16000
173.84000
111.86000
133.25000
144.12000
189.63000
104.02000
160.57000
121.64000
188.65000
152.07000
141.44000
175.37000
111.52000
165.23000
194.73000
131.19000
171.75000
115.08000
111.43000
112.60000
121.96000
144.45000
136.55000
156.33000
113.41000
118.96000
135.72000
128.02000
111.71000
104.23000
174.57000
193.29000
182.50000
165.90000
118.71000
117.76000
191.40000
169.58000
133.78000
167.06000
104.04000
180.90000
185.39000
106.81000
186.04000
165.49000
139.18000
102.65000
103.02000
188.98000
160.76000
120.19000
120.61000
116.98000
115.77000
125.05000
104.44000
115.12000
169.83000
182.87000
120.13000
149.02000
188.55000
183.30000
126.20000
147.47000
121.18000
135.47000
142.53000
108.63000
164.08000
153.28000
184.67000
180.75000
128.11000
127.37000
143.23000
154.46000
103.87000
148.36000
108.86000
120.38000
182.01000
106.87000
172.16000
169.14000
153.14000
193.53000
123.77000
191.36000
107.88000
198.97000
154.31000
177.67000
136.87000
113.80000
154.40000
118.69000
130.73000
128.66000
114.68000
105.05000
180.08000
134.17000
125.76000
127.36000
175.55000
120.95000
178.27000
176.27000
107.76000
179.64000
162.84000
167.73000
150.78000
179.79000
121.41000
168.86000
191.90000
186.88000
126.70000
110.82000
115.27000
142.63000
172.06000
109.26000
136.52000
162.66000
173.10000
179.79000
171.26000
162.60000
145.46000
138.04000
135.13000
158.07000
104.75000
199.64000
143.76000
164.70000
166.61000
180.20000
112.76000
198.11000
146.66000
195.36000
157.76000
173.93000
160.52000
160.75000
194.39000
107.78000
123.82000
191.97000
138.26000
115.28000
152.18000
104.66000
105.02000
112.07000
161.23000
114.45000
110.27000
01.66000
02.02000
04.24000
05.00000
02.33000
01.55000
01.32000
03.58000
03.61000
03.97000
04.57000
04.62000
04.62000
04.40000
01.12000
03.22000
04.48000
01.97000
02.09000
02.53000
02.33000
03.80000
02.60000
01.67000
01.28000
01.02000
01.77000
03.75000
04.47000
04.75000
02.75000
03.91000
03.01000
02.12000
04.64000
01.27000
04.03000
04.25000
02.57000
02.95000
02.66000
02.27000
03.68000
04.09000
02.02000
03.30000
03.08000
03.80000
01.24000
02.47000
03.70000
03.31000
04.65000
02.06000
01.70000
03.53000
03.36000
02.76000
03.15000
03.75000
03.59000
03.51000
04.18000
04.07000
01.46000
04.44000
04.93000
04.64000
01.10000
01.67000
01.50000
01.57000
02.64000
03.33000
02.04000
02.98000
02.20000
01.54000
02.66000
01.02000
03.91000
04.43000
03.48000
03.79000
03.89000
04.12000
04.64000
03.43000
02.26000
04.73000
02.26000
04.05000
03.15000
02.40000
04.46000
01.79000
02.69000
01.24000
03.36000
04.77000
03.47000
02.68000
03.54000
03.17000
05.00000
04.76000
04.49000
02.56000
03.65000
04.74000
01.12000
04.42000
04.55000
03.75000
02.57000
01.87000
04.82000
02.91000
01.95000
04.03000
01.59000
03.36000
04.38000
04.03000
03.98000
02.20000
03.01000
03.00000
01.11000
04.58000
02.94000
02.06000
02.12000
03.60000
01.31000
02.34000
04.13000
04.41000
03.23000
04.96000
04.26000
04.12000
01.84000
03.04000
03.63000
03.86000
02.26000
01.71000
03.38000
04.75000
03.78000
05.00000
04.26000
03.57000
01.75000
04.41000
02.01000
03.79000
03.81000
02.96000
02.92000
04.20000
04.10000
02.76000
01.12000
02.92000
04.74000
01.94000
02.73000
02.09000
03.85000
02.63000
01.87000
03.83000
03.56000
02.95000
04.68000
02.26000
01.99000
01.02000
01.27000
03.50000
01.28000
02.97000
01.78000
01.69000
03.53000
02.93000
04.32000
02.95000
02.89000
03.01000
03.02000
01.39000
01.47000
01.36000
04.00000
03.16000
01.39000
04.08000
12
25
26
36
27
7
1
34
40
14
11
37
17
13
48
15
22
5
28
41
23
8
44
12
6
42
31
12
29
35
21
32
19
16
33
2
3
4
18
38
13
30
49
46
45
20
10
43
9
47
24
50
13
39
1683.21300
