50
4
179.56000
136.29000
153.70000
192.56000
102.74000
173.15000
181.77000
145.65000
170.87000
102.62000
175.11000
161.64000
124.57000
165.31000
174.33000
181.18000
104.47000
101.85000
120.06000
144.89000
151.18000
152.87000
152.92000
193.38000
105.35000
158.99000
113.54000
167.29000
107.58000
160.84000
142.55000
107.24000
198.51000
199.05000
180.56000
153.85000
118.77000
114.23000
168.21000
147.75000
108.96000
147.01000
146.11000
129.57000
109.73000
138.02000
154.90000
139.93000
161.70000
127.88000
103.94000
178.70000
190.12000
185.32000
112.97000
173.33000
168.21000
150.96000
176.52000
151.39000
183.62000
132.83000
160.21000
178.49000
101.99000
196.57000
129.66000
120.27000
188.93000
107.79000
150.51000
142.34000
110.09000
132.12000
188.37000
110.33000
131.07000
135.19000
108.87000
189.88000
117.50000
182.61000
177.65000
146.59000
135.01000
140.02000
160.31000
146.11000
149.23000
173.05000
122.49000
154.04000
125.78000
147.30000
129.81000
136.03000
130.28000
128.42000
147.89000
157.69000
128.59000
178.86000
174.69000
140.15000
113.38000
196.56000
105.97000
121.92000
138.81000
115.07000
123.21000
199.81000
195.51000
125.00000
117.04000
164.45000
174.12000
116.99000
178.08000
106.45000
165.25000
181.66000
196.95000
116.45000
159.53000
109.64000
164.29000
185.06000
147.58000
191.54000
170.72000
102.92000
120.03000
118.01000
106.85000
160.64000
167.51000
179.65000
163.33000
148.86000
180.64000
167.10000
130.76000
158.20000
150.04000
170.98000
199.78000
179.28000
166.34000
181.91000
147.24000
196.65000
196.70000
164.05000
141.92000
150.07000
134.85000
119.15000
152.44000
160.75000
196.65000
189.31000
194.43000
144.30000
197.74000
190.16000
183.52000
116.35000
153.73000
137.32000
135.32000
192.52000
180.26000
146.42000
165.48000
188.45000
192.94000
133.08000
189.60000
119.76000
107.40000
112.93000
123.31000
102.06000
139.27000
101.60000
182.25000
150.99000
104.18000
114.70000
182.03000
182.18000
117.74000
167.87000
138.28000
111.23000
195.58000
176.72000
166.62000
153.79000
01.95000
03.72000
04.26000
02.30000
01.84000
02.21000
04.06000
03.34000
01.32000
02.59000
01.02000
01.84000
03.54000
03.98000
02.28000
04.91000
03.62000
01.51000
02.96000
03.67000
04.68000
02.30000
02.18000
01.27000
01.84000
01.48000
03.07000
04.81000
02.24000
02.17000
04.75000
01.44000
04.99000
03.50000
02.35000
02.26000
01.23000
04.59000
03.00000
02.40000
02.07000
04.57000
01.81000
05.00000
02.64000
02.57000
01.92000
01.17000
02.07000
01.70000
03.74000
03.92000
02.26000
03.12000
02.64000
02.79000
01.37000
01.97000
03.99000
04.65000
05.00000
03.87000
03.92000
01.63000
01.27000
04.95000
02.56000
01.84000
02.31000
01.33000
04.04000
01.42000
04.25000
01.13000
04.47000
04.49000
03.21000
04.49000
03.99000
03.17000
03.32000
03.53000
02.71000
01.59000
04.69000
02.36000
04.77000
03.87000
03.46000
01.13000
02.28000
02.15000
03.75000
03.94000
03.38000
04.54000
01.69000
02.94000
04.19000
03.16000
04.22000
04.54000
02.46000
01.08000
01.84000
02.46000
03.00000
03.81000
03.58000
01.28000
02.22000
04.00000
02.56000
02.12000
01.25000
02.79000
03.92000
02.12000
01.21000
01.28000
04.77000
02.40000
03.23000
04.62000
02.25000
04.09000
04.44000
01.93000
01.47000
04.30000
01.96000
02.33000
03.56000
04.16000
04.91000
02.94000
01.65000
04.80000
02.43000
04.89000
04.87000
03.35000
03.62000
01.31000
02.33000
04.92000
01.63000
01.32000
03.16000
02.65000
01.93000
01.18000
01.92000
04.14000
04.67000
03.12000
03.94000
02.38000
02.51000
03.19000
04.13000
03.81000
01.57000
03.52000
04.60000
02.56000
03.98000
02.22000
03.48000
04.76000
03.86000
01.43000
02.90000
04.52000
03.35000
03.27000
04.98000
03.97000
04.56000
01.87000
03.84000
01.24000
01.61000
03.34000
01.62000
02.45000
04.64000
01.82000
04.43000
01.73000
03.77000
03.43000
02.41000
01.20000
01.12000
02.30000
01.67000
02.99000
02.82000
04.54000
13
37
50
18
25
5
41
45
19
27
2
13
17
38
12
24
22
15
47
42
48
49
12
28
1
29
23
12
4
44
10
20
3
14
16
11
9
7
26
35
13
32
33
40
30
8
43
46
6
36
21
34
31
39
1729.10500
