50
10
161.07000
133.32000
127.95000
159.11000
123.10000
199.92000
179.80000
114.79000
195.34000
151.83000
181.12000
198.17000
112.56000
130.05000
179.17000
162.76000
134.52000
100.62000
146.23000
187.07000
145.99000
154.55000
179.55000
174.61000
156.73000
107.85000
101.40000
153.91000
101.51000
101.53000
159.05000
178.48000
140.10000
101.62000
124.77000
126.84000
157.25000
199.12000
195.81000
102.50000
162.75000
110.06000
194.44000
133.97000
191.34000
175.45000
167.94000
174.78000
102.80000
161.30000
155.53000
129.85000
159.43000
134.27000
183.53000
189.57000
127.08000
127.05000
165.92000
179.57000
102.44000
131.55000
115.60000
168.99000
110.91000
129.42000
170.46000
151.97000
102.89000
127.30000
193.40000
147.65000
153.76000
156.82000
172.30000
100.17000
163.91000
174.63000
120.06000
178.67000
158.74000
162.36000
174.55000
177.30000
188.63000
126.67000
198.69000
115.20000
128.98000
199.18000
180.35000
136.49000
180.17000
136.55000
132.42000
110.33000
167.60000
120.40000
192.80000
130.86000
154.63000
140.15000
108.18000
131.19000
134.09000
120.78000
125.75000
190.61000
165.65000
136.43000
175.31000
118.05000
165.33000
109.36000
185.37000
148.28000
174.15000
186.83000
109.46000
141.07000
158.13000
141.12000
126.07000
181.17000
108.27000
169.48000
138.74000
178.36000
140.59000
194.19000
175.98000
167.41000
196.12000
162.51000
191.30000
108.07000
140.86000
146.70000
163.21000
185.11000
165.83000
144.04000
195.24000
108.30000
187.04000
176.78000
115.90000
112.41000
145.52000
192.20000
137.06000
156.60000
185.14000
137.39000
100.02000
170.74000
122.37000
191.87000
194.43000
162.53000
110.00000
121.06000
164.43000
132.35000
104.66000
137.86000
179.17000
105.60000
188.00000
180.15000
132.78000
132.66000
166.66000
110.83000
144.40000
188.92000
172.28000
117.78000
158.18000
174.78000
161.50000
113.90000
143.25000
115.63000
115.96000
137.07000
193.76000
161.86000
142.30000
150.19000
128.84000
188.85000
172.17000
141.15000
192.64000
197.00000
162.19000
122.84000
154.30000
111.70000
143.87000
168.40000
171.61000
148.34000
141.17000
191.99000
118.60000
116.20000
184.03000
176.87000
181.65000
118.98000
169.72000
126.55000
170.54000
172.69000
120.50000
169.55000
120.04000
118.35000
183.65000
159.38000
189.90000
121.98000
131.41000
174.56000
164.89000
174.59000
161.07000
118.60000
154.78000
192.19000
194.89000
120.02000
194.34000
115.80000
180.13000
132.33000
143.32000
111.45000
189.05000
134.06000
186.51000
170.13000
118.93000
128.71000
133.65000
107.88000
192.03000
144.80000
139.85000
198.76000
144.72000
193.72000
191.51000
177.70000
174.81000
102.31000
115.74000
170.72000
112.03000
187.67000
187.93000
109.45000
144.27000
193.92000
108.46000
150.52000
184.43000
190.23000
102.72000
175.59000
170.40000
170.71000
121.11000
191.28000
165.07000
154.53000
139.03000
129.25000
156.32000
185.81000
156.84000
146.13000
157.05000
133.70000
199.96000
123.57000
105.15000
192.34000
118.77000
168.19000
163.52000
180.87000
188.66000
111.66000
120.03000
143.42000
110.02000
110.59000
165.93000
139.29000
106.35000
173.38000
114.68000
149.23000
142.15000
131.34000
179.03000
148.29000
104.66000
142.69000
137.46000
121.23000
184.90000
104.67000
193.52000
177.82000
198.89000
139.56000
175.70000
152.83000
187.65000
194.62000
137.52000
106.01000
117.18000
142.12000
157.51000
122.14000
178.50000
179.32000
139.17000
110.98000
187.63000
128.50000
111.03000
107.30000
185.59000
136.90000
126.59000
170.86000
138.38000
176.81000
164.38000
186.43000
137.04000
145.48000
127.90000
163.78000
110.67000
159.83000
143.73000
181.19000
103.60000
144.03000
151.27000
128.87000
199.27000
192.79000
161.73000
119.43000
104.33000
169.00000
194.28000
128.26000
150.40000
160.55000
193.04000
155.75000
194.14000
180.32000
127.16000
127.29000
117.18000
166.22000
190.78000
193.26000
126.16000
181.12000
103.04000
129.07000
152.73000
112.93000
108.08000
135.10000
153.52000
174.53000
175.03000
136.74000
110.17000
103.80000
198.05000
184.38000
129.34000
163.66000
196.27000
153.41000
142.65000
141.97000
154.13000
196.79000
174.83000
120.00000
177.42000
107.16000
110.79000
182.94000
187.88000
161.05000
135.68000
194.28000
145.26000
124.47000
121.75000
132.53000
134.34000
188.43000
166.28000
101.20000
164.88000
168.95000
191.53000
128.82000
171.65000
107.04000
144.76000
168.89000
114.41000
168.72000
198.24000
199.94000
177.93000
145.01000
149.24000
125.47000
171.97000
151.92000
120.02000
174.01000
131.30000
130.47000
157.84000
199.07000
115.69000
146.67000
134.98000
179.17000
109.90000
191.54000
162.00000
148.09000
156.56000
135.61000
153.84000
114.34000
193.72000
106.20000
192.66000
134.69000
193.67000
174.85000
116.35000
103.29000
106.82000
148.18000
187.79000
139.27000
108.54000
157.86000
194.89000
186.79000
199.24000
160.50000
150.53000
114.98000
104.29000
137.77000
192.60000
117.98000
174.10000
196.29000
184.00000
114.93000
184.05000
167.70000
112.60000
149.97000
134.54000
108.66000
191.32000
192.24000
150.95000
100.79000
158.02000
135.89000
183.67000
150.74000
175.61000
100.05000
07.15000
09.65000
08.35000
06.43000
09.76000
06.66000
08.90000
08.98000
08.66000
08.68000
09.84000
05.19000
08.62000
09.57000
09.08000
07.03000
05.68000
09.42000
05.78000
07.73000
07.13000
09.58000
05.36000
06.75000
06.50000
07.64000
09.47000
09.82000
08.58000
07.46000
06.02000
08.91000
09.40000
09.13000
09.18000
07.25000
06.24000
09.01000
09.35000
09.30000
07.65000
09.67000
08.19000
05.80000
08.40000
09.99000
08.62000
08.71000
09.54000
05.05000
09.34000
05.76000
09.85000
05.92000
07.41000
09.78000
09.63000
05.14000
07.64000
09.57000
08.57000
07.90000
08.08000
09.75000
07.85000
06.98000
08.06000
06.22000
09.92000
06.36000
08.14000
06.09000
08.46000
06.32000
05.14000
07.75000
08.43000
08.34000
07.12000
05.82000
06.01000
05.18000
08.40000
06.19000
08.64000
05.85000
09.55000
05.98000
05.01000
05.61000
07.39000
08.57000
05.07000
05.94000
09.97000
08.59000
05.01000
09.62000
06.62000
06.92000
07.99000
05.79000
09.83000
09.54000
06.51000
05.46000
06.53000
08.80000
05.02000
07.69000
06.25000
05.66000
06.13000
09.14000
09.71000
09.92000
08.68000
07.72000
08.87000
07.61000
07.77000
07.59000
06.97000
06.01000
09.74000
09.16000
08.48000
08.67000
07.20000
09.09000
09.11000
05.35000
09.00000
05.29000
05.84000
07.11000
05.22000
06.92000
06.89000
06.22000
07.22000
09.40000
06.74000
06.23000
07.60000
09.37000
06.11000
06.90000
05.20000
09.76000
08.53000
08.73000
05.11000
08.26000
07.99000
07.47000
08.59000
08.60000
08.06000
09.88000
09.82000
08.06000
07.09000
05.90000
05.32000
09.68000
09.73000
06.71000
07.82000
07.80000
06.85000
09.77000
06.34000
07.97000
05.58000
08.76000
06.13000
07.01000
09.30000
08.62000
08.68000
07.99000
07.64000
05.54000
06.77000
05.22000
06.47000
06.97000
09.39000
09.27000
07.93000
06.60000
06.79000
06.96000
05.40000
09.36000
05.48000
06.35000
08.50000
06.46000
09.82000
06.86000
09.78000
09.66000
05.42000
06.10000
09.34000
06.17000
07.01000
08.96000
09.30000
05.25000
09.98000
09.91000
08.20000
09.50000
06.00000
09.68000
05.82000
07.77000
07.98000
05.23000
08.20000
05.16000
05.08000
09.80000
07.62000
08.02000
07.70000
07.84000
07.61000
08.94000
07.52000
05.10000
07.97000
06.77000
07.43000
08.53000
09.73000
06.61000
06.61000
06.36000
05.17000
09.80000
05.45000
08.07000
07.83000
08.95000
05.62000
09.37000
07.51000
07.69000
08.89000
06.53000
06.56000
05.85000
08.83000
05.40000
05.04000
07.21000
08.02000
08.07000
06.64000
07.04000
08.27000
07.92000
06.30000
06.82000
07.64000
09.57000
05.21000
09.31000
05.45000
08.91000
05.82000
08.52000
07.27000
08.06000
06.81000
09.71000
09.92000
05.41000
08.12000
09.37000
06.45000
05.57000
05.96000
05.26000
06.20000
09.44000
07.75000
06.38000
09.71000
09.13000
07.19000
07.99000
08.82000
08.04000
09.23000
06.59000
08.62000
06.25000
06.56000
08.93000
07.52000
09.80000
06.31000
06.68000
06.90000
07.80000
09.87000
09.24000
09.97000
07.52000
08.58000
07.02000
06.22000
07.52000
05.04000
06.68000
06.35000
07.56000
08.10000
06.12000
07.36000
08.69000
07.86000
09.51000
07.45000
08.19000
05.65000
07.25000
06.11000
09.59000
09.09000
06.01000
09.04000
07.69000
07.02000
08.70000
08.24000
08.51000
09.54000
09.48000
06.91000
09.35000
07.99000
08.75000
09.54000
08.73000
08.34000
06.17000
09.43000
08.12000
05.34000
08.93000
09.40000
09.02000
07.24000
07.33000
09.24000
08.80000
08.05000
06.92000
06.09000
06.16000
08.02000
09.52000
08.31000
06.02000
08.65000
08.20000
05.54000
09.59000
07.70000
07.27000
08.66000
09.31000
09.17000
07.31000
09.79000
08.87000
08.32000
05.12000
07.32000
08.20000
06.64000
08.77000
05.88000
08.51000
06.90000
07.59000
06.33000
07.23000
08.09000
07.13000
05.83000
08.05000
05.47000
09.22000
05.95000
08.91000
07.36000
06.85000
05.94000
05.91000
06.85000
09.88000
05.66000
09.20000
05.82000
08.46000
06.16000
08.87000
08.42000
05.81000
09.72000
06.27000
05.07000
06.41000
09.87000
09.01000
07.42000
05.98000
06.40000
05.91000
08.38000
06.50000
05.34000
07.10000
07.12000
06.19000
08.98000
08.90000
09.05000
09.51000
05.86000
08.92000
05.82000
07.19000
05.75000
06.01000
05.35000
06.21000
09.70000
05.27000
06.79000
09.79000
09.99000
08.03000
08.20000
07.00000
09.64000
06.72000
05.76000
09.10000
08.06000
08.33000
06.58000
08.39000
07.37000
05.54000
09.99000
05.76000
05.01000
07.35000
06.54000
08.34000
09.68000
09.03000
08.06000
09.50000
06.31000
07.08000
07.61000
08.87000
06.11000
09.24000
09.50000
07.33000
06.50000
09.53000
09.32000
07.01000
06.18000
08.20000
08.86000
06.29000
05.10000
06.75000
06.20000
09.80000
09.44000
07.93000
05.65000
08.41000
06.65000
05.76000
07.78000
09.26000
5
33
30
29
34
18
5
8
2
38
46
19
5
12
47
23
44
36
5
15
35
28
22
5
5
24
45
40
20
48
5
9
25
21
17
39
5
3
16
43
26
11
5
32
42
1
13
31
5
41
6
4
7
49
5
14
27
10
37
50
658.37320
