50
7
186.27000
112.35000
196.76000
172.89000
146.08000
192.37000
173.32000
188.65000
113.75000
193.72000
191.02000
108.43000
134.35000
182.17000
120.71000
117.53000
142.01000
100.05000
197.30000
152.82000
109.93000
116.25000
169.76000
152.72000
100.36000
176.25000
151.14000
107.22000
114.62000
152.05000
168.53000
107.88000
143.09000
192.25000
113.10000
197.81000
115.21000
171.99000
190.06000
121.69000
149.49000
142.98000
168.71000
175.76000
103.50000
183.49000
132.40000
157.83000
123.87000
148.35000
102.94000
187.54000
188.66000
149.10000
121.57000
157.63000
140.89000
161.18000
151.58000
135.28000
154.00000
175.05000
198.61000
112.44000
165.64000
158.42000
169.81000
170.12000
190.01000
143.09000
123.95000
128.40000
167.88000
174.90000
121.30000
196.39000
116.60000
163.77000
173.75000
122.29000
180.05000
133.67000
194.72000
143.36000
178.69000
172.64000
149.20000
135.91000
159.55000
182.78000
103.74000
165.33000
146.21000
130.25000
176.46000
136.06000
188.81000
195.28000
187.04000
141.61000
166.72000
127.06000
160.40000
131.81000
157.70000
106.92000
199.16000
172.47000
116.82000
195.53000
101.44000
119.81000
194.62000
120.38000
106.07000
183.34000
155.70000
110.53000
140.92000
149.17000
128.72000
146.59000
172.94000
129.92000
156.41000
110.74000
158.14000
114.81000
145.54000
136.72000
191.58000
119.61000
116.98000
159.84000
157.40000
136.66000
155.63000
166.95000
178.78000
184.85000
160.47000
146.49000
167.99000
159.64000
194.53000
138.44000
176.34000
183.06000
134.92000
184.37000
114.87000
198.10000
157.98000
197.43000
143.77000
158.88000
124.65000
150.75000
176.57000
164.07000
103.69000
179.81000
168.09000
161.09000
144.45000
170.30000
199.74000
111.39000
197.88000
196.98000
129.47000
140.54000
166.46000
173.65000
141.81000
188.12000
154.24000
103.20000
197.85000
157.79000
116.84000
127.59000
185.21000
167.29000
111.44000
177.80000
168.13000
198.39000
146.77000
123.91000
137.36000
146.95000
133.14000
125.06000
160.24000
172.88000
132.41000
179.42000
130.68000
150.16000
165.58000
125.67000
153.13000
128.90000
116.20000
151.49000
113.98000
195.46000
117.49000
167.63000
151.76000
184.26000
162.98000
100.80000
110.75000
166.53000
185.23000
104.27000
149.32000
115.07000
105.87000
107.88000
189.86000
154.25000
185.59000
168.02000
168.86000
110.00000
174.15000
117.65000
186.84000
159.80000
160.37000
116.30000
158.42000
182.72000
122.13000
100.04000
162.25000
109.35000
176.37000
131.53000
191.06000
171.89000
129.10000
149.96000
101.63000
154.08000
125.38000
121.12000
127.75000
117.64000
111.72000
130.62000
198.01000
159.29000
106.92000
109.31000
165.06000
129.45000
185.12000
153.71000
170.46000
168.52000
144.90000
104.96000
107.32000
155.92000
111.40000
118.30000
170.31000
160.18000
186.35000
113.02000
105.68000
188.85000
198.00000
122.45000
161.22000
138.56000
151.19000
144.03000
136.32000
145.02000
177.32000
189.21000
131.88000
132.97000
184.35000
133.54000
100.41000
166.23000
106.80000
166.62000
195.96000
197.69000
155.75000
142.10000
124.13000
119.29000
189.34000
190.19000
109.44000
162.47000
154.41000
148.53000
194.28000
187.01000
156.22000
104.15000
141.71000
193.48000
168.75000
120.48000
139.00000
152.33000
130.03000
112.51000
112.46000
160.58000
192.17000
196.79000
177.48000
191.82000
171.33000
141.43000
188.50000
146.19000
197.74000
116.12000
189.01000
100.41000
165.67000
142.09000
161.60000
157.74000
183.48000
142.14000
177.90000
198.01000
123.58000
190.65000
148.59000
127.64000
172.45000
163.54000
173.43000
129.56000
180.63000
188.29000
07.78000
05.01000
09.40000
08.09000
05.22000
09.68000
05.31000
05.55000
05.31000
09.35000
07.62000
09.37000
08.79000
06.65000
08.22000
09.24000
08.04000
07.75000
09.35000
07.14000
09.58000
09.80000
06.19000
09.80000
06.57000
08.48000
09.26000
06.22000
06.31000
05.50000
07.01000
05.17000
07.75000
06.06000
08.26000
07.69000
08.97000
06.39000
09.73000
09.56000
09.70000
06.24000
08.53000
08.86000
08.79000
06.36000
09.65000
08.41000
06.76000
06.03000
06.94000
08.32000
05.35000
05.95000
06.86000
07.81000
09.03000
07.62000
09.54000
10.00000
06.78000
06.61000
06.61000
08.59000
05.45000
05.24000
09.51000
08.93000
05.41000
06.26000
06.93000
05.51000
08.06000
05.28000
07.31000
09.46000
08.27000
08.33000
06.38000
06.05000
06.99000
09.29000
09.63000
07.19000
08.62000
07.48000
09.81000
08.94000
08.63000
05.07000
09.43000
08.99000
05.97000
09.63000
08.27000
09.17000
05.62000
06.65000
05.89000
07.95000
08.52000
09.87000
08.43000
08.47000
09.37000
07.95000
06.22000
08.73000
05.08000
09.18000
08.30000
06.19000
05.57000
06.93000
06.37000
06.92000
08.64000
09.33000
08.72000
05.51000
07.50000
06.80000
07.83000
07.56000
08.24000
09.51000
07.80000
07.20000
07.34000
09.89000
06.85000
09.55000
09.17000
05.16000
09.87000
08.27000
08.49000
09.79000
05.89000
08.02000
07.97000
08.00000
05.57000
06.99000
05.64000
06.31000
08.70000
09.36000
07.44000
05.97000
07.93000
07.74000
09.59000
09.23000
09.09000
09.22000
07.00000
08.42000
05.37000
09.11000
07.00000
05.09000
06.04000
07.81000
09.71000
08.86000
06.40000
08.59000
09.96000
06.04000
05.24000
05.13000
09.90000
07.05000
07.40000
08.97000
06.40000
08.95000
06.21000
07.09000
08.64000
07.96000
06.03000
09.30000
05.53000
06.92000
09.71000
05.85000
08.27000
07.82000
06.15000
09.87000
07.80000
09.30000
07.74000
09.85000
07.35000
09.12000
07.91000
07.21000
06.21000
06.68000
08.73000
06.12000
08.08000
08.15000
06.29000
05.89000
08.67000
06.77000
07.39000
06.78000
06.46000
06.04000
07.89000
05.60000
09.07000
05.47000
06.52000
08.93000
05.75000
08.08000
07.44000
05.62000
09.89000
07.91000
07.67000
09.28000
06.54000
07.53000
09.63000
05.78000
09.86000
05.49000
08.62000
05.77000
05.68000
08.89000
05.36000
07.15000
08.96000
05.84000
08.43000
07.60000
06.29000
07.94000
06.81000
07.06000
08.42000
07.84000
06.14000
06.78000
06.96000
06.67000
05.74000
08.59000
07.87000
07.64000
07.78000
07.45000
07.02000
08.84000
08.52000
09.80000
07.15000
06.59000
06.50000
06.23000
06.96000
05.11000
05.00000
08.96000
08.72000
08.99000
09.61000
09.35000
05.67000
05.75000
05.64000
05.42000
09.59000
08.26000
05.69000
09.30000
08.27000
07.31000
07.13000
09.78000
08.03000
09.07000
09.57000
09.80000
06.17000
07.59000
07.41000
08.92000
08.54000
07.33000
07.31000
05.84000
06.43000
07.23000
06.71000
05.35000
07.97000
05.96000
05.63000
06.70000
06.57000
07.06000
06.49000
06.46000
08.64000
08.50000
08.70000
06.56000
05.98000
05.55000
05.82000
09.96000
08.27000
08.21000
08.02000
08.11000
05.58000
08.76000
09.66000
08.50000
05.89000
09.27000
06.70000
07.11000
07.54000
09.03000
09.26000
05.96000
06.79000
07.13000
09.09000
05.57000
05.27000
09.92000
07.08000
07.49000
07.52000
08.51000
05.79000
06.75000
08.45000
06.27000
7
23
42
2
32
29
37
45
7
4
20
5
25
1
27
41
7
9
46
12
15
36
6
26
7
35
7
39
49
11
31
28
8
34
18
21
14
40
47
22
38
7
33
50
13
43
16
8
24
7
17
19
48
44
3
10
30
1057.96400
