50
4
153.33000
130.34000
177.79000
118.96000
166.21000
170.96000
173.69000
153.93000
180.29000
160.44000
191.10000
108.06000
136.19000
139.39000
170.64000
121.98000
174.53000
148.44000
152.94000
136.32000
135.94000
128.22000
178.62000
191.70000
161.05000
119.35000
188.32000
128.74000
190.49000
162.46000
122.64000
188.08000
164.86000
198.17000
122.23000
110.33000
124.81000
167.11000
127.70000
136.11000
110.96000
109.91000
179.68000
106.07000
163.93000
167.18000
118.79000
160.81000
124.34000
179.55000
115.56000
197.80000
104.60000
145.56000
131.87000
126.27000
193.08000
148.16000
108.94000
144.42000
125.14000
173.25000
112.40000
117.86000
166.41000
186.44000
107.88000
112.22000
182.51000
153.38000
161.00000
193.13000
139.06000
139.67000
137.39000
126.21000
101.69000
110.95000
102.67000
177.09000
136.03000
132.84000
122.47000
111.40000
107.69000
170.97000
162.40000
194.75000
182.31000
190.95000
188.11000
192.77000
125.51000
158.42000
165.20000
171.10000
102.91000
139.00000
159.32000
195.34000
162.07000
104.68000
183.87000
186.21000
112.33000
126.92000
108.75000
100.65000
159.49000
106.22000
175.85000
167.45000
194.17000
133.19000
175.78000
177.25000
107.00000
198.47000
199.17000
120.67000
188.61000
192.68000
136.65000
188.33000
129.62000
106.45000
178.84000
170.86000
120.65000
130.40000
116.37000
158.89000
152.33000
155.15000
139.86000
143.03000
115.29000
171.34000
139.94000
113.91000
100.14000
169.58000
107.23000
162.16000
197.52000
140.50000
132.35000
178.41000
198.05000
174.73000
108.65000
114.17000
189.48000
113.73000
192.63000
108.46000
170.06000
162.82000
198.71000
166.25000
180.54000
133.22000
142.51000
103.17000
136.56000
140.56000
139.65000
134.84000
153.73000
100.47000
105.76000
176.89000
147.69000
128.56000
156.47000
144.94000
134.05000
140.47000
107.40000
154.61000
128.45000
151.82000
174.17000
121.54000
146.50000
178.23000
172.41000
161.34000
103.84000
135.32000
117.75000
189.64000
116.08000
138.73000
125.80000
122.07000
198.86000
104.08000
112.20000
174.24000
04.12000
01.95000
01.39000
01.65000
03.23000
01.99000
03.04000
02.86000
03.21000
01.16000
03.12000
02.78000
03.17000
02.60000
04.74000
04.52000
02.23000
01.43000
03.03000
03.22000
03.52000
04.77000
01.11000
01.99000
02.17000
03.75000
02.11000
03.96000
01.31000
01.49000
01.15000
04.25000
04.04000
01.12000
01.37000
01.99000
01.52000
01.76000
01.88000
04.31000
04.84000
02.54000
01.80000
02.33000
01.15000
02.58000
04.27000
03.18000
01.56000
01.01000
01.49000
03.27000
04.67000
02.53000
01.51000
04.08000
04.53000
02.94000
03.24000
03.13000
04.16000
01.66000
02.80000
04.54000
03.68000
02.80000
04.32000
04.45000
03.22000
02.50000
03.92000
02.96000
02.92000
04.87000
01.73000
04.22000
02.88000
02.04000
01.87000
04.34000
03.23000
02.14000
04.47000
03.45000
04.11000
01.29000
01.66000
01.68000
01.63000
03.62000
01.55000
03.14000
03.92000
01.25000
04.27000
03.97000
03.11000
02.31000
01.96000
04.28000
04.47000
04.21000
02.62000
03.32000
04.23000
03.58000
01.93000
04.13000
01.36000
01.11000
01.17000
03.65000
04.99000
01.91000
01.46000
03.01000
04.24000
03.11000
03.94000
03.34000
04.23000
01.85000
01.74000
01.76000
02.10000
03.23000
03.96000
03.40000
02.96000
04.40000
03.75000
01.37000
03.95000
02.47000
02.22000
04.82000
02.19000
02.56000
04.50000
02.85000
02.79000
01.81000
03.71000
04.60000
02.90000
01.34000
04.99000
03.19000
03.62000
02.27000
04.95000
03.97000
02.17000
04.07000
02.97000
03.00000
01.11000
01.03000
03.34000
03.42000
01.45000
04.44000
04.19000
03.34000
01.33000
04.41000
03.63000
04.89000
02.87000
03.07000
03.80000
02.20000
04.20000
02.55000
02.82000
01.38000
03.44000
04.97000
02.81000
04.58000
02.71000
04.46000
01.90000
01.90000
04.14000
03.14000
02.21000
03.47000
01.87000
03.14000
01.87000
03.43000
02.00000
02.59000
03.01000
03.89000
02.67000
03.60000
03.74000
02.98000
12
45
31
38
37
4
36
19
44
42
12
16
22
13
5
1
32
29
28
13
27
9
47
33
35
18
3
12
11
46
10
23
50
25
7
40
26
30
17
8
13
15
34
41
43
39
24
6
20
14
49
48
2
21
1691.78200
