50
4
49.99000
70.46000
46.29000
40.76000
7.31000
37.07000
12.32000
52.04000
66.36000
4.08000
1.19000
34.34000
69.36000
11.73000
53.12000
27.88000
56.52000
1.22000
10.33000
72.88000
68.08000
12.78000
12.04000
11.56000
45.24000
86.63000
98.46000
82.13000
28.22000
64.98000
12.81000
27.82000
57.25000
87.05000
92.32000
86.83000
73.54000
94.07000
80.20000
2.40000
18.32000
27.24000
16.67000
12.74000
30.79000
25.80000
40.95000
59.07000
52.18000
30.96000
88.29000
69.98000
36.62000
62.71000
26.28000
54.43000
77.78000
78.01000
38.35000
92.08000
77.00000
79.99000
90.47000
49.89000
99.26000
34.63000
49.61000
91.84000
11.52000
6.89000
79.73000
84.89000
76.75000
61.73000
47.81000
94.02000
62.92000
66.13000
18.82000
85.19000
35.00000
85.06000
57.71000
24.37000
57.96000
84.48000
31.47000
75.52000
97.76000
30.37000
5.07000
6.63000
21.38000
86.69000
43.46000
80.65000
91.78000
21.40000
13.61000
65.56000
80.82000
73.09000
44.43000
71.27000
45.95000
23.24000
71.83000
26.84000
34.30000
6.67000
68.32000
11.06000
36.60000
14.10000
24.61000
14.63000
43.57000
36.25000
30.43000
28.29000
45.91000
63.84000
76.49000
42.74000
34.37000
87.58000
54.51000
48.71000
98.64000
98.20000
54.21000
36.91000
31.45000
86.42000
66.31000
97.07000
21.52000
42.94000
81.53000
21.89000
59.57000
57.50000
90.59000
99.12000
37.31000
21.82000
84.20000
22.45000
44.47000
25.60000
61.44000
19.82000
28.04000
80.95000
1.66000
85.09000
58.47000
21.81000
2.42000
4.41000
58.18000
71.94000
79.19000
90.23000
42.64000
48.82000
49.45000
61.02000
27.31000
66.90000
27.66000
31.26000
27.68000
42.67000
29.29000
16.42000
59.19000
90.58000
69.81000
31.95000
38.33000
28.10000
65.69000
93.34000
79.57000
68.71000
32.40000
18.04000
99.36000
29.88000
84.40000
19.53000
14.19000
26.06000
39.16000
14.28000
37.51000
72.74000
11.16000
17.76000
03.86000
03.08000
01.77000
02.26000
04.20000
02.54000
01.55000
04.81000
01.21000
02.95000
03.56000
03.87000
02.01000
03.44000
02.93000
02.56000
01.73000
03.13000
02.78000
04.02000
03.49000
01.14000
02.24000
03.37000
02.42000
04.60000
04.43000
03.73000
01.65000
04.64000
04.48000
04.23000
04.30000
04.38000
01.50000
03.99000
01.48000
02.94000
02.64000
02.14000
04.34000
03.46000
03.00000
01.80000
04.00000
01.05000
01.72000
02.10000
03.57000
02.84000
02.34000
03.84000
01.72000
04.96000
02.34000
04.45000
01.71000
02.33000
02.35000
03.61000
03.78000
02.31000
02.51000
01.45000
04.06000
01.04000
02.94000
02.09000
02.67000
02.63000
03.76000
01.66000
03.74000
03.21000
01.11000
04.28000
03.39000
02.90000
03.10000
02.08000
01.75000
01.83000
01.86000
03.18000
02.94000
04.13000
01.52000
03.70000
03.10000
01.92000
02.20000
03.78000
02.33000
03.32000
04.02000
03.54000
04.77000
04.46000
03.11000
03.09000
04.34000
02.76000
02.77000
01.12000
04.86000
01.34000
04.24000
03.55000
03.56000
04.89000
02.45000
03.50000
01.57000
02.53000
02.54000
02.11000
04.01000
03.38000
01.63000
04.49000
04.02000
04.57000
04.83000
03.78000
02.71000
03.24000
01.29000
01.09000
01.21000
04.49000
04.11000
01.56000
04.64000
01.45000
02.43000
02.31000
02.13000
03.26000
01.38000
04.46000
02.81000
03.04000
02.07000
01.14000
03.80000
01.90000
01.63000
01.47000
02.22000
04.98000
01.54000
03.89000
03.76000
03.78000
03.39000
04.83000
03.18000
04.30000
02.90000
04.46000
03.31000
04.58000
02.19000
04.91000
02.30000
02.73000
03.40000
04.30000
02.26000
04.89000
04.64000
04.76000
01.32000
01.18000
04.05000
04.41000
01.60000
01.72000
03.74000
01.38000
01.23000
04.65000
01.84000
01.79000
02.33000
04.08000
04.47000
03.77000
03.03000
02.14000
01.77000
01.44000
01.46000
04.95000
03.86000
04.93000
03.73000
02.64000
04.85000
04.36000
15
39
4
1
22
7
44
32
43
23
24
31
10
40
18
11
12
3
35
17
45
34
29
48
49
19
20
41
42
11
28
27
13
6
37
15
16
33
14
50
12
12
30
36
47
25
21
2
8
38
26
46
9
5
328.36980
