50
7
128.81000
160.37000
110.15000
166.80000
160.75000
110.28000
155.46000
126.86000
120.84000
178.47000
189.75000
170.12000
181.12000
192.05000
104.57000
186.97000
190.16000
142.18000
143.04000
106.84000
123.13000
134.09000
149.83000
148.26000
131.71000
137.06000
121.18000
168.77000
194.19000
134.43000
154.91000
115.02000
165.40000
173.63000
100.36000
172.70000
126.74000
116.13000
108.48000
116.56000
136.16000
187.46000
181.74000
160.42000
178.19000
127.23000
124.21000
107.16000
113.91000
139.09000
172.80000
151.39000
102.84000
129.52000
172.57000
126.24000
143.34000
153.54000
141.44000
156.30000
150.28000
167.02000
127.59000
185.47000
147.62000
183.40000
168.29000
134.22000
123.41000
167.67000
139.85000
149.55000
179.74000
186.37000
107.65000
155.05000
182.78000
157.62000
176.14000
100.88000
112.74000
101.11000
138.81000
113.74000
113.93000
188.06000
128.25000
146.90000
144.68000
191.29000
166.07000
130.20000
127.41000
135.16000
112.98000
120.02000
198.59000
145.60000
118.73000
149.34000
128.31000
137.15000
180.67000
122.65000
137.91000
141.92000
139.64000
190.28000
109.97000
159.25000
187.13000
128.73000
178.24000
184.20000
138.91000
158.86000
178.01000
100.89000
187.31000
165.58000
196.16000
132.53000
151.22000
147.86000
121.11000
191.37000
126.11000
168.74000
192.85000
128.72000
133.99000
105.32000
152.93000
184.97000
173.46000
198.76000
194.47000
139.57000
169.65000
104.29000
112.15000
161.01000
124.28000
141.19000
152.21000
156.86000
165.62000
142.82000
162.45000
123.77000
115.19000
157.66000
124.25000
168.59000
106.15000
181.02000
104.93000
140.41000
124.92000
157.96000
197.87000
140.29000
175.16000
144.09000
145.00000
155.88000
174.60000
196.60000
177.34000
151.39000
105.02000
124.22000
164.96000
117.59000
162.27000
137.25000
166.98000
121.83000
106.27000
197.56000
181.61000
157.98000
110.98000
168.58000
196.08000
196.52000
114.46000
165.29000
136.73000
134.45000
168.79000
104.26000
118.94000
145.38000
190.13000
153.59000
197.14000
129.44000
108.72000
182.96000
132.16000
131.04000
154.34000
101.70000
192.12000
164.65000
129.55000
116.68000
192.98000
146.09000
155.71000
199.87000
167.71000
175.89000
110.30000
140.09000
175.83000
168.66000
172.37000
115.23000
153.42000
103.06000
172.55000
142.22000
163.13000
171.81000
143.00000
127.08000
144.16000
131.69000
167.47000
114.87000
162.29000
153.57000
131.25000
139.72000
159.86000
172.35000
171.23000
174.82000
105.76000
137.00000
125.82000
182.44000
145.44000
160.57000
185.01000
163.88000
150.93000
170.14000
150.68000
140.66000
115.45000
126.57000
162.07000
153.20000
134.49000
179.22000
157.24000
186.82000
177.61000
186.43000
132.83000
146.37000
142.25000
147.56000
124.54000
163.22000
139.88000
163.53000
157.12000
145.35000
146.02000
186.85000
194.39000
127.27000
150.29000
171.55000
189.23000
120.07000
106.34000
123.27000
133.58000
161.39000
181.90000
149.16000
108.46000
165.45000
108.76000
107.98000
133.91000
173.01000
132.76000
160.02000
119.09000
101.41000
163.82000
117.16000
112.18000
194.55000
159.10000
119.53000
128.70000
142.26000
107.54000
122.93000
178.79000
176.98000
150.72000
131.69000
136.38000
168.33000
158.31000
189.34000
178.20000
110.58000
151.57000
178.44000
107.50000
112.08000
153.28000
170.61000
104.13000
145.25000
137.83000
176.55000
174.47000
196.56000
181.12000
196.02000
101.50000
116.55000
110.66000
167.83000
194.72000
169.82000
155.50000
119.88000
140.23000
185.02000
196.25000
119.09000
150.67000
104.89000
115.09000
121.47000
115.25000
136.22000
145.76000
122.10000
04.12000
02.29000
02.21000
01.22000
03.87000
02.46000
02.89000
02.45000
02.81000
02.50000
02.45000
02.77000
02.29000
01.16000
03.91000
01.31000
02.47000
01.49000
04.10000
04.56000
04.35000
04.88000
03.65000
04.28000
03.72000
05.00000
01.01000
03.58000
01.18000
01.85000
02.46000
02.84000
04.15000
03.74000
04.06000
01.80000
04.88000
01.31000
01.70000
01.48000
02.39000
01.47000
01.08000
02.23000
04.56000
01.49000
03.73000
01.69000
02.04000
02.91000
03.20000
02.34000
04.21000
04.25000
03.48000
04.82000
02.39000
01.36000
02.53000
03.23000
02.66000
01.29000
04.58000
02.31000
04.14000
04.44000
03.14000
01.61000
02.27000
01.01000
03.05000
01.48000
02.79000
01.00000
02.49000
01.09000
03.78000
04.25000
02.90000
04.43000
01.60000
02.40000
03.07000
02.28000
04.93000
04.89000
01.10000
02.26000
04.77000
05.00000
04.37000
02.78000
04.45000
01.79000
03.63000
03.09000
01.57000
02.15000
02.88000
01.22000
04.70000
03.81000
02.00000
01.10000
01.85000
02.36000
02.26000
04.90000
03.07000
02.48000
02.46000
02.26000
02.31000
02.74000
02.70000
04.68000
01.33000
03.06000
01.92000
03.98000
03.70000
02.64000
03.83000
02.26000
04.82000
02.02000
02.99000
01.98000
01.89000
01.05000
02.75000
03.88000
03.92000
04.86000
01.29000
01.02000
01.74000
01.94000
01.58000
04.77000
01.98000
02.06000
01.42000
02.81000
01.10000
02.32000
03.42000
01.15000
03.37000
01.11000
04.79000
04.17000
01.94000
04.88000
02.60000
01.54000
02.26000
03.47000
01.14000
04.05000
04.18000
01.25000
01.96000
03.02000
04.65000
01.72000
04.94000
01.58000
01.96000
03.15000
02.26000
04.70000
01.71000
04.67000
04.43000
01.12000
02.78000
04.18000
02.25000
01.44000
03.41000
04.43000
04.85000
04.03000
03.11000
02.95000
01.65000
01.10000
04.74000
02.10000
04.42000
04.67000
04.44000
03.06000
01.21000
04.55000
01.69000
03.81000
02.39000
02.39000
02.40000
01.79000
01.81000
01.47000
01.73000
03.35000
02.83000
04.56000
04.71000
03.24000
01.31000
02.52000
01.39000
03.39000
01.94000
02.70000
02.62000
04.05000
01.23000
01.75000
02.08000
01.77000
01.51000
03.64000
02.25000
03.43000
04.92000
01.65000
04.43000
04.22000
03.41000
04.37000
02.71000
01.63000
04.75000
01.71000
02.02000
01.48000
02.50000
02.88000
04.10000
03.88000
02.07000
02.41000
01.48000
01.28000
02.64000
02.14000
03.53000
04.41000
01.98000
03.43000
02.80000
04.63000
03.31000
04.33000
02.99000
02.24000
03.65000
03.25000
04.35000
04.86000
01.39000
01.63000
01.20000
02.58000
02.27000
01.69000
02.14000
01.28000
01.30000
04.48000
04.13000
04.66000
04.84000
03.86000
02.41000
04.23000
04.53000
04.49000
04.53000
01.33000
03.33000
03.87000
04.37000
01.09000
01.54000
02.28000
04.13000
02.46000
02.74000
04.83000
04.28000
04.20000
03.84000
03.44000
01.66000
02.90000
01.05000
02.85000
02.22000
04.18000
01.17000
02.98000
04.65000
01.34000
01.43000
02.16000
01.27000
02.92000
01.35000
02.61000
01.72000
01.70000
01.73000
03.02000
01.46000
01.76000
04.17000
04.37000
03.75000
04.52000
01.10000
03.99000
01.65000
02.69000
01.74000
01.50000
04.07000
02.29000
02.15000
04.82000
01.71000
04.68000
03.17000
04.22000
01.07000
04.50000
04.48000
02.24000
02.48000
03.73000
02.56000
03.77000
02.08000
01.64000
04.71000
01.99000
01.83000
04.82000
8
38
40
39
48
3
6
15
35
7
31
34
10
33
25
32
30
7
4
50
12
27
9
18
1
7
37
14
29
5
43
24
42
7
36
28
21
20
22
41
8
7
49
13
17
7
26
45
46
7
11
23
16
2
44
19
47
928.38810
