50
7
46.39000
15.05000
72.34000
13.63000
34.59000
83.70000
93.89000
50.56000
66.14000
62.17000
70.51000
12.09000
14.35000
76.29000
92.82000
86.68000
26.30000
18.32000
5.51000
6.49000
77.40000
91.42000
50.80000
86.83000
20.83000
67.19000
26.99000
87.71000
33.09000
28.14000
30.89000
55.28000
69.46000
21.22000
12.37000
74.39000
12.53000
8.28000
21.85000
21.03000
18.66000
14.61000
61.81000
7.89000
72.55000
79.41000
37.24000
37.83000
36.66000
8.29000
82.51000
42.64000
17.07000
49.94000
87.60000
91.89000
45.47000
68.98000
3.32000
13.27000
31.36000
43.56000
75.37000
48.24000
97.47000
85.98000
43.63000
19.06000
33.96000
62.57000
82.67000
71.26000
40.90000
39.22000
59.20000
30.21000
84.80000
33.87000
76.63000
44.55000
47.08000
65.99000
29.53000
41.71000
70.59000
8.12000
49.14000
74.44000
15.08000
31.33000
57.87000
73.28000
1.76000
60.74000
16.82000
94.05000
66.72000
23.02000
74.23000
70.39000
21.19000
10.28000
8.39000
58.54000
78.55000
88.39000
60.49000
82.85000
64.71000
21.14000
17.69000
69.00000
13.09000
1.66000
93.60000
37.63000
57.63000
14.22000
82.64000
72.80000
86.33000
81.80000
3.50000
74.50000
87.73000
18.52000
49.70000
6.13000
2.42000
73.20000
45.04000
43.02000
69.54000
87.80000
87.11000
27.92000
84.27000
41.98000
2.80000
15.51000
41.35000
3.55000
90.82000
24.87000
85.55000
79.02000
82.15000
89.04000
66.20000
67.04000
1.16000
14.85000
22.47000
94.08000
26.92000
5.40000
45.78000
78.46000
70.93000
14.96000
22.44000
7.09000
37.82000
98.59000
92.99000
65.74000
44.12000
15.90000
90.11000
20.98000
71.82000
72.53000
83.16000
61.67000
17.80000
80.70000
31.70000
56.48000
40.38000
2.64000
32.93000
98.37000
14.79000
99.14000
74.24000
59.08000
77.69000
88.06000
82.67000
34.67000
82.65000
84.78000
73.47000
97.98000
45.68000
57.72000
1.52000
51.17000
95.70000
75.87000
4.17000
94.39000
38.06000
86.96000
78.90000
32.44000
98.51000
14.29000
11.59000
8.55000
76.35000
49.37000
32.88000
23.26000
48.31000
82.13000
3.70000
91.03000
92.65000
90.68000
58.76000
91.73000
41.68000
91.78000
62.08000
18.16000
26.25000
91.39000
52.49000
25.53000
30.27000
35.12000
95.10000
84.99000
39.18000
55.76000
33.81000
33.10000
89.49000
27.76000
35.84000
17.34000
21.23000
12.78000
47.18000
50.63000
22.50000
12.10000
40.15000
60.79000
46.79000
17.41000
20.38000
98.93000
97.41000
63.76000
12.05000
56.60000
73.20000
47.45000
18.30000
34.25000
69.82000
72.27000
36.56000
31.25000
23.62000
70.30000
78.20000
48.52000
58.10000
49.41000
19.99000
39.02000
38.44000
43.79000
49.64000
56.26000
16.99000
64.41000
22.28000
6.81000
84.78000
49.54000
4.95000
95.78000
25.00000
13.24000
29.12000
84.30000
55.52000
94.88000
41.18000
32.09000
86.38000
14.62000
50.95000
49.88000
66.29000
13.91000
26.24000
59.46000
72.28000
50.20000
32.34000
71.23000
75.37000
26.47000
98.19000
29.54000
2.35000
49.52000
94.78000
76.46000
28.18000
14.68000
43.15000
95.73000
57.09000
29.22000
64.86000
59.27000
69.13000
65.82000
35.54000
76.65000
70.61000
12.11000
30.35000
48.65000
44.67000
17.11000
76.52000
13.69000
99.74000
45.77000
4.79000
98.37000
24.05000
27.47000
92.99000
71.97000
28.10000
4.51000
26.47000
88.93000
2.22000
82.60000
36.62000
45.37000
01.70000
02.45000
04.40000
04.32000
02.72000
04.30000
03.91000
04.29000
01.04000
03.13000
02.42000
02.46000
02.03000
01.71000
02.96000
01.99000
01.85000
03.08000
02.34000
01.34000
01.49000
04.63000
01.22000
04.29000
04.74000
04.05000
02.03000
01.94000
04.22000
01.32000
03.05000
02.69000
03.33000
04.75000
04.35000
02.26000
02.31000
04.98000
01.81000
01.67000
04.22000
04.94000
01.15000
01.27000
04.89000
01.87000
03.86000
02.71000
03.02000
01.34000
02.68000
03.08000
01.23000
03.48000
02.32000
04.57000
04.82000
01.17000
03.85000
04.12000
03.63000
01.80000
03.50000
02.47000
04.78000
01.77000
02.79000
03.15000
03.71000
03.29000
02.56000
02.53000
02.15000
04.36000
04.98000
03.78000
02.18000
04.81000
03.49000
02.88000
04.16000
04.28000
04.90000
02.62000
04.79000
04.22000
03.28000
02.61000
03.05000
01.90000
02.03000
01.27000
02.27000
04.39000
03.89000
01.84000
04.06000
02.58000
04.88000
02.35000
03.28000
03.76000
02.41000
03.47000
02.63000
01.43000
03.43000
04.44000
02.17000
03.77000
02.51000
04.09000
03.86000
01.39000
03.77000
01.93000
01.45000
02.18000
02.12000
01.77000
02.52000
01.37000
01.30000
01.72000
02.47000
03.49000
03.84000
04.24000
02.49000
04.37000
01.12000
02.05000
03.59000
01.17000
03.29000
04.23000
04.61000
02.35000
01.34000
02.15000
04.17000
01.70000
01.07000
03.49000
02.74000
04.31000
01.08000
02.25000
04.58000
04.58000
01.22000
03.03000
02.87000
01.45000
02.82000
04.36000
02.05000
02.55000
02.28000
02.94000
01.95000
04.98000
01.14000
02.11000
03.53000
04.20000
03.29000
04.99000
01.07000
02.52000
04.91000
04.56000
04.17000
03.05000
04.49000
01.56000
03.72000
03.70000
04.85000
02.57000
01.95000
03.21000
03.12000
01.99000
02.39000
03.11000
04.72000
04.01000
03.87000
01.78000
01.40000
04.65000
02.56000
04.38000
01.23000
01.73000
01.91000
04.89000
02.58000
04.90000
01.50000
04.82000
01.46000
03.88000
02.97000
01.93000
04.19000
01.57000
02.21000
02.48000
04.49000
01.26000
01.27000
04.42000
03.06000
02.30000
03.02000
04.00000
04.43000
01.33000
01.12000
01.76000
02.91000
02.33000
02.05000
04.59000
04.65000
02.57000
03.11000
03.67000
01.59000
02.65000
02.40000
04.50000
01.50000
04.46000
04.85000
04.89000
01.95000
01.24000
04.19000
04.96000
04.34000
03.50000
04.96000
01.15000
03.86000
01.08000
04.52000
04.21000
03.14000
01.95000
04.93000
01.57000
03.70000
02.73000
04.42000
02.63000
02.39000
03.66000
02.20000
04.83000
01.62000
02.18000
04.58000
02.24000
03.10000
04.50000
04.20000
04.77000
01.86000
03.68000
01.98000
04.10000
04.25000
01.57000
01.17000
03.75000
01.92000
02.84000
01.34000
01.04000
01.83000
04.98000
04.35000
01.12000
04.27000
04.27000
04.39000
02.94000
04.83000
01.84000
01.97000
01.26000
04.41000
01.59000
01.88000
04.66000
03.22000
04.26000
03.88000
04.06000
03.60000
04.71000
03.38000
04.20000
01.50000
02.94000
01.20000
03.89000
01.18000
03.56000
02.98000
03.90000
03.45000
01.25000
04.17000
04.32000
01.90000
01.03000
04.02000
02.55000
04.96000
04.19000
03.63000
03.33000
01.87000
02.36000
03.87000
04.66000
04.66000
03.48000
03.46000
03.91000
02.19000
01.80000
04.89000
03.71000
02.14000
03.86000
04.50000
02.04000
04.98000
02.56000
02.43000
02.18000
02.01000
03.07000
04.63000
02.72000
8
27
44
12
20
41
4
19
38
6
24
18
45
36
9
43
11
40
26
3
13
23
2
39
42
28
14
29
7
31
5
33
25
6
30
47
6
21
48
8
10
1
17
6
22
46
32
50
7
35
6
16
15
49
34
11
37
106.29530
