50
7
76.41000
54.65000
15.75000
56.71000
30.84000
98.04000
47.18000
35.90000
71.54000
37.03000
11.03000
62.54000
11.85000
70.54000
30.81000
45.52000
25.58000
52.53000
70.70000
19.02000
3.41000
36.52000
84.06000
93.00000
97.47000
28.06000
62.90000
7.75000
77.82000
34.26000
87.43000
74.32000
74.92000
14.28000
78.51000
36.07000
35.16000
27.81000
45.17000
9.18000
67.36000
86.60000
35.14000
37.09000
96.25000
5.94000
85.29000
41.07000
10.98000
48.18000
11.15000
58.35000
26.62000
63.35000
65.75000
79.08000
39.46000
95.58000
95.45000
17.17000
78.32000
75.40000
4.48000
78.88000
66.77000
73.74000
69.88000
38.92000
78.44000
2.19000
99.98000
81.89000
89.50000
58.49000
77.91000
59.82000
28.15000
83.08000
13.10000
36.66000
22.17000
4.57000
89.76000
40.79000
52.36000
87.22000
23.43000
15.50000
2.08000
89.49000
1.42000
66.53000
3.73000
6.48000
39.33000
16.50000
92.26000
20.50000
30.59000
48.48000
17.09000
6.56000
61.57000
28.33000
38.17000
32.88000
23.87000
17.38000
48.56000
98.20000
87.32000
70.06000
77.42000
78.92000
59.10000
32.60000
44.08000
26.22000
7.80000
99.28000
5.51000
17.60000
15.94000
69.92000
7.88000
8.34000
31.45000
92.40000
37.04000
79.02000
16.19000
19.12000
67.99000
89.02000
94.44000
50.57000
15.41000
23.03000
8.42000
91.74000
80.15000
40.50000
58.74000
98.70000
6.74000
30.22000
64.95000
29.06000
23.87000
55.75000
15.20000
11.61000
57.33000
97.27000
30.77000
93.71000
21.92000
62.06000
89.43000
47.28000
95.60000
70.48000
57.52000
46.87000
27.93000
25.60000
99.91000
58.21000
40.24000
91.93000
36.55000
85.69000
83.20000
51.89000
84.92000
23.90000
84.23000
48.33000
18.54000
4.06000
96.08000
40.00000
8.49000
47.60000
49.28000
49.11000
78.90000
16.60000
98.67000
12.75000
57.42000
59.32000
78.87000
30.46000
20.78000
65.69000
48.81000
17.69000
47.23000
13.81000
44.35000
89.82000
71.20000
66.40000
3.43000
29.69000
12.27000
22.42000
19.24000
40.98000
59.64000
64.83000
76.84000
11.67000
38.27000
14.31000
76.21000
29.31000
59.30000
64.37000
79.77000
34.49000
74.53000
38.83000
64.84000
68.35000
24.93000
35.26000
72.18000
25.08000
88.16000
78.58000
57.44000
97.40000
35.04000
71.46000
39.74000
34.09000
71.06000
41.91000
52.08000
80.48000
93.89000
93.70000
91.90000
37.94000
39.85000
59.92000
71.57000
6.38000
78.43000
49.44000
19.97000
15.27000
60.43000
38.76000
45.59000
95.86000
48.70000
42.74000
78.14000
78.29000
7.81000
43.37000
27.26000
31.90000
27.62000
36.53000
2.17000
15.24000
75.80000
81.54000
64.10000
26.53000
47.30000
53.63000
77.85000
53.14000
11.87000
89.46000
58.26000
22.13000
65.58000
42.60000
21.72000
47.73000
83.26000
28.06000
35.65000
84.83000
65.06000
75.76000
70.05000
77.51000
86.93000
81.04000
46.94000
8.52000
53.10000
52.17000
63.57000
65.71000
4.08000
61.25000
83.96000
90.87000
90.72000
24.70000
77.28000
40.80000
7.67000
35.78000
21.63000
50.23000
30.80000
25.80000
32.78000
82.17000
53.90000
26.62000
17.70000
76.45000
34.20000
22.12000
20.98000
98.17000
41.84000
96.78000
76.42000
90.25000
12.38000
89.08000
58.48000
21.89000
93.31000
37.06000
28.80000
37.10000
99.53000
29.82000
87.68000
9.19000
57.87000
59.00000
27.60000
85.24000
58.58000
68.27000
75.70000
42.66000
08.27000
06.08000
09.19000
05.68000
08.34000
08.87000
07.95000
05.73000
07.93000
09.43000
08.28000
09.30000
07.80000
05.12000
08.96000
07.69000
09.13000
05.57000
07.93000
08.21000
05.97000
05.17000
09.74000
06.72000
07.78000
05.58000
08.11000
05.05000
06.89000
08.23000
08.38000
08.59000
06.05000
06.79000
05.05000
08.70000
05.87000
09.73000
09.25000
05.31000
07.37000
07.76000
06.25000
09.31000
09.44000
06.37000
07.95000
05.14000
06.39000
08.32000
09.10000
06.34000
09.85000
07.24000
09.37000
07.47000
09.61000
09.47000
06.62000
08.69000
07.38000
05.97000
07.85000
06.26000
07.24000
08.50000
08.59000
06.81000
05.54000
07.94000
05.38000
09.88000
08.38000
06.84000
08.29000
05.38000
09.15000
06.87000
08.37000
06.13000
05.98000
06.35000
05.22000
05.31000
09.28000
07.74000
09.43000
09.03000
09.24000
05.14000
05.14000
08.77000
08.27000
06.79000
07.47000
08.90000
08.59000
07.56000
05.07000
09.18000
07.94000
07.83000
06.50000
06.91000
06.63000
07.22000
07.57000
07.62000
05.76000
08.92000
05.90000
05.65000
08.43000
09.13000
08.19000
06.78000
09.35000
07.61000
06.55000
09.08000
07.38000
05.12000
05.99000
05.40000
08.05000
05.92000
06.89000
05.81000
05.98000
05.32000
07.53000
05.18000
07.47000
07.11000
06.58000
05.64000
07.94000
06.12000
05.60000
09.07000
09.47000
05.69000
06.54000
09.65000
08.26000
05.16000
09.24000
06.28000
07.15000
07.42000
07.11000
06.06000
05.98000
07.06000
06.69000
09.09000
09.57000
08.84000
09.19000
05.43000
09.84000
06.60000
07.38000
06.13000
07.23000
07.51000
08.75000
08.87000
05.71000
09.14000
08.11000
05.49000
05.24000
06.98000
09.98000
09.47000
09.33000
06.86000
06.20000
08.42000
07.48000
07.54000
08.34000
06.60000
07.73000
08.16000
05.24000
07.40000
09.10000
05.75000
05.51000
05.85000
09.16000
07.72000
05.03000
06.15000
06.47000
09.39000
09.45000
09.09000
08.88000
06.41000
09.63000
08.26000
07.55000
09.80000
07.63000
08.00000
07.70000
06.83000
08.35000
07.85000
09.10000
06.96000
05.81000
07.49000
09.39000
09.44000
05.68000
05.08000
06.64000
05.75000
07.76000
09.84000
06.76000
07.17000
08.48000
09.47000
06.08000
07.23000
08.44000
07.70000
08.83000
09.23000
09.85000
06.77000
09.61000
08.73000
09.09000
09.95000
05.91000
06.06000
09.16000
09.00000
05.62000
08.82000
07.19000
06.73000
09.53000
09.37000
05.69000
08.60000
05.42000
06.02000
05.64000
08.78000
08.16000
06.47000
05.33000
06.82000
09.31000
05.63000
07.65000
07.94000
05.06000
05.48000
06.47000
05.27000
06.35000
09.65000
09.20000
07.33000
06.40000
05.91000
09.25000
05.51000
08.21000
08.69000
08.55000
06.61000
07.03000
06.52000
05.04000
05.32000
07.87000
09.60000
05.20000
06.71000
08.01000
07.26000
06.50000
08.75000
09.50000
05.49000
09.94000
09.79000
06.66000
09.39000
07.51000
06.09000
07.00000
07.06000
06.28000
05.40000
08.84000
05.31000
07.81000
09.91000
06.11000
05.65000
05.13000
06.65000
09.63000
05.19000
08.93000
08.54000
09.35000
07.02000
07.82000
08.25000
06.88000
07.76000
05.78000
05.72000
07.95000
05.04000
09.67000
05.64000
09.95000
05.02000
06.75000
05.00000
09.39000
09.85000
07.19000
05.53000
09.44000
05.23000
06.53000
06.22000
07.40000
07.85000
08.20000
05.85000
07.22000
07.91000
06.03000
05.45000
06.97000
06.66000
7
36
17
49
28
11
46
21
10
27
37
10
44
32
13
43
41
20
39
7
22
18
23
8
26
25
45
7
15
40
38
1
2
33
30
7
6
9
16
14
7
50
5
6
47
35
4
29
48
19
6
12
24
34
31
42
3
118.35690
