50
7
102.31000
164.58000
147.33000
182.63000
142.94000
129.73000
159.37000
118.15000
183.35000
132.14000
185.32000
157.61000
111.58000
136.82000
101.50000
148.04000
129.73000
110.30000
173.31000
113.02000
103.95000
170.72000
105.17000
102.70000
114.49000
137.74000
190.60000
143.78000
105.61000
182.60000
162.17000
189.54000
135.68000
178.12000
141.50000
169.80000
127.10000
148.65000
189.29000
140.98000
116.35000
120.12000
155.29000
136.02000
103.97000
170.02000
128.32000
114.45000
104.55000
177.40000
164.12000
133.43000
156.76000
139.95000
114.83000
136.82000
157.93000
122.02000
154.20000
141.27000
124.99000
155.22000
174.57000
131.68000
144.80000
162.74000
194.83000
107.02000
105.78000
156.83000
110.44000
130.34000
147.93000
188.81000
143.43000
178.74000
112.80000
199.07000
192.37000
193.37000
193.51000
167.04000
182.41000
129.47000
184.72000
161.24000
115.26000
106.31000
132.69000
189.22000
119.20000
157.25000
185.21000
147.63000
199.05000
179.71000
141.65000
172.15000
186.22000
185.14000
168.93000
122.50000
189.75000
177.99000
190.87000
106.85000
136.18000
178.28000
126.38000
191.29000
141.18000
179.32000
106.48000
140.02000
186.55000
189.85000
101.22000
143.82000
168.11000
120.17000
169.75000
170.03000
145.80000
132.14000
110.25000
112.53000
193.59000
189.19000
109.98000
141.79000
149.50000
106.32000
195.26000
154.82000
165.65000
100.07000
181.47000
125.22000
158.18000
138.56000
123.05000
153.13000
157.34000
191.47000
163.51000
115.26000
157.40000
180.04000
185.42000
114.87000
199.29000
199.23000
170.19000
170.10000
186.48000
142.68000
110.64000
127.34000
136.48000
102.53000
168.86000
156.93000
128.34000
156.67000
180.92000
137.51000
192.67000
122.04000
109.47000
161.83000
161.66000
104.65000
193.73000
186.66000
119.04000
149.57000
199.46000
182.85000
150.11000
190.92000
169.00000
185.32000
191.74000
101.91000
171.24000
143.04000
182.37000
144.78000
151.65000
169.05000
111.97000
120.85000
182.24000
190.44000
172.10000
120.51000
111.60000
198.39000
105.88000
173.20000
105.86000
115.95000
195.85000
196.65000
198.30000
165.44000
162.95000
103.16000
121.63000
103.23000
105.53000
151.36000
187.32000
130.24000
148.37000
149.21000
170.91000
198.97000
155.27000
131.23000
162.00000
163.46000
179.11000
108.50000
114.24000
129.33000
111.84000
118.68000
195.37000
103.76000
134.47000
175.96000
137.16000
145.49000
167.05000
121.11000
185.48000
114.82000
118.73000
171.49000
150.23000
123.62000
137.70000
170.97000
155.39000
185.31000
161.21000
140.03000
188.99000
164.88000
114.88000
151.28000
191.94000
163.86000
116.33000
123.19000
123.07000
144.26000
186.36000
155.38000
174.23000
115.48000
128.26000
156.20000
168.24000
149.16000
121.86000
198.07000
179.44000
155.98000
173.55000
167.44000
183.77000
135.70000
166.30000
114.87000
108.72000
127.15000
109.62000
104.96000
183.34000
158.19000
189.61000
166.36000
188.25000
195.78000
118.89000
141.79000
105.62000
195.92000
186.69000
138.06000
169.20000
153.68000
108.78000
176.00000
114.29000
153.19000
177.49000
140.53000
195.45000
183.30000
193.20000
172.96000
133.34000
168.67000
118.60000
192.57000
104.19000
187.19000
189.92000
170.20000
137.44000
114.00000
112.40000
150.52000
151.61000
100.81000
155.30000
129.79000
104.25000
125.89000
102.00000
105.79000
142.01000
144.07000
199.89000
127.91000
150.56000
136.76000
110.45000
147.06000
104.67000
161.90000
159.23000
165.74000
118.16000
104.03000
185.81000
187.99000
193.91000
124.22000
193.86000
169.44000
173.86000
110.13000
101.11000
167.26000
189.01000
125.95000
09.61000
06.76000
05.25000
09.31000
09.89000
08.93000
08.92000
07.21000
05.28000
09.96000
09.33000
07.72000
05.08000
07.60000
07.54000
06.29000
06.46000
09.38000
06.23000
06.89000
07.02000
05.07000
07.24000
09.48000
07.20000
09.23000
09.04000
07.56000
07.88000
08.66000
09.25000
05.65000
07.79000
09.94000
07.12000
06.76000
06.07000
06.93000
06.06000
09.94000
09.76000
08.23000
06.08000
07.74000
06.28000
09.71000
06.39000
08.74000
05.92000
07.03000
08.37000
05.12000
08.54000
08.96000
08.13000
07.08000
07.65000
05.72000
05.30000
08.96000
06.33000
08.64000
08.52000
05.52000
09.05000
06.74000
07.46000
09.42000
05.04000
05.68000
05.31000
08.71000
05.82000
05.26000
06.25000
09.31000
07.64000
06.93000
07.99000
07.55000
09.04000
06.28000
09.28000
07.65000
08.31000
05.51000
07.35000
09.22000
06.03000
06.01000
05.46000
09.75000
07.51000
05.77000
05.38000
07.13000
05.36000
06.95000
09.91000
07.14000
06.19000
06.24000
07.17000
08.78000
09.24000
05.80000
08.76000
05.36000
06.58000
06.05000
06.65000
06.29000
06.05000
09.86000
06.07000
07.74000
09.66000
06.12000
05.13000
05.68000
06.03000
07.21000
07.35000
08.33000
07.93000
06.57000
09.14000
08.67000
09.78000
06.11000
07.28000
06.94000
05.12000
08.79000
06.47000
08.18000
09.14000
06.07000
06.77000
09.66000
06.20000
05.43000
06.16000
08.43000
07.24000
07.86000
08.00000
08.81000
07.40000
05.36000
09.80000
06.28000
08.52000
05.92000
08.74000
09.70000
09.51000
06.99000
05.21000
06.98000
08.54000
07.29000
09.86000
08.94000
07.70000
07.51000
05.59000
05.55000
05.08000
06.25000
05.07000
08.40000
07.32000
07.50000
08.25000
08.23000
07.03000
08.11000
09.83000
07.42000
05.38000
05.37000
06.77000
07.50000
09.52000
09.41000
05.82000
06.63000
05.14000
05.79000
05.98000
07.10000
08.94000
07.94000
06.01000
07.86000
06.12000
09.69000
06.95000
06.99000
08.50000
09.01000
06.74000
06.81000
07.81000
05.94000
05.20000
07.73000
05.06000
06.59000
08.66000
08.11000
06.03000
08.31000
05.91000
09.24000
06.90000
05.72000
09.88000
08.45000
06.72000
08.22000
05.14000
06.57000
09.95000
07.47000
05.40000
05.46000
08.92000
09.89000
06.00000
05.49000
06.37000
09.16000
06.43000
08.04000
07.91000
08.75000
07.82000
08.01000
09.58000
09.37000
05.45000
06.32000
05.26000
06.51000
06.23000
07.39000
09.25000
07.93000
05.59000
07.03000
07.12000
06.79000
08.92000
05.50000
09.16000
06.85000
05.16000
07.52000
05.15000
09.61000
06.32000
09.32000
09.16000
06.83000
07.93000
07.54000
07.54000
09.41000
06.54000
06.71000
06.41000
09.88000
07.18000
06.75000
09.14000
09.92000
05.94000
05.47000
08.87000
07.85000
07.41000
06.07000
06.02000
06.13000
07.19000
09.65000
05.74000
08.85000
09.39000
07.68000
05.49000
09.25000
09.15000
09.53000
07.46000
07.23000
05.12000
09.98000
05.75000
08.36000
06.39000
07.30000
06.94000
08.94000
07.94000
08.41000
07.03000
07.75000
05.18000
07.77000
09.08000
06.02000
09.82000
06.18000
07.82000
08.50000
08.98000
06.70000
07.12000
05.94000
07.64000
07.16000
07.48000
07.61000
06.21000
07.66000
08.54000
08.81000
07.95000
08.05000
06.61000
08.35000
06.54000
05.47000
07.09000
06.04000
08.54000
06.81000
07.06000
05.23000
05.89000
06.22000
07.74000
05.26000
08.45000
07.63000
06.95000
09.01000
7
3
35
45
20
25
15
24
7
2
44
41
8
37
27
5
7
42
50
32
40
14
36
17
7
31
19
16
49
34
13
22
7
43
28
48
10
1
11
30
7
4
6
29
39
26
7
12
8
46
38
33
9
21
23
47
18
1058.39900
