50
10
135.03000
174.01000
138.89000
186.22000
107.80000
182.26000
151.59000
122.72000
194.11000
107.26000
123.32000
124.61000
141.21000
102.54000
113.86000
157.90000
121.38000
146.60000
107.97000
113.60000
131.87000
142.96000
115.41000
107.75000
194.96000
120.13000
170.96000
181.34000
157.91000
131.64000
134.38000
100.39000
192.98000
156.00000
190.42000
155.93000
197.45000
196.72000
148.87000
163.96000
193.57000
182.32000
144.48000
165.51000
128.61000
166.31000
137.02000
126.58000
174.84000
127.22000
114.59000
122.30000
142.02000
145.19000
120.54000
138.15000
138.49000
146.54000
110.77000
167.28000
128.83000
198.87000
110.68000
191.35000
150.90000
196.33000
170.65000
116.98000
167.61000
158.05000
166.07000
175.82000
166.85000
128.17000
197.34000
124.52000
161.51000
175.84000
189.85000
144.70000
189.47000
195.20000
193.99000
143.01000
113.62000
105.38000
185.14000
151.10000
121.87000
150.53000
163.70000
125.60000
127.09000
199.79000
155.06000
148.15000
167.19000
147.29000
109.61000
125.39000
127.26000
108.58000
108.16000
131.48000
139.58000
125.64000
116.50000
199.30000
172.95000
124.78000
132.03000
188.46000
155.89000
140.78000
195.76000
146.23000
141.91000
133.39000
173.70000
144.88000
109.53000
187.39000
156.87000
181.67000
162.26000
112.53000
161.29000
178.86000
128.62000
143.59000
127.98000
183.73000
162.13000
140.33000
122.94000
168.53000
141.30000
187.52000
137.19000
130.54000
169.64000
194.92000
186.75000
192.02000
175.67000
197.29000
112.64000
100.23000
112.92000
154.41000
160.74000
100.25000
195.55000
158.42000
100.73000
123.50000
131.00000
169.76000
192.67000
148.03000
193.61000
135.70000
193.22000
186.73000
152.51000
181.63000
184.01000
177.48000
101.84000
157.93000
171.68000
183.18000
160.76000
140.00000
187.87000
191.72000
173.39000
128.23000
189.23000
115.99000
108.87000
148.01000
157.38000
193.88000
161.36000
149.73000
198.98000
188.27000
149.98000
108.78000
145.67000
187.07000
118.89000
125.55000
154.08000
103.16000
137.21000
125.43000
105.85000
174.43000
187.16000
111.74000
161.12000
103.75000
108.97000
148.57000
123.34000
114.63000
160.92000
159.38000
192.45000
179.37000
152.76000
160.19000
190.72000
126.49000
119.27000
192.01000
165.41000
109.51000
120.21000
120.85000
188.79000
106.94000
140.34000
137.74000
158.12000
122.29000
189.44000
158.69000
195.67000
184.09000
102.26000
124.71000
148.71000
145.84000
138.58000
101.83000
189.50000
186.07000
183.15000
181.04000
115.30000
108.28000
145.75000
178.38000
148.38000
141.00000
161.13000
134.86000
101.02000
143.24000
112.47000
187.38000
154.56000
122.55000
160.94000
164.41000
141.81000
130.20000
133.93000
188.71000
150.64000
110.31000
131.83000
116.92000
193.95000
132.02000
180.02000
130.68000
109.63000
189.49000
128.91000
136.63000
160.57000
101.84000
153.88000
166.42000
134.66000
113.23000
155.31000
176.69000
144.79000
192.78000
158.61000
149.07000
128.86000
134.65000
114.16000
190.20000
149.74000
157.97000
197.36000
131.74000
195.34000
106.88000
108.58000
130.31000
178.54000
150.52000
160.64000
129.14000
175.92000
171.51000
157.60000
173.66000
108.45000
176.65000
120.33000
135.61000
124.14000
169.73000
139.86000
112.27000
126.51000
160.53000
132.19000
125.89000
144.07000
183.80000
138.35000
123.75000
130.33000
199.31000
124.35000
178.11000
163.82000
191.84000
181.21000
186.24000
148.05000
171.13000
124.93000
170.40000
111.53000
171.97000
196.55000
177.85000
107.78000
154.11000
162.06000
180.87000
115.31000
102.32000
112.50000
176.71000
137.65000
126.37000
163.86000
187.65000
161.29000
174.48000
108.67000
160.97000
169.23000
151.10000
168.04000
114.44000
131.68000
147.15000
138.35000
121.93000
167.77000
138.04000
151.24000
171.31000
121.63000
124.14000
163.36000
175.48000
162.42000
130.86000
156.35000
172.34000
184.26000
108.58000
136.84000
124.77000
106.31000
132.69000
136.48000
120.66000
172.70000
103.58000
111.90000
172.91000
152.57000
146.65000
144.76000
119.40000
140.07000
112.29000
141.68000
123.03000
154.33000
175.88000
134.31000
171.68000
139.49000
137.81000
192.97000
182.29000
108.17000
107.26000
182.67000
155.61000
141.90000
153.55000
125.35000
166.38000
136.61000
148.44000
193.29000
193.13000
177.08000
182.93000
183.74000
139.37000
173.08000
173.05000
118.97000
133.61000
159.36000
159.80000
146.25000
129.38000
195.70000
109.20000
137.84000
105.17000
166.86000
112.27000
191.01000
164.52000
182.61000
185.02000
128.03000
135.94000
177.71000
168.48000
196.15000
172.93000
111.92000
128.65000
167.65000
154.03000
170.02000
156.55000
139.79000
182.74000
161.26000
100.12000
197.02000
144.10000
132.03000
114.10000
195.24000
146.11000
142.17000
127.69000
104.89000
147.94000
142.05000
147.54000
188.86000
168.72000
107.08000
105.28000
135.05000
152.59000
137.65000
157.56000
156.34000
168.69000
159.13000
186.02000
190.62000
111.17000
121.94000
197.30000
100.79000
199.16000
101.44000
123.04000
174.73000
176.80000
198.05000
119.87000
125.34000
113.24000
137.14000
169.45000
190.51000
102.62000
169.10000
178.41000
133.13000
164.07000
169.34000
178.39000
09.03000
06.25000
09.76000
06.39000
07.69000
07.16000
08.84000
06.97000
07.13000
08.38000
06.87000
05.56000
05.26000
06.87000
09.89000
07.25000
06.25000
05.85000
05.20000
08.40000
05.50000
09.80000
06.31000
06.58000
09.67000
09.44000
08.02000
05.67000
06.68000
06.74000
06.37000
05.74000
05.68000
09.92000
08.63000
08.16000
07.09000
08.47000
08.34000
05.52000
07.56000
08.10000
05.30000
06.66000
05.00000
05.78000
05.52000
06.68000
08.58000
09.73000
07.22000
06.18000
09.91000
05.52000
07.51000
08.18000
09.27000
09.85000
05.46000
08.50000
09.87000
06.85000
07.28000
09.90000
06.01000
07.39000
05.40000
06.37000
08.28000
08.61000
08.51000
08.17000
08.47000
08.88000
06.56000
06.81000
09.67000
07.83000
05.74000
05.04000
06.19000
06.33000
08.48000
06.86000
08.58000
06.53000
08.48000
07.53000
08.68000
06.79000
05.69000
08.54000
09.54000
06.75000
06.29000
07.67000
05.48000
07.29000
07.72000
08.90000
07.77000
09.05000
06.83000
05.59000
06.51000
05.91000
05.07000
06.25000
09.91000
08.27000
05.05000
06.51000
08.68000
05.91000
05.61000
09.29000
09.81000
09.87000
06.86000
08.76000
06.50000
07.44000
05.13000
05.32000
08.25000
07.15000
08.02000
05.63000
05.76000
08.79000
09.39000
07.60000
06.01000
08.38000
09.34000
05.39000
07.23000
08.23000
09.19000
09.41000
08.88000
06.85000
06.57000
06.33000
06.69000
09.04000
05.31000
09.05000
07.63000
05.82000
05.97000
08.85000
06.50000
09.97000
05.29000
05.13000
06.65000
05.69000
07.13000
06.53000
08.05000
08.54000
07.99000
06.12000
05.31000
09.70000
05.63000
08.22000
09.32000
06.62000
09.04000
08.38000
07.21000
07.99000
08.49000
08.44000
07.35000
08.74000
05.48000
06.44000
09.37000
05.08000
07.76000
06.72000
09.16000
09.43000
09.34000
09.83000
08.84000
05.50000
05.47000
07.59000
06.79000
08.23000
07.65000
08.07000
07.64000
08.80000
08.64000
05.59000
07.31000
05.33000
07.92000
05.14000
06.90000
07.74000
07.85000
05.35000
09.77000
06.86000
09.56000
05.29000
09.48000
05.30000
09.71000
05.69000
05.80000
06.90000
06.20000
08.51000
09.76000
06.76000
08.21000
06.99000
08.66000
06.22000
06.13000
05.59000
06.03000
07.89000
06.64000
05.04000
06.65000
05.61000
07.63000
07.30000
06.56000
09.47000
08.28000
05.61000
08.04000
05.84000
08.98000
09.43000
09.63000
07.30000
06.41000
09.49000
06.12000
07.70000
09.21000
05.69000
07.81000
06.60000
06.89000
05.20000
08.90000
06.62000
09.82000
05.78000
06.63000
09.85000
09.83000
05.80000
05.94000
07.81000
09.98000
09.89000
08.01000
08.26000
09.59000
08.93000
05.29000
05.18000
09.22000
05.05000
06.47000
08.84000
05.69000
06.63000
06.50000
05.74000
07.06000
08.29000
06.55000
08.64000
07.66000
05.92000
09.09000
06.54000
08.05000
06.65000
07.78000
09.69000
05.04000
08.85000
07.59000
09.59000
06.71000
07.15000
07.34000
09.80000
07.88000
06.32000
09.17000
05.82000
08.28000
09.66000
08.94000
07.04000
09.02000
07.61000
08.01000
08.87000
09.57000
08.72000
08.97000
07.97000
05.65000
07.78000
05.67000
07.24000
09.24000
05.81000
08.20000
05.85000
08.56000
05.10000
07.92000
09.20000
08.08000
09.18000
07.42000
08.97000
08.52000
07.85000
05.55000
08.05000
06.86000
07.14000
07.41000
05.61000
06.32000
09.33000
09.34000
07.06000
06.37000
07.95000
08.95000
09.05000
07.13000
07.27000
05.54000
05.16000
08.29000
05.08000
09.14000
09.10000
06.58000
05.29000
06.41000
05.25000
09.14000
06.58000
07.60000
05.42000
09.35000
08.91000
09.23000
07.69000
06.83000
08.45000
09.03000
06.37000
07.47000
07.66000
06.03000
07.03000
08.38000
05.22000
05.46000
06.48000
07.96000
06.07000
08.84000
07.79000
05.83000
06.41000
08.92000
05.27000
07.86000
08.68000
09.70000
09.50000
06.20000
06.57000
06.43000
07.28000
09.21000
05.02000
07.63000
05.81000
09.94000
09.82000
05.31000
08.53000
07.42000
05.50000
07.86000
08.44000
08.57000
06.70000
09.43000
08.77000
05.67000
09.77000
05.44000
08.99000
07.25000
07.32000
07.54000
09.82000
08.10000
08.18000
08.65000
08.23000
09.26000
07.45000
07.92000
07.45000
08.00000
06.49000
05.77000
06.95000
07.87000
07.88000
08.86000
07.46000
08.65000
05.49000
05.09000
05.93000
06.38000
09.40000
08.63000
05.61000
08.33000
05.96000
09.88000
05.96000
05.83000
06.75000
06.80000
09.97000
05.46000
08.10000
09.96000
08.26000
09.49000
09.82000
06.72000
06.90000
05.37000
05.91000
07.65000
08.01000
06.79000
06.62000
09.55000
09.96000
08.70000
08.48000
05.51000
07.39000
07.28000
09.21000
09.82000
06.18000
09.97000
07.84000
08.07000
08.46000
05.47000
09.61000
07.06000
07.60000
08.72000
06.02000
09.86000
08.23000
05.91000
09.84000
05.79000
06.24000
09.48000
05.06000
05.42000
08.74000
08.12000
06.95000
5
45
12
19
23
24
5
9
36
1
13
50
5
7
47
10
49
48
5
40
5
28
31
2
5
8
25
33
20
38
5
15
26
16
46
21
5
22
39
35
14
44
5
27
3
34
42
29
5
43
32
37
30
4
5
41
18
17
11
6
655.15280
