50
7
14.64000
14.41000
75.89000
56.77000
37.48000
11.31000
79.34000
33.06000
4.84000
29.68000
49.82000
37.29000
33.29000
27.13000
18.03000
34.00000
5.79000
12.32000
53.33000
14.08000
17.22000
94.45000
16.28000
44.18000
27.91000
37.75000
4.07000
19.26000
12.08000
4.03000
4.09000
9.07000
7.40000
8.13000
42.40000
10.66000
65.44000
66.43000
35.23000
96.89000
4.20000
48.36000
36.47000
69.89000
51.61000
22.91000
89.19000
5.62000
4.00000
11.11000
85.93000
82.61000
91.08000
85.20000
26.07000
43.74000
12.95000
54.25000
51.71000
65.12000
74.34000
92.14000
23.78000
62.22000
56.52000
77.96000
77.00000
13.90000
88.79000
28.50000
75.40000
11.97000
5.00000
48.70000
57.78000
13.63000
86.08000
84.18000
89.27000
89.04000
20.45000
69.72000
13.77000
74.76000
42.62000
77.79000
97.49000
19.27000
91.63000
71.02000
88.44000
34.48000
58.58000
50.72000
57.91000
48.22000
34.10000
7.36000
54.01000
51.73000
30.75000
38.89000
13.30000
20.37000
73.54000
85.71000
10.75000
96.73000
10.32000
71.57000
41.88000
40.84000
74.42000
27.54000
19.03000
51.63000
92.37000
60.50000
16.99000
82.06000
28.33000
6.64000
25.47000
86.64000
33.66000
74.92000
97.59000
70.93000
1.39000
5.62000
3.40000
42.04000
11.70000
10.79000
71.37000
58.12000
84.47000
31.82000
49.88000
79.87000
30.74000
85.84000
47.76000
20.03000
96.21000
18.33000
88.73000
89.90000
20.78000
47.54000
44.92000
14.43000
6.21000
65.43000
20.77000
45.92000
52.02000
85.86000
72.76000
39.19000
94.57000
70.07000
23.93000
75.96000
38.12000
26.31000
94.85000
29.15000
60.69000
26.28000
62.15000
8.35000
69.62000
56.58000
99.98000
13.31000
48.03000
68.25000
37.57000
82.48000
5.36000
26.24000
2.69000
45.44000
26.82000
57.92000
75.13000
67.47000
25.94000
7.60000
39.25000
6.03000
91.04000
79.99000
27.46000
54.22000
39.72000
97.73000
74.71000
97.33000
67.07000
96.24000
90.25000
39.33000
27.46000
38.53000
32.15000
63.05000
45.16000
72.92000
59.27000
48.41000
12.42000
44.10000
2.76000
69.83000
33.41000
95.30000
78.95000
79.49000
77.72000
24.79000
47.83000
55.88000
29.88000
28.40000
54.55000
53.29000
35.82000
55.99000
84.97000
53.30000
57.39000
59.00000
15.08000
14.29000
20.89000
39.88000
56.57000
19.93000
64.51000
2.65000
14.29000
31.70000
92.89000
2.36000
28.76000
37.37000
24.56000
95.62000
59.77000
35.61000
48.70000
28.11000
16.44000
9.60000
44.65000
86.72000
83.60000
85.48000
55.83000
13.71000
83.51000
53.38000
47.60000
82.62000
62.73000
14.41000
85.84000
61.18000
44.59000
34.04000
89.48000
52.80000
78.75000
92.71000
78.00000
51.04000
92.64000
36.26000
22.94000
88.15000
40.00000
21.46000
95.36000
86.53000
49.37000
70.49000
22.38000
7.29000
77.59000
21.47000
27.69000
97.67000
58.27000
72.92000
88.98000
49.61000
50.36000
41.30000
65.33000
89.28000
67.38000
9.43000
18.68000
38.45000
47.83000
34.86000
90.94000
4.25000
32.41000
4.86000
68.41000
78.07000
6.19000
5.43000
73.05000
80.63000
67.15000
25.10000
17.99000
7.43000
79.70000
4.47000
53.04000
78.27000
21.17000
83.67000
20.17000
93.75000
31.30000
57.90000
97.03000
78.77000
65.78000
20.87000
54.45000
35.01000
44.69000
18.38000
97.91000
89.47000
1.05000
97.73000
26.09000
48.93000
31.31000
60.32000
72.31000
43.48000
06.49000
06.43000
06.59000
06.32000
09.01000
06.57000
07.41000
07.13000
07.52000
05.42000
09.54000
09.40000
06.85000
06.88000
05.85000
06.02000
07.23000
07.16000
08.32000
05.87000
06.79000
07.21000
05.58000
06.33000
09.05000
05.24000
05.41000
05.84000
05.40000
09.24000
07.21000
06.31000
07.64000
09.47000
09.54000
05.71000
05.46000
05.94000
07.59000
05.48000
08.92000
05.93000
05.69000
08.12000
06.00000
06.49000
09.82000
09.60000
05.06000
06.94000
07.49000
05.90000
08.70000
09.82000
05.41000
08.87000
07.56000
09.44000
08.58000
05.28000
07.23000
09.95000
05.58000
05.46000
08.35000
07.18000
08.48000
05.09000
08.84000
06.09000
05.39000
07.77000
06.37000
08.27000
07.93000
07.49000
05.87000
09.47000
08.73000
06.11000
07.05000
07.06000
08.95000
05.90000
06.88000
07.56000
05.74000
07.01000
07.10000
09.14000
09.80000
09.98000
06.71000
09.10000
07.81000
08.26000
09.47000
06.38000
09.99000
05.66000
08.32000
07.02000
06.42000
06.12000
06.53000
08.63000
09.98000
08.91000
09.63000
07.67000
06.02000
08.70000
09.77000
06.95000
05.31000
07.83000
05.73000
07.76000
09.02000
05.94000
05.44000
07.43000
06.22000
07.42000
08.47000
06.80000
06.35000
08.93000
08.52000
07.72000
06.76000
06.89000
05.95000
05.55000
05.19000
09.99000
05.24000
06.69000
07.24000
06.68000
07.53000
06.03000
08.93000
07.69000
08.09000
09.49000
09.18000
08.50000
08.82000
06.50000
09.66000
07.46000
07.19000
08.86000
05.58000
05.97000
08.79000
05.03000
09.40000
09.11000
09.09000
09.27000
05.46000
06.98000
05.09000
07.82000
07.83000
06.35000
07.33000
07.32000
07.85000
08.10000
07.33000
07.31000
06.64000
09.78000
05.16000
07.70000
07.57000
08.06000
06.88000
06.30000
08.78000
06.25000
07.10000
06.31000
05.68000
06.83000
06.40000
08.82000
08.45000
08.88000
08.90000
05.32000
09.52000
05.65000
09.75000
05.18000
06.10000
07.01000
08.98000
06.87000
07.95000
05.21000
05.27000
05.21000
08.63000
10.00000
07.94000
09.05000
05.23000
08.81000
05.84000
09.42000
05.83000
07.85000
05.68000
07.12000
05.16000
06.88000
09.55000
05.22000
07.07000
06.66000
07.47000
06.53000
07.07000
06.45000
09.82000
06.17000
09.81000
06.56000
09.88000
08.98000
06.58000
05.78000
06.32000
07.10000
07.80000
08.93000
05.69000
07.42000
05.54000
09.36000
09.96000
09.09000
06.01000
06.42000
08.95000
06.04000
05.43000
08.62000
06.87000
09.65000
09.52000
08.93000
09.43000
06.25000
07.57000
08.89000
09.13000
06.61000
09.02000
07.78000
08.72000
06.80000
09.30000
07.80000
05.73000
09.51000
07.39000
06.51000
09.93000
06.57000
08.26000
09.38000
05.88000
06.46000
05.40000
07.28000
05.38000
06.78000
08.32000
08.95000
05.02000
06.79000
05.06000
08.52000
08.64000
09.90000
09.64000
08.02000
09.86000
06.14000
09.62000
09.88000
09.54000
09.68000
08.58000
09.41000
08.87000
09.77000
08.99000
08.43000
08.68000
09.84000
09.42000
08.86000
06.80000
08.10000
09.30000
07.15000
08.11000
08.19000
08.40000
07.75000
06.64000
09.78000
09.36000
09.92000
08.03000
06.06000
05.24000
05.14000
07.11000
06.21000
06.97000
09.69000
05.30000
07.95000
05.87000
07.10000
08.19000
05.01000
06.16000
05.66000
08.01000
09.64000
07.45000
05.95000
06.12000
05.09000
07.23000
08.29000
05.52000
08.13000
08.40000
05.28000
08.37000
06.56000
10
28
1
50
32
49
17
27
9
48
41
5
20
47
18
38
23
8
14
44
19
7
22
30
31
29
7
39
45
2
26
3
42
33
7
25
37
36
35
13
15
46
5
21
34
5
6
40
8
8
11
4
24
16
12
10
43
111.76990
