50
7
68.23000
32.08000
79.59000
65.58000
57.38000
75.68000
83.27000
70.05000
8.53000
72.67000
52.69000
91.39000
40.93000
11.18000
52.19000
7.16000
3.13000
91.32000
48.67000
80.08000
17.47000
81.56000
60.04000
17.56000
34.61000
61.34000
6.80000
11.16000
80.99000
74.50000
58.47000
93.12000
11.33000
79.81000
89.12000
86.87000
53.19000
99.45000
23.88000
52.49000
64.39000
70.53000
86.42000
39.23000
77.56000
92.60000
56.45000
36.03000
52.63000
81.09000
42.47000
57.52000
48.38000
49.60000
90.17000
39.18000
98.44000
82.77000
9.29000
86.95000
4.13000
11.00000
81.12000
94.26000
47.52000
19.30000
31.62000
79.80000
29.59000
96.21000
70.92000
39.09000
12.75000
83.31000
51.83000
92.91000
73.32000
21.75000
14.32000
41.88000
54.07000
3.71000
37.04000
9.88000
9.66000
23.92000
88.82000
97.61000
58.18000
29.16000
78.14000
36.06000
34.65000
66.75000
1.68000
28.00000
35.51000
37.06000
92.76000
5.53000
6.63000
87.06000
83.80000
3.01000
60.76000
85.86000
92.57000
39.99000
86.87000
2.20000
79.78000
88.54000
42.55000
64.77000
9.98000
31.65000
35.48000
45.94000
72.04000
63.19000
75.84000
4.24000
35.62000
44.49000
26.88000
36.89000
92.68000
48.77000
50.39000
32.28000
15.98000
14.70000
62.22000
16.45000
99.56000
92.85000
78.75000
4.63000
20.27000
2.22000
68.42000
50.73000
75.26000
69.73000
1.21000
98.80000
43.47000
91.74000
96.14000
32.61000
12.57000
92.58000
31.40000
12.87000
92.80000
71.68000
94.81000
71.00000
84.80000
41.81000
78.55000
26.05000
3.00000
81.22000
59.74000
12.76000
24.29000
22.22000
55.14000
93.14000
42.47000
94.67000
70.70000
9.01000
14.74000
84.48000
52.03000
23.48000
11.27000
76.09000
32.94000
79.46000
66.59000
6.99000
85.87000
47.17000
31.21000
14.24000
74.46000
70.60000
17.03000
87.92000
99.01000
23.06000
50.88000
21.67000
51.02000
51.64000
25.00000
56.18000
2.49000
26.79000
31.15000
53.76000
32.30000
44.35000
65.74000
84.90000
50.64000
46.08000
17.59000
94.87000
88.59000
43.34000
85.62000
9.18000
55.04000
11.92000
24.78000
89.00000
83.16000
40.51000
86.59000
89.69000
84.93000
83.24000
78.62000
3.27000
97.61000
9.15000
7.96000
8.95000
36.27000
47.73000
31.78000
27.58000
40.28000
46.35000
11.76000
68.20000
27.79000
14.84000
58.65000
79.54000
42.26000
75.92000
86.76000
98.46000
4.95000
19.76000
82.83000
28.59000
63.45000
40.83000
60.18000
57.38000
4.99000
51.06000
48.81000
33.42000
58.81000
9.96000
31.44000
58.95000
35.16000
39.12000
78.99000
15.01000
5.73000
14.15000
4.04000
6.92000
56.15000
10.22000
4.37000
17.82000
38.42000
54.54000
19.39000
57.13000
16.52000
76.89000
76.71000
12.08000
18.81000
58.06000
44.61000
93.18000
87.60000
79.42000
77.52000
91.76000
31.60000
75.36000
71.57000
23.43000
69.45000
80.84000
11.05000
78.59000
18.84000
93.68000
21.50000
10.01000
67.87000
80.44000
28.19000
47.82000
60.50000
3.92000
46.04000
84.69000
39.41000
91.27000
50.44000
26.79000
48.84000
63.82000
92.59000
41.71000
85.07000
77.56000
51.97000
13.98000
46.91000
79.64000
81.86000
89.52000
82.24000
55.92000
64.85000
32.21000
43.48000
80.39000
58.32000
65.32000
32.10000
67.74000
46.95000
30.05000
52.10000
20.81000
91.21000
29.03000
59.55000
80.14000
79.86000
79.81000
12.04000
78.42000
02.32000
02.32000
04.75000
02.18000
01.65000
02.14000
01.86000
02.02000
02.16000
03.66000
02.68000
02.87000
03.38000
02.34000
01.42000
01.59000
01.67000
03.92000
04.09000
04.32000
04.20000
02.45000
02.51000
04.53000
02.96000
02.31000
04.33000
05.00000
04.73000
04.19000
03.00000
03.82000
01.13000
03.08000
03.77000
04.39000
02.58000
02.30000
01.73000
01.44000
04.31000
03.47000
03.77000
02.99000
04.36000
04.52000
02.58000
04.39000
01.59000
01.70000
04.87000
02.67000
04.49000
04.88000
01.28000
02.78000
04.40000
04.29000
02.34000
03.45000
01.87000
03.97000
03.95000
03.59000
04.71000
03.52000
01.33000
02.92000
03.04000
02.31000
03.01000
04.01000
03.31000
01.56000
04.83000
02.19000
02.25000
02.26000
03.95000
03.65000
04.94000
03.25000
04.82000
03.36000
02.73000
03.16000
01.24000
03.12000
03.32000
02.46000
02.29000
01.54000
04.71000
01.39000
02.38000
04.04000
01.21000
02.04000
03.22000
04.85000
01.08000
02.92000
04.78000
02.38000
02.26000
04.13000
01.49000
04.75000
04.40000
04.41000
01.37000
01.78000
02.64000
02.01000
02.73000
01.65000
01.92000
02.55000
04.67000
02.86000
03.02000
04.93000
01.10000
04.23000
04.51000
03.35000
02.77000
02.87000
04.77000
01.35000
03.21000
04.23000
04.02000
01.78000
04.79000
04.04000
02.25000
04.78000
04.67000
02.38000
01.31000
01.82000
04.84000
01.61000
02.82000
01.69000
02.09000
04.41000
02.24000
04.47000
04.21000
01.78000
01.37000
04.93000
04.15000
01.93000
01.63000
03.53000
04.84000
04.73000
04.61000
03.19000
02.54000
02.69000
02.96000
01.57000
01.81000
02.14000
04.65000
01.16000
01.52000
01.23000
02.95000
03.25000
04.86000
03.89000
02.47000
01.96000
01.31000
01.90000
01.10000
02.19000
04.71000
04.83000
04.07000
01.69000
03.16000
02.06000
01.90000
05.00000
01.10000
04.81000
04.42000
01.47000
01.29000
04.08000
02.81000
03.28000
02.77000
04.70000
01.03000
02.50000
02.59000
02.62000
04.37000
02.91000
01.89000
01.66000
03.67000
03.30000
04.78000
04.34000
01.16000
04.30000
01.15000
01.67000
01.87000
02.83000
02.70000
04.00000
03.67000
02.15000
04.94000
02.98000
03.23000
01.82000
01.21000
01.59000
02.02000
03.71000
04.64000
04.09000
04.36000
02.01000
02.18000
02.09000
03.33000
01.22000
04.60000
04.49000
02.86000
02.14000
04.47000
03.49000
03.69000
03.90000
02.18000
04.64000
01.36000
01.93000
04.67000
02.04000
02.33000
01.03000
02.05000
01.38000
04.83000
01.15000
01.12000
01.69000
03.78000
01.06000
01.98000
04.55000
04.18000
04.02000
02.04000
02.40000
03.35000
03.10000
02.00000
04.46000
04.90000
03.19000
03.91000
02.79000
04.77000
03.00000
01.09000
02.23000
01.22000
01.03000
04.21000
02.46000
04.79000
01.61000
03.23000
03.97000
04.36000
04.89000
01.44000
02.04000
01.12000
04.81000
01.42000
04.78000
02.57000
03.13000
03.07000
03.11000
01.88000
04.94000
01.33000
01.33000
03.61000
04.05000
03.22000
01.03000
03.75000
01.90000
02.33000
02.91000
03.11000
04.94000
03.63000
04.34000
02.33000
04.96000
02.92000
03.01000
03.87000
01.05000
04.80000
02.91000
01.98000
01.61000
04.70000
04.35000
04.75000
02.37000
02.85000
01.96000
04.06000
04.35000
02.28000
02.67000
01.62000
03.89000
02.87000
03.73000
02.94000
02.64000
03.28000
02.71000
03.34000
01.58000
02.99000
03.46000
01.96000
02.99000
8
33
48
14
16
21
9
17
27
7
6
36
23
35
11
32
50
10
34
8
31
15
4
38
40
22
10
45
5
47
41
29
46
13
8
2
5
18
49
39
1
30
28
8
43
12
26
20
24
19
25
7
4
37
3
44
42
109.11420
