50
10
87.46000
41.25000
59.06000
24.51000
55.65000
85.77000
62.95000
75.39000
6.39000
6.20000
97.55000
3.93000
91.68000
59.73000
30.20000
79.67000
92.22000
33.25000
50.01000
2.90000
11.52000
35.45000
73.85000
92.67000
75.79000
1.74000
43.30000
98.77000
41.02000
90.29000
23.74000
92.74000
83.94000
88.01000
6.26000
71.88000
10.02000
4.57000
6.72000
58.23000
45.51000
72.40000
65.72000
98.57000
45.37000
53.66000
50.63000
66.47000
87.35000
32.26000
19.57000
59.84000
24.37000
16.46000
71.47000
46.93000
32.52000
91.72000
28.24000
68.15000
81.86000
18.78000
69.70000
62.01000
67.60000
45.52000
4.44000
90.79000
8.68000
48.58000
61.78000
43.48000
47.79000
28.35000
99.79000
31.86000
55.39000
9.96000
1.29000
93.42000
25.68000
43.30000
69.85000
92.44000
76.61000
5.01000
39.82000
16.93000
53.88000
93.47000
66.24000
77.65000
25.92000
36.81000
31.96000
15.10000
85.96000
82.94000
42.55000
89.56000
66.10000
79.19000
76.52000
59.76000
12.85000
2.61000
7.00000
65.19000
56.33000
97.11000
73.09000
85.67000
32.96000
7.31000
24.56000
75.16000
1.91000
95.54000
31.97000
12.41000
47.11000
55.92000
92.61000
98.89000
79.20000
3.30000
30.52000
65.83000
33.62000
77.29000
90.49000
65.21000
68.54000
46.25000
47.08000
75.76000
69.86000
99.27000
95.56000
1.97000
47.26000
54.22000
59.98000
70.06000
35.16000
50.70000
86.14000
36.01000
92.72000
55.06000
17.28000
59.87000
14.08000
55.64000
3.03000
24.44000
82.40000
96.25000
30.27000
6.61000
46.99000
37.09000
12.74000
74.83000
31.98000
57.99000
86.97000
25.30000
87.27000
66.52000
18.22000
74.97000
89.48000
94.01000
91.50000
69.54000
39.01000
97.52000
22.57000
77.46000
60.00000
58.89000
46.94000
92.92000
4.32000
83.69000
28.87000
35.88000
45.62000
5.24000
55.38000
49.04000
85.28000
77.61000
40.22000
2.84000
49.44000
84.64000
20.92000
89.49000
71.86000
75.65000
61.35000
88.34000
69.89000
96.50000
90.93000
82.00000
8.13000
40.64000
40.80000
31.63000
1.43000
29.11000
38.19000
70.64000
90.41000
9.71000
37.09000
60.21000
43.41000
53.98000
16.22000
84.26000
49.55000
60.21000
78.07000
53.44000
25.67000
50.45000
52.87000
2.18000
12.38000
71.49000
92.59000
88.65000
75.04000
95.86000
76.97000
99.76000
6.76000
21.88000
9.48000
45.18000
21.38000
69.57000
17.37000
58.34000
60.52000
87.73000
9.19000
92.68000
79.12000
69.70000
38.84000
70.91000
27.61000
32.17000
87.26000
14.63000
13.62000
56.24000
99.13000
23.24000
93.23000
55.66000
43.92000
22.85000
50.25000
67.95000
14.81000
63.37000
89.25000
56.36000
30.76000
21.43000
43.58000
8.90000
36.48000
95.41000
68.29000
37.35000
1.40000
13.45000
46.22000
80.21000
18.72000
23.44000
82.93000
1.74000
8.40000
2.02000
11.75000
86.96000
14.14000
48.57000
86.76000
51.63000
5.38000
89.22000
54.00000
61.61000
84.46000
6.07000
54.22000
60.02000
28.69000
42.12000
87.18000
7.73000
75.45000
1.37000
51.17000
7.22000
36.42000
97.66000
67.22000
86.72000
45.00000
74.61000
83.13000
2.21000
61.38000
96.57000
71.45000
29.42000
70.46000
55.65000
29.46000
72.82000
81.91000
66.69000
78.21000
61.66000
31.16000
71.32000
66.50000
48.91000
76.37000
35.87000
65.86000
13.30000
4.46000
50.46000
73.59000
57.31000
23.09000
31.95000
12.73000
11.17000
46.13000
53.35000
77.93000
24.29000
24.38000
6.02000
78.13000
49.62000
62.09000
59.24000
73.01000
39.57000
35.91000
46.34000
50.60000
37.83000
45.21000
23.39000
23.65000
13.87000
16.14000
71.21000
29.68000
60.88000
97.58000
97.39000
31.94000
98.80000
67.16000
34.23000
18.44000
72.34000
24.28000
36.83000
1.96000
49.95000
93.07000
87.00000
20.00000
25.83000
26.42000
92.32000
35.82000
18.91000
96.96000
84.10000
37.43000
72.92000
8.09000
19.44000
86.42000
95.19000
72.20000
11.28000
72.62000
64.62000
39.39000
22.07000
61.88000
10.90000
20.65000
73.32000
32.91000
17.95000
7.08000
63.34000
88.21000
95.44000
14.55000
14.15000
58.00000
79.78000
83.66000
71.57000
94.27000
30.15000
81.76000
10.12000
76.74000
30.46000
98.97000
25.10000
8.89000
90.38000
52.13000
39.55000
17.96000
46.32000
80.85000
1.28000
57.92000
56.46000
52.48000
80.81000
8.51000
6.71000
57.14000
77.45000
71.20000
5.74000
13.52000
81.47000
53.11000
33.69000
41.91000
98.13000
40.27000
57.50000
60.63000
67.31000
17.96000
12.38000
76.27000
51.30000
5.12000
71.98000
21.14000
38.10000
45.47000
38.67000
50.32000
40.47000
9.45000
36.59000
46.64000
95.92000
89.25000
16.64000
16.67000
68.72000
6.83000
53.44000
90.73000
45.87000
3.89000
48.38000
27.90000
40.14000
49.88000
26.61000
8.00000
89.04000
39.99000
38.00000
37.61000
56.84000
92.17000
58.20000
49.04000
30.54000
02.56000
01.25000
04.58000
02.89000
02.13000
02.64000
02.95000
04.63000
02.08000
01.32000
03.86000
03.46000
03.96000
02.12000
03.37000
02.69000
02.37000
02.86000
02.56000
02.65000
04.87000
02.38000
03.52000
04.68000
04.06000
04.50000
01.32000
03.10000
01.49000
02.05000
04.04000
01.24000
03.76000
04.86000
04.76000
03.43000
02.45000
03.76000
01.55000
03.00000
02.12000
02.58000
01.50000
02.27000
04.36000
02.13000
04.67000
04.57000
03.74000
04.26000
01.77000
04.74000
04.41000
02.50000
04.99000
03.38000
01.05000
04.57000
03.98000
02.12000
04.95000
04.86000
04.96000
04.43000
04.81000
01.31000
03.12000
02.76000
02.33000
04.88000
02.68000
02.56000
04.22000
03.52000
04.82000
02.28000
02.17000
02.19000
03.77000
01.39000
04.90000
02.84000
02.71000
04.32000
02.11000
04.42000
01.85000
04.54000
04.50000
02.89000
02.40000
04.50000
03.76000
03.20000
02.56000
03.65000
04.61000
03.30000
01.53000
02.44000
04.03000
03.12000
03.75000
01.99000
04.02000
02.00000
02.84000
02.05000
02.54000
02.39000
03.74000
02.55000
03.40000
03.37000
04.78000
01.04000
03.45000
01.03000
01.30000
04.12000
04.51000
04.43000
01.61000
03.36000
01.40000
03.65000
03.04000
03.34000
01.96000
01.78000
03.93000
01.64000
03.02000
02.89000
03.61000
04.83000
02.39000
04.06000
02.39000
04.50000
02.92000
03.37000
01.61000
01.22000
04.42000
03.90000
03.60000
04.57000
03.73000
01.71000
02.04000
04.93000
03.30000
02.10000
01.58000
03.61000
02.96000
03.69000
04.35000
04.40000
03.45000
01.61000
04.79000
03.01000
01.71000
02.08000
02.36000
04.14000
03.70000
04.30000
01.51000
01.50000
04.37000
04.47000
03.69000
01.78000
03.68000
03.80000
03.36000
04.70000
02.58000
04.49000
03.98000
02.96000
03.02000
01.73000
01.98000
02.25000
03.95000
03.75000
02.84000
01.28000
01.34000
03.73000
04.99000
03.76000
04.12000
03.88000
03.90000
02.39000
01.24000
03.28000
02.40000
03.66000
01.82000
02.16000
02.29000
02.97000
03.91000
04.59000
02.09000
01.86000
01.57000
03.90000
02.38000
04.16000
01.88000
02.41000
04.73000
02.71000
04.92000
03.46000
03.74000
03.33000
03.78000
03.36000
02.96000
04.86000
04.52000
03.45000
02.99000
03.10000
02.23000
02.06000
01.40000
02.91000
04.98000
02.52000
04.76000
02.10000
01.85000
01.15000
04.67000
03.50000
02.93000
03.28000
01.68000
02.94000
03.28000
03.24000
02.15000
04.54000
04.71000
04.64000
01.68000
03.87000
02.20000
04.00000
03.20000
03.63000
03.40000
04.15000
01.38000
03.78000
01.51000
03.54000
03.96000
01.27000
02.72000
01.62000
03.61000
02.05000
02.25000
02.84000
02.06000
01.07000
04.29000
04.66000
01.99000
02.30000
02.05000
01.52000
03.13000
02.67000
01.73000
04.90000
02.15000
04.15000
02.53000
03.22000
04.78000
01.69000
04.66000
01.96000
01.72000
03.24000
01.32000
03.56000
04.66000
01.75000
01.57000
03.23000
01.18000
01.79000
01.70000
01.64000
01.22000
02.77000
04.12000
04.45000
03.09000
03.30000
01.14000
03.24000
01.61000
01.48000
02.11000
02.57000
04.60000
04.37000
01.34000
04.04000
04.90000
04.06000
02.17000
02.22000
04.34000
01.62000
04.92000
04.68000
01.73000
03.12000
02.92000
04.00000
04.92000
03.66000
02.50000
01.77000
02.72000
03.31000
02.98000
04.56000
04.98000
03.13000
04.71000
03.95000
02.50000
01.23000
04.99000
04.51000
03.19000
03.53000
01.03000
01.52000
03.27000
01.27000
04.57000
02.58000
04.39000
03.07000
01.01000
04.18000
01.51000
01.14000
03.79000
01.02000
02.57000
04.68000
03.37000
04.80000
04.54000
03.88000
03.21000
04.23000
01.36000
01.97000
03.75000
01.01000
03.98000
03.12000
02.45000
01.85000
04.37000
04.56000
01.77000
02.44000
03.48000
04.49000
01.15000
03.50000
03.25000
02.10000
01.05000
02.71000
02.64000
01.59000
02.92000
02.80000
01.60000
04.19000
01.33000
01.17000
02.25000
01.58000
03.97000
04.91000
02.33000
01.43000
04.50000
01.71000
02.95000
02.63000
01.48000
01.39000
01.19000
01.50000
02.50000
02.78000
03.13000
03.37000
04.13000
01.71000
03.85000
02.57000
03.96000
03.01000
03.43000
02.43000
04.56000
04.51000
02.94000
03.27000
01.50000
01.03000
04.47000
02.43000
03.38000
04.41000
03.09000
02.23000
03.76000
03.47000
02.87000
02.00000
01.22000
04.03000
04.90000
02.07000
03.34000
04.93000
02.31000
04.24000
02.35000
02.15000
03.62000
02.53000
04.79000
01.71000
02.35000
02.83000
04.62000
01.87000
01.71000
01.59000
03.56000
01.59000
01.90000
04.26000
04.30000
04.82000
04.12000
01.29000
02.54000
04.51000
02.57000
04.13000
03.00000
02.62000
04.45000
01.25000
03.37000
02.10000
01.98000
02.08000
02.35000
02.90000
04.35000
01.09000
03.66000
01.98000
01.76000
01.73000
03.98000
01.30000
01.43000
04.45000
01.04000
03.79000
03.55000
02.71000
4
2
39
37
20
5
24
19
38
36
29
7
27
7
14
6
26
17
40
5
21
3
5
10
46
7
47
33
18
41
9
13
32
5
25
34
28
42
49
6
48
4
50
43
22
12
3
16
44
35
3
8
45
30
5
1
11
23
31
15
62.38288
