50
7
12.36000
90.72000
92.17000
69.86000
4.57000
23.95000
62.14000
21.01000
33.84000
61.12000
53.00000
56.27000
65.11000
33.00000
92.33000
62.84000
27.76000
19.40000
48.43000
53.26000
63.10000
2.66000
75.74000
16.84000
78.83000
16.20000
70.37000
68.20000
95.61000
94.97000
16.61000
1.74000
98.49000
27.95000
36.43000
34.17000
86.46000
1.70000
42.95000
62.00000
22.92000
55.80000
86.99000
8.03000
83.21000
33.40000
10.52000
68.85000
11.07000
26.67000
16.12000
99.77000
49.11000
12.93000
45.69000
1.46000
34.73000
71.29000
3.46000
12.62000
50.54000
11.02000
69.02000
95.11000
47.94000
5.13000
2.74000
76.20000
29.40000
67.31000
86.31000
94.10000
97.93000
2.40000
83.19000
53.45000
11.60000
49.94000
80.16000
70.78000
25.00000
42.61000
41.78000
29.06000
47.80000
49.78000
57.92000
23.19000
90.19000
31.00000
96.24000
13.47000
15.42000
83.47000
51.69000
73.15000
84.27000
95.57000
93.03000
41.88000
47.75000
7.91000
17.81000
35.30000
22.93000
82.86000
13.63000
92.46000
60.42000
44.74000
49.03000
13.23000
93.47000
45.27000
82.76000
67.66000
44.48000
15.01000
38.02000
81.90000
72.56000
9.77000
49.90000
81.59000
28.94000
62.20000
19.95000
44.46000
1.57000
33.20000
61.61000
48.78000
67.54000
57.52000
54.77000
25.84000
45.64000
98.16000
91.22000
7.52000
40.80000
94.95000
29.17000
76.69000
97.64000
14.00000
37.78000
20.83000
51.95000
95.22000
65.08000
46.71000
22.18000
49.93000
94.53000
52.95000
22.44000
15.18000
32.01000
46.95000
72.53000
5.78000
68.69000
8.38000
98.35000
76.42000
1.30000
5.05000
2.58000
48.18000
73.64000
44.46000
11.22000
53.07000
36.01000
24.26000
30.04000
88.55000
85.80000
78.80000
90.14000
66.95000
25.91000
34.58000
1.38000
63.08000
7.33000
53.78000
94.96000
66.63000
83.55000
89.76000
84.83000
31.73000
62.13000
35.54000
8.27000
25.42000
49.19000
70.31000
42.94000
18.80000
12.90000
36.11000
9.35000
98.81000
58.51000
27.24000
4.93000
9.98000
73.03000
39.29000
67.34000
64.16000
82.53000
69.30000
50.17000
79.73000
3.23000
91.14000
68.40000
25.12000
87.03000
5.95000
52.97000
68.31000
80.01000
87.66000
97.21000
32.34000
63.89000
42.51000
11.40000
38.78000
10.61000
48.55000
65.21000
62.24000
29.73000
13.10000
47.27000
78.90000
22.04000
18.30000
7.60000
16.98000
25.94000
73.56000
10.16000
4.23000
71.78000
86.03000
36.48000
37.98000
51.65000
31.04000
43.88000
19.89000
86.81000
6.49000
9.77000
7.56000
21.17000
46.93000
69.65000
73.45000
21.94000
2.84000
63.56000
81.18000
35.13000
85.15000
80.58000
32.07000
33.02000
23.67000
13.37000
15.59000
63.73000
7.65000
3.59000
60.89000
3.65000
42.28000
95.49000
87.29000
2.96000
97.13000
87.34000
52.78000
40.17000
56.73000
75.96000
3.53000
70.54000
67.02000
11.23000
24.37000
75.68000
89.85000
57.63000
42.08000
73.62000
51.99000
40.34000
95.47000
76.72000
49.24000
41.13000
17.47000
68.18000
39.49000
41.20000
20.13000
79.49000
80.89000
60.41000
44.83000
57.04000
35.16000
8.80000
9.71000
10.64000
13.03000
33.09000
57.25000
63.02000
27.79000
71.16000
9.70000
4.34000
44.80000
99.56000
12.60000
34.68000
30.92000
84.02000
89.30000
21.54000
4.11000
28.94000
91.46000
44.35000
82.83000
26.89000
45.50000
47.93000
40.63000
11.11000
4.18000
09.75000
06.33000
05.71000
05.10000
05.50000
05.97000
07.69000
07.06000
08.22000
06.81000
07.84000
06.98000
05.72000
07.00000
09.46000
09.45000
06.19000
06.94000
05.03000
05.07000
05.73000
06.80000
08.63000
07.96000
05.81000
09.04000
08.51000
08.25000
05.82000
05.84000
09.56000
09.60000
05.50000
06.68000
05.78000
06.66000
07.53000
05.81000
07.85000
07.63000
09.94000
09.71000
05.56000
06.69000
08.66000
09.65000
05.35000
06.57000
05.03000
09.17000
09.30000
06.53000
09.34000
07.67000
06.02000
07.09000
08.38000
09.85000
06.82000
08.65000
09.81000
06.33000
06.99000
09.48000
08.47000
08.40000
05.34000
08.25000
06.50000
06.49000
06.69000
06.52000
05.79000
07.66000
09.38000
06.24000
05.50000
08.12000
07.75000
07.26000
09.55000
05.72000
09.69000
09.80000
09.13000
07.45000
09.07000
06.98000
05.20000
06.95000
08.29000
07.33000
05.97000
06.97000
05.77000
07.24000
09.43000
06.94000
08.44000
08.51000
06.86000
05.76000
09.28000
05.95000
06.41000
05.45000
06.68000
06.50000
05.35000
05.47000
05.66000
09.66000
06.28000
05.34000
09.97000
07.03000
08.48000
08.08000
08.75000
07.44000
05.33000
07.72000
09.03000
09.50000
06.86000
06.84000
08.22000
09.10000
07.27000
08.99000
06.64000
06.87000
07.36000
06.27000
09.99000
05.72000
07.09000
06.78000
06.86000
08.33000
08.07000
07.14000
06.23000
09.64000
06.02000
09.98000
09.97000
09.34000
08.34000
06.45000
06.67000
09.00000
06.63000
05.06000
09.31000
07.43000
07.48000
08.19000
05.33000
06.55000
08.98000
05.05000
08.28000
06.93000
09.86000
09.86000
06.44000
05.81000
07.37000
07.23000
05.39000
09.53000
09.76000
09.66000
05.46000
06.11000
08.81000
05.04000
09.23000
07.70000
07.31000
09.14000
09.07000
08.08000
06.56000
08.13000
09.61000
05.18000
08.89000
06.08000
05.24000
08.56000
05.14000
07.43000
07.61000
06.94000
07.16000
09.52000
08.15000
05.66000
08.21000
06.48000
06.41000
05.37000
07.17000
08.80000
07.47000
07.44000
06.80000
06.15000
07.08000
09.55000
08.87000
08.79000
08.77000
09.64000
08.08000
06.73000
07.75000
09.17000
09.51000
07.26000
08.34000
05.62000
06.11000
07.42000
06.52000
09.98000
06.25000
06.53000
07.41000
09.27000
06.17000
08.67000
07.75000
09.01000
07.52000
05.18000
08.45000
05.73000
09.81000
07.17000
07.05000
09.51000
07.98000
08.03000
05.22000
06.39000
09.83000
05.89000
08.75000
06.86000
09.41000
05.21000
06.67000
05.16000
05.08000
09.52000
06.92000
08.93000
06.48000
06.79000
05.64000
05.43000
05.60000
08.53000
05.00000
09.81000
09.17000
07.91000
05.69000
07.62000
06.19000
07.24000
09.39000
07.29000
05.42000
05.44000
06.33000
07.66000
07.90000
05.62000
07.72000
05.43000
09.44000
07.49000
08.32000
07.71000
08.08000
09.91000
08.89000
09.50000
06.67000
08.39000
08.68000
06.19000
05.29000
07.59000
08.01000
06.06000
06.31000
09.87000
09.24000
05.49000
07.77000
06.50000
09.83000
05.03000
07.81000
08.74000
07.26000
05.09000
06.79000
06.95000
09.27000
09.35000
09.20000
07.53000
06.46000
06.27000
06.17000
05.38000
09.87000
06.56000
07.97000
06.41000
08.39000
05.72000
06.50000
05.05000
06.31000
06.49000
07.83000
06.74000
05.82000
06.39000
09.65000
05.46000
09.50000
05.21000
08.78000
06.18000
07.81000
07.49000
08.71000
07.39000
06.61000
05.04000
07.04000
08.60000
8
49
41
26
1
5
22
38
32
7
15
42
4
16
9
24
6
6
36
48
7
2
46
29
9
25
8
14
12
47
18
19
35
17
5
39
43
3
10
45
9
13
28
27
11
30
33
31
44
37
6
20
34
21
23
40
50
95.22984
