50
7
126.28000
128.80000
147.56000
166.24000
178.92000
156.06000
188.95000
134.64000
108.03000
193.17000
170.55000
182.30000
182.10000
141.84000
111.65000
155.46000
108.72000
130.35000
145.60000
101.93000
184.51000
163.52000
169.81000
121.06000
145.17000
172.76000
195.76000
113.80000
115.44000
166.02000
198.97000
132.62000
159.16000
177.82000
169.06000
131.58000
129.19000
119.26000
159.68000
116.30000
117.49000
127.96000
138.56000
193.95000
105.06000
118.15000
137.49000
123.28000
111.96000
130.60000
156.87000
166.08000
119.38000
162.01000
195.36000
170.69000
189.46000
107.18000
162.68000
179.61000
112.07000
131.34000
175.38000
108.20000
160.79000
150.63000
101.57000
110.91000
135.77000
195.30000
110.92000
131.25000
113.71000
159.62000
124.68000
151.79000
197.90000
151.94000
165.66000
144.16000
168.16000
144.68000
108.21000
119.05000
130.89000
124.31000
128.26000
176.21000
169.04000
141.37000
153.31000
154.47000
192.15000
160.46000
112.40000
181.71000
186.29000
110.24000
186.16000
124.87000
196.69000
109.00000
198.76000
102.80000
125.89000
184.02000
107.49000
175.66000
180.11000
138.35000
104.61000
149.97000
108.34000
110.41000
152.36000
171.20000
123.61000
190.21000
152.07000
111.36000
153.01000
169.29000
194.11000
119.04000
187.71000
190.76000
107.94000
169.38000
132.94000
199.31000
112.04000
114.10000
157.97000
191.17000
164.00000
131.47000
146.17000
164.15000
110.45000
176.31000
144.94000
167.62000
137.07000
130.03000
115.76000
152.49000
118.62000
150.59000
184.16000
121.26000
186.26000
111.38000
159.52000
129.39000
193.50000
188.01000
140.40000
181.90000
116.60000
144.07000
157.32000
163.12000
196.33000
125.39000
170.60000
182.18000
150.02000
141.90000
192.09000
187.28000
121.58000
117.56000
135.23000
115.67000
131.45000
140.42000
165.00000
143.68000
126.66000
112.57000
147.96000
136.67000
130.80000
100.18000
102.22000
199.10000
194.02000
183.47000
147.46000
124.47000
143.01000
106.72000
154.93000
145.36000
131.05000
128.29000
197.41000
183.38000
187.98000
170.59000
122.98000
128.04000
174.12000
154.15000
188.05000
130.93000
122.21000
197.71000
111.48000
139.23000
160.37000
140.32000
160.20000
165.59000
131.31000
164.14000
190.22000
199.21000
141.84000
102.91000
196.62000
155.87000
112.79000
191.95000
163.51000
127.90000
129.07000
118.10000
114.09000
134.20000
189.67000
169.81000
160.62000
170.22000
157.62000
187.06000
154.42000
157.99000
110.02000
111.40000
135.87000
196.09000
188.04000
135.95000
184.41000
109.66000
146.88000
155.38000
168.55000
100.43000
178.76000
185.14000
164.80000
196.24000
163.57000
129.83000
179.55000
127.32000
114.17000
138.82000
195.52000
115.35000
133.04000
125.95000
197.21000
199.94000
124.24000
194.08000
145.72000
184.75000
143.38000
185.16000
128.70000
187.51000
147.64000
130.19000
110.34000
190.00000
145.77000
199.26000
181.43000
188.07000
148.06000
151.47000
109.29000
141.64000
116.38000
185.04000
187.83000
124.67000
114.15000
187.21000
187.50000
175.22000
156.38000
184.31000
105.32000
145.37000
159.60000
191.71000
158.69000
113.44000
164.60000
198.48000
114.08000
183.50000
134.79000
128.81000
127.15000
172.96000
131.51000
162.40000
120.33000
106.18000
115.43000
155.65000
130.09000
109.10000
136.31000
141.51000
156.96000
159.20000
182.98000
179.51000
115.55000
135.53000
133.31000
105.73000
184.52000
168.71000
104.25000
182.82000
156.59000
190.92000
101.80000
149.99000
188.55000
185.89000
171.04000
173.01000
151.24000
138.94000
146.08000
194.20000
179.59000
186.92000
100.13000
182.48000
122.57000
168.27000
08.08000
09.38000
07.42000
05.56000
08.39000
09.38000
06.65000
08.80000
08.57000
08.60000
09.92000
09.61000
05.82000
09.30000
06.85000
08.55000
06.52000
09.72000
09.93000
05.94000
08.68000
06.65000
07.05000
09.39000
09.43000
07.87000
08.99000
06.24000
07.57000
09.68000
06.91000
06.14000
06.02000
09.43000
09.88000
08.47000
09.35000
07.92000
07.35000
09.90000
06.27000
07.04000
06.66000
06.83000
07.13000
07.13000
05.54000
07.96000
06.41000
09.59000
05.56000
07.99000
06.48000
07.31000
08.68000
09.11000
09.90000
07.06000
09.43000
05.90000
06.14000
05.05000
07.82000
08.57000
06.68000
06.34000
06.15000
06.45000
08.97000
08.91000
06.45000
05.52000
09.02000
06.10000
08.05000
05.88000
08.85000
09.18000
05.01000
09.30000
08.96000
09.76000
08.70000
06.67000
05.90000
07.40000
05.21000
05.52000
09.74000
06.99000
07.92000
07.54000
06.53000
06.37000
09.98000
06.04000
05.88000
08.71000
06.80000
08.48000
09.43000
05.69000
09.29000
07.47000
05.10000
05.68000
08.38000
05.31000
09.59000
05.72000
05.53000
08.65000
08.05000
07.55000
08.93000
08.15000
06.05000
05.18000
05.85000
05.51000
06.99000
07.37000
05.26000
05.95000
09.73000
05.15000
05.22000
05.69000
05.96000
09.33000
05.47000
09.47000
07.80000
07.96000
09.87000
08.07000
05.24000
08.87000
08.93000
05.74000
08.67000
07.17000
07.29000
07.79000
06.38000
07.71000
06.23000
08.02000
07.02000
07.61000
05.84000
08.81000
08.88000
06.20000
05.17000
08.46000
05.33000
07.32000
05.33000
08.77000
08.33000
05.46000
07.69000
05.37000
06.32000
06.74000
07.17000
09.26000
05.04000
06.45000
09.66000
09.37000
09.96000
06.50000
09.62000
09.97000
08.85000
07.93000
07.47000
08.26000
09.20000
08.44000
07.19000
06.80000
05.82000
09.87000
08.75000
06.07000
08.24000
05.68000
05.65000
06.93000
08.28000
08.49000
07.39000
08.11000
07.52000
07.56000
07.00000
08.77000
05.23000
08.86000
06.30000
08.27000
09.22000
08.69000
06.32000
07.66000
08.30000
05.90000
05.41000
09.14000
09.90000
06.12000
09.66000
07.90000
08.14000
08.45000
05.55000
06.37000
06.25000
08.02000
07.45000
06.75000
09.11000
08.49000
05.13000
08.52000
05.75000
09.53000
06.25000
05.91000
06.83000
09.31000
08.83000
05.42000
07.14000
07.03000
08.83000
08.32000
08.13000
05.40000
07.57000
08.14000
05.39000
08.16000
09.26000
08.18000
06.14000
07.54000
07.15000
09.44000
05.44000
05.19000
08.24000
05.09000
08.33000
08.86000
08.92000
09.92000
09.24000
06.56000
06.32000
09.36000
08.00000
09.86000
07.31000
05.48000
07.94000
05.70000
06.07000
09.48000
08.41000
08.92000
06.51000
09.21000
07.28000
09.77000
09.83000
06.67000
08.44000
06.35000
06.97000
05.49000
09.29000
07.19000
06.16000
08.43000
08.24000
08.69000
05.39000
09.91000
07.22000
07.64000
09.90000
08.48000
09.19000
08.73000
09.72000
09.33000
09.01000
08.81000
06.38000
05.29000
05.04000
09.46000
06.79000
05.69000
07.50000
06.65000
07.06000
08.81000
05.53000
09.23000
05.57000
08.67000
06.14000
05.82000
07.37000
07.85000
06.76000
07.27000
06.63000
09.91000
07.71000
09.25000
09.16000
06.95000
09.68000
09.65000
09.93000
07.05000
06.26000
06.15000
05.54000
06.84000
06.43000
08.69000
06.73000
08.97000
07.07000
06.97000
05.87000
09.56000
05.45000
07.96000
09.49000
05.80000
06.70000
08.41000
7
32
15
48
38
45
9
40
7
16
3
21
36
17
14
33
8
27
31
20
2
11
4
13
7
7
24
35
44
42
34
30
22
7
19
1
29
23
46
50
39
7
6
41
37
12
26
10
47
7
43
5
8
18
49
28
25
1069.23900
