50
4
20.98000
78.03000
32.53000
12.73000
37.04000
63.55000
39.52000
49.89000
69.75000
13.90000
83.27000
22.49000
60.34000
68.30000
6.00000
69.74000
49.02000
68.97000
45.93000
33.88000
76.00000
56.13000
45.28000
54.12000
82.52000
70.00000
44.26000
71.67000
9.78000
51.80000
83.10000
27.76000
96.01000
41.74000
4.02000
61.61000
84.42000
80.04000
45.23000
15.43000
15.23000
8.93000
48.95000
28.44000
27.67000
66.62000
55.41000
41.86000
62.95000
95.32000
2.91000
72.54000
1.93000
54.28000
98.36000
53.96000
40.44000
30.20000
96.18000
65.37000
63.32000
68.60000
61.35000
72.75000
36.52000
36.44000
58.83000
42.05000
25.02000
97.70000
54.60000
38.26000
93.79000
20.35000
14.62000
27.34000
10.80000
67.35000
3.86000
74.25000
39.02000
6.67000
87.29000
45.98000
45.41000
2.29000
32.88000
7.48000
94.94000
20.16000
4.59000
23.72000
54.59000
26.27000
67.41000
60.68000
88.31000
85.57000
88.29000
84.32000
3.28000
1.24000
39.48000
11.88000
24.25000
47.84000
67.81000
33.73000
8.12000
17.89000
4.90000
73.41000
44.61000
1.12000
39.47000
22.61000
25.43000
87.23000
63.23000
70.07000
40.32000
68.96000
66.91000
8.49000
79.97000
36.01000
41.22000
26.61000
36.12000
78.11000
75.88000
16.13000
97.48000
86.98000
62.62000
66.77000
56.77000
53.34000
91.14000
70.26000
3.71000
66.89000
53.17000
17.32000
28.01000
19.37000
38.43000
96.65000
21.41000
99.49000
37.43000
3.74000
75.70000
90.33000
9.99000
70.82000
40.25000
58.52000
94.15000
92.48000
25.13000
38.52000
8.37000
84.20000
45.81000
45.81000
65.12000
61.43000
18.75000
95.86000
81.87000
39.66000
58.42000
6.14000
74.09000
34.35000
81.30000
89.11000
57.24000
60.97000
3.85000
63.24000
46.80000
35.98000
39.53000
43.00000
58.23000
73.86000
5.83000
43.87000
8.01000
91.08000
17.20000
81.30000
10.59000
4.09000
89.12000
71.77000
81.46000
26.38000
02.20000
04.60000
01.50000
03.35000
01.91000
04.27000
02.82000
01.26000
04.61000
01.20000
04.68000
04.00000
01.42000
02.52000
02.21000
02.68000
03.45000
03.36000
02.54000
04.44000
01.85000
02.83000
04.78000
04.40000
03.72000
04.06000
04.07000
01.69000
04.20000
02.18000
03.52000
03.43000
02.41000
04.31000
02.27000
04.74000
01.48000
01.59000
03.44000
04.75000
04.53000
01.12000
02.15000
02.59000
02.69000
02.04000
01.53000
01.37000
03.08000
03.48000
02.04000
01.50000
04.52000
01.20000
01.45000
04.98000
03.33000
01.85000
01.69000
01.82000
01.03000
03.92000
02.89000
04.15000
01.76000
03.54000
01.17000
04.10000
01.63000
04.84000
04.66000
01.79000
04.77000
03.95000
01.48000
01.34000
03.30000
04.98000
03.76000
02.88000
01.36000
04.06000
03.62000
02.53000
03.06000
01.32000
01.20000
04.42000
04.54000
04.88000
04.60000
04.68000
01.90000
02.86000
01.96000
03.43000
03.29000
03.40000
01.41000
04.79000
01.87000
01.22000
02.75000
01.33000
02.12000
02.61000
02.61000
02.22000
03.86000
02.28000
02.52000
01.95000
04.23000
01.35000
03.62000
01.64000
04.34000
04.95000
03.03000
02.43000
01.33000
02.21000
01.87000
01.43000
04.31000
02.24000
01.28000
03.77000
02.41000
02.18000
02.36000
02.58000
04.76000
03.14000
02.26000
02.98000
04.49000
02.26000
02.09000
02.10000
02.71000
04.65000
02.98000
01.06000
04.55000
03.45000
02.06000
04.98000
03.14000
03.78000
01.61000
01.62000
04.40000
03.68000
02.04000
04.85000
02.30000
03.39000
01.94000
02.57000
02.73000
02.66000
03.44000
04.93000
03.82000
03.63000
04.66000
02.04000
03.71000
04.42000
03.73000
04.03000
04.50000
03.14000
02.78000
01.02000
04.33000
01.94000
03.92000
03.15000
01.32000
02.92000
01.29000
04.53000
01.59000
04.23000
01.00000
03.29000
03.28000
03.98000
01.19000
01.55000
04.50000
04.29000
03.98000
01.45000
03.39000
03.30000
03.49000
01.10000
10
48
30
10
23
42
20
12
40
15
35
14
37
22
26
8
18
25
44
27
36
38
32
1
29
3
12
21
47
6
16
4
28
49
17
9
11
2
14
14
33
50
7
34
41
19
5
43
31
46
45
13
24
39
268.32860
