50
4
11.06000
73.76000
65.15000
36.11000
26.72000
16.73000
74.05000
8.28000
14.18000
28.17000
74.86000
19.54000
13.65000
49.30000
8.80000
11.10000
65.35000
21.34000
15.07000
23.18000
11.50000
83.51000
34.90000
96.00000
90.32000
78.04000
9.51000
71.78000
45.02000
45.12000
78.12000
89.73000
14.83000
25.00000
82.94000
91.08000
39.97000
57.87000
64.20000
17.04000
61.65000
84.98000
62.11000
6.83000
21.10000
47.52000
17.89000
1.68000
57.52000
84.72000
15.53000
55.60000
38.47000
26.26000
82.63000
25.30000
69.52000
85.60000
44.38000
66.77000
77.20000
51.18000
64.74000
46.96000
27.48000
86.98000
10.68000
30.86000
84.33000
59.96000
46.17000
83.42000
15.71000
35.09000
38.18000
71.61000
84.59000
77.34000
51.67000
60.41000
58.94000
53.68000
52.62000
15.78000
3.73000
29.08000
7.00000
2.70000
82.93000
68.50000
78.77000
86.12000
64.51000
38.92000
35.90000
34.03000
13.44000
5.31000
42.36000
10.38000
43.91000
41.87000
35.53000
88.94000
82.08000
57.33000
71.01000
44.86000
13.53000
75.12000
44.63000
97.47000
27.00000
85.99000
46.12000
39.51000
14.20000
80.63000
66.20000
59.69000
64.84000
49.78000
95.58000
49.73000
70.64000
83.14000
25.98000
99.35000
22.33000
72.44000
46.13000
1.26000
9.62000
8.40000
47.75000
43.20000
23.23000
79.74000
21.54000
17.87000
53.88000
79.17000
57.23000
14.99000
92.29000
96.41000
46.54000
25.28000
30.18000
23.19000
44.02000
28.87000
15.24000
84.57000
47.61000
87.91000
19.32000
28.47000
31.31000
19.55000
11.25000
1.21000
10.58000
37.26000
6.49000
18.26000
99.90000
57.51000
20.50000
95.08000
17.73000
95.77000
68.77000
49.14000
76.55000
68.50000
67.75000
93.90000
93.82000
90.17000
32.92000
46.85000
85.01000
77.26000
78.75000
22.44000
65.59000
45.22000
22.70000
36.15000
51.02000
9.54000
78.24000
4.45000
56.79000
84.68000
62.84000
41.80000
98.35000
88.11000
01.38000
02.98000
03.28000
02.12000
04.64000
03.30000
03.86000
03.41000
04.33000
04.33000
02.43000
04.96000
03.56000
01.18000
02.10000
01.90000
01.46000
04.99000
02.01000
01.35000
01.15000
02.86000
01.27000
02.43000
01.76000
01.94000
03.01000
04.28000
02.41000
01.35000
02.36000
02.02000
02.23000
04.20000
02.44000
02.77000
04.35000
01.63000
02.37000
01.66000
03.89000
04.76000
01.29000
01.81000
03.97000
04.71000
02.31000
02.35000
03.72000
04.62000
02.33000
04.25000
03.67000
03.05000
04.68000
04.65000
02.88000
01.08000
04.79000
01.35000
01.92000
03.48000
02.80000
02.48000
04.93000
02.37000
02.83000
04.16000
04.01000
01.87000
01.00000
02.51000
03.31000
02.11000
01.45000
01.67000
02.94000
03.21000
04.29000
01.75000
03.02000
01.31000
01.65000
02.89000
03.69000
04.52000
01.66000
01.20000
01.07000
04.97000
04.43000
04.82000
03.28000
02.78000
02.11000
01.86000
02.44000
02.08000
02.80000
04.45000
01.36000
02.59000
03.40000
02.03000
03.03000
03.25000
01.89000
02.41000
02.62000
04.64000
04.87000
04.07000
01.28000
03.86000
01.48000
04.14000
04.12000
02.05000
04.84000
03.73000
04.27000
04.33000
04.06000
03.98000
02.86000
03.82000
04.29000
02.00000
01.00000
01.66000
02.64000
02.93000
03.83000
02.96000
04.23000
03.88000
04.47000
04.85000
02.20000
01.99000
04.04000
04.46000
01.66000
02.38000
03.68000
02.91000
03.74000
02.17000
04.50000
01.32000
04.57000
03.22000
01.24000
02.77000
04.74000
02.91000
01.84000
04.92000
04.32000
03.05000
04.92000
04.57000
01.43000
01.75000
04.60000
03.86000
02.21000
01.15000
03.01000
04.90000
04.77000
03.36000
02.26000
01.82000
03.24000
02.52000
04.48000
04.74000
03.75000
04.75000
03.80000
03.80000
04.42000
04.16000
02.35000
01.11000
03.37000
02.90000
02.25000
02.80000
02.74000
03.07000
01.62000
02.99000
04.64000
02.82000
02.58000
03.82000
03.21000
04.25000
16
30
20
21
1
19
16
5
45
6
18
44
13
9
27
8
48
12
25
28
46
24
4
47
23
37
17
50
38
35
10
43
29
41
22
39
40
49
34
33
32
12
26
14
36
3
7
2
31
10
42
11
15
12
294.85210
