50
7
33.45000
65.97000
26.79000
2.64000
89.70000
26.21000
38.17000
73.56000
70.34000
66.97000
78.22000
79.65000
72.97000
30.99000
41.13000
99.57000
23.47000
71.95000
20.64000
3.14000
22.54000
10.93000
62.52000
94.85000
98.18000
78.96000
16.09000
74.36000
57.16000
75.47000
78.74000
76.01000
29.56000
11.82000
53.37000
25.32000
23.28000
61.80000
90.95000
84.45000
72.47000
17.10000
47.00000
8.76000
89.13000
29.86000
26.07000
87.28000
11.51000
68.12000
6.18000
34.39000
13.91000
86.28000
45.21000
88.75000
15.61000
55.40000
13.19000
66.44000
43.38000
75.34000
95.48000
37.20000
35.90000
61.93000
21.16000
97.10000
44.73000
31.58000
3.45000
21.97000
85.87000
51.70000
96.24000
9.96000
90.26000
92.29000
45.61000
38.01000
52.23000
75.36000
32.30000
10.37000
79.04000
23.50000
28.22000
6.06000
44.40000
10.32000
43.97000
31.42000
33.90000
12.00000
79.29000
69.58000
97.59000
55.74000
73.62000
30.97000
91.35000
93.69000
76.56000
18.90000
98.35000
35.29000
77.03000
54.89000
1.05000
94.26000
5.94000
19.22000
81.89000
7.39000
4.20000
45.45000
80.38000
45.14000
41.03000
83.06000
34.55000
71.15000
62.44000
45.97000
33.50000
86.71000
40.71000
59.99000
68.86000
82.32000
23.95000
17.39000
84.32000
87.11000
86.55000
22.33000
25.10000
20.40000
81.71000
44.41000
85.50000
38.20000
86.91000
67.14000
65.32000
87.66000
57.44000
38.47000
13.45000
55.62000
21.52000
6.70000
20.24000
1.04000
55.03000
95.88000
89.28000
81.21000
6.79000
93.61000
24.81000
2.14000
42.82000
7.00000
6.03000
74.90000
95.61000
92.20000
52.79000
42.84000
12.54000
12.92000
75.14000
22.13000
1.43000
77.90000
21.80000
56.23000
86.00000
3.43000
28.64000
66.40000
56.42000
51.85000
72.22000
99.17000
13.77000
91.05000
19.26000
78.91000
23.55000
39.97000
72.17000
55.25000
66.17000
17.09000
26.52000
54.63000
86.48000
92.93000
33.33000
22.49000
20.24000
38.34000
69.62000
22.14000
37.48000
51.34000
53.74000
55.76000
81.33000
32.62000
94.11000
88.28000
81.53000
9.79000
77.97000
49.10000
18.91000
49.13000
17.82000
79.51000
73.81000
8.08000
2.00000
87.22000
81.65000
79.77000
46.10000
92.87000
77.37000
50.47000
43.55000
81.54000
47.96000
42.15000
13.04000
52.20000
80.97000
66.95000
49.09000
67.27000
18.00000
76.67000
74.49000
5.06000
98.17000
12.28000
87.85000
5.34000
12.17000
76.30000
77.99000
28.71000
29.29000
73.87000
42.81000
5.53000
87.36000
70.79000
15.01000
34.20000
73.20000
48.66000
55.44000
66.11000
60.84000
64.85000
90.38000
4.74000
63.94000
5.04000
60.05000
52.10000
85.37000
28.71000
67.05000
65.25000
67.65000
24.61000
29.95000
1.80000
41.47000
56.33000
29.71000
68.39000
76.19000
15.72000
62.22000
77.23000
32.37000
68.44000
87.79000
89.57000
7.21000
10.45000
80.67000
69.19000
87.09000
10.51000
10.77000
13.93000
77.95000
50.75000
52.60000
97.10000
28.09000
66.39000
8.15000
90.99000
35.31000
19.52000
46.96000
27.84000
53.34000
66.88000
43.10000
28.07000
12.73000
32.67000
20.69000
52.76000
68.31000
52.00000
5.40000
52.17000
54.70000
26.40000
73.95000
15.22000
30.83000
69.32000
7.59000
19.03000
32.43000
60.64000
34.64000
80.37000
22.51000
92.15000
87.95000
7.17000
39.89000
22.09000
52.42000
42.07000
50.69000
19.57000
12.51000
20.84000
04.67000
01.76000
04.85000
04.41000
02.00000
04.80000
01.15000
03.32000
01.05000
02.15000
01.54000
01.15000
04.01000
02.86000
04.84000
02.37000
01.84000
02.31000
01.69000
04.75000
04.35000
04.18000
04.54000
01.39000
02.14000
02.47000
01.65000
02.69000
04.63000
03.49000
03.11000
02.37000
02.06000
03.87000
02.80000
03.46000
03.47000
04.53000
04.43000
04.30000
02.72000
04.74000
03.49000
04.54000
04.47000
04.04000
01.33000
03.16000
02.21000
04.32000
04.50000
01.36000
03.96000
03.88000
01.08000
02.79000
02.86000
03.18000
03.35000
02.08000
02.65000
03.88000
02.82000
04.77000
04.78000
02.18000
02.33000
01.22000
01.00000
02.10000
02.05000
04.59000
03.36000
01.46000
01.43000
04.88000
02.24000
01.91000
01.26000
02.88000
04.33000
02.89000
01.63000
04.19000
02.61000
03.66000
03.94000
01.23000
02.41000
01.31000
04.91000
03.24000
03.35000
04.72000
02.58000
02.26000
01.35000
04.60000
02.27000
03.15000
03.89000
01.10000
03.29000
03.50000
02.91000
04.37000
03.13000
03.11000
04.13000
02.48000
04.21000
03.47000
03.32000
01.33000
03.44000
02.40000
02.06000
02.13000
02.56000
04.00000
01.73000
03.42000
02.11000
04.72000
01.53000
03.04000
03.46000
03.31000
04.49000
04.14000
02.76000
02.82000
03.41000
01.19000
01.01000
04.63000
02.96000
01.97000
01.99000
02.43000
01.56000
01.57000
02.32000
04.21000
01.50000
04.39000
01.41000
02.29000
02.84000
02.16000
04.79000
03.01000
01.46000
01.75000
03.52000
01.94000
04.16000
03.80000
02.21000
01.52000
04.10000
01.72000
02.76000
02.89000
01.57000
03.80000
03.33000
04.99000
04.16000
03.14000
04.44000
02.59000
04.77000
03.67000
02.89000
04.26000
03.62000
02.13000
01.80000
02.40000
02.23000
02.04000
04.61000
03.21000
01.45000
03.78000
01.06000
04.70000
03.44000
02.50000
01.23000
02.70000
01.66000
02.21000
01.48000
04.83000
02.89000
01.68000
02.49000
04.57000
04.30000
04.44000
04.49000
02.97000
04.99000
04.15000
02.01000
03.34000
02.56000
01.80000
01.87000
04.61000
01.87000
03.64000
02.59000
01.45000
02.60000
04.24000
04.48000
03.81000
01.23000
04.47000
03.69000
02.98000
01.04000
01.51000
02.17000
01.55000
02.15000
02.86000
01.68000
03.42000
03.49000
04.33000
01.80000
03.81000
04.77000
04.05000
01.91000
03.24000
04.54000
04.45000
03.22000
01.57000
02.17000
02.28000
02.74000
03.94000
03.83000
02.59000
04.34000
01.02000
01.74000
04.82000
04.02000
02.27000
02.54000
01.12000
01.80000
02.17000
04.51000
04.70000
01.40000
04.93000
02.27000
03.45000
03.84000
01.62000
02.76000
03.06000
01.47000
04.08000
03.22000
01.06000
03.94000
02.98000
01.22000
04.77000
04.22000
01.81000
04.63000
01.33000
04.59000
02.86000
01.64000
03.68000
02.64000
01.24000
02.73000
04.60000
01.27000
02.87000
02.73000
02.66000
02.70000
02.49000
02.76000
04.25000
02.46000
01.63000
02.81000
01.46000
05.00000
01.31000
01.54000
04.01000
03.87000
04.82000
02.29000
04.45000
02.39000
01.98000
02.52000
04.86000
04.17000
03.78000
03.47000
04.65000
03.61000
01.52000
04.24000
02.54000
03.96000
04.84000
03.71000
02.55000
03.25000
03.67000
02.58000
04.03000
04.36000
02.25000
01.36000
03.64000
04.93000
01.16000
02.39000
01.34000
03.47000
03.25000
03.79000
02.40000
01.26000
03.72000
01.53000
03.43000
04.41000
04.06000
03.35000
02.32000
5
23
17
27
44
20
8
29
40
7
38
3
34
26
21
6
31
37
6
36
11
9
9
13
47
39
15
14
2
30
12
4
7
10
16
43
48
24
46
50
7
41
35
5
8
45
32
22
8
28
18
33
1
49
19
42
25
120.70240
