50
4
24.06000
42.51000
43.00000
2.19000
83.90000
94.63000
28.03000
15.46000
78.42000
79.09000
66.84000
30.68000
47.82000
36.13000
1.64000
88.08000
32.33000
5.94000
70.66000
29.87000
72.16000
28.77000
17.11000
94.28000
9.54000
45.81000
79.22000
24.52000
82.68000
97.30000
99.19000
58.81000
34.80000
25.45000
18.26000
39.38000
5.12000
68.48000
74.64000
6.43000
33.86000
68.61000
11.54000
99.19000
62.23000
66.06000
67.20000
60.87000
31.47000
2.04000
72.21000
60.48000
75.86000
7.22000
41.96000
22.55000
90.00000
40.36000
67.22000
19.25000
43.64000
41.61000
14.98000
16.56000
1.75000
75.96000
49.19000
79.44000
29.30000
10.37000
36.82000
74.86000
92.26000
8.80000
42.85000
67.80000
57.59000
37.23000
33.24000
24.21000
89.27000
61.62000
72.96000
9.07000
54.27000
47.94000
28.97000
87.34000
17.56000
61.16000
65.26000
27.01000
44.09000
67.25000
48.79000
91.02000
99.85000
32.19000
44.52000
47.36000
11.10000
87.39000
27.13000
18.11000
64.06000
34.11000
9.33000
35.22000
72.18000
45.04000
90.56000
12.91000
26.19000
11.92000
63.53000
40.90000
15.80000
24.45000
17.96000
10.90000
31.73000
73.35000
43.57000
12.64000
64.70000
50.35000
32.09000
36.83000
6.43000
45.17000
73.21000
74.20000
45.64000
48.51000
58.68000
16.45000
74.05000
51.11000
78.20000
52.32000
82.36000
43.67000
23.50000
73.51000
61.32000
16.93000
83.29000
70.75000
1.62000
60.59000
10.13000
56.49000
3.05000
55.00000
47.84000
90.88000
22.70000
54.69000
28.54000
59.74000
92.06000
46.09000
66.69000
77.55000
28.62000
44.67000
78.77000
60.77000
45.82000
65.90000
80.23000
24.87000
60.16000
26.24000
86.55000
84.32000
87.08000
40.17000
14.19000
56.59000
43.07000
24.15000
76.64000
56.15000
42.58000
92.65000
91.34000
98.46000
2.10000
63.14000
73.78000
1.00000
36.08000
50.10000
39.43000
76.24000
61.00000
68.98000
3.74000
42.63000
02.21000
02.17000
02.37000
03.64000
04.12000
01.27000
01.85000
03.95000
02.95000
01.56000
03.81000
01.01000
01.82000
02.19000
03.38000
01.97000
03.86000
02.26000
03.67000
01.94000
04.20000
04.91000
03.83000
04.05000
01.95000
01.25000
02.97000
03.42000
04.25000
02.43000
04.21000
03.17000
02.22000
03.55000
02.68000
02.44000
02.98000
03.75000
01.51000
04.35000
01.66000
02.15000
03.82000
04.02000
01.39000
01.87000
04.74000
04.58000
01.28000
02.04000
01.12000
02.32000
02.79000
02.01000
03.26000
03.64000
04.05000
03.22000
03.68000
01.77000
01.65000
01.29000
02.49000
04.82000
03.70000
04.36000
03.82000
04.92000
02.34000
04.54000
03.79000
02.21000
01.69000
01.95000
02.54000
04.79000
01.86000
04.73000
04.18000
04.80000
03.00000
01.00000
04.84000
02.36000
01.22000
02.89000
04.65000
01.60000
04.65000
02.51000
03.73000
02.64000
01.41000
04.00000
02.20000
01.61000
03.63000
03.48000
04.20000
02.63000
04.25000
04.98000
01.32000
04.52000
04.12000
01.97000
02.27000
01.48000
02.42000
04.19000
04.21000
04.23000
04.28000
04.74000
04.28000
01.87000
02.83000
04.76000
03.59000
03.55000
03.19000
01.37000
03.27000
02.38000
02.48000
03.70000
04.46000
03.48000
01.84000
04.87000
04.26000
03.99000
02.37000
02.00000
03.81000
01.03000
01.22000
04.23000
04.23000
03.72000
03.50000
04.67000
02.65000
01.19000
02.34000
04.45000
04.20000
02.57000
02.86000
04.69000
02.84000
03.02000
02.87000
03.51000
02.87000
01.71000
01.59000
02.89000
02.81000
01.33000
03.28000
04.29000
04.79000
04.03000
02.08000
01.81000
02.92000
03.91000
04.09000
01.59000
03.35000
03.12000
03.46000
01.75000
04.18000
03.76000
02.29000
04.41000
03.56000
03.97000
02.73000
03.71000
03.59000
01.88000
02.89000
01.75000
02.41000
03.60000
04.90000
04.68000
02.14000
03.27000
02.88000
02.62000
04.90000
03.00000
02.96000
01.68000
04.83000
04.92000
10
24
12
36
34
32
28
21
35
2
15
11
19
40
39
5
29
3
6
8
41
22
45
13
27
16
42
14
47
25
38
48
7
4
9
43
46
16
49
10
23
11
50
13
26
44
20
37
17
31
33
30
1
18
299.93730
