50
4
113.62000
112.95000
183.05000
189.42000
136.58000
118.14000
166.77000
104.19000
191.20000
177.65000
152.45000
193.59000
118.11000
132.10000
180.74000
198.26000
157.94000
122.13000
192.26000
158.81000
151.30000
188.36000
127.63000
115.86000
138.83000
171.40000
127.48000
110.05000
161.16000
111.89000
132.43000
182.00000
158.89000
150.46000
183.11000
172.33000
172.67000
127.72000
120.14000
121.68000
143.11000
184.30000
184.15000
170.65000
110.84000
160.82000
115.76000
159.89000
116.49000
197.92000
130.31000
135.30000
167.91000
117.46000
124.81000
132.39000
134.20000
125.79000
154.29000
168.37000
168.28000
155.83000
184.38000
108.87000
135.79000
173.20000
180.71000
119.51000
102.35000
143.52000
108.90000
165.92000
133.57000
132.42000
134.57000
113.72000
195.10000
105.52000
123.36000
128.53000
152.55000
128.46000
140.88000
175.99000
171.55000
166.84000
152.76000
121.72000
117.71000
186.31000
124.62000
131.33000
156.68000
152.48000
122.10000
170.46000
154.07000
130.98000
110.81000
104.74000
144.31000
188.52000
196.98000
173.47000
185.80000
115.85000
109.58000
126.99000
192.16000
143.21000
182.36000
125.85000
154.01000
161.22000
105.94000
160.67000
161.98000
160.51000
170.95000
122.07000
106.69000
131.69000
168.02000
100.69000
178.77000
165.40000
187.77000
187.14000
168.84000
152.25000
120.82000
172.06000
167.53000
182.88000
157.81000
146.06000
165.47000
147.92000
189.35000
199.78000
153.27000
137.97000
106.07000
123.83000
121.57000
143.68000
198.60000
108.84000
160.98000
155.65000
194.44000
186.16000
196.84000
160.32000
186.99000
113.82000
154.34000
148.63000
113.35000
191.70000
103.47000
194.98000
189.15000
135.43000
159.84000
114.99000
130.01000
160.62000
139.10000
124.28000
151.56000
182.91000
156.85000
138.47000
169.43000
117.92000
128.73000
173.20000
199.23000
181.27000
170.37000
144.09000
156.60000
188.60000
197.37000
166.76000
157.15000
155.52000
125.38000
156.83000
116.52000
197.65000
170.02000
129.94000
150.33000
130.64000
146.90000
101.70000
174.20000
170.09000
06.33000
06.76000
06.65000
08.67000
09.66000
08.06000
06.48000
09.16000
09.48000
07.46000
07.27000
09.71000
09.71000
08.88000
07.92000
09.21000
09.26000
06.20000
07.34000
06.59000
07.02000
08.35000
09.42000
05.73000
06.91000
09.22000
08.09000
05.56000
07.83000
07.73000
07.24000
09.97000
08.68000
07.77000
05.78000
07.88000
08.39000
08.27000
07.62000
08.18000
05.84000
08.11000
06.66000
09.79000
09.94000
06.21000
06.81000
06.61000
09.61000
06.47000
06.74000
08.91000
07.64000
07.04000
08.47000
08.07000
09.23000
05.14000
06.21000
07.64000
06.90000
06.23000
05.10000
07.79000
05.81000
05.47000
05.31000
08.66000
06.11000
08.01000
06.99000
05.42000
07.96000
09.03000
05.30000
08.22000
06.52000
08.66000
05.39000
07.22000
06.93000
07.06000
07.42000
07.57000
09.36000
09.40000
06.54000
09.43000
08.97000
05.82000
07.92000
07.96000
05.91000
06.49000
06.71000
08.31000
05.34000
06.57000
08.06000
05.64000
07.04000
06.71000
08.07000
08.05000
08.99000
06.10000
09.98000
09.14000
07.46000
06.73000
09.11000
09.67000
08.86000
05.01000
06.87000
06.06000
09.59000
07.36000
09.67000
09.71000
06.05000
05.17000
08.91000
07.03000
09.66000
09.85000
05.99000
09.42000
06.83000
07.80000
07.34000
08.29000
08.95000
05.45000
09.34000
05.06000
07.43000
09.18000
08.40000
06.11000
08.68000
05.41000
05.94000
07.86000
09.11000
05.54000
08.36000
06.72000
05.12000
05.98000
07.40000
05.35000
07.41000
06.01000
07.08000
07.58000
07.98000
09.76000
07.94000
08.52000
06.05000
06.06000
07.63000
05.84000
09.28000
07.56000
08.82000
07.19000
05.33000
06.92000
09.15000
05.22000
06.86000
06.79000
06.29000
07.60000
06.52000
09.84000
07.88000
06.97000
06.96000
08.71000
06.59000
06.00000
05.85000
06.06000
05.07000
07.34000
05.84000
09.55000
05.98000
08.65000
09.58000
06.84000
06.97000
07.58000
09.74000
05.57000
05.71000
06.78000
12
35
3
18
1
47
2
38
40
30
23
13
45
13
25
8
29
50
32
19
4
5
14
26
49
39
28
13
36
22
42
10
6
43
21
31
48
15
24
12
7
12
34
37
33
27
41
44
20
11
46
16
17
9
2300.34400
