50
10
51.15000
12.12000
18.53000
13.06000
90.83000
55.50000
89.03000
60.23000
46.06000
85.69000
58.26000
80.49000
37.90000
31.91000
59.65000
15.43000
14.12000
46.16000
53.35000
29.41000
46.28000
8.16000
24.29000
14.54000
32.67000
20.38000
81.14000
85.67000
94.33000
12.07000
60.31000
85.41000
80.05000
36.20000
20.97000
79.12000
61.38000
71.51000
47.04000
57.89000
35.62000
22.47000
49.19000
37.59000
24.79000
16.31000
61.84000
58.82000
75.70000
7.01000
44.67000
93.15000
84.18000
58.71000
43.86000
17.36000
94.68000
48.03000
37.93000
82.72000
47.67000
54.95000
27.27000
48.31000
54.90000
48.92000
37.01000
93.96000
54.88000
24.14000
18.05000
28.24000
10.88000
98.56000
45.01000
80.47000
9.90000
18.88000
19.29000
9.74000
64.72000
51.55000
65.02000
94.86000
14.84000
91.76000
34.10000
45.41000
21.52000
59.47000
1.14000
90.70000
72.78000
97.38000
65.55000
88.83000
82.38000
75.93000
54.46000
21.61000
92.84000
67.66000
79.98000
65.21000
32.35000
40.77000
3.76000
11.81000
86.68000
59.18000
65.75000
79.70000
61.30000
33.56000
83.81000
92.92000
83.44000
97.33000
98.53000
98.27000
8.09000
12.65000
76.28000
68.29000
11.97000
61.44000
8.17000
99.27000
98.57000
55.37000
9.04000
15.26000
98.11000
28.86000
20.50000
61.05000
63.58000
41.08000
8.91000
11.17000
72.71000
76.94000
64.38000
60.94000
29.98000
47.12000
4.75000
34.37000
62.61000
85.02000
49.04000
24.95000
82.28000
97.71000
16.09000
37.60000
37.68000
1.69000
88.33000
24.83000
11.85000
69.16000
99.09000
73.64000
48.47000
3.51000
5.44000
97.81000
18.01000
27.88000
86.21000
35.85000
13.65000
93.15000
50.97000
49.01000
54.35000
75.95000
30.04000
26.31000
84.82000
75.69000
79.50000
79.51000
74.48000
18.48000
82.18000
48.11000
17.56000
53.22000
44.64000
93.40000
31.99000
56.55000
97.22000
5.36000
62.48000
28.84000
97.98000
93.78000
61.79000
83.48000
18.81000
7.85000
12.15000
14.20000
43.78000
31.02000
80.12000
75.00000
2.49000
3.48000
52.64000
58.99000
90.22000
27.72000
38.35000
81.03000
32.03000
32.97000
71.69000
82.73000
72.69000
72.21000
13.81000
30.44000
85.75000
25.16000
47.64000
14.27000
68.52000
93.32000
83.85000
50.06000
43.02000
7.91000
57.85000
79.44000
56.06000
19.91000
28.81000
68.74000
80.17000
9.05000
80.64000
9.09000
13.65000
77.81000
25.03000
15.32000
27.56000
91.98000
26.41000
64.57000
21.08000
97.38000
29.41000
41.98000
46.03000
48.46000
91.87000
20.95000
65.67000
63.16000
90.44000
32.80000
68.00000
86.17000
25.49000
34.60000
65.81000
86.96000
21.17000
8.18000
96.58000
59.72000
28.35000
59.10000
24.59000
23.39000
22.69000
20.70000
35.85000
21.68000
4.56000
48.05000
44.11000
24.04000
98.10000
23.97000
86.90000
24.67000
56.20000
54.03000
28.47000
42.50000
52.49000
70.57000
54.83000
22.26000
12.36000
8.47000
7.92000
97.12000
55.58000
75.09000
18.87000
91.30000
47.51000
11.63000
32.87000
62.34000
53.52000
87.63000
28.66000
94.14000
64.70000
3.40000
9.71000
97.37000
96.92000
77.96000
4.25000
7.47000
91.78000
61.12000
65.27000
81.58000
15.63000
24.42000
72.48000
7.64000
57.59000
64.16000
29.39000
92.31000
35.50000
4.36000
63.20000
73.00000
88.97000
89.84000
28.92000
8.89000
85.35000
95.12000
4.26000
82.89000
15.76000
17.51000
85.88000
44.59000
98.98000
98.87000
2.45000
13.96000
53.12000
41.28000
14.36000
62.53000
96.59000
35.22000
16.80000
42.16000
37.98000
43.95000
28.71000
27.50000
7.60000
55.50000
93.81000
18.94000
61.54000
82.62000
82.54000
41.62000
82.61000
63.82000
88.09000
46.41000
77.38000
61.37000
30.42000
8.97000
77.20000
63.27000
52.23000
28.66000
39.11000
82.29000
23.97000
31.64000
43.97000
56.95000
38.83000
67.78000
98.32000
49.49000
16.76000
13.73000
16.81000
83.20000
18.43000
17.68000
63.57000
76.14000
87.70000
46.33000
40.20000
51.64000
32.89000
6.67000
92.49000
62.67000
12.16000
63.07000
93.98000
87.97000
10.44000
8.64000
41.96000
32.01000
37.39000
57.22000
57.48000
22.04000
28.43000
51.42000
88.33000
12.01000
42.72000
56.61000
8.05000
79.68000
65.19000
63.88000
11.94000
30.52000
6.51000
89.09000
23.04000
90.75000
99.08000
73.84000
88.13000
16.37000
6.09000
83.50000
80.78000
83.09000
94.64000
80.28000
52.49000
47.96000
70.99000
57.93000
64.33000
80.86000
72.00000
39.45000
11.30000
55.95000
23.81000
6.67000
29.92000
66.44000
75.30000
65.16000
83.44000
32.27000
4.11000
48.24000
60.88000
96.13000
8.63000
12.00000
74.01000
29.48000
14.99000
37.25000
61.33000
24.52000
73.08000
31.57000
85.10000
1.20000
59.53000
26.28000
34.33000
3.21000
73.74000
77.46000
20.80000
99.01000
41.84000
67.93000
82.00000
84.80000
13.72000
4.26000
06.77000
05.36000
06.00000
07.67000
06.28000
06.88000
07.23000
07.52000
06.38000
08.21000
06.63000
09.26000
08.76000
05.08000
08.96000
06.74000
06.31000
09.45000
05.27000
05.05000
08.20000
09.55000
07.84000
05.55000
09.84000
09.85000
05.21000
05.83000
07.88000
06.07000
07.16000
09.75000
05.25000
05.19000
09.73000
07.38000
06.09000
05.43000
05.20000
05.10000
05.82000
06.27000
07.10000
05.48000
06.10000
08.42000
05.23000
07.39000
09.83000
08.85000
08.63000
07.88000
06.16000
05.09000
08.37000
07.18000
06.84000
09.68000
09.19000
05.41000
06.55000
06.92000
06.05000
09.06000
08.35000
06.43000
05.12000
05.90000
06.56000
09.10000
08.86000
09.93000
06.75000
07.05000
05.95000
06.39000
05.73000
08.66000
06.34000
06.80000
06.57000
08.55000
06.21000
08.91000
08.58000
07.62000
08.01000
06.72000
07.34000
07.99000
05.43000
05.49000
09.66000
08.03000
08.41000
06.71000
08.60000
07.38000
08.14000
08.15000
05.45000
06.11000
09.07000
09.43000
06.15000
05.54000
06.05000
09.28000
07.26000
05.92000
09.90000
08.57000
08.26000
05.78000
08.23000
08.96000
09.87000
09.91000
09.87000
08.35000
09.06000
09.35000
09.92000
05.90000
09.06000
06.38000
09.74000
07.03000
09.35000
09.53000
06.92000
08.40000
05.63000
08.59000
05.30000
07.91000
09.89000
09.59000
09.99000
09.73000
05.35000
09.83000
07.34000
09.27000
06.48000
07.83000
09.93000
08.18000
09.00000
08.38000
05.44000
08.12000
05.36000
08.66000
09.18000
09.41000
06.03000
09.07000
07.31000
09.87000
09.17000
05.03000
05.06000
06.30000
08.16000
06.46000
08.94000
06.79000
07.62000
09.57000
06.70000
05.63000
08.44000
06.80000
07.36000
08.41000
07.75000
06.83000
06.16000
06.93000
08.92000
09.61000
09.61000
09.27000
06.58000
06.33000
05.46000
09.73000
06.62000
09.43000
07.71000
08.89000
06.16000
07.60000
06.63000
08.56000
08.57000
05.79000
08.71000
06.81000
09.86000
05.39000
06.05000
05.93000
06.18000
09.76000
07.46000
05.20000
07.49000
07.23000
06.73000
09.96000
06.07000
09.15000
09.26000
09.69000
05.46000
08.12000
06.72000
05.11000
05.46000
07.98000
07.01000
08.20000
07.08000
08.84000
09.29000
07.16000
07.63000
07.04000
08.98000
06.49000
05.62000
05.18000
07.73000
06.90000
05.86000
07.10000
08.45000
05.36000
09.36000
07.90000
05.31000
05.09000
08.43000
08.94000
08.72000
05.58000
06.58000
07.80000
08.52000
05.55000
05.73000
06.46000
08.65000
09.58000
07.08000
09.89000
09.33000
07.15000
09.73000
08.39000
06.12000
05.40000
07.37000
07.23000
05.85000
07.70000
09.95000
07.90000
06.58000
08.68000
08.66000
08.16000
07.62000
09.22000
05.93000
07.01000
09.55000
06.44000
05.47000
09.71000
09.18000
08.74000
07.20000
07.75000
09.57000
05.73000
07.33000
08.91000
05.05000
08.30000
08.30000
07.17000
06.17000
08.57000
08.78000
07.79000
09.76000
09.92000
08.33000
07.51000
07.30000
09.92000
09.09000
06.05000
06.86000
05.84000
05.43000
07.12000
08.76000
08.09000
07.46000
09.87000
06.24000
08.94000
06.51000
09.70000
08.77000
06.93000
05.19000
08.29000
07.06000
06.85000
07.34000
08.54000
08.09000
09.72000
08.06000
09.62000
05.09000
07.85000
08.70000
06.92000
07.52000
09.75000
06.86000
07.12000
06.12000
05.22000
06.38000
08.12000
07.84000
05.29000
07.36000
09.08000
05.92000
07.25000
06.15000
05.42000
05.94000
07.05000
08.68000
06.41000
09.37000
09.43000
06.58000
05.53000
08.66000
05.13000
06.24000
07.16000
09.70000
06.58000
06.69000
06.85000
09.62000
07.47000
08.17000
06.44000
06.79000
07.76000
07.20000
08.97000
05.85000
08.62000
06.51000
08.78000
07.67000
07.51000
05.12000
06.42000
09.38000
08.11000
08.27000
08.72000
09.36000
05.37000
07.49000
08.73000
07.25000
05.47000
05.51000
05.78000
08.90000
05.86000
06.34000
05.43000
06.47000
05.22000
06.46000
07.59000
08.77000
05.74000
06.45000
08.31000
06.76000
09.96000
09.87000
09.49000
06.36000
07.34000
09.65000
08.10000
08.60000
07.98000
09.94000
07.35000
05.78000
08.23000
06.15000
06.74000
06.43000
05.67000
09.93000
06.96000
05.33000
09.17000
09.21000
05.01000
08.52000
08.82000
08.13000
09.10000
08.29000
05.97000
07.12000
08.70000
08.16000
08.21000
07.83000
09.54000
07.93000
09.39000
08.16000
08.59000
08.62000
09.61000
07.29000
09.07000
06.36000
06.77000
05.79000
05.69000
08.62000
07.03000
05.33000
07.74000
07.45000
07.03000
05.01000
08.86000
09.06000
09.50000
09.15000
09.94000
05.87000
08.45000
08.31000
08.09000
06.58000
09.15000
09.31000
06.70000
06.14000
08.08000
05.22000
05.39000
05.73000
08.01000
05.35000
05.06000
07.79000
07.94000
05.27000
07.81000
06.02000
08.12000
06.79000
07.04000
05.35000
05.06000
07.99000
07.38000
06.99000
06.51000
08.17000
09.69000
08.37000
06.47000
3
45
3
2
4
29
28
30
41
6
22
31
25
27
7
47
5
48
39
17
16
8
6
44
6
4
46
11
12
3
42
34
35
7
10
1
24
32
38
23
18
4
49
13
9
5
5
19
37
15
20
33
7
43
26
14
50
21
40
36
60.95977
