50
10
186.22000
161.64000
118.35000
183.61000
101.17000
182.86000
185.13000
110.61000
134.72000
157.16000
178.52000
101.84000
159.15000
163.06000
183.30000
148.29000
171.72000
104.07000
109.23000
165.99000
194.70000
108.72000
191.07000
195.96000
175.34000
130.50000
188.59000
104.20000
185.93000
147.95000
186.56000
181.73000
123.72000
164.57000
194.73000
144.57000
110.98000
108.89000
147.89000
133.74000
194.97000
134.41000
105.79000
115.25000
147.96000
119.66000
153.19000
180.11000
167.22000
168.14000
177.10000
115.83000
115.13000
182.78000
175.07000
160.91000
110.86000
111.21000
103.03000
146.23000
108.65000
180.08000
111.36000
178.43000
171.38000
108.52000
175.46000
189.15000
186.95000
140.68000
195.73000
135.04000
168.25000
145.70000
197.54000
197.73000
153.17000
117.72000
131.28000
183.86000
104.59000
175.88000
172.36000
125.07000
110.42000
164.31000
121.17000
178.01000
183.54000
152.17000
103.08000
124.32000
161.85000
133.58000
168.49000
170.63000
108.22000
127.70000
192.80000
148.59000
105.65000
194.33000
188.30000
120.00000
158.68000
186.95000
102.39000
144.05000
144.08000
104.24000
197.49000
194.53000
115.38000
105.96000
139.61000
143.69000
151.09000
176.88000
119.79000
188.80000
154.73000
126.76000
154.01000
152.13000
154.80000
190.36000
183.32000
180.95000
104.84000
127.46000
173.71000
147.52000
183.35000
122.81000
116.21000
149.10000
193.84000
186.19000
126.83000
107.96000
164.84000
152.36000
146.59000
171.38000
149.86000
181.08000
141.50000
111.60000
127.42000
157.12000
108.66000
167.50000
115.46000
106.89000
127.49000
183.37000
115.10000
136.82000
100.23000
183.71000
106.35000
167.05000
108.52000
106.42000
183.35000
147.96000
159.01000
114.39000
165.24000
154.96000
183.33000
195.51000
196.15000
188.43000
138.13000
162.67000
145.24000
173.76000
105.04000
153.77000
106.63000
161.34000
190.70000
131.69000
199.48000
126.57000
126.77000
184.32000
167.92000
169.83000
169.87000
124.55000
181.10000
116.51000
101.65000
190.28000
133.14000
117.01000
128.75000
144.40000
199.90000
176.59000
128.00000
105.80000
143.77000
159.40000
180.44000
196.44000
135.34000
165.02000
119.85000
152.28000
109.40000
134.46000
193.49000
126.83000
125.69000
133.74000
173.63000
198.60000
169.00000
153.88000
157.54000
171.11000
149.07000
110.88000
167.48000
172.87000
100.69000
145.78000
150.71000
157.40000
183.61000
124.57000
179.51000
103.22000
182.60000
138.29000
151.14000
113.83000
107.43000
102.94000
187.86000
117.77000
192.86000
159.54000
136.94000
168.53000
198.66000
174.10000
148.73000
163.04000
103.71000
198.22000
113.25000
168.66000
176.62000
105.65000
169.66000
142.05000
194.76000
162.30000
130.87000
152.37000
183.51000
149.82000
134.76000
193.75000
193.26000
174.84000
144.22000
185.33000
199.40000
169.01000
147.14000
171.25000
102.33000
188.97000
156.42000
120.65000
127.43000
116.35000
109.94000
127.68000
125.09000
157.81000
170.60000
111.47000
170.71000
144.97000
126.28000
116.16000
164.68000
134.48000
189.88000
110.90000
132.38000
107.98000
199.28000
189.83000
187.16000
132.59000
100.38000
100.49000
195.33000
126.31000
165.41000
191.74000
193.10000
192.54000
199.93000
188.52000
196.50000
153.55000
132.45000
125.58000
146.53000
156.61000
116.50000
162.71000
109.21000
173.99000
130.58000
184.65000
175.56000
102.94000
178.21000
101.17000
161.60000
165.73000
187.90000
147.05000
108.33000
109.64000
113.18000
182.05000
181.79000
106.92000
132.56000
190.93000
172.97000
154.84000
149.55000
183.46000
197.89000
175.67000
192.67000
194.40000
197.58000
116.67000
173.57000
132.32000
158.66000
104.80000
194.93000
164.23000
123.04000
145.81000
185.23000
111.29000
175.31000
199.02000
188.64000
173.89000
172.13000
177.34000
174.27000
177.41000
195.12000
118.66000
136.28000
172.24000
150.93000
185.86000
193.80000
133.78000
171.19000
166.83000
190.97000
162.42000
112.56000
174.48000
196.94000
183.54000
156.67000
146.68000
105.85000
147.53000
110.16000
146.32000
136.83000
129.80000
104.67000
161.31000
134.03000
130.73000
196.85000
104.52000
166.59000
175.70000
166.19000
143.60000
127.04000
148.84000
189.08000
127.16000
118.36000
195.41000
195.02000
109.50000
163.25000
114.40000
181.30000
194.14000
171.48000
121.82000
170.17000
109.60000
177.81000
158.69000
108.90000
109.39000
142.00000
191.03000
169.75000
172.03000
148.83000
109.85000
150.00000
101.03000
108.06000
131.16000
171.90000
124.91000
154.45000
195.99000
182.72000
197.18000
147.78000
170.34000
154.74000
196.37000
172.79000
145.24000
185.20000
125.98000
139.27000
136.70000
196.38000
114.54000
184.51000
119.35000
187.33000
141.95000
166.45000
137.94000
116.44000
158.94000
158.45000
108.11000
190.19000
190.19000
135.91000
161.48000
196.45000
179.85000
199.21000
154.71000
148.14000
197.05000
173.75000
169.42000
183.13000
135.93000
109.92000
112.26000
164.32000
115.65000
183.10000
114.88000
179.60000
180.33000
193.69000
133.91000
141.85000
199.12000
167.09000
150.99000
188.98000
166.15000
153.67000
172.77000
183.86000
100.58000
128.83000
130.88000
114.40000
146.53000
192.96000
181.96000
08.83000
07.23000
09.86000
07.94000
05.23000
05.26000
09.88000
09.01000
06.65000
08.14000
08.73000
08.26000
07.24000
09.10000
08.68000
07.04000
07.43000
07.60000
08.28000
07.94000
08.88000
09.37000
07.29000
09.82000
09.48000
06.38000
06.77000
07.77000
08.40000
06.85000
09.00000
08.14000
06.06000
05.26000
07.50000
08.52000
09.11000
07.33000
07.07000
07.77000
05.46000
05.03000
08.74000
05.98000
09.27000
06.59000
09.80000
09.49000
05.96000
06.47000
05.22000
09.28000
07.09000
05.30000
08.26000
08.46000
08.13000
07.13000
07.12000
06.92000
09.17000
08.21000
09.23000
08.66000
05.78000
05.67000
08.29000
08.93000
09.78000
07.88000
09.24000
09.24000
09.23000
09.48000
08.27000
07.34000
08.45000
06.33000
07.83000
07.24000
08.00000
05.58000
06.59000
09.18000
09.71000
05.60000
09.51000
09.68000
06.64000
06.03000
07.77000
06.49000
08.10000
07.72000
08.83000
08.61000
09.67000
07.83000
06.36000
06.30000
07.32000
05.39000
08.15000
06.05000
09.02000
09.98000
09.60000
07.33000
08.68000
08.68000
06.70000
07.46000
08.26000
07.52000
09.57000
05.60000
05.99000
08.81000
09.54000
07.16000
06.35000
06.06000
09.21000
08.79000
05.06000
09.06000
07.44000
08.42000
09.08000
08.85000
09.32000
05.20000
06.64000
07.72000
06.19000
09.54000
07.22000
09.19000
05.65000
08.10000
06.54000
08.06000
06.56000
08.78000
06.56000
05.36000
09.01000
05.76000
05.52000
08.37000
05.61000
06.59000
08.61000
06.31000
09.66000
05.55000
05.70000
05.81000
05.94000
07.14000
09.36000
05.58000
07.20000
05.69000
05.47000
08.06000
07.45000
06.77000
06.16000
06.94000
06.93000
07.18000
09.81000
07.15000
07.15000
05.00000
06.05000
09.91000
05.87000
09.55000
05.75000
07.63000
07.09000
06.38000
06.05000
09.03000
06.06000
07.32000
05.32000
09.03000
09.29000
05.43000
08.19000
08.83000
09.52000
05.03000
05.54000
05.87000
05.78000
06.68000
06.79000
06.13000
08.81000
07.40000
07.13000
05.71000
09.27000
09.70000
08.13000
09.67000
09.50000
05.04000
09.56000
06.88000
07.40000
05.39000
07.48000
07.42000
07.14000
08.96000
09.15000
07.65000
09.13000
05.24000
08.12000
05.16000
05.03000
09.94000
09.17000
08.79000
07.74000
05.04000
08.34000
08.66000
06.44000
08.76000
07.91000
06.10000
06.52000
05.57000
06.42000
08.71000
09.65000
06.20000
08.64000
05.34000
08.73000
07.61000
05.63000
06.09000
09.58000
07.50000
07.43000
08.05000
07.17000
09.64000
06.42000
05.07000
06.30000
06.91000
08.94000
05.01000
05.01000
08.96000
06.18000
05.64000
07.63000
06.67000
05.58000
05.95000
09.74000
07.15000
05.84000
06.21000
08.13000
08.80000
06.89000
07.91000
05.88000
06.24000
09.92000
08.80000
07.31000
05.35000
07.39000
07.90000
07.99000
08.25000
07.97000
05.46000
09.72000
08.33000
06.62000
07.97000
05.57000
05.22000
09.51000
08.20000
09.87000
09.79000
06.08000
07.39000
08.97000
09.61000
05.29000
05.10000
08.55000
09.10000
08.87000
09.74000
05.53000
05.56000
09.42000
07.98000
05.61000
08.79000
05.79000
07.72000
05.79000
09.83000
08.07000
08.12000
09.27000
05.96000
07.62000
09.61000
05.52000
05.71000
07.02000
08.82000
05.29000
08.88000
05.13000
08.69000
05.52000
06.48000
07.05000
08.36000
09.46000
05.82000
09.12000
08.25000
06.56000
05.42000
08.94000
05.01000
07.56000
05.07000
05.36000
06.56000
09.77000
06.59000
05.80000
07.36000
05.48000
07.67000
05.21000
09.73000
06.15000
06.79000
06.75000
05.58000
05.18000
08.89000
06.92000
07.98000
07.18000
05.16000
08.47000
06.24000
08.04000
08.05000
05.42000
05.93000
09.89000
06.25000
08.01000
08.87000
06.10000
09.69000
07.74000
08.12000
06.30000
09.57000
07.38000
08.00000
06.38000
08.34000
05.93000
09.07000
08.45000
09.67000
08.63000
08.15000
05.91000
08.52000
07.00000
08.32000
08.37000
06.08000
06.94000
08.55000
06.94000
07.55000
08.71000
08.80000
09.84000
07.25000
05.83000
07.04000
07.53000
08.90000
08.71000
07.74000
08.53000
05.10000
09.02000
06.64000
07.62000
09.69000
09.66000
05.70000
05.85000
07.77000
09.79000
08.15000
05.49000
05.70000
09.83000
08.45000
05.09000
06.06000
06.44000
07.33000
09.43000
07.71000
07.51000
06.77000
09.53000
05.74000
07.22000
09.98000
07.70000
06.50000
05.98000
06.44000
07.46000
07.59000
05.44000
06.88000
05.03000
06.32000
06.72000
06.01000
09.54000
08.53000
06.81000
08.63000
07.85000
08.33000
05.52000
09.41000
08.66000
05.95000
09.66000
06.75000
06.90000
07.91000
07.30000
05.27000
08.78000
06.96000
07.76000
05.85000
06.71000
07.10000
06.60000
05.61000
09.41000
08.58000
05.65000
07.95000
06.81000
07.92000
07.95000
07.48000
05.11000
07.86000
07.84000
05.08000
06.73000
07.41000
05.88000
07.89000
05.39000
06.83000
08.88000
09.29000
06.01000
07.61000
5
5
40
19
12
22
5
16
8
9
2
47
5
49
48
35
1
7
5
50
14
29
11
45
5
41
17
42
36
13
5
34
46
27
3
32
5
6
15
33
38
26
5
20
39
37
4
43
5
23
31
18
30
21
5
24
28
25
10
44
645.20040
