50
10
111.26000
138.20000
129.52000
168.55000
176.96000
116.37000
114.93000
118.82000
168.88000
102.12000
178.31000
131.55000
146.80000
161.46000
191.95000
185.25000
195.47000
185.40000
153.11000
183.45000
124.67000
189.97000
184.04000
154.64000
169.16000
116.17000
132.02000
152.36000
188.70000
130.03000
169.32000
155.11000
168.06000
122.55000
193.19000
166.41000
117.01000
109.76000
125.91000
114.78000
170.31000
132.67000
114.74000
153.73000
187.73000
157.29000
131.94000
161.77000
154.04000
174.64000
105.04000
112.19000
102.74000
188.97000
128.55000
138.61000
134.84000
195.53000
150.59000
195.70000
131.31000
126.70000
109.07000
177.61000
142.52000
189.12000
166.87000
103.47000
143.88000
114.44000
111.88000
117.41000
135.77000
159.30000
157.00000
188.59000
143.59000
105.34000
140.11000
111.15000
117.72000
159.20000
124.11000
104.22000
133.55000
152.51000
196.88000
111.94000
191.49000
141.93000
171.32000
103.46000
116.90000
109.08000
185.32000
172.91000
160.20000
160.62000
101.76000
139.44000
180.86000
127.44000
159.88000
151.03000
182.44000
170.92000
120.08000
196.93000
133.40000
152.93000
122.04000
126.87000
174.74000
120.74000
119.27000
100.61000
172.48000
146.61000
190.28000
102.92000
117.64000
127.80000
138.59000
143.57000
126.23000
186.59000
192.72000
157.32000
139.28000
170.25000
106.18000
103.94000
122.79000
151.02000
157.49000
168.19000
167.78000
126.19000
150.17000
159.84000
190.26000
118.01000
112.72000
113.65000
131.26000
173.76000
198.67000
189.40000
156.79000
165.69000
199.10000
158.81000
107.63000
163.77000
123.68000
101.09000
191.06000
159.08000
155.11000
152.65000
112.77000
173.24000
162.52000
138.88000
154.42000
144.15000
140.06000
110.18000
122.63000
134.69000
106.86000
141.93000
149.05000
132.75000
107.06000
134.53000
190.32000
151.23000
109.81000
113.37000
128.08000
128.02000
109.24000
128.83000
168.97000
126.01000
124.50000
156.31000
144.64000
133.08000
199.73000
196.20000
111.71000
162.13000
104.07000
173.89000
151.84000
151.06000
131.65000
139.77000
136.01000
137.74000
189.08000
116.49000
150.46000
177.01000
114.34000
114.29000
188.98000
162.34000
146.69000
144.27000
173.84000
122.23000
120.89000
147.45000
152.32000
110.20000
196.70000
189.84000
196.67000
104.78000
158.90000
162.47000
104.16000
109.46000
117.25000
181.34000
197.06000
152.78000
106.52000
187.48000
122.63000
188.24000
186.46000
146.89000
153.14000
194.36000
141.85000
150.60000
185.85000
174.65000
182.45000
114.61000
143.03000
157.64000
143.02000
179.95000
171.94000
196.83000
173.24000
167.56000
137.24000
183.03000
141.70000
150.12000
134.32000
123.56000
189.37000
109.65000
157.68000
116.25000
116.64000
102.77000
120.21000
130.22000
148.90000
111.14000
159.79000
159.64000
136.53000
141.39000
139.32000
123.63000
154.93000
125.16000
146.68000
166.34000
104.48000
119.09000
194.78000
156.90000
110.59000
104.82000
121.50000
189.47000
123.64000
189.00000
189.72000
183.17000
119.01000
103.27000
187.35000
182.15000
197.11000
104.25000
127.26000
155.55000
183.32000
173.61000
103.30000
161.01000
157.18000
160.95000
165.79000
166.03000
158.47000
168.88000
103.62000
126.18000
158.73000
108.69000
120.32000
151.23000
173.99000
102.67000
144.39000
175.94000
145.26000
198.06000
129.37000
160.08000
138.56000
167.14000
153.75000
188.42000
144.90000
107.18000
121.05000
170.72000
180.30000
140.43000
159.80000
141.75000
185.78000
114.17000
123.51000
161.27000
127.34000
100.66000
190.69000
114.04000
196.02000
197.16000
164.86000
109.84000
107.81000
125.95000
174.53000
183.43000
179.29000
178.24000
164.70000
123.49000
158.27000
180.62000
124.10000
183.28000
177.87000
141.69000
136.82000
192.60000
169.74000
149.35000
147.01000
151.83000
190.53000
116.49000
123.80000
186.35000
121.87000
181.00000
161.35000
146.57000
170.40000
105.77000
178.78000
107.86000
167.77000
178.68000
120.24000
170.63000
170.61000
112.64000
154.88000
160.25000
160.57000
145.54000
176.82000
127.13000
144.29000
140.25000
105.21000
146.66000
153.40000
184.68000
184.20000
119.21000
144.55000
191.71000
161.77000
168.19000
134.84000
187.58000
121.93000
104.60000
100.05000
122.06000
110.27000
131.79000
107.71000
164.70000
111.56000
140.77000
155.07000
119.02000
135.56000
147.56000
164.40000
113.53000
117.03000
193.17000
182.96000
101.75000
115.75000
143.62000
183.02000
162.19000
116.48000
189.93000
161.85000
198.37000
128.97000
148.11000
141.71000
138.80000
188.01000
159.17000
169.87000
137.01000
153.36000
189.14000
118.59000
171.50000
109.77000
129.03000
185.14000
145.79000
167.02000
194.85000
141.08000
141.74000
138.23000
126.03000
127.26000
104.76000
101.18000
102.98000
129.56000
147.29000
108.56000
115.87000
110.87000
188.45000
135.77000
196.34000
159.08000
172.40000
183.20000
101.04000
187.09000
168.26000
176.25000
111.60000
132.77000
170.18000
165.30000
134.67000
159.03000
197.31000
125.74000
101.89000
153.75000
193.78000
157.96000
169.89000
129.82000
128.73000
187.36000
120.33000
125.14000
196.30000
164.32000
159.83000
102.60000
115.64000
164.24000
120.04000
150.08000
130.88000
06.31000
06.93000
08.70000
09.43000
06.18000
05.02000
07.03000
05.61000
09.94000
09.78000
06.47000
05.23000
08.61000
06.31000
06.19000
06.51000
09.47000
05.97000
06.59000
08.94000
06.08000
06.34000
09.34000
08.22000
08.20000
06.28000
07.34000
06.35000
06.87000
05.89000
09.76000
06.52000
09.39000
06.51000
07.01000
08.23000
09.27000
05.74000
05.74000
07.19000
06.32000
07.42000
08.86000
05.38000
06.57000
06.66000
05.54000
06.01000
07.29000
09.81000
07.08000
05.53000
08.67000
07.49000
06.13000
09.85000
09.10000
09.95000
05.72000
09.89000
05.18000
09.03000
05.16000
06.51000
09.36000
08.73000
05.01000
06.86000
05.34000
09.31000
07.09000
09.30000
08.04000
07.28000
09.47000
08.47000
08.67000
05.38000
06.46000
05.25000
09.67000
07.62000
08.63000
06.76000
09.72000
09.25000
07.80000
06.39000
08.77000
06.78000
07.03000
08.76000
08.01000
07.96000
05.64000
09.75000
09.88000
06.80000
09.19000
06.50000
05.51000
06.73000
09.93000
09.50000
08.52000
09.78000
08.05000
08.60000
06.94000
09.87000
07.72000
07.90000
09.61000
09.90000
05.92000
08.44000
06.63000
09.03000
05.86000
07.52000
09.35000
07.67000
07.01000
08.65000
05.37000
07.49000
05.11000
06.63000
08.54000
06.40000
07.12000
07.50000
08.95000
08.54000
06.26000
08.53000
07.95000
09.34000
07.02000
08.26000
08.13000
05.46000
05.10000
06.48000
08.35000
09.79000
07.48000
09.23000
08.71000
06.52000
07.27000
09.65000
07.44000
05.71000
07.81000
09.49000
09.31000
05.25000
07.63000
08.24000
05.74000
07.27000
06.37000
07.11000
09.50000
06.09000
09.90000
08.53000
09.58000
07.28000
05.35000
06.19000
06.25000
07.65000
06.11000
05.04000
06.00000
05.28000
06.79000
06.27000
06.59000
09.47000
08.29000
07.31000
07.03000
05.79000
07.72000
06.87000
07.56000
06.06000
08.48000
09.88000
09.69000
08.35000
05.17000
07.52000
06.17000
06.97000
08.70000
07.26000
08.46000
07.76000
08.53000
07.14000
09.31000
07.46000
09.16000
06.97000
09.36000
08.06000
06.54000
09.78000
05.26000
05.29000
05.46000
09.42000
09.94000
06.13000
06.94000
06.00000
07.55000
08.78000
08.28000
05.85000
08.51000
07.73000
08.01000
06.58000
09.46000
08.70000
05.91000
07.03000
08.32000
08.66000
08.03000
07.30000
09.26000
05.83000
06.64000
08.75000
07.68000
09.69000
05.28000
08.95000
05.24000
05.96000
08.74000
06.77000
09.85000
06.61000
09.69000
09.01000
07.36000
07.44000
06.54000
06.94000
07.57000
06.83000
06.81000
08.65000
09.15000
08.71000
05.46000
05.62000
05.16000
07.72000
08.68000
05.62000
09.93000
09.71000
08.89000
07.65000
09.03000
06.84000
09.81000
06.96000
09.25000
07.47000
06.37000
05.07000
08.68000
06.23000
09.75000
09.71000
06.64000
09.01000
07.41000
09.90000
08.67000
07.93000
08.03000
05.89000
06.61000
06.37000
06.56000
09.19000
08.52000
08.95000
09.18000
07.54000
07.74000
07.80000
05.07000
09.51000
07.40000
09.90000
07.81000
07.58000
08.56000
06.55000
08.52000
08.68000
05.71000
06.27000
09.79000
09.48000
09.57000
08.86000
05.47000
07.87000
07.10000
05.34000
05.66000
08.02000
06.53000
08.01000
06.71000
05.34000
07.34000
05.40000
06.21000
06.49000
05.24000
07.29000
08.01000
09.38000
07.22000
09.72000
07.21000
08.17000
06.48000
09.97000
05.16000
08.27000
07.51000
06.58000
09.45000
06.34000
06.02000
09.34000
05.63000
06.69000
06.53000
05.22000
05.03000
07.04000
09.03000
09.62000
08.66000
08.90000
08.85000
06.89000
06.76000
09.09000
09.35000
07.00000
05.83000
05.66000
05.18000
06.12000
08.64000
07.94000
07.21000
06.71000
09.18000
06.50000
07.57000
07.44000
07.70000
08.15000
09.64000
08.26000
05.72000
05.95000
08.04000
05.37000
05.98000
09.22000
08.66000
06.20000
07.49000
08.53000
08.62000
09.45000
05.50000
05.70000
06.31000
05.06000
06.52000
08.79000
08.05000
07.77000
05.51000
07.70000
05.32000
08.68000
08.43000
07.80000
06.17000
08.79000
07.79000
09.50000
07.90000
09.44000
09.01000
07.25000
09.03000
08.23000
08.75000
06.79000
09.36000
09.01000
09.92000
05.09000
09.90000
06.88000
06.67000
05.36000
07.96000
08.18000
09.42000
07.09000
07.07000
05.51000
09.83000
05.99000
07.01000
07.72000
05.81000
09.04000
08.81000
09.91000
06.51000
09.46000
09.77000
08.43000
07.35000
06.72000
08.41000
05.86000
05.56000
09.13000
06.77000
06.99000
09.28000
07.02000
06.63000
07.96000
05.89000
08.30000
05.14000
08.84000
05.97000
05.10000
05.99000
09.90000
06.32000
05.80000
09.11000
07.64000
05.01000
05.02000
05.71000
09.81000
06.37000
08.64000
08.21000
05.41000
05.95000
08.80000
05.32000
09.71000
05.58000
08.86000
06.98000
09.20000
08.31000
08.47000
09.37000
06.64000
08.47000
08.49000
09.94000
06.04000
06.62000
06.07000
07.38000
07.63000
09.58000
09.56000
5
39
38
1
37
10
5
30
2
23
42
49
5
44
12
31
20
16
5
45
21
29
3
33
5
18
4
27
25
22
5
15
14
35
41
46
5
28
40
9
36
47
5
19
48
34
26
43
5
5
24
17
6
7
5
11
13
50
8
32
643.35210
