50
4
106.46000
186.03000
124.96000
135.59000
169.34000
166.70000
107.19000
159.43000
131.08000
118.87000
158.59000
175.09000
132.30000
183.18000
119.78000
123.20000
113.61000
100.24000
131.38000
144.38000
115.66000
110.69000
134.03000
179.26000
179.06000
155.15000
168.33000
168.46000
144.43000
174.25000
174.93000
152.60000
152.41000
108.60000
194.45000
172.32000
143.62000
198.83000
167.50000
168.23000
158.68000
185.58000
134.72000
180.96000
138.21000
109.45000
136.73000
151.14000
122.85000
111.09000
139.08000
135.03000
155.78000
112.50000
167.94000
186.41000
183.77000
177.46000
136.47000
131.36000
184.25000
118.81000
110.30000
135.52000
122.84000
102.18000
155.06000
164.51000
165.16000
193.20000
136.36000
183.95000
176.85000
157.47000
119.83000
159.47000
123.52000
160.64000
171.10000
156.70000
170.80000
168.33000
155.80000
141.25000
184.31000
146.16000
139.54000
178.76000
129.69000
159.75000
187.96000
134.85000
172.55000
174.74000
166.67000
175.14000
178.52000
156.74000
141.31000
165.26000
182.41000
164.04000
184.44000
144.25000
108.16000
154.94000
127.40000
182.43000
140.97000
138.05000
172.72000
158.13000
171.46000
103.99000
111.03000
161.97000
190.26000
143.40000
132.97000
184.60000
187.99000
146.90000
129.15000
116.62000
155.27000
105.10000
190.19000
148.67000
182.73000
108.65000
106.73000
171.37000
161.00000
148.15000
169.39000
175.34000
180.70000
114.25000
168.79000
151.21000
132.46000
197.55000
195.55000
189.60000
106.90000
188.69000
140.31000
181.15000
194.64000
178.30000
169.94000
167.23000
154.08000
136.20000
195.88000
141.95000
159.81000
161.42000
135.31000
196.57000
136.85000
174.36000
103.87000
146.73000
100.83000
190.64000
117.18000
108.05000
167.38000
125.90000
190.87000
196.14000
152.11000
195.74000
140.56000
126.65000
170.66000
115.81000
181.87000
115.19000
138.65000
101.72000
130.44000
177.38000
171.70000
169.11000
101.88000
128.86000
185.44000
133.58000
111.82000
185.24000
195.49000
110.78000
175.89000
162.16000
117.48000
116.32000
109.71000
175.23000
09.30000
08.78000
09.44000
06.92000
06.01000
08.14000
08.87000
05.42000
09.14000
08.02000
09.18000
06.40000
07.60000
07.32000
09.27000
08.77000
05.30000
09.97000
08.05000
06.42000
06.13000
09.86000
09.42000
08.27000
09.01000
05.89000
07.29000
08.22000
07.85000
06.98000
05.57000
05.18000
06.55000
07.04000
08.16000
08.05000
09.01000
09.96000
08.97000
05.74000
09.14000
09.65000
06.90000
07.16000
05.85000
05.02000
05.87000
06.22000
08.05000
09.98000
07.43000
05.80000
06.16000
09.32000
08.38000
06.19000
07.87000
08.30000
09.64000
08.79000
09.95000
07.07000
06.34000
08.77000
07.57000
05.78000
08.66000
06.26000
05.88000
09.60000
06.75000
06.44000
05.04000
08.68000
05.76000
09.46000
05.20000
08.18000
05.86000
05.47000
06.51000
08.24000
07.19000
09.63000
09.14000
09.04000
09.91000
07.10000
08.25000
05.72000
09.18000
08.04000
08.98000
08.44000
05.15000
07.59000
06.49000
07.36000
07.99000
05.92000
09.39000
07.04000
05.20000
06.28000
08.07000
06.26000
06.93000
09.04000
06.95000
07.91000
09.56000
07.42000
07.42000
08.38000
09.48000
07.83000
05.90000
09.08000
08.12000
06.67000
08.79000
06.41000
06.86000
05.36000
07.50000
06.80000
07.13000
05.28000
08.43000
06.62000
05.32000
07.87000
07.99000
07.31000
07.85000
09.51000
07.58000
05.26000
06.11000
06.61000
08.62000
06.87000
06.52000
05.59000
07.50000
08.56000
05.48000
07.84000
05.64000
06.73000
08.62000
08.09000
06.07000
09.21000
07.67000
07.63000
08.77000
06.81000
05.95000
06.44000
07.03000
07.49000
06.10000
07.17000
08.50000
08.93000
05.80000
07.47000
05.83000
08.76000
07.68000
05.01000
06.69000
09.66000
09.42000
07.44000
08.72000
09.28000
08.66000
07.41000
09.58000
05.27000
08.07000
07.58000
06.94000
05.29000
05.29000
05.61000
08.44000
07.00000
07.99000
09.16000
06.75000
08.04000
08.82000
05.87000
09.52000
06.09000
05.43000
08.41000
12
8
35
33
20
46
17
43
21
19
34
1
50
12
29
40
3
27
2
25
16
12
42
39
10
4
13
28
47
22
24
38
31
23
7
30
26
45
5
14
13
36
9
49
32
37
11
48
6
13
18
41
44
15
2268.05000
