50
7
69.48000
44.57000
17.58000
41.32000
2.37000
77.43000
70.03000
99.57000
90.49000
87.73000
83.84000
47.54000
76.44000
27.26000
80.82000
60.55000
1.34000
35.00000
59.56000
80.35000
56.39000
90.59000
44.97000
62.62000
38.31000
63.86000
38.72000
26.45000
91.89000
61.31000
68.82000
4.86000
66.45000
79.59000
41.04000
94.28000
60.35000
55.04000
85.48000
9.07000
74.52000
12.18000
12.00000
22.02000
61.93000
14.17000
52.78000
23.83000
76.08000
14.38000
95.11000
84.79000
42.91000
28.43000
52.52000
27.05000
32.20000
83.15000
86.00000
4.38000
85.25000
27.01000
56.85000
78.01000
2.27000
51.97000
38.32000
13.74000
67.65000
29.79000
68.05000
24.41000
10.44000
56.52000
98.63000
27.40000
43.87000
7.01000
47.06000
90.16000
23.84000
79.41000
42.27000
83.67000
92.41000
52.64000
78.58000
28.94000
34.34000
28.96000
65.28000
47.56000
19.53000
87.40000
74.04000
15.14000
58.58000
36.29000
91.49000
6.86000
60.36000
61.38000
57.71000
3.07000
76.85000
22.73000
71.81000
31.34000
75.63000
67.59000
6.97000
67.40000
95.52000
54.18000
45.12000
56.86000
3.65000
52.63000
72.69000
33.50000
39.91000
97.52000
27.19000
69.80000
74.52000
39.32000
45.65000
29.39000
53.48000
88.95000
19.17000
12.57000
48.09000
75.23000
38.39000
9.82000
7.45000
88.41000
46.98000
50.28000
5.95000
34.67000
89.19000
53.28000
94.79000
81.59000
62.28000
75.82000
54.46000
14.71000
81.90000
94.28000
5.05000
45.87000
66.21000
16.26000
37.43000
82.87000
5.65000
86.53000
18.45000
32.15000
51.59000
19.08000
1.24000
97.27000
97.04000
49.16000
52.84000
87.32000
24.21000
91.85000
6.72000
60.48000
50.96000
88.51000
7.28000
76.42000
87.33000
56.30000
64.33000
47.91000
82.04000
38.67000
3.59000
87.23000
71.96000
55.89000
11.24000
60.73000
33.65000
55.50000
89.34000
34.29000
31.84000
60.86000
6.39000
25.84000
70.93000
22.60000
66.51000
57.91000
85.53000
48.68000
32.63000
2.21000
21.86000
8.82000
31.25000
9.64000
80.67000
36.41000
38.53000
79.96000
47.10000
82.50000
81.70000
53.61000
29.56000
13.03000
90.51000
57.17000
14.29000
54.38000
45.77000
57.94000
13.80000
50.85000
28.84000
12.35000
17.40000
9.16000
73.13000
14.52000
40.72000
48.94000
15.57000
48.74000
76.16000
56.27000
41.18000
38.97000
43.43000
30.12000
39.48000
96.35000
37.04000
32.91000
50.08000
73.68000
73.85000
54.97000
8.69000
48.40000
42.63000
26.11000
1.74000
95.57000
71.86000
11.68000
23.60000
47.60000
46.06000
9.48000
21.43000
57.77000
12.17000
68.40000
80.08000
8.67000
31.04000
40.86000
75.54000
56.67000
28.95000
28.32000
21.51000
87.45000
45.12000
34.78000
19.83000
62.48000
83.16000
16.32000
13.03000
68.54000
61.62000
29.53000
31.81000
70.19000
61.48000
83.07000
46.52000
58.29000
78.61000
88.14000
16.72000
99.51000
73.35000
6.99000
17.62000
27.41000
76.26000
63.03000
21.97000
59.98000
59.19000
82.20000
66.09000
89.28000
44.66000
52.54000
1.63000
95.75000
52.13000
66.64000
53.03000
24.22000
53.14000
57.73000
75.03000
31.46000
20.76000
47.22000
97.17000
40.66000
78.11000
95.21000
76.27000
87.92000
52.86000
52.95000
44.97000
74.79000
21.73000
8.37000
62.19000
15.72000
62.97000
38.57000
64.66000
87.57000
8.91000
61.33000
15.39000
85.15000
89.38000
82.59000
52.20000
64.68000
04.39000
03.88000
04.38000
04.96000
01.07000
03.28000
03.61000
02.06000
02.51000
04.47000
02.08000
02.59000
01.89000
03.31000
03.16000
03.30000
04.23000
04.94000
01.01000
01.25000
04.36000
01.83000
02.61000
03.81000
04.92000
03.77000
01.76000
02.67000
02.35000
03.83000
01.07000
03.82000
04.93000
04.43000
01.96000
01.59000
02.72000
03.29000
02.66000
04.58000
01.61000
03.43000
04.21000
01.73000
01.32000
03.19000
04.48000
04.30000
01.34000
02.24000
04.48000
01.02000
04.16000
03.99000
02.62000
02.44000
03.72000
02.82000
03.60000
03.18000
02.61000
01.65000
02.23000
01.81000
03.05000
03.20000
03.64000
04.72000
04.56000
01.04000
01.26000
04.10000
02.00000
01.51000
02.84000
03.98000
03.52000
01.78000
04.44000
02.17000
04.58000
03.84000
04.44000
04.33000
01.96000
04.48000
01.51000
01.89000
03.76000
01.31000
04.66000
02.12000
03.37000
02.75000
03.19000
02.10000
01.52000
02.03000
04.74000
02.72000
02.53000
02.97000
01.04000
01.33000
01.30000
01.50000
03.63000
03.03000
02.78000
01.97000
03.36000
02.85000
04.27000
03.58000
04.16000
01.39000
03.86000
03.80000
01.81000
04.54000
02.49000
04.46000
01.88000
01.52000
01.88000
01.67000
01.75000
02.86000
02.57000
03.88000
04.64000
02.40000
01.94000
01.83000
01.55000
03.30000
04.13000
02.59000
01.31000
04.03000
02.15000
03.51000
04.56000
04.36000
03.78000
02.30000
01.75000
03.38000
01.63000
02.94000
01.41000
03.97000
04.44000
01.46000
02.26000
02.07000
03.24000
03.16000
01.60000
02.76000
04.33000
03.04000
03.10000
02.71000
03.26000
02.45000
01.72000
03.40000
01.92000
02.52000
01.74000
01.12000
02.48000
02.21000
02.76000
04.98000
01.45000
04.26000
01.67000
02.91000
03.64000
01.27000
02.69000
03.63000
04.16000
01.62000
03.35000
02.69000
02.46000
03.51000
04.50000
04.44000
04.28000
04.96000
04.29000
04.07000
03.68000
01.78000
04.18000
01.54000
01.71000
02.27000
04.83000
02.04000
04.31000
02.84000
01.07000
02.48000
04.53000
04.82000
03.02000
02.79000
03.26000
02.24000
02.74000
02.93000
03.20000
04.44000
01.07000
01.14000
02.88000
02.08000
01.70000
03.98000
02.60000
01.12000
01.09000
04.32000
02.52000
04.84000
02.55000
03.34000
04.58000
03.83000
02.18000
04.56000
02.55000
02.00000
02.91000
03.77000
03.99000
02.57000
04.46000
03.10000
04.32000
02.05000
01.38000
04.99000
04.71000
04.31000
03.73000
04.72000
02.45000
03.38000
01.92000
04.58000
03.98000
02.06000
02.85000
04.26000
03.09000
04.83000
02.52000
02.02000
04.17000
03.12000
01.23000
01.93000
02.94000
01.16000
01.60000
03.88000
04.44000
01.98000
02.58000
01.58000
04.99000
01.46000
01.41000
04.54000
02.26000
02.26000
03.64000
04.08000
01.22000
03.86000
01.17000
03.34000
04.14000
04.56000
02.16000
03.28000
04.61000
03.46000
01.12000
04.66000
01.54000
02.48000
04.86000
02.04000
01.70000
03.87000
02.00000
02.32000
02.88000
03.21000
02.31000
03.56000
01.81000
01.01000
03.88000
03.79000
02.45000
01.64000
02.34000
01.77000
03.62000
01.79000
03.14000
03.61000
04.91000
04.44000
03.56000
04.70000
04.75000
04.93000
02.66000
03.76000
02.37000
04.86000
03.33000
04.83000
03.81000
02.18000
02.29000
03.24000
03.93000
01.13000
04.03000
03.65000
04.40000
02.27000
02.88000
02.02000
03.71000
04.47000
04.99000
03.64000
03.14000
02.93000
6
16
44
46
42
5
40
5
33
26
22
28
18
8
49
31
36
41
4
11
37
17
9
48
21
12
39
9
47
3
35
15
8
19
27
29
23
8
32
30
6
8
25
38
20
14
34
50
10
7
6
1
24
2
45
43
13
124.46020
