50
7
126.52000
195.25000
130.29000
103.20000
173.26000
191.30000
128.95000
180.18000
106.90000
125.71000
157.37000
186.21000
101.03000
114.63000
183.66000
175.74000
155.80000
188.30000
177.48000
192.27000
147.90000
141.00000
160.09000
118.38000
180.62000
181.08000
154.29000
125.69000
133.79000
180.95000
134.44000
124.89000
113.81000
127.08000
176.46000
115.75000
103.62000
170.02000
107.86000
137.08000
112.77000
174.36000
157.68000
116.75000
127.32000
168.77000
106.53000
121.73000
159.93000
195.96000
106.75000
195.68000
183.93000
170.30000
105.43000
126.45000
120.28000
137.23000
101.86000
193.05000
190.02000
106.27000
158.31000
140.93000
106.16000
167.42000
176.08000
142.13000
195.82000
112.22000
145.56000
145.22000
150.15000
183.79000
196.20000
125.35000
174.38000
126.81000
146.50000
134.23000
137.79000
137.52000
154.03000
150.13000
123.74000
113.72000
165.41000
127.88000
179.64000
104.78000
166.35000
148.89000
166.96000
161.63000
131.60000
171.10000
111.25000
186.75000
174.97000
179.05000
125.21000
109.06000
109.62000
108.36000
115.55000
182.76000
171.88000
177.79000
126.33000
194.55000
125.15000
131.87000
117.82000
153.55000
186.75000
180.51000
101.91000
107.97000
100.59000
147.67000
192.02000
195.05000
187.12000
121.41000
153.14000
191.12000
193.37000
103.82000
151.83000
161.56000
142.92000
161.05000
106.19000
110.81000
185.92000
173.34000
135.90000
132.37000
149.07000
184.98000
112.21000
158.82000
185.65000
154.30000
107.92000
111.78000
125.49000
103.73000
147.40000
151.95000
109.02000
164.95000
176.90000
107.80000
142.36000
199.24000
152.77000
136.51000
125.15000
116.94000
163.31000
117.65000
100.10000
100.23000
164.53000
140.43000
174.00000
182.85000
151.48000
120.63000
167.70000
100.11000
108.32000
150.57000
166.12000
138.86000
158.22000
149.15000
168.22000
187.54000
113.44000
111.83000
137.05000
186.14000
125.31000
160.63000
149.71000
176.20000
134.20000
194.14000
147.35000
150.85000
119.55000
137.50000
185.20000
104.76000
149.88000
192.43000
182.55000
184.17000
172.62000
137.20000
156.99000
165.36000
154.66000
184.77000
179.56000
158.05000
172.28000
148.68000
154.78000
138.24000
110.01000
168.53000
186.70000
108.81000
128.94000
147.97000
130.94000
111.70000
116.70000
104.73000
144.68000
177.93000
137.50000
120.60000
136.65000
177.56000
182.12000
191.42000
117.16000
169.72000
117.90000
177.12000
148.08000
152.60000
138.72000
151.66000
192.82000
113.47000
115.05000
153.08000
166.40000
178.63000
143.91000
133.49000
185.34000
163.47000
198.88000
109.03000
178.74000
160.80000
198.58000
197.04000
154.51000
139.66000
159.41000
139.72000
166.16000
156.16000
159.72000
110.54000
174.40000
166.69000
135.98000
135.43000
128.97000
104.21000
188.74000
191.87000
118.71000
128.25000
132.58000
158.93000
121.48000
174.88000
146.18000
167.20000
154.24000
106.76000
122.25000
148.88000
122.98000
163.08000
117.59000
187.71000
172.78000
109.64000
103.04000
168.98000
137.77000
188.75000
113.51000
129.56000
191.13000
169.31000
197.99000
107.87000
195.14000
196.78000
187.29000
183.50000
110.36000
154.51000
105.79000
149.42000
177.26000
115.12000
187.92000
169.69000
190.09000
194.60000
179.93000
151.87000
177.13000
126.30000
129.62000
192.60000
143.22000
107.64000
136.35000
127.57000
119.74000
150.09000
101.06000
181.54000
114.66000
129.18000
176.23000
118.32000
162.50000
134.52000
115.92000
190.80000
174.34000
119.78000
125.73000
190.91000
187.83000
152.66000
112.86000
199.67000
117.18000
164.96000
136.03000
137.14000
103.16000
102.54000
155.56000
112.45000
03.70000
02.23000
04.13000
01.76000
01.24000
03.93000
04.96000
03.03000
04.91000
01.09000
01.79000
03.87000
03.89000
01.77000
04.44000
03.76000
04.15000
04.34000
02.55000
03.47000
02.49000
03.49000
03.56000
03.09000
04.52000
04.22000
02.75000
04.03000
02.67000
03.84000
01.19000
03.01000
02.15000
01.96000
03.76000
02.05000
03.02000
02.53000
01.17000
02.50000
02.13000
03.80000
03.93000
03.00000
03.15000
04.32000
04.37000
01.54000
02.57000
04.97000
04.85000
02.20000
01.49000
03.56000
01.32000
01.53000
03.22000
02.08000
03.13000
01.12000
01.02000
03.91000
04.80000
01.52000
03.31000
04.26000
04.18000
04.09000
04.83000
02.12000
04.41000
04.99000
04.66000
02.33000
03.96000
01.21000
04.17000
01.54000
02.62000
04.54000
01.03000
02.18000
03.47000
03.59000
03.26000
02.52000
02.92000
01.78000
03.15000
02.65000
04.69000
03.34000
03.33000
02.44000
01.80000
03.33000
02.74000
03.61000
02.61000
01.58000
04.60000
01.78000
01.58000
04.70000
04.62000
04.13000
01.01000
03.34000
03.76000
02.97000
02.07000
03.89000
04.77000
03.21000
04.70000
03.15000
04.23000
01.06000
01.62000
04.26000
02.53000
02.05000
04.39000
02.63000
01.87000
03.03000
01.35000
04.03000
04.27000
02.14000
03.67000
02.51000
01.55000
04.86000
03.35000
02.45000
01.35000
01.97000
03.16000
04.53000
01.12000
03.55000
02.73000
03.75000
02.13000
01.01000
04.47000
03.41000
03.44000
01.08000
01.23000
02.69000
03.09000
01.10000
03.01000
03.32000
04.06000
04.43000
04.93000
03.50000
01.92000
02.02000
03.85000
03.37000
03.97000
01.19000
04.95000
04.88000
04.79000
02.02000
03.75000
01.80000
04.29000
03.45000
04.04000
01.70000
01.68000
01.20000
03.95000
03.97000
01.50000
01.83000
01.91000
01.82000
03.58000
04.68000
02.68000
04.25000
01.08000
03.93000
03.31000
02.10000
02.47000
02.56000
03.18000
01.99000
01.53000
02.37000
01.97000
04.39000
02.79000
03.62000
04.76000
02.18000
01.03000
04.57000
04.67000
04.01000
01.56000
01.62000
03.82000
04.39000
04.24000
04.03000
03.73000
04.99000
03.74000
01.35000
03.72000
02.77000
03.54000
01.45000
02.94000
04.02000
01.94000
04.52000
02.33000
02.32000
02.05000
01.06000
02.66000
04.58000
01.78000
01.87000
02.50000
01.01000
03.86000
04.09000
04.25000
03.15000
01.85000
01.14000
04.10000
01.84000
02.09000
04.78000
02.06000
01.23000
01.77000
03.07000
01.78000
04.13000
02.27000
03.32000
01.44000
02.63000
02.51000
02.69000
03.86000
03.17000
04.07000
04.24000
03.76000
04.99000
04.58000
02.87000
01.15000
02.13000
01.97000
03.27000
03.39000
01.46000
04.50000
01.97000
03.12000
04.63000
04.72000
01.28000
04.32000
02.14000
01.50000
03.34000
04.27000
03.28000
02.04000
04.11000
03.55000
02.15000
03.82000
03.35000
04.07000
03.68000
04.66000
02.63000
03.05000
01.60000
04.69000
03.35000
03.01000
04.45000
03.30000
04.54000
04.36000
01.83000
03.88000
04.26000
04.17000
02.97000
04.39000
04.52000
01.02000
03.90000
01.28000
02.42000
01.54000
02.64000
02.80000
04.35000
03.13000
01.48000
03.05000
04.03000
04.03000
01.04000
03.90000
04.50000
01.29000
02.28000
01.06000
04.09000
04.75000
04.42000
02.03000
02.46000
03.10000
03.04000
04.16000
02.58000
01.82000
04.01000
04.57000
04.72000
01.19000
01.51000
02.22000
04.48000
02.34000
04.03000
03.86000
02.76000
7
14
29
44
24
37
7
9
7
6
5
45
42
40
15
1
8
46
18
33
19
2
48
28
17
7
34
4
32
12
22
10
23
7
25
41
50
21
26
13
16
7
31
35
38
30
11
39
43
7
27
20
47
49
36
8
3
893.25380
