50
7
133.73000
119.91000
134.67000
138.17000
162.58000
197.61000
198.25000
186.68000
145.21000
122.05000
196.94000
178.30000
129.04000
142.61000
116.43000
194.43000
175.54000
110.19000
131.48000
193.01000
110.25000
127.31000
155.91000
158.57000
172.77000
198.00000
192.59000
152.20000
166.76000
177.88000
183.48000
161.54000
109.95000
124.14000
159.57000
150.80000
184.12000
145.51000
190.94000
110.76000
185.12000
152.29000
136.71000
108.74000
172.87000
106.35000
195.08000
138.64000
121.34000
171.12000
140.08000
154.19000
157.81000
109.49000
178.50000
114.35000
116.67000
152.29000
191.61000
160.82000
132.12000
198.66000
106.13000
137.89000
175.43000
181.16000
175.33000
103.89000
119.38000
121.43000
129.03000
181.25000
188.34000
180.16000
123.65000
106.44000
108.25000
107.10000
192.13000
179.99000
156.59000
191.07000
193.99000
116.51000
112.41000
109.96000
165.33000
194.66000
106.34000
180.70000
168.79000
107.16000
170.54000
109.31000
143.58000
110.80000
188.75000
140.84000
155.46000
176.42000
191.11000
115.00000
134.61000
131.42000
146.14000
104.05000
143.87000
172.01000
189.06000
160.47000
128.20000
185.31000
160.25000
182.84000
128.77000
164.45000
139.16000
196.32000
100.81000
104.11000
194.29000
102.61000
163.59000
150.51000
133.22000
129.99000
150.47000
151.47000
152.56000
183.28000
158.86000
106.35000
188.02000
193.88000
100.23000
116.07000
164.35000
169.76000
150.13000
133.14000
145.37000
145.43000
198.14000
111.59000
183.96000
131.98000
197.95000
157.05000
172.06000
167.05000
145.17000
182.72000
192.12000
198.83000
123.93000
112.18000
191.76000
162.45000
134.34000
163.62000
157.70000
146.17000
139.83000
124.29000
160.39000
188.03000
155.39000
120.51000
196.87000
140.11000
197.58000
167.65000
140.70000
118.58000
134.51000
120.17000
192.05000
153.68000
135.85000
121.57000
127.61000
139.68000
122.86000
154.41000
150.66000
184.93000
118.32000
190.33000
141.04000
161.85000
196.62000
140.03000
105.14000
156.91000
133.66000
103.25000
125.91000
120.65000
156.95000
118.81000
135.41000
126.12000
156.66000
185.89000
195.67000
143.54000
100.21000
143.58000
106.43000
199.36000
156.06000
172.75000
138.56000
178.87000
158.35000
115.73000
126.97000
118.94000
180.28000
141.41000
120.63000
158.00000
184.08000
195.25000
132.57000
186.04000
171.10000
149.28000
189.91000
194.61000
131.69000
152.08000
183.79000
126.83000
195.32000
178.79000
119.44000
127.37000
180.48000
181.13000
166.16000
192.47000
144.75000
137.36000
107.29000
119.95000
134.75000
102.32000
190.24000
159.15000
130.32000
171.94000
110.54000
143.01000
135.77000
198.96000
123.47000
127.79000
186.48000
137.14000
187.78000
171.46000
120.09000
154.20000
110.64000
155.02000
150.81000
181.94000
150.81000
198.55000
119.41000
166.19000
168.58000
111.17000
143.22000
116.88000
175.81000
141.07000
166.14000
157.97000
185.94000
125.52000
108.63000
177.51000
163.96000
140.83000
117.71000
177.59000
176.41000
152.38000
116.97000
124.38000
141.41000
164.61000
156.55000
198.10000
178.65000
171.04000
163.15000
143.03000
179.09000
131.09000
102.22000
169.13000
196.85000
106.22000
107.53000
121.90000
137.51000
172.40000
140.90000
145.29000
139.89000
139.16000
166.92000
168.35000
131.87000
192.58000
114.26000
171.70000
180.40000
145.31000
125.63000
137.51000
141.48000
186.55000
107.83000
199.53000
110.17000
132.07000
181.71000
193.05000
170.62000
174.22000
132.18000
104.95000
146.01000
131.88000
158.21000
123.65000
148.59000
100.52000
122.84000
189.14000
129.70000
102.16000
103.17000
142.97000
129.70000
135.37000
09.12000
08.27000
07.86000
05.40000
05.39000
09.02000
05.52000
09.32000
08.66000
07.22000
06.74000
09.98000
09.34000
07.95000
06.16000
07.66000
05.69000
06.08000
05.09000
06.18000
06.39000
08.74000
08.93000
05.36000
08.00000
07.81000
09.76000
08.53000
07.46000
07.45000
08.79000
05.05000
09.62000
06.60000
08.87000
07.78000
09.71000
06.43000
06.99000
05.61000
05.86000
07.90000
06.77000
05.94000
06.57000
09.23000
05.99000
07.18000
08.25000
08.41000
09.99000
05.29000
09.75000
08.30000
09.57000
07.96000
05.68000
07.67000
08.64000
07.75000
07.57000
05.33000
05.71000
05.53000
07.23000
08.90000
05.28000
05.06000
06.25000
07.63000
05.37000
05.45000
08.47000
09.93000
05.04000
08.75000
07.51000
05.81000
06.82000
07.37000
09.23000
09.48000
09.30000
06.63000
09.28000
06.73000
09.57000
07.22000
05.57000
07.53000
05.72000
07.73000
05.77000
08.48000
09.37000
07.16000
09.82000
05.32000
08.16000
07.36000
09.98000
06.94000
07.79000
08.70000
09.78000
08.77000
09.18000
09.71000
07.73000
06.19000
09.39000
09.26000
05.26000
06.92000
09.74000
05.89000
07.96000
09.69000
09.45000
07.90000
08.06000
06.74000
08.13000
05.85000
06.91000
06.34000
08.26000
05.07000
07.53000
05.25000
07.76000
08.16000
07.07000
06.26000
07.38000
07.47000
09.30000
05.69000
08.30000
07.63000
07.15000
05.85000
09.58000
08.04000
05.20000
07.58000
05.67000
05.34000
07.15000
07.73000
06.95000
09.94000
06.37000
08.02000
07.62000
07.17000
06.45000
07.35000
05.50000
07.43000
07.29000
08.75000
08.57000
05.13000
05.82000
09.00000
07.08000
08.83000
09.99000
07.80000
06.06000
08.72000
06.25000
05.21000
07.77000
09.13000
07.09000
09.21000
09.27000
06.04000
08.50000
08.16000
09.88000
09.55000
07.49000
08.29000
08.68000
06.44000
09.59000
06.25000
07.00000
07.59000
06.33000
06.57000
05.96000
05.53000
07.77000
09.17000
08.94000
06.95000
05.32000
08.07000
07.85000
06.12000
08.68000
05.29000
06.56000
07.34000
07.03000
08.70000
09.76000
08.54000
07.26000
08.01000
09.81000
05.87000
06.62000
05.19000
08.25000
06.49000
05.27000
06.98000
08.23000
06.10000
08.76000
07.37000
07.06000
06.38000
05.52000
05.13000
08.68000
07.55000
09.38000
06.30000
06.18000
05.84000
07.04000
06.68000
09.27000
05.98000
05.63000
09.32000
06.82000
08.75000
05.13000
07.07000
09.35000
08.41000
05.94000
05.00000
09.57000
09.25000
06.49000
09.22000
05.26000
08.68000
06.72000
05.34000
07.37000
09.01000
06.21000
08.95000
07.75000
07.59000
06.36000
05.41000
06.76000
07.15000
05.87000
09.20000
05.80000
08.31000
08.19000
06.46000
09.75000
07.08000
09.04000
07.45000
09.54000
07.37000
08.92000
09.09000
09.60000
08.47000
05.56000
07.42000
05.38000
07.56000
06.50000
05.15000
05.83000
07.23000
06.50000
09.10000
05.93000
07.94000
05.12000
07.76000
09.19000
05.54000
09.84000
09.05000
09.42000
06.59000
05.78000
09.14000
08.20000
08.19000
07.11000
08.77000
05.35000
06.16000
05.51000
09.01000
08.68000
08.62000
09.30000
09.46000
06.39000
06.00000
05.93000
05.72000
09.57000
08.46000
09.51000
06.91000
09.71000
08.44000
08.28000
08.15000
06.18000
08.15000
07.11000
08.11000
08.73000
07.06000
05.03000
06.44000
05.03000
09.40000
07.69000
06.33000
08.11000
06.67000
09.91000
06.97000
08.92000
05.15000
08.12000
06.07000
7
5
40
34
44
21
10
46
8
18
39
13
28
36
27
42
26
7
17
2
22
35
20
32
19
7
14
23
30
25
50
43
6
7
45
16
37
7
9
31
48
7
8
41
15
24
4
1
33
7
11
12
38
49
29
47
3
1068.80800
