50
4
144.40000
167.37000
154.92000
192.83000
155.96000
158.23000
102.62000
131.17000
174.97000
104.20000
178.09000
194.92000
142.05000
145.89000
121.94000
124.71000
197.82000
123.94000
174.79000
161.17000
182.92000
178.97000
177.28000
144.91000
137.96000
151.59000
170.03000
116.58000
103.58000
182.45000
193.67000
116.78000
120.39000
112.15000
188.81000
186.15000
129.02000
181.34000
196.09000
165.30000
170.09000
130.62000
156.12000
194.88000
184.24000
100.64000
109.54000
115.49000
112.09000
132.01000
126.58000
147.46000
140.15000
176.78000
131.02000
128.12000
194.89000
109.70000
152.48000
154.71000
149.47000
121.36000
156.57000
192.85000
169.50000
177.38000
108.94000
108.16000
120.60000
143.39000
175.19000
166.27000
168.41000
185.00000
120.97000
132.80000
178.55000
167.86000
111.88000
173.38000
116.65000
157.57000
113.56000
153.63000
148.32000
119.76000
191.63000
139.18000
139.20000
120.07000
111.72000
195.65000
154.91000
124.11000
139.45000
188.67000
161.07000
197.52000
140.45000
183.86000
183.88000
199.21000
176.51000
164.84000
127.35000
191.22000
197.73000
152.18000
173.97000
146.55000
167.41000
198.14000
114.37000
155.80000
176.18000
193.34000
139.17000
109.60000
114.66000
128.41000
138.99000
198.59000
173.48000
193.97000
104.46000
113.38000
143.26000
180.65000
126.20000
144.61000
114.62000
179.07000
194.85000
182.89000
178.20000
179.87000
101.01000
118.84000
124.62000
173.65000
135.33000
143.11000
144.49000
151.05000
188.43000
146.31000
128.46000
102.70000
150.92000
119.06000
108.85000
193.83000
177.11000
100.35000
131.75000
116.10000
124.73000
105.54000
133.00000
158.12000
158.51000
188.30000
128.21000
135.52000
194.07000
164.25000
133.02000
163.92000
147.03000
149.00000
163.05000
158.95000
133.03000
158.20000
133.92000
136.22000
167.69000
107.46000
161.27000
111.37000
166.62000
112.41000
160.71000
100.03000
145.47000
188.67000
147.86000
117.81000
119.84000
151.88000
138.37000
180.34000
105.38000
117.64000
147.84000
103.24000
117.69000
101.59000
191.90000
102.15000
02.58000
01.39000
02.52000
01.67000
03.86000
01.41000
03.96000
04.49000
01.24000
03.80000
03.07000
01.25000
01.85000
03.71000
02.97000
03.09000
04.82000
04.26000
02.80000
01.13000
01.28000
04.57000
01.66000
02.49000
02.34000
03.77000
02.69000
02.31000
03.13000
04.98000
01.02000
03.70000
02.77000
03.33000
03.77000
01.79000
04.40000
01.95000
02.06000
03.70000
03.14000
03.94000
03.02000
04.57000
02.10000
04.46000
01.77000
03.51000
04.42000
02.61000
04.68000
04.33000
01.92000
02.80000
04.13000
04.87000
03.82000
01.57000
02.53000
04.91000
02.75000
03.90000
04.01000
04.56000
02.83000
01.90000
04.71000
03.95000
04.17000
03.71000
04.73000
03.20000
02.91000
01.44000
04.22000
02.45000
03.17000
03.23000
03.28000
01.80000
01.07000
01.19000
02.06000
01.40000
04.75000
03.45000
04.67000
01.36000
02.32000
02.14000
03.23000
01.81000
01.91000
01.38000
01.88000
02.87000
03.65000
01.30000
04.74000
04.68000
02.50000
04.01000
01.15000
02.03000
01.07000
01.01000
02.89000
04.09000
04.26000
03.41000
03.82000
04.11000
01.20000
04.34000
01.06000
03.22000
01.02000
04.92000
03.73000
02.56000
04.83000
02.28000
04.96000
03.23000
01.76000
01.54000
01.87000
02.36000
04.94000
03.83000
03.60000
01.09000
03.49000
02.28000
03.26000
04.54000
02.54000
02.00000
01.98000
01.82000
03.21000
04.13000
04.88000
02.07000
02.63000
01.79000
01.09000
02.41000
01.92000
04.10000
02.69000
02.67000
02.42000
02.94000
02.04000
04.35000
03.31000
03.17000
05.00000
04.66000
02.86000
03.09000
01.67000
01.73000
03.19000
04.83000
02.20000
01.67000
02.44000
02.51000
04.69000
02.62000
02.72000
02.26000
03.29000
02.70000
02.17000
02.20000
04.11000
04.03000
02.89000
04.46000
01.28000
04.74000
03.03000
03.16000
04.92000
02.96000
04.71000
04.42000
01.16000
04.81000
02.05000
02.38000
04.13000
04.41000
01.17000
03.16000
03.94000
03.89000
12
9
2
24
15
16
29
42
32
10
7
49
46
12
31
44
45
3
40
33
11
22
36
41
12
17
13
5
13
27
26
39
25
38
20
48
37
19
21
18
13
47
14
43
28
23
35
1
4
8
30
6
50
34
1723.22800
