50
10
126.45000
135.62000
185.68000
136.21000
142.96000
184.46000
113.55000
133.95000
101.81000
152.30000
151.14000
171.20000
194.02000
136.40000
101.97000
157.72000
135.59000
159.03000
194.55000
128.28000
167.56000
167.46000
182.40000
142.65000
155.93000
133.96000
144.04000
185.59000
191.71000
155.78000
182.98000
166.86000
190.93000
155.20000
127.73000
121.24000
194.60000
179.47000
131.82000
108.48000
168.73000
100.88000
173.75000
113.35000
104.35000
116.67000
157.05000
145.63000
117.46000
149.12000
176.16000
117.98000
144.16000
153.40000
110.11000
183.49000
111.56000
190.30000
187.62000
182.49000
128.97000
145.27000
127.84000
190.39000
128.02000
106.20000
174.89000
107.58000
165.36000
185.99000
197.93000
159.44000
122.63000
122.52000
191.08000
196.36000
106.47000
178.68000
173.51000
193.74000
148.51000
142.37000
189.34000
151.96000
105.41000
126.48000
107.71000
196.43000
158.79000
168.89000
122.77000
177.51000
115.31000
132.50000
153.65000
170.62000
106.60000
105.20000
144.51000
176.13000
130.78000
140.17000
156.54000
130.58000
104.48000
163.51000
112.55000
177.68000
132.74000
150.88000
181.12000
149.94000
187.81000
180.77000
147.00000
138.36000
166.96000
156.72000
119.98000
158.97000
192.45000
107.24000
134.80000
152.77000
111.55000
185.84000
151.24000
185.79000
196.52000
171.04000
154.07000
149.04000
144.64000
166.35000
153.04000
158.54000
178.16000
100.29000
182.93000
155.30000
144.36000
126.37000
103.50000
105.34000
115.49000
123.12000
199.51000
199.67000
188.82000
194.04000
136.66000
118.70000
192.46000
176.65000
113.52000
132.90000
141.29000
135.92000
143.79000
185.77000
165.61000
184.06000
177.88000
183.96000
128.32000
140.21000
191.18000
159.11000
117.30000
148.52000
184.07000
167.86000
145.45000
178.12000
181.95000
191.85000
150.66000
123.16000
135.21000
137.73000
195.81000
102.78000
119.23000
137.12000
168.80000
161.11000
134.42000
146.68000
182.52000
167.30000
106.15000
148.04000
174.86000
115.49000
184.82000
147.84000
108.71000
124.82000
145.82000
177.73000
169.07000
184.98000
186.57000
104.69000
182.03000
149.66000
128.56000
156.26000
138.31000
124.93000
112.50000
170.18000
191.42000
170.57000
104.41000
118.73000
119.88000
171.35000
195.30000
199.17000
127.20000
137.02000
101.19000
133.77000
141.90000
102.36000
163.08000
169.79000
117.50000
127.12000
147.01000
179.49000
132.51000
196.09000
143.97000
160.16000
190.44000
119.01000
170.00000
134.03000
119.81000
130.66000
166.10000
148.40000
174.14000
190.81000
198.29000
175.51000
131.95000
184.21000
125.52000
167.02000
120.98000
127.68000
133.77000
181.30000
121.77000
155.25000
194.38000
153.49000
162.60000
106.54000
188.98000
121.49000
137.62000
131.97000
124.21000
148.18000
165.97000
106.91000
131.71000
121.47000
191.78000
131.76000
168.12000
154.23000
184.20000
131.91000
115.08000
184.37000
137.37000
157.75000
179.24000
174.76000
170.43000
184.67000
192.23000
113.30000
127.52000
113.06000
110.70000
112.89000
177.78000
168.31000
116.29000
111.41000
115.34000
100.81000
115.63000
171.74000
166.46000
124.60000
167.50000
120.29000
165.19000
143.12000
180.27000
139.62000
197.56000
145.39000
115.94000
135.09000
198.35000
172.42000
121.78000
160.19000
127.31000
190.24000
170.06000
193.46000
169.22000
189.84000
158.05000
138.41000
133.85000
187.25000
108.00000
123.54000
155.95000
123.49000
167.19000
102.38000
195.29000
164.57000
107.88000
153.45000
136.64000
101.50000
127.33000
180.25000
189.77000
150.31000
147.82000
111.31000
189.43000
152.00000
116.60000
100.14000
195.40000
172.59000
181.38000
166.14000
167.79000
174.75000
189.62000
143.22000
133.65000
190.35000
163.20000
136.51000
168.17000
153.62000
115.00000
115.16000
196.73000
146.19000
182.93000
173.31000
169.74000
174.71000
129.87000
130.10000
162.58000
170.80000
143.70000
129.67000
175.64000
191.13000
137.33000
141.16000
134.31000
117.32000
148.64000
158.71000
188.98000
156.01000
140.52000
101.46000
115.04000
138.85000
100.87000
113.55000
112.89000
122.48000
142.57000
164.13000
107.92000
188.54000
103.51000
147.33000
183.33000
100.34000
154.45000
104.06000
135.03000
187.19000
105.98000
118.92000
137.27000
182.50000
137.93000
125.25000
106.07000
108.53000
178.83000
157.80000
182.44000
112.54000
182.19000
176.34000
132.41000
166.81000
126.51000
165.64000
146.98000
168.58000
115.33000
135.46000
142.17000
140.14000
177.15000
120.57000
159.00000
128.75000
165.49000
180.74000
163.48000
106.67000
158.87000
100.73000
146.63000
171.17000
160.79000
190.30000
124.46000
144.51000
199.79000
184.23000
137.99000
173.96000
160.19000
100.62000
141.36000
170.56000
123.32000
120.79000
134.23000
174.04000
103.84000
179.55000
113.44000
163.17000
145.89000
177.28000
135.61000
150.84000
118.61000
139.36000
182.41000
174.94000
116.13000
116.20000
160.46000
198.37000
157.62000
183.19000
101.41000
109.00000
187.19000
140.70000
161.89000
119.75000
173.99000
114.15000
123.55000
168.48000
112.17000
153.90000
193.03000
118.10000
120.87000
135.36000
101.97000
156.50000
144.21000
158.92000
107.01000
196.57000
151.36000
149.96000
03.49000
02.83000
03.15000
01.56000
03.61000
04.13000
01.03000
02.11000
04.89000
01.40000
03.99000
04.18000
04.43000
02.97000
03.62000
02.58000
04.29000
02.16000
04.48000
01.15000
03.55000
01.31000
04.16000
04.71000
02.29000
03.74000
01.23000
03.09000
01.59000
01.78000
03.28000
03.13000
03.54000
04.76000
02.89000
04.64000
03.19000
03.01000
01.62000
04.45000
04.64000
03.85000
02.06000
04.40000
04.97000
03.62000
03.79000
03.31000
02.24000
03.63000
01.56000
02.49000
02.31000
03.43000
04.37000
03.07000
01.23000
01.57000
02.19000
03.88000
02.39000
01.79000
04.75000
03.87000
02.01000
01.54000
02.73000
03.00000
01.28000
03.28000
03.84000
02.22000
02.41000
02.47000
04.79000
03.48000
04.61000
03.54000
03.28000
01.74000
04.07000
03.97000
02.01000
04.94000
01.99000
02.19000
04.69000
02.05000
04.59000
01.67000
04.01000
03.01000
03.06000
02.85000
01.68000
02.78000
01.61000
03.19000
04.41000
01.31000
04.33000
02.72000
01.41000
02.57000
01.39000
03.89000
01.73000
04.02000
02.16000
03.63000
02.78000
04.70000
01.97000
04.51000
02.41000
01.68000
01.13000
02.12000
03.44000
01.06000
04.98000
01.03000
01.70000
01.90000
03.85000
02.82000
02.01000
04.28000
01.06000
02.07000
02.20000
01.29000
04.95000
02.36000
01.11000
03.00000
04.83000
04.26000
02.56000
04.49000
03.05000
01.35000
03.38000
01.83000
02.93000
04.21000
01.39000
04.11000
04.79000
04.43000
04.51000
04.31000
03.38000
01.71000
04.48000
02.37000
04.84000
02.47000
02.29000
04.02000
01.48000
04.83000
03.89000
04.50000
01.77000
02.47000
04.23000
03.98000
03.16000
02.10000
03.28000
03.68000
04.10000
03.42000
01.97000
01.81000
04.04000
03.15000
02.27000
01.56000
03.44000
02.97000
03.13000
03.14000
03.75000
01.60000
04.50000
03.74000
03.42000
02.74000
03.34000
01.58000
01.90000
03.08000
01.59000
03.86000
03.66000
04.34000
02.21000
02.78000
01.61000
04.54000
01.59000
01.29000
02.77000
02.57000
02.39000
02.01000
04.99000
01.57000
04.42000
01.50000
01.84000
02.38000
03.74000
03.08000
03.90000
02.82000
01.43000
03.09000
02.74000
01.72000
03.57000
02.85000
02.95000
02.92000
01.24000
04.69000
02.10000
03.23000
02.52000
03.93000
02.77000
04.49000
04.48000
04.91000
04.55000
01.52000
01.20000
04.96000
03.99000
02.16000
03.77000
02.39000
02.70000
03.23000
04.25000
04.55000
03.23000
02.56000
04.70000
01.32000
03.96000
02.04000
04.21000
03.67000
04.50000
04.92000
01.69000
03.32000
04.47000
01.21000
03.34000
03.73000
04.60000
04.85000
04.37000
01.34000
02.58000
02.80000
04.97000
01.62000
01.11000
03.01000
02.36000
03.00000
03.90000
02.43000
02.73000
04.95000
03.65000
03.02000
01.28000
03.92000
02.06000
03.73000
02.22000
01.36000
01.84000
04.52000
02.76000
03.73000
02.68000
02.33000
01.10000
02.47000
01.31000
03.12000
04.43000
02.05000
01.56000
03.00000
01.92000
03.54000
02.24000
01.38000
02.05000
04.94000
01.15000
03.95000
01.68000
03.46000
02.09000
01.81000
03.13000
04.67000
01.90000
03.02000
01.75000
03.15000
02.40000
04.66000
01.85000
02.48000
02.43000
04.82000
04.77000
03.23000
01.81000
02.57000
04.83000
02.99000
01.38000
01.99000
01.35000
04.34000
02.95000
04.15000
02.68000
02.85000
01.36000
03.14000
02.13000
03.09000
04.44000
02.04000
02.04000
02.65000
01.01000
04.92000
04.73000
04.37000
02.74000
03.49000
04.56000
04.50000
01.78000
03.12000
04.80000
02.93000
04.83000
01.28000
03.90000
03.37000
04.84000
04.18000
01.31000
02.52000
03.77000
03.01000
01.50000
02.09000
04.57000
01.98000
01.90000
04.77000
03.20000
02.30000
04.98000
02.27000
04.60000
02.16000
02.19000
03.29000
02.73000
04.77000
01.98000
01.54000
04.54000
02.33000
01.81000
03.72000
01.99000
04.05000
04.12000
01.53000
04.03000
04.13000
04.37000
03.67000
02.19000
02.40000
01.04000
03.37000
03.33000
04.38000
01.33000
03.12000
04.66000
03.61000
02.22000
02.15000
04.25000
01.39000
04.29000
04.28000
01.18000
04.07000
01.11000
02.34000
03.53000
02.97000
03.26000
02.16000
04.38000
02.42000
02.32000
02.57000
01.81000
03.74000
02.88000
03.39000
02.89000
01.27000
02.50000
01.45000
03.70000
02.33000
03.77000
02.59000
01.32000
03.25000
02.26000
01.63000
01.82000
01.36000
02.55000
02.39000
04.30000
02.98000
01.15000
02.56000
01.95000
02.98000
03.71000
03.83000
01.06000
04.38000
04.42000
04.72000
02.06000
03.75000
02.01000
01.19000
02.15000
03.55000
04.16000
02.18000
03.54000
03.22000
03.59000
01.65000
01.42000
03.23000
01.99000
02.55000
04.02000
01.02000
02.07000
04.84000
04.51000
03.05000
03.53000
01.47000
01.12000
04.76000
03.08000
02.39000
01.03000
02.63000
02.41000
02.56000
04.46000
02.08000
04.24000
01.92000
04.61000
01.59000
04.26000
01.44000
5
7
50
15
42
9
5
16
36
24
18
37
5
22
44
45
1
25
5
33
19
32
47
5
5
4
10
30
26
23
5
12
46
29
20
21
5
35
11
17
48
27
5
38
41
31
39
49
5
34
14
40
8
13
5
28
3
2
6
43
598.76900
