50
10
65.70000
56.65000
37.53000
91.58000
55.44000
15.62000
37.88000
20.23000
65.73000
88.05000
35.77000
42.41000
7.24000
91.80000
53.25000
87.37000
13.38000
67.47000
38.10000
10.09000
44.33000
80.41000
61.88000
86.29000
85.00000
22.74000
22.86000
22.45000
46.06000
9.30000
42.11000
44.81000
60.93000
80.70000
67.40000
8.35000
89.78000
5.31000
71.28000
89.79000
18.52000
71.21000
51.04000
94.63000
54.82000
96.28000
28.74000
51.08000
35.10000
22.11000
93.90000
57.93000
34.21000
41.82000
58.21000
33.06000
25.97000
71.91000
71.35000
2.20000
57.48000
15.77000
22.32000
9.04000
30.12000
28.47000
22.91000
23.05000
68.02000
91.84000
11.60000
38.42000
23.07000
14.44000
50.67000
74.10000
68.91000
25.61000
29.13000
74.78000
7.93000
82.42000
58.74000
9.92000
63.26000
67.70000
78.01000
71.72000
86.79000
87.01000
50.20000
81.12000
54.15000
72.68000
62.33000
81.83000
64.73000
80.79000
28.15000
43.29000
97.67000
84.33000
17.97000
33.39000
88.32000
88.81000
39.20000
18.99000
85.31000
2.27000
83.98000
82.38000
79.75000
20.00000
56.79000
35.23000
87.48000
65.06000
84.86000
10.94000
50.12000
85.23000
23.16000
68.69000
33.02000
53.05000
48.43000
94.40000
27.29000
64.81000
65.16000
97.74000
48.78000
43.57000
2.56000
14.12000
39.09000
36.11000
12.62000
1.70000
63.59000
14.98000
74.08000
45.42000
14.37000
76.46000
91.41000
55.93000
6.30000
44.61000
9.24000
9.70000
44.28000
1.86000
59.12000
26.24000
4.30000
77.47000
29.92000
77.48000
40.12000
24.02000
39.58000
40.08000
84.06000
27.51000
32.82000
13.42000
93.21000
1.72000
78.08000
22.63000
49.38000
83.16000
70.56000
18.61000
58.15000
37.08000
29.21000
75.98000
51.85000
49.50000
96.72000
96.13000
86.54000
34.17000
44.56000
5.21000
45.06000
28.62000
64.90000
51.09000
32.97000
95.10000
77.71000
11.42000
81.61000
23.62000
27.69000
84.58000
43.44000
43.17000
1.19000
68.21000
15.31000
76.94000
36.75000
21.09000
30.35000
89.01000
24.41000
62.28000
61.11000
58.12000
48.09000
83.91000
5.88000
86.73000
18.45000
2.82000
84.70000
5.09000
68.93000
57.62000
47.37000
64.17000
60.67000
16.67000
64.42000
44.71000
77.61000
69.06000
34.16000
49.18000
30.40000
32.66000
77.62000
6.81000
52.48000
47.07000
43.59000
69.59000
4.99000
78.65000
3.63000
18.24000
70.87000
19.50000
54.02000
54.25000
49.93000
7.93000
15.07000
4.79000
57.59000
68.41000
32.88000
61.17000
20.68000
94.49000
77.48000
83.33000
88.10000
92.72000
13.13000
90.22000
37.48000
94.44000
25.84000
26.54000
67.21000
56.72000
29.37000
59.74000
4.42000
60.39000
61.23000
85.02000
97.00000
13.01000
84.69000
22.32000
23.58000
44.92000
87.75000
14.35000
81.56000
14.19000
83.18000
30.56000
98.07000
1.64000
9.49000
65.14000
24.00000
13.84000
27.95000
38.05000
32.98000
82.13000
19.85000
77.57000
43.08000
72.24000
60.36000
14.97000
57.41000
53.13000
58.67000
1.53000
77.70000
84.92000
67.77000
96.44000
70.29000
41.16000
66.38000
86.59000
26.30000
18.15000
57.99000
80.67000
60.57000
37.92000
70.83000
14.09000
15.72000
48.27000
58.87000
45.01000
56.10000
21.75000
99.86000
59.36000
73.81000
54.64000
98.26000
66.81000
84.71000
69.99000
82.31000
2.76000
30.41000
15.59000
5.99000
25.39000
75.25000
61.99000
46.03000
20.63000
91.71000
77.36000
66.15000
37.65000
2.45000
90.35000
69.28000
76.95000
90.32000
13.73000
88.84000
42.29000
40.14000
83.01000
20.05000
82.57000
56.48000
63.45000
79.85000
74.42000
71.66000
42.05000
14.94000
18.22000
42.76000
31.58000
91.76000
38.11000
50.61000
69.56000
7.53000
84.99000
2.78000
20.24000
78.18000
35.48000
29.59000
69.64000
50.41000
87.97000
88.11000
32.52000
91.68000
69.61000
61.18000
45.38000
97.19000
30.27000
54.36000
71.50000
10.00000
26.46000
44.20000
40.10000
72.37000
84.08000
28.44000
18.85000
8.73000
90.03000
24.52000
86.89000
51.49000
84.91000
79.25000
99.21000
61.83000
35.08000
66.17000
34.52000
24.65000
30.66000
81.56000
94.31000
48.62000
87.48000
48.47000
9.82000
69.17000
48.16000
13.70000
32.02000
46.46000
77.06000
48.79000
40.64000
64.42000
66.27000
52.02000
39.16000
33.69000
31.66000
45.45000
55.82000
87.72000
13.83000
75.86000
44.59000
87.66000
78.14000
93.97000
68.01000
7.82000
64.36000
31.38000
52.30000
64.92000
62.82000
84.52000
29.44000
92.54000
35.76000
68.16000
67.89000
16.82000
64.01000
19.80000
62.83000
85.64000
55.13000
1.71000
33.22000
76.64000
40.47000
1.90000
22.77000
89.21000
76.08000
33.12000
99.91000
49.48000
44.80000
33.90000
60.84000
7.33000
52.19000
66.50000
23.53000
37.42000
30.59000
19.92000
31.66000
41.11000
36.06000
5.92000
54.68000
43.56000
50.43000
62.03000
86.80000
09.84000
06.04000
07.06000
05.61000
06.75000
07.69000
08.77000
05.76000
08.36000
09.96000
08.67000
09.55000
08.21000
05.45000
08.40000
07.71000
06.07000
08.01000
05.90000
07.20000
07.99000
07.74000
05.31000
06.24000
06.24000
05.97000
07.05000
09.32000
09.37000
05.32000
07.77000
07.15000
07.17000
09.62000
05.39000
06.70000
05.65000
08.98000
09.06000
06.20000
07.12000
09.74000
09.20000
05.12000
05.10000
09.50000
07.47000
09.18000
09.38000
07.11000
08.61000
09.99000
09.22000
06.22000
07.23000
07.67000
06.33000
05.73000
08.76000
06.57000
07.74000
08.62000
05.02000
05.07000
08.37000
06.39000
09.08000
07.79000
09.43000
06.79000
05.25000
05.63000
08.35000
08.83000
09.10000
05.70000
08.83000
07.77000
07.44000
06.38000
05.81000
05.10000
08.35000
07.30000
05.48000
08.59000
06.14000
09.35000
05.28000
07.23000
06.38000
09.65000
08.90000
06.28000
05.87000
06.58000
06.29000
07.25000
07.69000
09.77000
06.67000
09.56000
07.83000
06.40000
06.96000
09.08000
07.39000
05.19000
09.10000
05.20000
06.20000
10.00000
09.44000
08.34000
08.72000
09.38000
05.58000
05.15000
05.69000
08.10000
06.36000
08.55000
09.06000
07.21000
06.89000
07.68000
07.08000
08.98000
08.50000
07.98000
09.19000
06.95000
08.81000
06.08000
06.15000
05.92000
06.65000
09.91000
09.90000
06.91000
07.12000
08.63000
08.68000
07.20000
06.57000
07.64000
06.96000
05.34000
07.61000
08.60000
09.02000
09.20000
05.47000
07.50000
06.31000
08.49000
06.54000
05.50000
05.90000
07.84000
06.43000
08.37000
09.91000
05.94000
05.40000
07.92000
06.72000
07.72000
09.96000
07.23000
05.96000
09.37000
07.85000
05.60000
08.51000
08.35000
08.09000
08.60000
06.50000
08.33000
05.92000
08.05000
08.31000
09.27000
07.86000
07.02000
08.56000
07.34000
06.65000
09.82000
08.14000
05.01000
06.30000
07.01000
09.17000
05.94000
07.06000
05.43000
05.04000
05.10000
05.65000
05.40000
07.89000
05.61000
08.55000
06.50000
07.55000
07.87000
07.72000
08.70000
07.27000
09.56000
07.32000
05.22000
09.36000
07.03000
07.76000
05.54000
07.33000
07.88000
05.71000
05.37000
05.97000
05.95000
09.07000
06.70000
06.33000
06.34000
07.00000
07.74000
05.68000
05.40000
09.91000
07.96000
07.57000
05.72000
09.46000
08.10000
06.77000
06.16000
08.56000
05.12000
09.32000
06.81000
06.38000
07.24000
07.50000
09.02000
08.32000
08.93000
07.18000
08.42000
05.04000
09.95000
08.76000
05.20000
07.74000
07.51000
07.40000
07.50000
06.69000
05.56000
05.55000
09.34000
07.46000
06.24000
06.90000
05.95000
06.87000
07.92000
06.38000
08.86000
07.98000
05.24000
05.20000
05.81000
05.11000
09.07000
05.79000
05.81000
08.83000
06.55000
06.84000
09.10000
05.94000
06.04000
08.29000
07.20000
09.53000
07.18000
06.34000
07.86000
08.90000
05.86000
08.43000
05.08000
09.63000
09.18000
08.24000
09.11000
05.63000
08.25000
05.33000
08.57000
09.14000
06.21000
06.72000
06.35000
06.86000
09.54000
05.02000
09.24000
05.76000
09.27000
05.32000
06.38000
09.06000
07.68000
08.99000
08.19000
06.24000
08.31000
08.60000
06.33000
08.01000
05.94000
08.02000
08.71000
06.35000
06.61000
07.34000
09.50000
09.48000
07.61000
07.90000
09.09000
06.87000
07.46000
07.31000
09.15000
09.26000
05.96000
09.41000
07.59000
08.60000
09.14000
09.30000
08.57000
08.12000
09.28000
05.97000
07.96000
08.87000
09.61000
06.38000
07.33000
05.43000
07.64000
05.26000
05.58000
09.82000
07.19000
05.36000
07.04000
07.90000
05.71000
05.71000
07.28000
06.82000
06.87000
06.54000
08.10000
09.94000
05.62000
09.36000
07.58000
06.90000
08.16000
06.92000
05.04000
08.57000
06.92000
08.24000
06.03000
07.09000
05.60000
08.55000
07.38000
05.83000
09.14000
09.38000
07.15000
09.43000
08.72000
08.47000
09.66000
08.75000
06.80000
09.82000
05.47000
05.73000
09.07000
06.78000
07.65000
08.20000
07.34000
07.49000
06.78000
07.57000
06.25000
09.22000
05.18000
08.63000
09.65000
09.88000
09.85000
07.43000
07.63000
08.63000
08.99000
06.23000
06.55000
05.87000
07.08000
08.58000
09.00000
08.27000
09.85000
09.26000
08.83000
08.74000
09.26000
09.30000
06.13000
06.43000
08.55000
06.00000
07.27000
06.77000
07.18000
07.89000
09.82000
06.40000
05.87000
09.75000
07.64000
08.25000
06.60000
07.61000
05.83000
05.62000
09.62000
09.77000
06.00000
07.37000
09.97000
06.04000
09.36000
06.90000
06.72000
07.10000
06.90000
07.28000
09.50000
09.12000
06.38000
07.81000
09.17000
09.56000
06.79000
09.07000
07.88000
07.10000
08.39000
07.88000
09.00000
06.68000
07.69000
07.29000
07.17000
09.50000
07.43000
06.63000
08.24000
08.00000
06.63000
06.46000
09.37000
05.87000
05.53000
08.61000
08.93000
08.05000
05.65000
06.12000
06.54000
05.73000
09.72000
08.33000
08.08000
4
47
50
13
38
5
14
12
24
34
10
5
29
36
39
49
40
5
16
18
1
7
4
7
19
48
22
17
43
20
3
5
32
46
30
2
42
4
6
26
44
27
5
37
23
31
5
33
4
8
11
9
28
6
41
15
45
35
25
21
68.02395
