50
10
34.40000
75.38000
47.00000
96.21000
16.61000
17.23000
31.08000
38.43000
18.90000
27.20000
95.75000
62.88000
19.98000
90.21000
34.11000
67.86000
23.33000
17.91000
60.02000
75.40000
57.20000
42.74000
16.08000
33.30000
75.55000
25.86000
66.66000
13.11000
57.13000
51.18000
4.85000
12.12000
5.40000
29.38000
44.52000
52.36000
47.61000
93.87000
28.26000
81.64000
38.72000
6.82000
21.43000
72.49000
56.48000
50.15000
15.14000
22.22000
5.36000
35.53000
27.18000
75.67000
85.37000
54.79000
69.17000
91.62000
76.08000
5.97000
56.64000
89.50000
61.96000
66.12000
95.17000
32.57000
61.96000
12.86000
18.07000
7.83000
20.78000
44.60000
79.42000
28.06000
6.87000
87.45000
63.05000
31.77000
14.43000
92.32000
74.53000
81.21000
62.41000
34.83000
46.19000
65.39000
95.51000
14.38000
34.09000
96.09000
83.17000
56.10000
20.06000
12.81000
19.60000
11.88000
10.68000
75.81000
22.75000
55.35000
37.27000
75.10000
45.82000
74.10000
72.73000
90.15000
64.31000
22.18000
7.09000
30.72000
49.99000
67.49000
58.87000
23.85000
62.01000
77.36000
2.61000
48.25000
85.30000
42.91000
33.62000
8.42000
30.53000
79.00000
74.93000
31.57000
31.12000
28.22000
74.33000
71.71000
47.23000
54.95000
4.38000
8.54000
63.78000
51.27000
60.35000
43.56000
90.44000
33.04000
66.30000
7.00000
62.62000
40.88000
69.01000
50.83000
39.50000
41.14000
41.04000
54.78000
6.00000
24.91000
26.02000
72.31000
53.64000
71.88000
26.33000
23.69000
20.70000
85.57000
90.16000
20.90000
17.44000
40.10000
57.03000
58.14000
93.75000
41.04000
88.20000
55.36000
27.27000
20.72000
72.67000
56.26000
16.39000
35.20000
23.22000
30.29000
86.25000
66.33000
76.35000
70.65000
88.72000
21.66000
96.33000
97.29000
98.45000
31.53000
71.16000
54.90000
16.83000
53.00000
13.62000
11.94000
66.99000
67.91000
60.20000
61.61000
1.81000
82.82000
75.17000
24.85000
89.61000
18.41000
90.42000
96.22000
82.52000
81.42000
62.48000
8.48000
16.03000
24.79000
66.59000
44.16000
29.74000
93.32000
56.74000
64.43000
90.01000
61.55000
11.65000
54.20000
88.94000
25.78000
33.81000
23.14000
42.39000
8.04000
52.45000
5.67000
89.96000
55.13000
21.55000
60.96000
99.02000
40.60000
18.83000
74.92000
60.65000
60.73000
47.79000
57.23000
89.73000
38.56000
37.64000
42.30000
28.85000
20.90000
41.37000
89.29000
42.38000
79.29000
16.76000
34.85000
70.97000
84.36000
62.23000
58.38000
58.67000
69.13000
30.94000
57.08000
99.74000
38.53000
90.34000
56.06000
77.02000
30.07000
36.63000
6.24000
96.06000
7.03000
86.76000
81.23000
89.20000
56.40000
86.43000
83.42000
13.51000
91.96000
5.08000
37.96000
48.82000
52.20000
34.93000
93.73000
3.69000
98.40000
95.91000
28.37000
8.46000
20.57000
33.73000
40.26000
20.19000
29.46000
15.83000
55.53000
20.71000
63.60000
36.42000
25.09000
39.61000
92.82000
58.43000
27.62000
46.03000
65.81000
21.42000
29.16000
17.51000
75.11000
31.64000
53.28000
75.08000
49.96000
24.51000
41.59000
67.55000
43.32000
59.21000
59.44000
66.45000
33.93000
21.64000
97.94000
69.08000
25.28000
20.48000
73.94000
97.48000
45.58000
90.15000
28.05000
99.45000
48.83000
91.80000
25.62000
47.52000
13.75000
10.37000
57.76000
38.00000
42.83000
53.51000
41.33000
92.91000
65.29000
57.65000
16.92000
61.07000
35.11000
64.55000
52.13000
71.96000
16.52000
61.42000
35.88000
5.90000
90.14000
3.67000
12.30000
30.81000
32.87000
89.69000
37.44000
60.47000
12.15000
47.61000
93.15000
33.38000
22.17000
26.33000
86.98000
11.81000
81.90000
1.47000
50.27000
82.76000
37.02000
72.43000
39.09000
61.01000
54.99000
66.34000
35.27000
83.06000
31.01000
33.09000
45.37000
13.17000
83.03000
47.32000
1.72000
37.36000
56.74000
10.41000
59.40000
69.39000
20.59000
46.50000
2.23000
98.51000
20.16000
93.77000
7.26000
17.14000
34.26000
21.41000
19.60000
1.08000
44.16000
37.77000
4.73000
53.82000
59.53000
59.70000
83.70000
5.58000
15.79000
28.79000
6.29000
8.34000
71.10000
10.41000
42.05000
40.84000
12.39000
94.66000
89.28000
7.56000
47.31000
99.40000
71.01000
35.72000
12.30000
65.23000
34.04000
79.31000
65.51000
57.51000
49.91000
18.05000
92.86000
67.34000
16.91000
53.44000
5.02000
11.58000
56.09000
15.69000
34.42000
25.80000
18.15000
33.13000
95.93000
2.90000
3.73000
23.34000
96.59000
35.70000
13.38000
81.80000
13.25000
56.51000
35.13000
54.23000
44.28000
22.42000
81.73000
9.07000
16.82000
14.24000
91.69000
39.52000
79.77000
38.56000
28.28000
65.53000
10.76000
27.69000
77.51000
31.80000
8.17000
37.70000
54.14000
6.77000
97.14000
50.43000
94.68000
83.65000
30.56000
72.45000
63.39000
83.39000
81.07000
36.08000
47.29000
49.68000
51.04000
96.39000
59.13000
01.05000
01.74000
04.23000
02.95000
03.18000
03.83000
01.26000
02.12000
01.13000
03.90000
02.77000
01.56000
01.47000
03.80000
01.84000
01.62000
03.78000
02.35000
04.54000
03.62000
04.65000
03.37000
01.97000
01.88000
01.65000
03.71000
02.18000
03.74000
01.36000
01.17000
02.27000
01.52000
03.35000
02.60000
04.31000
04.55000
04.21000
03.82000
03.38000
03.16000
01.51000
01.65000
03.56000
04.68000
01.83000
01.94000
01.92000
01.43000
04.74000
03.50000
01.45000
04.49000
04.74000
04.64000
04.11000
01.87000
01.75000
04.00000
01.63000
01.69000
03.59000
02.40000
01.22000
04.41000
03.96000
02.80000
03.07000
03.47000
01.58000
01.14000
04.38000
01.34000
04.15000
02.39000
03.37000
01.46000
04.36000
04.49000
03.24000
04.28000
03.93000
02.40000
04.18000
03.26000
01.54000
04.07000
03.40000
04.86000
04.92000
02.46000
03.10000
04.52000
02.75000
03.51000
02.49000
02.70000
04.75000
02.18000
01.77000
04.85000
03.87000
02.68000
01.72000
03.37000
03.41000
02.82000
04.59000
03.55000
01.18000
01.42000
03.47000
03.61000
02.01000
02.57000
01.70000
02.12000
03.72000
03.35000
03.60000
02.67000
01.15000
01.82000
02.50000
01.84000
02.11000
01.07000
04.73000
01.19000
03.44000
01.18000
01.62000
03.32000
02.97000
03.23000
01.50000
03.80000
03.53000
01.28000
01.69000
03.21000
04.93000
02.43000
04.52000
03.12000
04.02000
02.75000
01.32000
02.11000
02.62000
03.31000
01.39000
01.90000
04.04000
01.73000
01.42000
04.42000
02.23000
04.83000
02.00000
01.64000
01.07000
03.34000
02.58000
02.25000
02.51000
04.48000
03.62000
03.97000
01.51000
04.45000
02.57000
01.49000
02.02000
04.45000
01.88000
02.51000
04.99000
02.68000
01.00000
03.75000
04.38000
02.35000
04.40000
02.90000
03.14000
03.66000
01.52000
02.67000
01.23000
03.81000
02.81000
02.75000
03.59000
01.00000
03.73000
03.86000
04.18000
02.45000
04.73000
03.70000
02.78000
04.47000
04.70000
01.09000
04.23000
02.49000
03.81000
02.51000
03.14000
01.27000
01.28000
03.22000
02.58000
03.12000
02.70000
04.05000
02.62000
03.38000
02.63000
02.82000
04.35000
02.38000
04.67000
02.37000
01.84000
01.44000
01.38000
02.52000
02.17000
02.89000
02.35000
04.11000
01.42000
02.06000
02.15000
04.95000
04.67000
03.28000
04.37000
03.88000
01.99000
03.88000
01.57000
04.73000
04.47000
02.18000
03.34000
04.31000
04.17000
01.51000
02.45000
03.83000
02.04000
04.27000
02.32000
03.92000
01.04000
03.18000
03.74000
03.27000
01.81000
04.21000
02.42000
02.84000
02.57000
02.80000
03.06000
04.57000
02.52000
03.41000
03.37000
03.42000
01.85000
03.49000
02.03000
03.34000
01.78000
01.50000
02.77000
01.30000
04.51000
04.88000
02.28000
03.23000
01.23000
02.10000
02.27000
04.09000
04.16000
02.60000
01.44000
03.84000
02.49000
04.84000
03.49000
03.43000
02.43000
04.27000
01.12000
04.81000
02.32000
02.01000
03.46000
03.87000
01.95000
03.76000
01.48000
01.28000
04.07000
03.35000
04.03000
02.20000
02.00000
01.37000
02.93000
01.72000
02.07000
03.40000
03.01000
03.90000
03.62000
04.01000
02.10000
01.83000
02.96000
02.78000
03.02000
01.59000
01.42000
04.29000
01.61000
02.25000
01.35000
02.12000
02.70000
03.89000
02.05000
02.85000
04.10000
03.59000
03.87000
02.05000
04.66000
03.43000
04.12000
04.30000
04.19000
02.49000
01.14000
03.18000
04.00000
02.78000
01.91000
04.69000
04.07000
03.00000
03.74000
02.14000
03.01000
04.36000
02.78000
03.71000
04.77000
04.07000
01.50000
01.10000
02.31000
04.32000
03.35000
03.02000
01.59000
04.32000
04.79000
03.16000
01.54000
04.27000
03.25000
04.23000
02.13000
01.38000
01.20000
01.93000
04.31000
01.85000
02.10000
04.96000
02.03000
04.88000
02.39000
03.04000
02.25000
02.67000
03.52000
02.85000
04.91000
04.44000
03.95000
04.11000
02.98000
04.37000
03.18000
02.14000
01.08000
02.07000
02.26000
04.72000
02.20000
01.98000
03.68000
02.05000
02.81000
03.44000
03.01000
04.98000
01.00000
03.78000
04.83000
01.31000
03.85000
01.33000
02.72000
03.89000
03.42000
03.40000
03.25000
02.55000
04.81000
02.34000
02.01000
04.10000
02.08000
03.46000
03.57000
04.38000
02.32000
01.10000
01.51000
04.21000
01.61000
02.59000
02.41000
01.43000
01.01000
04.25000
01.84000
02.86000
02.62000
03.41000
04.39000
04.34000
02.67000
02.82000
01.75000
02.64000
04.45000
03.14000
02.06000
03.26000
03.72000
04.78000
02.36000
02.30000
04.70000
01.21000
01.33000
03.73000
04.59000
02.88000
02.68000
04.50000
01.59000
01.24000
03.12000
02.56000
02.89000
04.74000
04.34000
04.87000
04.71000
02.84000
01.06000
03.37000
04.25000
01.99000
04.97000
03.03000
03.72000
01.64000
04.78000
01.79000
02.30000
02.25000
02.20000
02.61000
04.21000
01.27000
03.91000
01.44000
02.66000
01.15000
5
13
32
43
31
33
4
14
45
44
23
6
24
20
49
40
15
7
4
1
11
39
47
5
22
26
19
8
28
4
30
27
29
18
3
48
36
38
6
37
16
10
25
42
50
8
41
4
21
34
46
12
17
9
5
3
2
35
6
5
66.62291
