50
4
75.77000
91.30000
28.12000
28.37000
74.92000
40.77000
35.59000
59.25000
51.28000
39.36000
89.88000
60.38000
45.06000
28.32000
33.21000
71.97000
96.49000
47.85000
4.80000
35.24000
47.78000
39.17000
44.85000
89.42000
38.16000
42.51000
94.60000
76.72000
8.83000
98.08000
95.26000
37.36000
99.03000
48.10000
87.05000
11.56000
51.97000
31.78000
11.19000
39.54000
6.86000
89.36000
6.89000
62.51000
3.93000
63.04000
15.38000
21.70000
83.40000
92.04000
97.07000
31.22000
39.61000
15.74000
3.17000
47.01000
45.40000
96.03000
50.65000
59.54000
27.04000
57.04000
7.46000
34.77000
49.51000
62.74000
37.58000
37.68000
78.77000
79.10000
7.97000
34.23000
80.79000
72.09000
82.61000
89.40000
21.54000
7.67000
29.46000
70.14000
64.99000
49.82000
12.50000
41.44000
78.10000
65.50000
96.68000
68.25000
26.85000
20.69000
49.99000
17.55000
75.21000
79.34000
36.38000
53.31000
90.14000
9.44000
21.84000
42.49000
31.72000
63.31000
85.52000
30.92000
93.50000
85.16000
79.25000
64.00000
91.10000
28.15000
4.16000
63.08000
15.26000
80.99000
48.98000
18.86000
54.68000
36.40000
6.43000
21.08000
2.08000
83.10000
65.22000
60.44000
46.19000
13.81000
18.08000
28.67000
78.72000
17.25000
53.71000
15.49000
90.39000
84.13000
63.85000
11.62000
71.92000
7.18000
39.21000
7.77000
14.03000
74.11000
69.50000
93.66000
6.44000
77.64000
46.45000
62.01000
39.87000
8.49000
50.66000
13.30000
30.76000
90.15000
56.35000
18.55000
42.74000
23.20000
28.99000
56.51000
78.92000
95.68000
83.07000
43.64000
55.76000
26.07000
36.04000
94.41000
87.73000
27.83000
2.38000
26.28000
91.30000
17.44000
96.55000
52.74000
81.94000
10.36000
37.02000
90.24000
75.11000
22.06000
37.27000
55.25000
86.30000
68.00000
13.76000
62.25000
31.96000
64.67000
80.95000
27.70000
26.56000
27.52000
56.33000
66.06000
85.58000
71.02000
54.35000
93.82000
06.14000
09.26000
09.40000
07.49000
08.66000
09.63000
06.28000
06.15000
05.88000
08.79000
07.32000
05.55000
06.72000
05.67000
06.43000
09.63000
05.07000
09.17000
07.50000
07.27000
09.84000
08.19000
09.45000
07.39000
09.94000
06.64000
06.18000
08.90000
09.28000
08.42000
06.60000
05.69000
06.75000
07.45000
09.61000
06.68000
06.28000
07.63000
09.12000
05.77000
06.75000
07.86000
09.04000
06.87000
07.09000
07.05000
08.27000
08.89000
06.19000
09.11000
08.51000
07.82000
06.58000
08.43000
09.27000
09.77000
07.86000
06.23000
09.86000
08.47000
09.05000
08.36000
05.44000
09.06000
05.30000
09.97000
06.16000
06.72000
06.78000
06.21000
07.18000
06.59000
08.63000
07.24000
08.65000
08.82000
06.01000
08.22000
05.74000
08.59000
09.09000
09.31000
08.59000
06.03000
08.01000
05.65000
07.37000
06.32000
07.93000
07.41000
07.22000
09.59000
09.01000
09.75000
08.32000
06.02000
06.41000
07.81000
05.81000
05.76000
05.07000
09.24000
06.16000
08.55000
09.51000
05.04000
06.54000
08.27000
09.92000
09.04000
08.59000
09.40000
07.71000
07.65000
08.72000
08.34000
09.29000
07.27000
08.34000
06.49000
06.06000
09.30000
08.86000
05.26000
09.42000
05.16000
06.68000
06.06000
05.79000
06.25000
08.20000
05.29000
06.57000
08.98000
09.84000
09.36000
08.17000
09.75000
08.00000
09.68000
06.99000
09.97000
09.08000
07.66000
09.44000
06.05000
09.49000
09.69000
06.92000
09.38000
08.40000
09.68000
09.60000
07.63000
06.73000
05.88000
07.60000
05.40000
06.31000
08.38000
08.18000
08.29000
09.81000
09.84000
09.01000
08.97000
09.87000
07.90000
07.73000
05.08000
09.16000
05.22000
07.00000
09.28000
05.33000
09.46000
09.49000
09.23000
06.04000
08.28000
07.83000
07.58000
08.94000
09.34000
09.70000
07.00000
06.70000
05.28000
07.75000
05.13000
06.95000
08.77000
09.63000
09.64000
07.37000
07.45000
08.01000
08.17000
05.61000
09.00000
13
12
15
14
23
25
47
36
39
41
29
43
19
45
13
46
34
17
18
49
27
4
42
33
13
48
28
5
13
31
1
35
10
32
30
26
16
50
40
38
11
21
11
20
7
22
9
8
6
3
44
37
24
2
374.64530
