50
7
49.90000
41.82000
35.07000
11.75000
33.05000
7.95000
81.04000
2.89000
29.15000
78.19000
40.06000
95.12000
24.41000
82.90000
90.94000
57.69000
31.37000
64.38000
18.04000
45.07000
39.32000
29.36000
52.75000
52.36000
63.90000
97.47000
32.03000
63.87000
97.50000
55.78000
41.88000
3.54000
59.84000
2.28000
70.83000
81.51000
45.42000
98.36000
59.48000
51.59000
76.04000
24.36000
48.97000
52.75000
51.31000
19.02000
32.47000
64.64000
95.11000
38.03000
12.72000
15.86000
82.99000
8.15000
62.08000
98.45000
74.33000
26.56000
45.41000
19.66000
41.09000
4.92000
36.72000
34.89000
8.55000
44.68000
49.69000
29.80000
15.92000
50.85000
87.17000
64.87000
66.82000
78.50000
91.68000
28.87000
79.79000
85.24000
93.92000
84.37000
36.82000
79.71000
64.26000
24.23000
32.79000
72.11000
61.23000
14.11000
28.00000
24.70000
83.06000
47.97000
95.71000
99.26000
18.11000
96.56000
75.56000
13.64000
90.45000
57.94000
64.30000
32.96000
55.55000
52.82000
40.55000
5.78000
37.05000
12.71000
56.73000
26.74000
85.06000
73.02000
85.94000
18.26000
31.11000
57.96000
53.28000
40.44000
30.03000
3.62000
83.43000
43.52000
15.45000
9.53000
55.10000
16.44000
46.31000
90.16000
46.56000
36.29000
59.31000
26.37000
88.11000
20.87000
17.49000
8.97000
13.61000
75.10000
58.65000
94.17000
4.96000
45.60000
49.92000
55.11000
47.62000
65.18000
33.20000
25.36000
79.07000
8.28000
94.43000
17.77000
85.60000
10.02000
24.39000
66.14000
58.24000
73.55000
81.80000
93.05000
50.90000
41.65000
24.34000
93.25000
32.39000
15.01000
69.09000
13.50000
10.21000
21.61000
51.07000
99.15000
80.02000
66.25000
66.72000
52.54000
79.16000
81.00000
28.41000
72.61000
32.14000
73.75000
10.90000
13.32000
2.13000
78.67000
3.91000
27.18000
41.50000
7.73000
60.56000
20.76000
43.25000
96.21000
49.90000
1.15000
87.60000
61.16000
3.40000
26.51000
71.55000
91.94000
27.66000
27.16000
42.08000
95.55000
43.54000
63.63000
61.38000
70.08000
81.76000
48.67000
27.49000
67.11000
59.72000
96.51000
13.27000
3.65000
44.84000
63.04000
18.86000
8.62000
7.12000
90.33000
21.19000
76.35000
66.57000
62.13000
23.52000
17.13000
47.77000
49.35000
5.87000
1.63000
24.35000
62.58000
73.58000
16.46000
71.46000
2.58000
11.78000
12.66000
18.34000
6.78000
27.88000
54.18000
91.73000
3.77000
9.13000
70.39000
41.34000
33.91000
65.10000
89.71000
35.92000
42.29000
91.88000
55.12000
88.85000
76.72000
87.75000
92.85000
74.59000
7.40000
2.19000
42.97000
54.77000
77.33000
46.12000
93.54000
30.70000
60.82000
48.35000
38.22000
91.85000
5.97000
99.14000
18.68000
69.37000
86.17000
5.66000
79.15000
80.59000
55.61000
34.51000
17.92000
83.50000
90.78000
70.20000
30.81000
25.26000
47.97000
60.66000
67.69000
89.71000
7.76000
66.77000
79.98000
53.85000
27.53000
14.19000
60.14000
36.94000
74.62000
26.42000
17.91000
24.96000
61.73000
10.00000
27.54000
22.50000
71.79000
23.08000
9.92000
69.92000
51.17000
26.36000
73.07000
85.37000
9.70000
31.59000
66.71000
13.32000
70.10000
52.06000
27.73000
72.01000
22.54000
53.11000
31.67000
11.00000
67.10000
1.63000
44.26000
51.65000
71.26000
14.55000
69.91000
45.58000
15.47000
12.36000
3.18000
19.26000
42.55000
65.57000
74.32000
25.40000
12.28000
48.27000
7.74000
03.63000
04.01000
02.55000
02.39000
01.32000
01.84000
02.16000
02.47000
02.00000
03.12000
03.87000
01.36000
01.34000
02.39000
04.00000
01.02000
03.84000
04.55000
02.70000
04.75000
04.77000
02.77000
01.92000
03.12000
04.25000
04.55000
03.43000
04.04000
01.20000
01.71000
02.78000
02.74000
03.34000
04.35000
03.39000
03.73000
01.24000
02.93000
02.44000
02.86000
02.24000
02.19000
04.96000
01.29000
04.51000
03.18000
01.76000
03.48000
03.03000
01.29000
04.28000
01.55000
03.92000
01.05000
03.12000
03.07000
03.57000
01.88000
03.02000
04.70000
02.26000
03.11000
01.02000
01.50000
02.93000
02.47000
01.45000
01.33000
02.82000
01.46000
01.98000
02.85000
03.50000
03.42000
03.56000
01.54000
04.84000
03.46000
04.48000
03.71000
03.02000
02.56000
02.33000
04.46000
04.55000
01.47000
04.02000
01.71000
04.23000
02.77000
03.75000
02.19000
03.18000
04.85000
01.07000
03.45000
02.85000
03.91000
02.81000
03.84000
04.37000
02.04000
04.79000
04.72000
02.62000
01.03000
02.43000
01.06000
01.58000
03.24000
04.57000
01.28000
02.53000
04.09000
01.63000
04.71000
04.54000
02.28000
04.85000
04.96000
02.50000
01.85000
04.26000
03.96000
01.12000
02.14000
02.73000
01.98000
04.89000
03.80000
01.93000
03.56000
04.16000
02.80000
04.33000
03.58000
01.05000
04.42000
03.24000
01.23000
03.53000
01.25000
04.75000
02.00000
03.35000
03.20000
01.80000
03.71000
02.09000
03.47000
02.78000
03.87000
04.11000
04.61000
01.56000
03.25000
02.00000
04.18000
02.95000
02.79000
02.52000
03.89000
02.33000
01.13000
03.46000
01.51000
03.38000
02.73000
01.90000
03.67000
04.10000
03.84000
04.26000
03.78000
02.80000
02.54000
04.24000
04.08000
04.11000
04.72000
04.88000
01.60000
04.95000
02.09000
04.53000
02.21000
04.59000
02.15000
02.82000
02.58000
02.57000
02.23000
02.74000
04.19000
04.78000
03.47000
04.56000
03.34000
01.39000
04.82000
01.12000
03.85000
02.79000
03.90000
01.28000
02.58000
03.98000
04.93000
02.09000
02.89000
04.02000
01.25000
01.90000
04.54000
02.94000
01.02000
01.90000
03.58000
02.54000
03.70000
04.05000
02.39000
04.48000
02.09000
01.17000
03.65000
04.20000
04.26000
02.84000
04.37000
04.97000
03.63000
01.51000
01.85000
03.86000
04.91000
02.38000
03.71000
01.77000
02.12000
01.52000
01.90000
01.38000
04.62000
03.78000
02.65000
01.23000
03.05000
04.82000
04.54000
01.89000
04.61000
04.13000
01.63000
03.80000
04.05000
04.92000
02.81000
01.70000
02.90000
03.52000
04.79000
04.81000
02.89000
04.05000
04.96000
03.66000
04.56000
02.95000
02.50000
04.08000
01.27000
02.97000
04.45000
01.24000
01.19000
03.16000
03.62000
01.59000
01.30000
04.90000
04.66000
04.93000
01.40000
01.88000
02.00000
02.33000
02.10000
02.09000
01.93000
02.21000
02.81000
01.85000
04.51000
04.28000
03.77000
03.77000
01.64000
01.57000
04.02000
04.10000
01.94000
01.42000
04.24000
01.92000
03.19000
03.20000
02.72000
02.77000
01.21000
02.40000
04.47000
01.61000
03.61000
04.11000
02.01000
01.21000
03.27000
04.26000
04.13000
02.12000
04.42000
03.58000
01.97000
04.76000
04.59000
01.61000
02.96000
03.31000
04.62000
02.71000
04.85000
03.79000
02.66000
02.06000
01.70000
02.03000
04.18000
03.63000
01.87000
01.66000
03.96000
02.22000
02.06000
04.14000
04.10000
01.43000
01.27000
02.72000
03.99000
7
3
27
4
6
32
8
34
6
45
2
38
39
1
12
7
47
10
36
24
50
41
20
8
13
16
29
19
40
49
37
35
8
25
17
21
30
22
44
48
18
7
5
28
26
14
46
31
15
7
11
43
7
23
9
42
33
99.94052
