8
4
148.37000
116.53000
180.95000
110.24000
112.06000
183.16000
159.30000
165.35000
110.47000
166.15000
178.84000
165.99000
196.58000
141.18000
121.90000
162.42000
172.20000
153.84000
164.29000
160.43000
163.22000
107.65000
192.81000
131.83000
103.50000
163.34000
123.09000
194.72000
166.76000
154.29000
148.96000
168.99000
08.06000
09.57000
06.71000
06.71000
05.90000
07.28000
07.98000
06.77000
07.16000
09.39000
08.76000
05.18000
05.78000
07.48000
09.46000
05.68000
09.87000
07.83000
07.80000
08.74000
05.02000
08.87000
07.95000
07.77000
09.19000
07.08000
06.94000
09.47000
08.89000
05.44000
07.87000
05.95000
2
4
2
2
8
1
2
5
6
2
7
3
282.5647
