8
4
102.50000
118.34000
115.60000
187.88000
167.85000
177.25000
176.86000
116.53000
149.20000
184.00000
142.23000
166.32000
150.25000
189.60000
131.48000
124.56000
184.84000
128.61000
198.85000
177.44000
110.33000
157.52000
143.10000
105.19000
193.80000
162.85000
110.71000
174.36000
167.32000
129.68000
178.09000
155.76000
07.01000
07.62000
06.09000
05.88000
09.60000
06.48000
09.91000
09.91000
09.98000
06.59000
05.39000
07.51000
06.36000
05.10000
09.16000
08.74000
05.67000
05.56000
07.81000
07.64000
05.65000
05.34000
05.60000
08.21000
09.90000
07.66000
05.55000
05.53000
08.06000
09.64000
05.26000
05.95000
2
2
1
2
5
7
2
4
8
2
3
6
291.3313
