8
4
175.80000
119.21000
103.09000
178.83000
186.93000
106.92000
107.40000
196.04000
130.41000
191.59000
107.49000
140.86000
156.00000
168.80000
196.67000
108.61000
109.96000
194.23000
186.65000
151.93000
168.82000
180.15000
142.80000
177.71000
167.98000
129.63000
105.31000
177.29000
154.42000
122.08000
192.25000
153.45000
02.00000
01.99000
03.18000
01.42000
01.83000
04.88000
04.33000
01.27000
04.95000
04.38000
03.81000
01.71000
04.35000
03.84000
04.08000
02.80000
01.87000
04.74000
01.69000
02.96000
01.09000
04.96000
01.74000
02.90000
02.13000
03.54000
02.83000
04.12000
04.36000
03.30000
01.49000
02.33000
2
2
6
2
4
8
2
7
1
2
3
5
264.2274
