8
4
126.92000
107.18000
141.12000
184.85000
133.54000
171.41000
121.76000
196.94000
141.64000
181.19000
194.56000
186.67000
114.03000
134.69000
158.27000
195.95000
170.72000
182.23000
173.72000
189.57000
138.25000
142.24000
188.13000
176.55000
151.85000
155.52000
119.66000
143.72000
103.74000
102.29000
118.53000
158.18000
05.24000
09.31000
05.40000
07.61000
09.14000
09.88000
08.82000
06.62000
08.17000
07.19000
05.84000
05.88000
06.34000
06.01000
05.94000
06.96000
06.25000
09.10000
06.29000
08.65000
07.42000
06.71000
06.05000
07.84000
07.31000
08.00000
06.57000
05.61000
06.21000
05.48000
09.06000
08.57000
2
4
2
2
7
1
2
6
5
2
3
8
308.8547
