8
4
184.99000
172.26000
140.60000
141.45000
115.26000
141.60000
189.05000
165.29000
119.41000
175.22000
151.37000
110.62000
117.27000
187.20000
137.82000
138.14000
167.25000
103.18000
137.89000
136.08000
176.50000
101.99000
169.42000
199.75000
189.84000
116.44000
172.68000
140.86000
129.80000
124.90000
138.14000
158.03000
03.52000
02.25000
01.31000
04.53000
01.06000
03.34000
01.16000
03.58000
01.89000
01.97000
02.17000
04.96000
04.62000
01.26000
02.77000
02.88000
03.62000
04.29000
04.16000
01.48000
04.80000
02.97000
03.17000
04.88000
01.13000
02.75000
04.37000
02.12000
04.94000
04.58000
01.61000
03.41000
2
5
3
2
1
8
2
4
6
2
7
2
260.2112
