8
4
190.89000
155.29000
114.45000
107.27000
161.74000
144.90000
112.85000
160.76000
159.24000
184.27000
152.69000
114.76000
122.28000
178.62000
188.70000
109.03000
106.10000
140.06000
180.23000
178.80000
102.03000
180.24000
157.81000
143.20000
163.74000
147.65000
128.00000
174.58000
183.72000
128.33000
107.86000
198.34000
02.24000
03.21000
02.87000
02.55000
04.90000
03.87000
02.72000
04.05000
03.91000
03.18000
03.81000
01.76000
04.82000
02.58000
04.46000
01.67000
04.13000
04.53000
03.25000
04.03000
04.91000
04.25000
02.73000
01.34000
02.81000
01.05000
03.27000
03.12000
03.01000
04.22000
04.79000
01.62000
2
4
3
2
8
5
2
2
1
2
6
7
251.1944
