8
4
178.35000
103.71000
133.98000
133.08000
153.98000
188.73000
118.42000
163.23000
147.89000
171.58000
130.07000
198.61000
154.00000
124.62000
140.39000
182.82000
118.08000
189.96000
190.70000
197.49000
101.60000
158.35000
137.12000
171.37000
198.11000
173.25000
148.75000
119.38000
106.47000
107.94000
148.24000
128.39000
02.40000
01.05000
01.18000
01.11000
04.49000
02.27000
02.71000
01.41000
01.18000
01.61000
04.43000
02.60000
04.92000
01.97000
04.17000
03.73000
01.85000
02.70000
03.15000
03.94000
04.11000
03.03000
02.37000
04.12000
03.09000
03.38000
03.19000
01.15000
04.69000
04.07000
02.35000
01.42000
2
2
7
2
6
3
2
1
5
2
4
8
257.3039
