8
4
195.23000
130.12000
148.38000
156.13000
198.52000
109.78000
163.21000
121.16000
153.24000
184.54000
156.84000
125.08000
195.75000
176.91000
128.17000
110.72000
147.00000
184.25000
106.16000
107.12000
145.59000
194.06000
189.12000
181.40000
185.30000
120.57000
158.48000
148.51000
116.68000
115.58000
174.35000
148.71000
05.86000
09.23000
05.17000
05.27000
05.25000
07.48000
08.47000
06.35000
09.16000
06.92000
09.23000
05.36000
06.82000
09.91000
08.19000
09.98000
09.41000
05.91000
06.03000
08.13000
05.93000
06.05000
05.51000
09.22000
08.77000
07.22000
07.23000
08.88000
05.75000
07.48000
07.17000
08.98000
2
8
2
2
4
7
2
3
1
2
5
6
262.5929
