8
4
142.11000
132.45000
183.56000
196.86000
162.82000
110.98000
159.94000
167.39000
130.38000
113.87000
134.90000
106.21000
142.11000
108.47000
172.71000
153.84000
137.82000
122.92000
161.49000
168.22000
171.88000
165.29000
155.33000
112.95000
171.88000
141.00000
131.97000
177.04000
135.08000
141.46000
158.16000
123.70000
03.36000
03.71000
02.84000
02.57000
02.04000
03.70000
03.34000
04.02000
04.76000
03.52000
04.33000
03.68000
01.83000
04.89000
02.77000
03.19000
04.84000
01.60000
03.02000
01.31000
03.04000
03.06000
02.55000
02.99000
02.47000
04.99000
04.44000
02.96000
03.49000
03.78000
02.40000
04.71000
2
1
6
2
2
4
2
7
8
2
5
3
271.8223
