8
4
41.38000
88.53000
48.99000
13.88000
63.48000
19.77000
89.87000
24.59000
97.57000
3.87000
11.63000
49.92000
49.39000
90.71000
58.11000
84.86000
54.65000
92.41000
68.73000
38.38000
70.06000
97.87000
69.85000
96.45000
27.16000
79.39000
14.89000
29.59000
48.70000
73.23000
31.51000
26.63000
04.99000
03.10000
01.77000
03.98000
01.97000
03.35000
04.98000
03.09000
01.96000
03.71000
03.74000
04.62000
04.77000
04.41000
03.58000
04.11000
02.16000
03.19000
02.72000
04.13000
01.08000
03.56000
03.88000
02.63000
01.49000
01.60000
03.41000
01.18000
01.99000
03.69000
05.00000
03.39000
3
8
6
4
2
5
2
1
1
2
7
3
59.80938
