8
4
71.53000
69.09000
38.73000
71.58000
49.93000
92.74000
11.15000
50.97000
65.72000
20.65000
12.07000
68.06000
20.25000
48.33000
36.51000
19.08000
9.34000
88.77000
17.04000
46.93000
49.11000
56.72000
17.77000
42.73000
9.19000
40.44000
38.49000
1.27000
51.99000
92.68000
51.63000
31.96000
02.71000
02.83000
04.39000
02.36000
04.99000
03.87000
03.90000
01.27000
02.19000
02.05000
04.06000
02.80000
04.68000
01.93000
02.57000
04.46000
03.03000
03.00000
04.36000
02.47000
02.99000
03.93000
01.56000
04.52000
02.05000
04.69000
02.92000
02.99000
03.96000
03.71000
04.93000
01.12000
2
3
7
2
2
5
1
6
3
8
1
4
56.72
