8
4
136.22000
138.87000
121.03000
184.13000
118.64000
154.11000
109.13000
141.38000
164.87000
159.10000
159.62000
179.18000
132.07000
184.17000
102.91000
107.28000
135.74000
117.52000
171.52000
112.43000
169.02000
134.11000
114.57000
181.37000
140.65000
179.89000
109.72000
162.41000
196.81000
148.31000
178.88000
127.04000
02.81000
01.69000
01.09000
02.84000
02.09000
01.28000
04.19000
01.89000
01.37000
02.84000
02.12000
03.67000
03.79000
04.56000
03.90000
01.52000
03.84000
01.00000
04.56000
02.76000
02.13000
01.55000
02.19000
01.52000
02.97000
01.07000
03.86000
01.47000
04.83000
03.71000
04.66000
01.06000
2
2
7
2
8
5
2
6
4
2
1
3
253.7284
