8
4
28.00000
2.51000
39.21000
93.11000
9.35000
67.79000
42.43000
42.96000
30.51000
99.78000
26.48000
98.58000
11.58000
7.04000
31.06000
80.78000
30.42000
74.62000
39.21000
40.83000
12.04000
47.84000
59.13000
20.25000
72.86000
9.81000
62.45000
92.58000
87.29000
10.47000
50.31000
74.79000
04.25000
01.66000
01.60000
03.51000
04.18000
03.66000
03.37000
04.01000
04.85000
01.35000
01.70000
04.99000
02.12000
01.82000
04.62000
04.87000
01.99000
04.73000
04.19000
04.22000
03.00000
03.02000
01.06000
02.26000
03.97000
04.55000
02.66000
01.06000
03.32000
03.82000
01.73000
03.07000
3
8
5
2
2
3
1
1
4
2
7
6
60.96432
