8
4
80.21000
34.58000
78.17000
22.10000
13.19000
88.42000
26.44000
90.07000
96.22000
30.62000
65.66000
85.56000
25.58000
20.56000
58.36000
29.39000
52.85000
92.93000
64.18000
13.64000
51.74000
5.89000
63.87000
31.41000
5.07000
99.87000
11.39000
63.93000
63.60000
40.80000
2.74000
81.92000
06.64000
08.56000
07.05000
08.21000
07.31000
06.24000
06.03000
09.37000
09.23000
09.28000
09.78000
05.78000
09.59000
08.27000
06.17000
07.39000
07.19000
07.10000
08.78000
07.58000
09.28000
07.53000
06.37000
07.75000
08.16000
07.70000
06.96000
09.30000
06.61000
06.77000
06.21000
07.33000
2
4
5
1
2
2
8
6
3
3
1
7
37.79482
