8
4
58.93000
70.52000
25.19000
26.44000
67.93000
83.01000
93.18000
59.63000
8.78000
15.74000
95.15000
89.47000
40.71000
41.92000
88.71000
29.71000
5.06000
82.47000
35.41000
30.02000
48.36000
36.93000
55.13000
27.80000
89.01000
27.85000
74.64000
41.69000
64.58000
57.70000
60.75000
90.21000
03.19000
02.11000
01.99000
04.28000
03.76000
02.51000
03.91000
02.67000
03.67000
01.73000
01.57000
04.28000
02.78000
03.78000
01.82000
01.25000
02.75000
03.47000
02.34000
01.22000
04.29000
04.03000
03.24000
01.03000
01.20000
03.55000
04.37000
04.42000
01.26000
03.28000
03.65000
02.39000
2
3
4
3
5
2
1
2
8
6
1
7
66.09013
