8
4
185.04000
145.33000
131.58000
162.38000
195.41000
177.39000
194.11000
120.43000
137.31000
122.23000
131.36000
132.13000
143.53000
186.13000
132.03000
154.93000
185.60000
130.47000
108.84000
127.59000
157.67000
184.09000
155.92000
136.29000
170.93000
199.86000
170.90000
146.00000
163.69000
189.06000
163.76000
156.01000
08.42000
08.61000
09.98000
07.25000
09.26000
06.50000
08.62000
06.87000
05.87000
06.21000
08.62000
05.49000
06.47000
05.97000
05.68000
07.04000
07.47000
08.45000
05.73000
05.78000
05.46000
09.52000
08.09000
09.21000
05.56000
05.58000
06.25000
05.76000
05.83000
09.21000
07.14000
06.88000
2
6
3
2
1
5
2
7
2
2
4
8
318.1173
