8
4
72.01000
97.63000
54.69000
51.32000
36.32000
46.67000
59.04000
39.23000
28.58000
10.26000
58.54000
57.65000
41.87000
47.00000
60.92000
73.03000
93.81000
64.38000
55.84000
16.21000
55.97000
2.47000
43.53000
83.87000
82.88000
47.08000
41.45000
93.31000
8.77000
16.24000
23.91000
65.29000
06.16000
07.29000
08.89000
07.07000
07.09000
05.84000
09.37000
05.36000
09.01000
06.89000
05.39000
09.54000
06.65000
08.80000
05.32000
05.31000
06.76000
07.21000
05.82000
07.97000
09.42000
08.83000
05.24000
05.58000
08.40000
07.73000
09.43000
06.88000
06.95000
07.53000
05.03000
06.88000
1
8
2
1
2
3
7
4
6
2
3
5
63.46869
