8
4
90.75000
9.27000
25.12000
60.82000
77.54000
25.65000
92.16000
57.29000
24.82000
57.27000
65.44000
44.93000
42.40000
7.04000
38.08000
38.32000
91.63000
48.87000
1.09000
7.69000
92.51000
95.29000
18.22000
75.39000
51.67000
19.64000
81.61000
79.24000
29.04000
72.77000
32.02000
51.65000
05.61000
08.59000
06.91000
09.79000
05.63000
09.44000
05.39000
09.28000
05.15000
05.96000
06.16000
08.91000
09.64000
08.54000
08.09000
05.51000
07.19000
05.28000
05.46000
06.23000
06.48000
07.99000
07.92000
06.34000
09.01000
08.39000
05.48000
06.77000
07.26000
07.97000
08.43000
09.20000
1
8
2
1
6
3
7
4
3
2
5
2
57.29
