8
4
165.23000
111.92000
197.44000
102.92000
148.50000
143.44000
136.00000
163.55000
137.99000
125.42000
153.06000
150.87000
100.32000
184.48000
137.97000
196.96000
101.91000
194.30000
164.33000
181.39000
178.91000
104.41000
169.47000
199.71000
109.15000
190.78000
111.77000
196.60000
146.29000
188.42000
127.15000
193.18000
06.57000
06.92000
06.52000
05.72000
08.97000
07.40000
06.26000
07.45000
07.35000
05.44000
08.20000
08.64000
07.03000
08.42000
05.12000
09.19000
09.26000
06.24000
07.89000
06.32000
09.01000
06.33000
09.05000
05.81000
07.97000
08.22000
09.51000
05.69000
09.09000
08.07000
09.52000
06.33000
2
8
4
2
2
5
2
6
1
2
7
3
274.7548
