8
4
71.61000
91.56000
85.88000
1.81000
23.30000
26.44000
25.01000
21.97000
8.72000
13.64000
75.49000
16.63000
7.45000
21.90000
84.97000
25.20000
65.87000
22.85000
12.70000
20.58000
95.08000
1.69000
64.35000
26.89000
99.83000
15.91000
70.07000
29.73000
35.14000
54.82000
34.11000
43.62000
06.36000
05.22000
08.05000
05.33000
06.70000
08.42000
05.92000
06.23000
08.25000
09.49000
07.80000
07.61000
05.60000
08.21000
09.15000
06.91000
07.07000
06.45000
07.18000
09.01000
07.07000
09.39000
09.41000
08.41000
05.50000
08.99000
08.51000
06.81000
05.12000
05.72000
09.40000
07.95000
2
8
4
3
2
5
1
2
3
6
1
7
34.11
