8
4
83.17000
74.44000
34.65000
34.82000
85.62000
87.92000
80.23000
90.26000
58.67000
52.89000
55.31000
12.03000
19.22000
75.55000
32.78000
41.19000
28.19000
37.30000
36.75000
36.43000
10.70000
46.79000
97.39000
30.08000
28.31000
67.11000
59.13000
93.55000
38.36000
84.85000
5.09000
92.45000
05.90000
05.36000
09.60000
05.37000
08.54000
06.65000
06.34000
05.92000
07.28000
06.39000
09.96000
08.66000
05.42000
07.93000
06.16000
09.84000
07.19000
09.93000
05.45000
09.77000
09.27000
08.23000
06.31000
06.09000
06.07000
07.21000
07.40000
05.61000
09.36000
07.15000
06.03000
09.03000
2
4
3
1
6
3
8
1
5
2
2
7
75.55
