8
4
31.71000
97.46000
37.06000
65.39000
89.49000
55.08000
95.04000
83.93000
12.14000
36.22000
4.75000
69.56000
87.04000
63.61000
7.25000
75.98000
91.69000
50.97000
20.75000
80.53000
26.76000
16.31000
21.96000
79.91000
89.86000
79.27000
5.32000
88.68000
81.33000
9.01000
22.81000
52.57000
02.82000
03.67000
01.88000
01.39000
03.48000
04.72000
03.01000
03.56000
02.22000
02.70000
04.48000
03.15000
02.12000
02.61000
01.65000
02.09000
02.83000
02.36000
03.69000
03.18000
03.48000
03.60000
04.84000
04.79000
04.30000
01.02000
04.97000
03.43000
04.44000
02.88000
02.46000
01.66000
1
4
4
2
1
7
3
2
5
6
1
8
65.39
