8
4
18.80000
96.17000
99.56000
62.86000
58.61000
49.56000
37.10000
11.81000
89.56000
91.47000
12.25000
57.89000
89.40000
68.36000
7.37000
19.61000
56.32000
60.46000
42.95000
75.58000
95.53000
53.95000
64.39000
56.32000
13.11000
31.95000
94.12000
53.68000
38.48000
4.69000
83.25000
35.42000
05.51000
05.05000
05.88000
05.36000
10.00000
07.95000
06.49000
09.55000
06.37000
07.44000
06.51000
09.86000
06.05000
08.41000
07.53000
08.75000
06.86000
08.47000
09.69000
07.14000
07.84000
06.69000
08.99000
07.92000
08.70000
06.00000
08.68000
06.36000
07.17000
05.25000
08.27000
09.88000
1
4
3
8
3
7
1
2
3
5
1
6
62.86
