8
4
98.64000
46.99000
88.08000
16.04000
10.14000
90.37000
67.85000
89.40000
31.32000
38.37000
78.80000
81.71000
76.74000
45.55000
70.37000
86.49000
64.83000
19.25000
91.67000
39.86000
31.51000
99.74000
93.56000
24.45000
32.17000
27.36000
35.76000
55.29000
11.17000
3.41000
59.34000
84.04000
03.30000
01.38000
02.29000
04.97000
01.69000
04.04000
04.90000
04.49000
01.24000
02.78000
02.84000
04.02000
04.71000
01.14000
01.34000
03.16000
02.18000
01.30000
01.19000
01.20000
03.00000
04.59000
02.25000
04.61000
04.14000
03.15000
04.13000
01.32000
01.79000
03.41000
04.87000
03.68000
1
7
2
1
2
2
4
8
3
3
5
6
70.17176
