8
4
74.66000
66.30000
91.12000
17.51000
98.99000
33.79000
4.28000
33.54000
11.95000
62.09000
5.63000
43.90000
82.79000
79.23000
90.69000
27.70000
74.58000
70.36000
13.20000
32.14000
72.10000
42.46000
64.50000
25.91000
93.61000
15.49000
95.22000
8.96000
53.18000
6.15000
68.43000
21.37000
01.55000
01.38000
03.26000
01.13000
02.26000
01.24000
01.95000
03.60000
01.68000
01.00000
03.81000
03.69000
02.07000
02.15000
02.97000
01.38000
03.84000
04.95000
03.55000
01.98000
04.93000
01.37000
02.62000
04.27000
02.28000
01.18000
04.52000
01.53000
02.29000
03.67000
03.36000
01.87000
1
2
3
8
1
3
1
7
3
5
4
6
68.74193
