8
4
36.89000
37.02000
3.38000
68.87000
9.03000
83.61000
96.00000
36.77000
60.59000
60.28000
43.81000
19.16000
45.36000
83.96000
48.60000
52.43000
49.32000
33.46000
85.65000
79.70000
51.80000
52.08000
95.10000
11.33000
55.35000
92.08000
88.60000
96.98000
47.08000
93.05000
68.84000
32.70000
06.05000
07.30000
08.73000
07.73000
05.79000
06.07000
05.84000
09.05000
05.29000
06.70000
06.26000
05.26000
07.26000
05.58000
05.81000
08.31000
08.70000
08.34000
09.00000
07.30000
05.25000
07.76000
05.12000
05.52000
09.33000
08.92000
06.55000
06.83000
07.90000
08.90000
07.48000
07.32000
3
2
5
3
2
7
4
2
6
8
1
1
68.94186
