8
4
127.73000
195.40000
118.77000
186.74000
177.29000
107.47000
183.38000
150.18000
100.16000
154.64000
100.95000
139.33000
171.61000
151.14000
132.85000
123.25000
158.83000
157.79000
198.88000
184.31000
130.34000
117.29000
139.55000
155.55000
197.71000
166.53000
155.23000
183.60000
197.97000
121.23000
102.86000
168.88000
01.76000
04.33000
02.29000
02.95000
02.97000
02.30000
02.20000
03.25000
02.43000
04.17000
01.45000
04.25000
02.34000
03.32000
02.60000
01.40000
04.74000
03.34000
03.95000
04.30000
04.45000
04.74000
03.86000
04.79000
01.17000
03.22000
02.44000
02.47000
03.74000
01.51000
03.83000
01.59000
2
1
3
2
8
4
2
5
6
2
2
7
272.8123
