8
4
61.17000
83.05000
12.39000
81.06000
64.64000
24.84000
62.08000
67.92000
87.32000
84.78000
32.05000
36.12000
57.00000
56.25000
46.51000
41.93000
48.52000
12.64000
35.54000
90.01000
14.26000
56.40000
33.00000
71.52000
54.28000
9.89000
39.77000
96.97000
12.36000
39.09000
11.11000
85.67000
05.66000
08.60000
05.65000
09.16000
05.65000
08.25000
09.26000
07.61000
05.77000
07.52000
07.57000
07.22000
05.03000
09.31000
05.66000
09.43000
09.60000
07.28000
07.37000
06.52000
06.72000
07.88000
05.31000
07.18000
06.53000
08.40000
05.98000
08.86000
05.19000
09.10000
08.26000
06.33000
1
8
2
4
3
2
1
2
3
6
5
7
70.66408
