8
4
159.12000
107.05000
124.35000
187.42000
161.76000
151.88000
151.41000
193.01000
169.38000
121.20000
187.91000
157.24000
118.51000
112.58000
181.88000
120.40000
162.24000
112.35000
112.03000
150.96000
132.92000
125.72000
111.24000
135.43000
152.56000
156.82000
147.76000
132.66000
145.35000
196.24000
122.29000
137.03000
01.41000
01.86000
04.04000
04.79000
02.26000
01.89000
02.46000
02.04000
04.93000
02.48000
04.82000
03.40000
01.51000
04.24000
04.52000
01.04000
01.50000
01.47000
02.55000
03.98000
03.31000
02.40000
01.43000
04.88000
01.14000
02.43000
04.89000
01.63000
02.60000
04.55000
01.05000
04.46000
2
1
2
2
5
6
2
3
4
2
7
8
267.701
