8
4
41.00000
88.20000
68.82000
24.47000
84.95000
22.72000
94.42000
1.35000
97.25000
3.99000
94.16000
49.36000
47.72000
21.41000
3.17000
76.76000
79.62000
22.30000
47.40000
61.18000
82.85000
96.01000
98.21000
51.38000
7.53000
95.00000
73.48000
89.38000
18.43000
10.15000
42.33000
69.60000
02.35000
02.45000
04.68000
02.01000
04.68000
02.30000
01.74000
01.22000
01.81000
01.51000
01.54000
02.50000
04.79000
02.63000
02.05000
02.91000
01.44000
04.00000
03.62000
01.68000
01.84000
04.10000
02.75000
04.40000
04.69000
02.52000
01.12000
04.75000
02.47000
02.15000
04.50000
05.00000
2
4
8
3
6
2
7
1
3
2
5
1
47.4
