8
4
135.68000
170.47000
130.47000
129.62000
170.88000
196.30000
136.98000
163.09000
167.00000
175.51000
101.62000
170.60000
109.25000
195.93000
110.58000
184.69000
118.21000
153.42000
162.80000
173.55000
126.93000
128.26000
196.92000
116.37000
152.41000
197.52000
150.80000
157.02000
187.52000
190.21000
139.54000
186.54000
04.83000
04.36000
02.91000
04.84000
03.77000
04.67000
01.80000
04.74000
02.70000
02.95000
03.65000
03.78000
02.10000
03.23000
03.56000
01.31000
04.14000
03.40000
04.81000
03.13000
03.39000
02.96000
01.51000
03.03000
01.39000
03.28000
03.76000
03.44000
03.78000
01.01000
04.21000
01.25000
2
3
4
2
2
5
2
6
8
2
1
7
293.9169
