8
4
83.55000
50.39000
30.31000
40.17000
86.03000
14.59000
57.74000
90.04000
88.84000
14.80000
49.16000
46.78000
62.03000
2.35000
73.70000
38.12000
45.73000
12.85000
80.17000
30.22000
55.44000
15.70000
81.77000
91.86000
78.44000
39.33000
51.33000
38.11000
48.64000
9.68000
72.30000
67.35000
03.16000
04.00000
01.32000
03.07000
02.52000
04.25000
02.16000
01.44000
04.54000
04.92000
02.72000
01.53000
04.77000
01.66000
01.22000
02.31000
01.02000
03.61000
01.12000
01.90000
04.63000
04.30000
02.21000
03.97000
03.31000
03.48000
01.02000
03.18000
02.02000
04.43000
02.08000
01.49000
2
7
6
2
3
8
2
1
2
2
5
4
88.34586
