20
4
74.12000
34.47000
5.97000
92.10000
88.54000
27.63000
29.87000
56.46000
57.74000
22.74000
28.66000
92.38000
21.93000
60.03000
42.56000
42.09000
21.34000
80.71000
12.79000
44.80000
34.18000
74.98000
8.79000
74.07000
15.83000
26.13000
1.57000
87.79000
35.99000
44.41000
15.84000
3.11000
60.61000
95.77000
17.56000
83.01000
55.68000
47.19000
71.71000
95.44000
23.25000
9.20000
37.75000
77.02000
10.10000
80.46000
50.51000
43.10000
95.96000
13.29000
9.16000
64.11000
73.57000
95.41000
3.41000
31.78000
32.65000
20.56000
23.99000
35.83000
42.38000
49.09000
83.31000
56.35000
4.80000
41.04000
6.78000
17.48000
16.93000
24.71000
86.69000
27.55000
94.25000
15.56000
41.53000
3.04000
54.22000
29.05000
84.76000
58.40000
06.37000
07.78000
05.08000
05.09000
06.27000
06.21000
09.17000
08.51000
09.27000
05.60000
08.30000
07.33000
09.27000
09.84000
06.40000
05.47000
05.19000
07.85000
07.37000
06.83000
07.93000
05.37000
07.23000
09.87000
09.43000
09.31000
07.67000
09.95000
06.35000
09.32000
06.10000
06.19000
08.84000
05.57000
07.69000
08.74000
07.05000
08.22000
07.58000
07.76000
05.37000
05.12000
07.26000
09.09000
05.85000
08.13000
09.43000
08.66000
07.57000
08.35000
06.06000
06.15000
06.95000
07.21000
08.54000
07.97000
05.39000
06.10000
08.29000
05.53000
05.75000
08.40000
06.33000
05.49000
07.83000
08.81000
09.93000
06.19000
08.61000
06.72000
06.08000
05.73000
05.78000
09.80000
07.42000
06.76000
06.97000
05.70000
06.62000
06.94000
