20
7
148.05000
170.77000
153.20000
162.32000
185.74000
103.17000
192.64000
143.30000
171.79000
164.01000
189.12000
157.67000
120.81000
132.34000
120.50000
141.50000
111.46000
138.76000
103.75000
157.46000
103.79000
105.38000
107.93000
181.26000
143.66000
104.76000
121.39000
113.11000
109.45000
125.65000
188.77000
161.07000
132.56000
179.53000
111.00000
149.90000
120.93000
141.92000
140.56000
143.42000
178.20000
116.87000
135.38000
166.93000
143.22000
180.72000
182.98000
180.78000
157.11000
128.78000
181.47000
180.28000
102.46000
164.34000
139.23000
188.25000
150.88000
167.21000
128.65000
179.04000
152.92000
169.63000
146.42000
124.37000
193.46000
169.14000
112.95000
194.20000
114.53000
142.24000
128.25000
100.58000
159.25000
118.37000
167.46000
148.74000
172.29000
116.03000
182.30000
107.96000
120.49000
138.50000
171.71000
169.39000
183.68000
158.23000
114.12000
104.81000
137.27000
180.86000
111.06000
159.80000
169.31000
171.38000
138.87000
181.38000
181.89000
196.33000
162.92000
193.14000
133.98000
154.93000
182.43000
177.02000
187.72000
149.63000
156.95000
158.22000
145.75000
136.01000
162.97000
131.16000
100.39000
198.98000
187.37000
119.05000
170.55000
137.51000
118.57000
134.14000
153.96000
122.24000
177.07000
117.92000
103.14000
128.37000
183.56000
110.31000
106.53000
150.21000
139.25000
169.06000
195.12000
151.98000
125.92000
102.93000
138.98000
124.43000
139.42000
122.21000
01.35000
01.89000
04.17000
04.39000
02.48000
03.61000
03.39000
04.32000
03.88000
03.49000
04.81000
04.80000
01.79000
02.03000
01.12000
03.51000
04.76000
01.57000
04.26000
02.93000
02.25000
02.48000
02.79000
04.76000
04.43000
01.10000
04.67000
03.76000
02.06000
03.19000
01.63000
01.89000
01.37000
01.39000
03.58000
02.17000
03.41000
04.62000
02.21000
02.95000
02.71000
04.86000
03.15000
03.33000
01.54000
04.03000
04.86000
03.03000
01.56000
03.66000
02.51000
02.02000
02.88000
01.35000
01.12000
03.55000
02.89000
01.53000
01.99000
04.71000
03.19000
01.32000
03.74000
05.00000
02.00000
02.88000
02.47000
04.90000
02.72000
02.68000
01.90000
02.49000
02.15000
03.18000
03.03000
03.12000
04.95000
04.15000
01.65000
04.49000
01.13000
03.16000
02.90000
01.66000
02.65000
02.35000
02.19000
03.99000
01.38000
04.74000
02.00000
02.54000
04.76000
04.56000
03.17000
01.66000
02.54000
03.81000
03.85000
04.52000
02.94000
01.14000
02.38000
04.35000
02.39000
03.75000
04.86000
01.86000
01.88000
03.42000
03.13000
03.42000
04.35000
03.97000
04.76000
04.26000
01.51000
03.51000
01.13000
04.89000
04.38000
01.65000
02.88000
04.86000
03.54000
02.68000
04.95000
03.07000
01.27000
02.40000
01.18000
04.89000
03.83000
03.08000
03.76000
03.25000
04.82000
03.85000
03.17000
02.93000
