20
4
95.26000
73.25000
4.53000
77.66000
24.89000
62.63000
49.99000
33.21000
97.23000
19.16000
10.78000
75.02000
55.52000
82.07000
26.12000
45.32000
38.97000
93.56000
37.23000
83.32000
85.11000
46.47000
73.07000
80.09000
33.74000
99.76000
98.96000
51.70000
29.38000
5.93000
6.35000
57.17000
37.99000
27.94000
58.19000
62.47000
25.56000
32.77000
22.47000
33.58000
19.74000
17.80000
24.57000
68.50000
43.51000
55.40000
75.42000
88.71000
44.87000
6.40000
99.22000
67.18000
14.55000
59.52000
86.70000
93.63000
42.26000
7.47000
28.57000
59.77000
12.24000
38.20000
83.69000
8.98000
47.11000
61.42000
90.06000
98.45000
28.83000
47.74000
1.50000
59.74000
71.87000
12.62000
31.50000
7.33000
92.70000
70.53000
96.53000
55.68000
04.81000
04.73000
02.39000
04.91000
02.75000
03.69000
02.79000
04.46000
04.40000
03.62000
02.46000
02.56000
04.87000
03.66000
04.51000
02.32000
03.29000
02.93000
04.08000
02.88000
04.61000
04.63000
01.31000
02.92000
03.57000
01.15000
03.40000
01.84000
01.82000
04.50000
04.85000
01.65000
03.50000
02.81000
01.79000
02.49000
04.74000
04.20000
02.35000
04.47000
04.71000
02.98000
01.27000
02.11000
04.37000
01.22000
02.14000
02.95000
03.74000
02.94000
03.30000
01.85000
03.95000
01.30000
01.85000
03.93000
02.14000
01.39000
02.94000
02.32000
04.17000
03.39000
01.81000
02.36000
02.79000
01.68000
04.39000
01.12000
04.86000
01.44000
03.47000
04.41000
04.50000
04.80000
01.19000
02.36000
03.82000
01.88000
03.66000
01.10000
