20
10
161.67000
143.01000
180.84000
148.62000
162.85000
159.67000
196.40000
178.15000
109.29000
170.13000
118.36000
115.73000
179.52000
159.16000
137.74000
158.65000
177.06000
136.53000
170.56000
129.16000
140.36000
148.82000
157.15000
188.87000
155.05000
143.44000
132.53000
130.57000
139.66000
144.82000
128.04000
107.34000
100.84000
115.83000
162.80000
194.56000
170.23000
144.36000
180.97000
192.63000
133.08000
196.89000
182.32000
163.30000
102.14000
151.09000
178.91000
122.41000
163.06000
128.49000
119.10000
159.61000
175.60000
195.11000
175.17000
153.40000
124.52000
141.95000
144.38000
107.30000
177.96000
142.01000
104.50000
193.33000
131.79000
152.66000
137.24000
179.42000
174.78000
134.61000
124.96000
130.76000
144.83000
181.99000
118.06000
153.97000
104.83000
113.95000
191.93000
180.71000
126.23000
109.88000
114.74000
154.29000
100.71000
111.42000
180.66000
116.06000
140.19000
117.11000
103.95000
127.49000
185.68000
174.22000
138.14000
148.35000
103.20000
155.02000
161.74000
163.41000
108.95000
127.32000
152.95000
169.71000
189.64000
192.10000
187.80000
107.83000
117.79000
156.80000
101.55000
155.44000
162.56000
146.79000
175.86000
150.42000
118.07000
112.47000
117.36000
155.66000
138.71000
193.34000
161.04000
158.92000
158.09000
135.20000
149.05000
142.12000
167.17000
138.73000
109.76000
173.13000
188.21000
132.46000
177.96000
192.96000
168.50000
169.90000
113.39000
167.63000
124.11000
119.47000
161.48000
166.51000
136.96000
125.33000
123.26000
175.65000
119.65000
148.77000
101.94000
177.56000
172.55000
146.44000
110.41000
141.39000
121.06000
199.97000
186.57000
161.28000
100.25000
192.31000
164.41000
126.35000
162.20000
106.94000
147.97000
151.71000
115.12000
142.33000
146.13000
174.58000
162.53000
108.25000
174.92000
117.23000
132.95000
139.46000
175.34000
126.93000
103.42000
136.42000
131.34000
138.62000
177.56000
125.37000
131.21000
155.30000
132.96000
163.64000
125.04000
112.13000
101.25000
139.12000
156.95000
109.49000
139.08000
164.70000
196.10000
172.78000
06.19000
06.06000
09.19000
09.89000
05.98000
07.35000
05.73000
05.66000
06.79000
07.39000
09.12000
08.03000
06.85000
08.46000
05.71000
07.42000
05.62000
09.08000
08.10000
05.48000
06.28000
06.16000
06.70000
07.19000
08.77000
06.11000
05.24000
07.73000
06.09000
05.36000
06.08000
08.33000
07.23000
09.48000
06.33000
07.68000
07.45000
05.29000
09.39000
05.70000
05.73000
08.95000
09.73000
07.29000
07.60000
08.13000
08.88000
09.64000
08.51000
06.64000
09.30000
08.09000
09.48000
09.58000
05.15000
05.86000
07.81000
08.30000
06.85000
07.43000
05.40000
08.44000
08.92000
05.47000
07.41000
07.63000
06.75000
08.50000
06.35000
06.43000
06.64000
07.05000
06.55000
05.74000
06.04000
05.14000
08.57000
07.67000
08.64000
08.01000
07.03000
05.81000
06.27000
06.71000
06.60000
07.65000
06.04000
05.92000
09.24000
06.69000
05.01000
05.50000
08.79000
05.82000
05.16000
06.48000
05.34000
09.21000
09.71000
06.14000
05.68000
07.39000
06.77000
09.08000
05.30000
06.34000
08.43000
09.69000
08.11000
05.63000
08.56000
09.19000
08.74000
06.43000
09.91000
06.91000
08.08000
06.19000
06.51000
08.39000
07.00000
06.49000
07.93000
09.09000
09.61000
08.30000
06.65000
08.61000
06.57000
08.67000
07.28000
08.77000
09.55000
08.33000
09.59000
08.42000
06.46000
09.24000
09.63000
07.65000
07.57000
09.86000
05.48000
09.80000
05.26000
06.80000
08.48000
06.40000
07.78000
06.41000
09.27000
09.40000
05.08000
05.20000
05.89000
08.42000
08.36000
05.93000
07.68000
09.35000
07.77000
05.80000
09.81000
08.64000
05.01000
08.96000
07.71000
06.60000
06.41000
06.82000
06.23000
07.75000
06.45000
07.91000
07.97000
08.74000
05.85000
07.03000
06.78000
07.48000
08.14000
07.22000
08.92000
08.46000
05.77000
07.09000
07.85000
06.82000
06.53000
09.87000
08.00000
09.47000
05.67000
07.38000
07.74000
06.36000
09.69000
07.69000
06.72000
08.67000
