20
10
16.41000
56.73000
89.49000
15.41000
33.08000
46.49000
87.38000
69.21000
61.01000
90.94000
73.52000
58.76000
10.88000
7.92000
69.97000
12.31000
16.11000
36.03000
24.52000
81.83000
35.51000
72.60000
45.55000
13.68000
44.15000
27.85000
15.13000
81.14000
18.08000
42.09000
39.91000
28.33000
44.32000
60.01000
21.30000
10.33000
36.64000
51.06000
83.42000
8.97000
68.70000
44.59000
72.08000
53.90000
62.30000
68.26000
91.61000
78.81000
3.46000
90.63000
75.92000
73.22000
81.28000
10.00000
28.47000
46.80000
14.62000
46.40000
76.50000
33.97000
59.43000
86.73000
99.62000
76.69000
36.85000
77.99000
44.41000
11.00000
99.15000
20.42000
30.97000
29.72000
67.30000
87.68000
90.63000
21.86000
83.98000
82.14000
81.45000
99.18000
26.47000
94.52000
80.05000
50.26000
39.19000
98.76000
77.57000
18.46000
85.80000
22.51000
17.90000
16.20000
39.84000
42.51000
83.98000
34.59000
96.61000
63.25000
87.46000
89.48000
34.87000
38.47000
21.02000
55.18000
14.16000
31.14000
92.44000
51.47000
63.34000
54.36000
8.12000
78.51000
34.33000
15.71000
28.31000
56.25000
1.74000
45.51000
42.04000
28.39000
34.41000
32.25000
98.17000
57.01000
17.54000
52.26000
99.99000
91.12000
97.69000
13.16000
48.97000
67.85000
30.84000
73.11000
10.48000
58.75000
92.73000
19.03000
74.62000
61.12000
88.17000
54.64000
80.91000
38.26000
76.50000
19.15000
70.36000
61.56000
9.93000
8.52000
42.21000
26.37000
68.26000
60.25000
89.68000
81.58000
60.09000
38.60000
33.70000
4.83000
53.96000
21.57000
5.33000
96.62000
22.60000
38.82000
64.45000
30.37000
53.95000
44.62000
27.13000
93.62000
83.42000
79.58000
39.18000
42.37000
71.18000
11.05000
73.13000
53.33000
82.80000
37.86000
92.68000
42.45000
67.64000
54.88000
31.69000
31.87000
84.67000
30.72000
55.69000
60.74000
47.67000
33.82000
90.81000
11.89000
93.14000
58.40000
87.94000
89.88000
04.25000
01.73000
02.76000
03.63000
04.52000
01.32000
02.42000
02.58000
01.67000
04.53000
01.76000
03.57000
02.53000
01.44000
02.10000
03.17000
02.93000
03.13000
01.77000
02.97000
03.62000
02.37000
04.66000
01.55000
03.14000
04.92000
03.04000
02.62000
03.12000
04.58000
02.97000
02.53000
01.00000
04.03000
04.42000
02.46000
03.25000
03.00000
04.33000
04.63000
03.76000
01.87000
03.61000
01.04000
01.63000
01.16000
01.47000
01.30000
04.11000
02.86000
01.84000
03.52000
04.27000
03.29000
04.32000
02.50000
04.20000
03.79000
01.47000
02.09000
03.29000
02.68000
04.83000
02.58000
03.91000
03.18000
01.52000
04.11000
02.48000
01.85000
01.41000
03.66000
04.72000
01.64000
04.68000
02.68000
01.33000
02.50000
04.55000
03.62000
01.98000
04.00000
01.16000
01.57000
01.35000
02.46000
03.50000
03.52000
02.86000
04.92000
03.01000
04.14000
01.84000
01.97000
01.54000
04.51000
02.62000
01.18000
01.90000
02.71000
02.23000
04.19000
02.97000
04.01000
04.93000
03.83000
04.63000
03.34000
03.41000
04.02000
01.42000
03.19000
03.62000
03.96000
01.78000
01.27000
04.51000
03.85000
03.19000
04.27000
02.64000
02.50000
02.49000
04.11000
02.41000
04.86000
03.12000
01.88000
04.67000
04.63000
04.40000
04.86000
02.99000
02.65000
02.41000
04.38000
03.96000
04.74000
02.24000
04.75000
04.36000
02.78000
01.46000
02.27000
01.28000
02.15000
02.37000
04.64000
01.11000
02.75000
01.66000
02.34000
02.04000
04.05000
04.04000
01.34000
03.28000
02.49000
03.20000
04.59000
03.66000
02.76000
03.54000
03.18000
03.00000
04.27000
01.03000
01.93000
04.98000
01.41000
04.47000
03.24000
01.44000
01.27000
04.17000
04.67000
01.21000
03.92000
03.46000
04.82000
01.50000
01.51000
02.18000
02.61000
03.16000
03.82000
03.52000
04.39000
01.16000
03.38000
02.80000
01.65000
01.96000
03.88000
04.98000
04.58000
01.02000
02.03000
04.02000
04.38000
