20
7
191.17000
185.89000
142.59000
197.73000
139.22000
137.66000
184.15000
131.66000
161.80000
123.80000
117.68000
118.40000
162.96000
147.21000
104.28000
161.61000
198.32000
149.81000
131.59000
179.02000
124.92000
150.55000
164.68000
125.06000
115.15000
124.97000
191.67000
171.73000
141.73000
149.40000
162.11000
184.32000
141.13000
149.78000
125.77000
195.76000
113.90000
103.59000
171.46000
165.60000
116.17000
154.87000
166.14000
136.74000
147.62000
101.12000
186.26000
128.60000
196.88000
163.12000
138.13000
129.24000
192.22000
174.22000
169.56000
135.30000
138.48000
131.83000
179.91000
182.48000
174.22000
145.28000
153.19000
183.64000
132.15000
149.72000
129.49000
156.29000
166.02000
186.53000
157.18000
148.69000
130.25000
155.84000
166.50000
130.51000
168.37000
134.37000
151.71000
122.98000
178.21000
172.34000
152.18000
131.19000
173.75000
105.98000
195.83000
199.07000
193.28000
146.51000
192.64000
110.23000
126.79000
195.24000
114.64000
191.79000
165.83000
142.56000
110.40000
134.89000
198.27000
186.55000
133.07000
138.82000
125.22000
132.18000
138.32000
175.39000
133.70000
180.42000
137.65000
192.17000
133.60000
143.12000
179.28000
133.06000
148.92000
133.72000
100.44000
118.52000
185.77000
100.05000
120.82000
173.99000
132.16000
196.60000
179.63000
134.23000
102.85000
182.20000
125.91000
132.03000
187.06000
163.62000
193.40000
162.44000
100.56000
161.72000
117.39000
109.61000
06.92000
07.00000
06.69000
08.61000
07.98000
05.41000
08.76000
09.43000
09.81000
09.99000
07.74000
07.40000
09.31000
07.82000
06.97000
09.48000
05.64000
05.09000
05.79000
05.51000
08.73000
07.21000
07.62000
09.07000
09.62000
06.66000
08.35000
05.22000
07.63000
05.56000
08.88000
07.19000
09.80000
07.53000
09.26000
07.53000
08.54000
08.43000
08.67000
09.81000
08.17000
07.07000
06.89000
09.57000
08.25000
05.65000
06.83000
09.16000
08.85000
09.44000
08.96000
08.76000
08.25000
05.95000
08.61000
06.37000
08.22000
08.06000
08.37000
09.15000
08.89000
09.34000
05.48000
09.10000
08.33000
08.31000
05.64000
08.50000
05.21000
05.63000
05.67000
06.89000
08.87000
08.77000
08.54000
06.33000
05.27000
08.74000
07.60000
06.11000
09.36000
08.96000
06.65000
07.24000
08.22000
05.64000
09.58000
09.76000
07.94000
05.12000
07.74000
08.36000
07.51000
09.69000
07.83000
06.49000
05.70000
08.30000
05.05000
07.96000
07.23000
06.22000
09.95000
09.81000
06.91000
09.91000
09.49000
08.65000
09.43000
07.66000
08.73000
08.66000
05.82000
05.20000
07.97000
05.75000
09.98000
08.00000
09.10000
09.37000
08.27000
09.96000
07.00000
09.23000
09.78000
05.29000
06.06000
09.11000
08.34000
07.34000
06.45000
07.18000
08.08000
07.59000
05.61000
06.69000
09.13000
05.42000
05.75000
07.51000
