20
10
105.75000
144.87000
125.15000
137.23000
189.81000
186.20000
125.94000
131.28000
198.83000
176.04000
162.82000
138.09000
111.32000
199.12000
126.80000
154.90000
130.80000
165.24000
133.91000
104.00000
180.00000
195.99000
173.88000
191.84000
190.66000
162.77000
166.33000
164.28000
188.43000
128.47000
146.08000
113.97000
179.96000
156.00000
132.29000
116.31000
196.88000
133.24000
169.09000
171.68000
176.56000
195.71000
194.59000
139.31000
159.37000
149.21000
194.77000
125.06000
188.72000
155.59000
143.24000
168.57000
124.38000
180.87000
112.27000
148.38000
151.10000
116.07000
199.13000
167.98000
149.78000
199.38000
170.39000
120.37000
177.31000
153.66000
185.43000
196.19000
186.20000
146.43000
197.64000
154.43000
114.33000
171.81000
157.41000
101.74000
124.59000
148.96000
140.14000
169.77000
196.75000
137.99000
106.99000
184.40000
184.59000
182.18000
163.60000
103.66000
167.11000
135.21000
157.28000
127.27000
185.33000
144.35000
141.54000
115.00000
105.27000
181.86000
194.90000
151.62000
161.66000
185.81000
176.11000
121.11000
112.54000
184.46000
177.24000
126.69000
178.08000
125.20000
174.47000
133.94000
127.41000
133.43000
149.44000
180.75000
154.67000
159.54000
108.79000
130.01000
174.86000
169.00000
106.21000
145.76000
175.95000
165.62000
140.77000
186.06000
171.43000
103.61000
102.73000
103.86000
183.56000
111.48000
126.86000
140.17000
159.62000
142.74000
172.92000
161.01000
104.90000
143.44000
198.46000
166.01000
103.17000
192.14000
129.25000
139.08000
113.47000
175.62000
169.14000
172.12000
136.17000
150.51000
131.01000
134.27000
196.67000
198.45000
152.74000
119.66000
126.53000
194.72000
171.39000
183.49000
107.30000
144.98000
126.12000
134.31000
158.74000
170.68000
125.13000
187.34000
184.34000
181.59000
184.46000
164.83000
112.64000
112.48000
145.11000
114.06000
132.88000
138.65000
162.10000
108.37000
126.43000
198.18000
152.48000
104.23000
118.42000
199.22000
103.99000
182.42000
140.50000
129.66000
160.79000
143.33000
149.30000
102.39000
192.00000
112.35000
05.89000
05.53000
05.73000
08.22000
06.99000
06.87000
08.24000
08.06000
07.17000
08.75000
08.14000
08.80000
09.63000
08.46000
06.79000
05.85000
08.87000
09.52000
06.78000
05.88000
07.12000
06.80000
07.84000
06.33000
08.96000
09.68000
07.57000
06.02000
08.05000
08.03000
09.52000
09.43000
08.39000
07.42000
05.81000
05.25000
05.23000
09.67000
09.83000
08.44000
05.20000
08.56000
05.76000
07.20000
08.76000
06.60000
08.12000
09.30000
08.15000
09.51000
06.05000
05.55000
09.41000
07.40000
08.71000
09.17000
09.82000
06.62000
06.51000
09.64000
08.59000
09.73000
09.87000
08.19000
08.29000
06.13000
09.11000
06.51000
06.11000
07.06000
09.08000
07.78000
06.34000
08.42000
07.23000
06.00000
09.57000
07.32000
07.24000
06.42000
07.13000
05.71000
09.99000
08.19000
08.45000
09.91000
09.90000
07.53000
08.38000
05.59000
07.07000
09.03000
05.77000
05.67000
08.46000
08.73000
05.72000
09.31000
07.29000
08.90000
08.92000
05.70000
06.33000
05.33000
06.76000
08.33000
06.79000
09.58000
07.72000
09.96000
08.15000
08.88000
06.42000
06.78000
08.16000
07.57000
08.74000
06.22000
05.82000
06.20000
06.95000
08.95000
08.41000
06.75000
06.05000
06.29000
08.89000
06.45000
08.81000
05.25000
08.08000
07.34000
06.87000
06.54000
05.75000
08.27000
08.16000
07.12000
07.95000
09.33000
08.79000
05.54000
05.15000
06.02000
07.41000
09.80000
06.55000
06.79000
09.55000
09.16000
06.90000
08.87000
05.13000
05.12000
09.27000
06.89000
05.36000
05.43000
07.96000
06.75000
08.89000
08.93000
05.69000
05.44000
07.05000
05.50000
06.67000
08.33000
07.42000
08.56000
08.82000
08.70000
09.49000
06.66000
09.73000
08.22000
08.96000
09.57000
08.25000
09.78000
09.25000
08.35000
06.70000
06.34000
07.72000
06.38000
05.81000
06.57000
06.74000
08.50000
06.05000
09.77000
06.56000
06.51000
05.82000
05.87000
08.68000
08.50000
09.74000
06.07000
