20
7
66.85000
84.56000
59.63000
72.62000
86.49000
26.31000
69.56000
5.71000
13.07000
77.92000
57.46000
37.13000
63.29000
40.36000
11.88000
80.01000
34.66000
75.05000
71.39000
86.15000
6.97000
85.24000
97.85000
81.33000
66.11000
1.00000
89.65000
75.40000
95.13000
5.16000
47.16000
4.61000
64.40000
88.59000
65.27000
77.16000
32.47000
20.95000
5.28000
57.30000
73.20000
96.93000
16.30000
4.02000
41.49000
31.66000
54.59000
69.66000
75.97000
84.49000
71.95000
12.54000
8.95000
74.18000
31.38000
23.47000
70.28000
6.69000
70.71000
59.65000
27.09000
4.42000
56.67000
35.19000
12.29000
10.12000
23.81000
14.07000
64.18000
29.90000
15.94000
66.86000
59.53000
16.73000
96.25000
29.72000
87.05000
24.11000
20.08000
12.63000
19.60000
16.16000
13.52000
76.84000
44.85000
59.63000
81.96000
22.83000
67.00000
96.79000
19.56000
55.39000
66.07000
1.33000
97.94000
86.12000
48.42000
56.87000
95.27000
15.78000
6.47000
48.23000
75.03000
34.37000
75.84000
71.97000
8.74000
79.51000
33.74000
29.68000
17.84000
53.07000
96.49000
71.53000
71.92000
50.33000
24.09000
77.03000
55.50000
69.12000
30.16000
21.41000
74.00000
4.55000
25.59000
95.83000
68.99000
44.10000
48.01000
86.33000
40.18000
98.42000
64.30000
57.65000
10.92000
35.01000
92.40000
14.17000
30.86000
32.28000
06.63000
06.19000
08.71000
09.42000
06.73000
07.57000
05.94000
07.46000
09.13000
09.87000
08.46000
06.92000
08.50000
05.76000
05.51000
08.48000
08.02000
08.29000
08.59000
06.93000
08.21000
05.31000
05.77000
06.18000
06.92000
06.00000
05.65000
08.16000
09.01000
06.49000
08.31000
06.93000
06.49000
05.67000
06.86000
08.42000
07.97000
05.94000
09.82000
05.87000
07.02000
07.81000
05.04000
06.88000
05.80000
08.96000
07.00000
06.67000
09.00000
06.04000
05.34000
07.64000
09.53000
09.02000
08.15000
08.37000
05.07000
09.48000
07.06000
07.86000
09.85000
06.49000
07.45000
09.28000
07.84000
06.94000
07.28000
05.08000
05.81000
09.72000
07.15000
07.89000
09.92000
09.43000
09.99000
05.03000
09.23000
05.49000
05.37000
07.33000
09.80000
07.94000
06.97000
08.25000
07.72000
08.19000
05.26000
09.88000
06.81000
09.49000
07.83000
07.22000
07.60000
08.45000
06.02000
06.16000
06.63000
09.61000
05.95000
09.25000
07.36000
08.34000
05.76000
08.49000
07.56000
06.33000
08.74000
07.65000
05.98000
05.03000
05.38000
07.11000
07.34000
09.18000
07.78000
09.94000
05.51000
09.55000
05.94000
08.96000
05.22000
05.98000
05.12000
08.49000
07.30000
09.01000
07.31000
06.53000
07.25000
06.08000
08.82000
07.41000
07.59000
09.89000
08.59000
08.71000
08.08000
07.27000
06.61000
05.88000
