20
4
87.80000
93.86000
84.34000
31.23000
44.23000
24.19000
9.65000
28.28000
47.48000
23.77000
51.38000
15.69000
38.76000
33.82000
51.76000
33.67000
58.30000
94.54000
51.01000
23.45000
57.04000
85.39000
63.15000
35.45000
98.41000
52.75000
47.20000
34.05000
16.64000
98.84000
39.59000
94.36000
74.68000
90.62000
6.29000
83.35000
40.52000
93.06000
12.26000
65.98000
19.72000
38.98000
14.55000
55.33000
36.65000
45.77000
35.36000
71.02000
83.77000
18.54000
81.71000
97.56000
52.79000
47.03000
45.34000
26.67000
33.44000
22.95000
15.94000
47.08000
7.79000
38.94000
14.04000
22.26000
30.60000
32.32000
96.51000
21.55000
77.60000
66.13000
62.41000
69.01000
65.27000
56.85000
26.21000
81.10000
9.06000
19.94000
3.38000
73.31000
02.78000
04.56000
04.28000
03.36000
02.48000
03.67000
04.25000
02.88000
01.50000
03.38000
03.11000
04.57000
02.97000
02.83000
03.97000
03.55000
02.01000
01.13000
01.98000
02.96000
01.65000
04.80000
02.65000
03.72000
02.36000
04.73000
02.81000
04.36000
03.00000
04.12000
02.95000
02.53000
03.69000
03.10000
03.22000
02.34000
04.56000
01.78000
03.72000
03.92000
03.41000
04.36000
03.68000
02.15000
04.89000
03.33000
01.19000
04.54000
03.72000
03.42000
04.61000
02.61000
01.02000
01.75000
03.06000
01.49000
01.90000
03.46000
01.67000
02.31000
04.97000
02.81000
01.01000
02.76000
02.05000
01.71000
03.36000
01.44000
01.21000
04.72000
04.85000
03.29000
04.55000
01.94000
03.59000
02.43000
02.22000
03.52000
01.71000
04.98000
