20
4
38.48000
64.24000
2.48000
97.46000
38.13000
96.57000
88.57000
17.08000
22.71000
37.27000
31.21000
63.17000
32.46000
25.56000
68.62000
77.96000
8.59000
2.66000
43.02000
2.67000
81.85000
39.97000
92.16000
60.75000
17.16000
34.31000
38.21000
55.40000
64.45000
45.50000
29.73000
49.87000
90.69000
39.50000
32.68000
10.14000
61.84000
81.29000
13.04000
1.18000
6.25000
37.09000
38.93000
95.93000
58.66000
88.64000
14.78000
75.94000
79.39000
44.30000
53.31000
4.94000
59.14000
92.81000
46.23000
71.63000
87.65000
26.86000
83.25000
68.73000
33.54000
20.39000
83.45000
89.13000
78.68000
20.64000
58.31000
64.34000
86.15000
98.44000
52.74000
25.85000
71.40000
71.27000
82.18000
88.13000
49.90000
53.60000
63.12000
68.63000
03.60000
01.99000
03.05000
03.17000
02.06000
04.74000
03.53000
04.08000
03.34000
03.59000
02.40000
02.66000
02.58000
01.67000
02.78000
02.03000
02.88000
02.11000
03.79000
01.32000
04.23000
02.90000
02.72000
03.24000
01.80000
03.56000
03.49000
04.37000
02.80000
03.18000
03.74000
02.51000
03.34000
01.88000
03.61000
01.81000
03.57000
03.80000
03.22000
02.37000
03.38000
01.94000
01.07000
04.57000
04.57000
03.48000
04.03000
03.28000
02.60000
01.64000
04.40000
01.18000
02.59000
01.55000
03.30000
03.39000
01.67000
04.33000
01.85000
03.03000
02.94000
01.15000
03.69000
04.75000
01.32000
03.22000
03.09000
02.35000
01.27000
04.89000
01.12000
02.62000
04.90000
04.29000
03.90000
03.67000
02.36000
03.53000
01.56000
03.64000
