20
7
15.01000
66.17000
57.42000
84.46000
11.04000
12.22000
44.51000
46.55000
25.68000
2.58000
8.91000
60.57000
54.05000
52.87000
70.25000
62.48000
80.44000
56.50000
15.61000
39.26000
14.10000
53.68000
40.68000
86.32000
57.91000
13.48000
86.06000
12.67000
12.46000
90.59000
16.91000
75.37000
31.80000
29.56000
19.01000
93.95000
73.53000
59.06000
56.91000
50.40000
93.76000
77.71000
8.54000
75.19000
16.23000
61.49000
88.92000
37.95000
91.25000
52.39000
45.01000
30.53000
22.34000
28.12000
63.76000
12.85000
21.95000
66.95000
24.25000
20.63000
67.36000
86.45000
42.87000
70.24000
72.62000
81.12000
90.94000
19.63000
55.44000
6.83000
50.70000
54.83000
20.61000
59.03000
20.53000
13.17000
98.20000
51.07000
1.35000
18.16000
20.20000
29.61000
46.85000
41.44000
58.17000
59.67000
44.69000
67.75000
8.65000
53.85000
5.76000
15.52000
13.71000
88.09000
23.42000
4.78000
56.08000
66.63000
6.92000
58.11000
71.68000
31.80000
60.18000
72.81000
32.03000
14.49000
87.77000
91.41000
37.17000
85.75000
72.22000
62.12000
78.72000
38.04000
61.65000
75.21000
1.36000
98.52000
31.44000
36.83000
17.30000
71.13000
27.07000
49.61000
88.92000
97.03000
6.11000
35.09000
34.49000
69.20000
8.46000
75.38000
75.75000
99.91000
70.98000
91.73000
2.86000
55.52000
71.25000
31.69000
04.82000
04.03000
03.23000
04.54000
04.43000
01.91000
04.71000
03.00000
04.85000
04.97000
03.00000
04.73000
04.66000
01.33000
01.60000
03.48000
03.78000
01.92000
04.32000
02.85000
01.75000
04.71000
04.55000
03.25000
04.62000
03.59000
02.26000
04.96000
01.87000
03.31000
04.41000
04.21000
04.83000
04.84000
02.49000
04.87000
04.63000
02.46000
02.79000
03.13000
04.52000
03.28000
03.01000
04.04000
03.51000
03.30000
02.15000
03.64000
04.08000
02.02000
03.42000
02.18000
04.16000
04.14000
02.15000
02.54000
04.00000
02.17000
03.01000
02.36000
04.52000
04.55000
02.99000
04.62000
02.28000
03.67000
01.09000
02.51000
03.32000
03.21000
01.46000
01.06000
01.06000
01.48000
02.17000
01.99000
01.74000
03.11000
01.11000
04.33000
02.45000
01.40000
04.74000
04.90000
03.41000
04.02000
04.35000
03.52000
04.05000
03.56000
04.49000
03.21000
01.13000
04.81000
03.82000
03.44000
02.75000
01.37000
03.36000
03.47000
03.11000
03.75000
04.24000
01.24000
02.03000
02.29000
03.04000
03.21000
01.09000
03.16000
03.64000
03.05000
03.29000
01.51000
02.19000
03.81000
01.47000
03.81000
03.69000
02.87000
04.83000
03.54000
03.28000
02.32000
03.18000
04.39000
01.14000
02.10000
02.88000
01.32000
01.23000
03.81000
03.04000
02.71000
01.10000
02.97000
03.10000
02.77000
01.57000
03.96000
