20
4
51.11000
13.53000
96.88000
38.03000
8.55000
70.18000
26.30000
65.49000
19.00000
4.25000
78.33000
89.49000
23.67000
53.98000
95.19000
51.26000
62.79000
61.59000
18.11000
90.00000
52.43000
9.77000
56.14000
1.52000
3.93000
24.95000
77.17000
75.78000
85.98000
75.53000
63.23000
69.43000
66.54000
28.49000
79.28000
47.45000
10.58000
47.80000
91.30000
74.79000
37.73000
36.75000
60.52000
81.83000
37.88000
77.81000
18.15000
85.39000
74.41000
91.04000
7.51000
6.99000
39.04000
67.18000
19.33000
35.34000
21.48000
95.93000
44.32000
62.17000
12.87000
84.59000
23.30000
79.06000
82.71000
89.43000
32.15000
68.14000
34.44000
91.38000
79.12000
62.09000
81.51000
6.93000
80.67000
76.36000
41.41000
49.55000
52.28000
27.43000
04.37000
01.93000
04.90000
03.17000
01.94000
03.73000
02.37000
01.01000
02.09000
01.39000
01.98000
04.26000
03.94000
02.02000
02.85000
04.06000
02.61000
04.77000
04.11000
03.53000
04.47000
02.73000
02.76000
01.59000
02.08000
02.87000
04.44000
03.07000
04.86000
03.71000
03.35000
03.32000
04.94000
01.39000
03.64000
02.46000
02.45000
04.03000
01.41000
04.62000
01.61000
03.52000
03.50000
02.83000
03.13000
04.34000
02.67000
04.69000
01.25000
01.52000
03.00000
01.48000
01.07000
04.20000
01.61000
02.33000
03.74000
01.51000
03.62000
04.37000
03.87000
03.29000
04.40000
02.89000
01.25000
02.81000
01.68000
04.81000
01.95000
03.67000
03.34000
03.15000
04.10000
04.01000
03.50000
04.02000
01.81000
01.95000
04.30000
01.55000
