20
10
132.47000
108.95000
145.37000
136.55000
125.08000
152.86000
137.66000
174.72000
163.25000
158.05000
146.03000
147.81000
144.25000
128.04000
180.24000
171.84000
190.35000
191.35000
175.04000
187.81000
187.24000
113.72000
158.52000
137.60000
196.72000
175.48000
196.41000
179.00000
178.76000
151.31000
141.45000
197.16000
108.75000
172.85000
181.50000
136.23000
187.09000
196.74000
129.48000
165.35000
142.41000
123.98000
180.50000
118.22000
111.49000
179.23000
186.61000
171.50000
196.14000
123.60000
119.43000
178.16000
174.89000
141.86000
169.99000
135.46000
151.26000
143.76000
154.29000
165.66000
149.07000
172.06000
161.04000
134.83000
124.82000
164.08000
101.39000
140.32000
103.30000
120.65000
144.67000
188.70000
191.17000
104.67000
110.03000
155.34000
120.05000
104.03000
141.60000
140.64000
149.76000
156.87000
180.61000
152.74000
118.36000
137.56000
111.89000
135.99000
174.13000
161.76000
132.09000
167.64000
176.83000
195.49000
113.48000
126.21000
111.22000
129.76000
153.32000
115.19000
172.67000
138.84000
158.64000
180.26000
172.32000
137.90000
153.61000
133.67000
118.95000
191.06000
111.37000
185.12000
150.45000
192.47000
182.33000
141.27000
129.71000
161.27000
141.87000
133.76000
179.34000
194.67000
127.78000
174.98000
116.25000
141.83000
103.78000
192.54000
138.47000
138.47000
107.47000
155.07000
187.01000
131.84000
192.37000
122.34000
127.89000
194.20000
136.99000
179.12000
194.04000
109.95000
102.36000
100.44000
186.57000
135.40000
177.95000
190.65000
109.38000
168.58000
165.27000
148.14000
131.61000
134.86000
145.95000
110.82000
147.40000
184.65000
126.64000
141.57000
167.81000
112.80000
194.01000
136.36000
143.76000
150.68000
198.74000
138.23000
154.71000
120.55000
171.49000
108.23000
122.95000
150.93000
147.04000
187.36000
195.74000
195.32000
185.13000
141.65000
155.55000
176.67000
152.74000
170.45000
127.51000
196.71000
115.04000
197.68000
177.11000
167.15000
152.04000
100.49000
104.74000
144.63000
176.65000
148.04000
135.80000
110.78000
126.76000
134.46000
03.22000
02.62000
04.97000
03.14000
04.27000
03.58000
03.18000
03.91000
02.10000
03.43000
01.72000
02.74000
01.04000
01.75000
03.40000
01.70000
02.42000
03.13000
04.05000
03.88000
02.32000
02.35000
03.46000
01.96000
02.62000
02.95000
02.47000
01.12000
02.47000
02.10000
04.89000
03.32000
04.81000
04.02000
04.15000
03.26000
01.60000
01.91000
02.71000
04.64000
03.71000
04.83000
02.35000
03.76000
04.40000
02.24000
01.71000
02.53000
01.46000
03.20000
04.12000
01.14000
01.49000
01.54000
02.65000
03.92000
04.04000
04.10000
03.39000
04.21000
04.06000
01.47000
03.47000
02.06000
03.73000
02.74000
03.51000
03.84000
03.31000
04.52000
03.44000
04.73000
02.02000
03.25000
04.98000
03.67000
04.06000
04.40000
02.82000
04.63000
03.28000
01.92000
03.19000
03.55000
01.84000
03.08000
03.35000
03.54000
04.18000
01.27000
03.09000
03.96000
03.14000
04.57000
01.73000
03.41000
04.55000
02.06000
03.61000
01.45000
03.28000
04.71000
01.47000
02.02000
04.39000
02.45000
01.26000
01.37000
04.11000
01.95000
01.77000
01.20000
01.90000
03.91000
04.95000
04.71000
02.20000
02.03000
01.74000
04.12000
04.20000
04.67000
02.90000
03.58000
01.37000
01.67000
02.51000
01.26000
02.55000
02.99000
01.04000
03.80000
02.82000
02.94000
04.07000
04.01000
02.26000
04.87000
02.19000
03.73000
02.91000
03.82000
02.57000
01.90000
02.18000
04.71000
04.00000
01.14000
02.08000
04.92000
04.28000
04.56000
02.29000
01.41000
01.60000
03.60000
03.52000
04.12000
03.17000
02.73000
03.31000
01.31000
02.09000
02.94000
03.61000
04.23000
04.06000
01.31000
01.96000
01.57000
04.12000
01.76000
03.68000
01.90000
02.09000
03.36000
03.10000
02.80000
02.80000
02.19000
01.11000
03.10000
02.76000
03.94000
01.17000
03.95000
02.10000
04.05000
04.16000
03.00000
04.73000
03.35000
02.03000
01.46000
01.09000
01.52000
03.75000
01.52000
02.65000
03.28000
