20
10
186.58000
127.12000
185.59000
187.65000
150.52000
134.45000
119.33000
106.24000
144.01000
180.80000
140.63000
124.98000
139.32000
144.68000
134.25000
134.89000
133.70000
129.62000
109.96000
151.98000
176.40000
138.81000
191.38000
127.82000
165.37000
108.87000
139.82000
130.44000
182.75000
192.60000
138.75000
196.94000
178.95000
196.65000
151.07000
146.46000
129.36000
152.66000
164.66000
123.12000
164.23000
103.48000
114.35000
102.68000
186.18000
170.89000
152.82000
144.48000
126.44000
123.90000
108.25000
123.64000
138.54000
122.28000
146.64000
112.43000
100.98000
150.78000
159.02000
108.10000
119.46000
171.02000
108.47000
147.11000
108.57000
109.90000
177.62000
186.78000
125.04000
181.70000
161.81000
125.19000
150.50000
124.31000
155.19000
112.72000
191.58000
100.62000
176.90000
124.77000
149.42000
198.08000
192.45000
132.64000
175.87000
138.08000
120.45000
160.95000
110.98000
136.84000
146.35000
140.40000
189.50000
135.36000
117.43000
124.49000
171.20000
199.65000
105.95000
191.75000
165.46000
164.96000
129.79000
123.37000
123.30000
135.40000
132.76000
119.84000
121.49000
197.05000
179.39000
138.97000
172.91000
119.06000
195.07000
162.40000
115.44000
195.57000
130.18000
196.77000
177.51000
127.24000
150.00000
179.20000
175.70000
154.33000
135.51000
121.80000
199.42000
164.87000
176.45000
130.86000
164.70000
181.13000
101.33000
141.14000
112.56000
150.38000
163.67000
112.42000
145.34000
180.20000
138.82000
184.32000
126.83000
162.49000
137.55000
137.41000
100.71000
158.35000
197.61000
151.15000
111.11000
168.19000
175.65000
138.43000
127.19000
117.39000
153.30000
137.14000
139.47000
139.44000
150.80000
104.33000
153.55000
126.29000
101.28000
109.66000
161.62000
197.86000
166.26000
123.35000
160.95000
157.67000
155.52000
161.42000
173.82000
134.24000
103.81000
164.87000
190.14000
165.45000
122.25000
199.95000
142.76000
163.71000
133.75000
195.82000
103.87000
186.97000
138.33000
129.39000
148.88000
166.88000
123.87000
144.80000
178.18000
160.08000
103.26000
111.20000
03.38000
02.03000
03.68000
01.48000
01.62000
01.13000
02.66000
02.34000
02.56000
01.79000
01.39000
01.44000
01.53000
02.59000
01.69000
03.85000
02.87000
03.13000
02.39000
03.65000
03.49000
01.65000
03.26000
03.32000
02.01000
05.00000
04.76000
02.88000
01.36000
02.95000
04.46000
03.03000
03.51000
02.72000
02.80000
01.47000
03.40000
04.51000
01.23000
04.90000
03.94000
04.07000
04.00000
03.28000
04.03000
01.77000
01.23000
01.17000
04.17000
03.44000
02.68000
04.83000
01.94000
01.92000
04.42000
01.59000
03.92000
03.04000
03.53000
03.77000
01.17000
04.59000
01.21000
03.46000
02.98000
03.99000
01.54000
04.89000
01.76000
03.69000
04.32000
02.72000
03.71000
03.14000
02.24000
02.91000
04.03000
02.80000
01.02000
04.41000
01.35000
03.94000
04.67000
03.81000
02.71000
03.73000
02.97000
04.13000
01.28000
02.73000
03.78000
04.57000
04.90000
04.00000
01.41000
02.70000
02.38000
03.64000
03.20000
01.10000
02.39000
04.26000
03.05000
01.41000
04.27000
01.18000
01.63000
03.33000
01.55000
03.41000
03.23000
02.79000
04.70000
02.65000
04.79000
01.99000
01.16000
03.60000
04.27000
04.11000
04.63000
04.92000
03.33000
04.11000
04.20000
02.08000
03.54000
04.53000
02.95000
03.47000
03.35000
03.23000
02.96000
02.43000
03.34000
04.03000
03.32000
01.28000
01.08000
03.76000
02.69000
04.76000
02.00000
01.08000
03.04000
02.58000
04.41000
04.53000
04.55000
03.02000
03.71000
04.95000
01.93000
02.03000
01.09000
04.79000
02.88000
04.57000
02.78000
03.51000
04.12000
02.45000
01.56000
01.99000
01.59000
01.25000
03.79000
01.70000
02.03000
04.14000
02.52000
02.66000
01.77000
02.68000
04.60000
02.94000
02.14000
01.46000
01.84000
01.62000
01.58000
03.51000
02.92000
01.34000
03.71000
02.72000
04.10000
04.96000
01.07000
03.18000
02.37000
04.31000
04.61000
01.10000
03.17000
02.09000
02.28000
01.67000
04.96000
02.00000
