20
10
103.13000
117.38000
186.49000
174.03000
191.34000
149.08000
133.76000
109.37000
143.87000
160.81000
115.86000
198.38000
157.98000
156.10000
142.54000
157.07000
155.93000
163.45000
148.58000
126.46000
145.04000
161.44000
150.45000
146.79000
114.97000
113.34000
183.17000
162.71000
126.21000
148.06000
191.78000
124.13000
154.15000
197.23000
164.16000
175.21000
199.19000
117.51000
113.21000
185.09000
159.53000
100.35000
104.79000
147.87000
172.65000
166.83000
164.32000
171.75000
120.09000
141.19000
169.31000
167.76000
180.39000
108.17000
110.79000
133.16000
157.05000
177.56000
104.76000
190.22000
175.02000
181.28000
151.59000
123.49000
147.15000
174.37000
172.69000
164.44000
190.77000
100.77000
165.49000
117.01000
112.52000
123.36000
149.11000
156.60000
144.04000
130.05000
167.69000
183.60000
130.14000
136.73000
142.39000
147.59000
166.22000
127.09000
100.52000
149.89000
108.22000
179.71000
166.32000
119.33000
115.90000
160.61000
112.06000
134.44000
174.02000
160.80000
135.01000
198.72000
117.92000
129.48000
136.46000
105.82000
124.90000
115.55000
173.13000
130.61000
147.61000
124.47000
141.35000
122.20000
123.93000
150.40000
191.50000
187.24000
116.77000
112.46000
198.99000
157.36000
183.52000
157.32000
125.08000
151.84000
186.35000
187.59000
176.37000
111.88000
193.24000
186.08000
174.10000
135.64000
145.20000
100.05000
171.79000
182.89000
108.25000
101.78000
147.96000
138.40000
103.53000
195.68000
149.89000
114.06000
189.32000
169.09000
103.12000
186.59000
174.14000
118.96000
136.82000
195.16000
127.13000
170.70000
132.64000
177.66000
142.44000
174.69000
197.21000
196.98000
100.09000
181.28000
168.62000
155.77000
115.39000
150.71000
172.08000
198.57000
184.46000
170.87000
162.32000
128.23000
129.55000
170.29000
174.09000
185.78000
197.94000
102.48000
167.17000
137.23000
167.94000
164.92000
146.14000
117.05000
194.10000
168.85000
197.01000
112.54000
166.65000
191.92000
191.34000
152.36000
185.98000
190.79000
142.03000
105.67000
177.49000
147.08000
186.95000
166.61000
03.93000
01.80000
03.23000
04.83000
01.51000
04.22000
02.84000
01.94000
01.61000
03.28000
04.52000
02.86000
04.58000
02.57000
03.11000
01.66000
03.74000
02.66000
02.42000
01.43000
02.07000
02.31000
01.11000
04.54000
03.12000
04.09000
04.75000
02.76000
03.46000
04.18000
03.53000
03.77000
02.05000
02.78000
02.92000
02.27000
02.84000
01.10000
01.35000
01.96000
01.85000
02.86000
01.62000
01.39000
01.25000
02.91000
02.58000
03.69000
02.78000
04.28000
04.32000
03.57000
01.01000
04.77000
03.95000
01.39000
03.54000
03.23000
03.52000
02.45000
02.63000
01.05000
04.29000
02.11000
02.73000
02.19000
02.64000
03.64000
02.50000
03.59000
04.63000
04.02000
01.15000
01.70000
03.98000
02.21000
02.87000
01.96000
03.37000
02.16000
04.83000
02.52000
04.97000
04.36000
03.28000
02.52000
01.90000
02.06000
03.28000
01.31000
04.16000
01.95000
01.64000
02.95000
03.09000
02.61000
04.20000
04.52000
02.99000
03.61000
02.54000
01.52000
02.82000
04.64000
02.77000
04.82000
01.61000
03.42000
01.36000
01.63000
04.86000
02.43000
01.77000
04.65000
02.53000
04.88000
04.44000
03.58000
01.58000
02.97000
01.89000
02.34000
03.42000
01.55000
03.14000
01.37000
01.98000
02.13000
02.16000
02.46000
01.23000
01.31000
02.03000
03.95000
02.73000
03.93000
02.81000
01.15000
01.06000
03.80000
01.46000
04.22000
02.55000
04.95000
01.54000
03.35000
02.67000
02.32000
01.99000
01.56000
01.38000
03.61000
02.51000
03.79000
04.88000
04.27000
03.80000
04.01000
04.39000
04.77000
04.63000
01.28000
04.33000
02.79000
04.20000
04.42000
02.45000
04.26000
03.58000
03.72000
04.41000
01.54000
04.07000
03.76000
02.03000
01.74000
04.03000
02.12000
04.14000
04.91000
02.31000
02.20000
04.24000
02.04000
03.86000
04.98000
04.95000
01.96000
04.10000
01.72000
04.70000
04.81000
02.97000
01.61000
01.93000
02.29000
01.43000
02.85000
04.11000
03.11000
