20
10
13.75000
24.42000
75.98000
57.63000
59.01000
99.46000
80.08000
57.53000
47.57000
51.38000
7.57000
65.99000
94.30000
1.23000
84.67000
18.43000
41.78000
94.80000
67.38000
73.01000
1.36000
72.49000
82.34000
85.69000
60.07000
43.43000
98.56000
5.29000
66.38000
57.19000
81.14000
63.83000
63.99000
15.18000
86.15000
76.06000
22.36000
41.53000
95.43000
79.49000
65.56000
85.66000
46.94000
9.27000
30.26000
18.38000
6.68000
55.42000
80.28000
2.49000
22.56000
27.86000
14.92000
41.47000
5.23000
41.44000
54.23000
64.56000
88.11000
37.78000
96.08000
42.41000
32.58000
73.12000
51.57000
96.83000
73.43000
90.38000
44.86000
81.65000
87.32000
1.10000
51.59000
28.19000
62.25000
46.98000
72.16000
91.53000
10.98000
98.47000
48.74000
29.20000
18.31000
37.73000
28.03000
23.42000
54.37000
74.87000
13.47000
47.10000
8.61000
7.06000
82.78000
85.13000
70.12000
29.61000
41.44000
48.20000
56.75000
65.55000
41.01000
76.87000
83.14000
19.64000
7.18000
19.71000
96.25000
82.56000
90.53000
91.43000
28.74000
54.89000
99.65000
57.29000
97.56000
11.28000
65.84000
4.30000
49.39000
51.11000
24.12000
74.92000
79.73000
35.95000
3.72000
8.48000
67.24000
41.66000
10.83000
74.83000
83.99000
86.00000
5.62000
42.33000
3.55000
48.69000
72.01000
1.10000
21.19000
32.23000
99.09000
88.18000
63.27000
62.80000
95.89000
57.33000
63.17000
19.23000
6.17000
95.50000
91.21000
88.20000
65.44000
97.92000
98.28000
78.29000
38.96000
83.51000
60.01000
20.82000
93.64000
39.84000
92.80000
66.30000
5.51000
15.23000
13.98000
7.74000
91.56000
79.82000
52.29000
33.92000
95.38000
82.39000
62.72000
6.01000
82.34000
94.49000
23.99000
7.94000
12.07000
25.85000
26.62000
83.46000
70.66000
3.34000
1.92000
83.29000
75.69000
53.44000
4.30000
16.70000
95.62000
3.29000
15.58000
20.21000
25.65000
1.78000
42.34000
57.08000
07.26000
09.40000
08.95000
08.02000
08.34000
07.29000
05.17000
08.71000
05.82000
06.65000
05.81000
05.91000
07.30000
09.14000
06.59000
09.41000
06.63000
07.66000
09.49000
05.24000
06.10000
06.58000
08.87000
07.48000
08.62000
09.35000
07.98000
05.68000
09.38000
05.94000
07.50000
08.14000
06.78000
06.30000
08.93000
07.94000
05.44000
06.61000
05.03000
09.37000
05.25000
06.05000
08.45000
08.67000
08.30000
06.53000
08.65000
05.86000
06.23000
07.02000
08.17000
07.03000
09.46000
07.02000
05.52000
09.78000
09.64000
07.24000
05.51000
07.96000
06.77000
07.05000
09.76000
06.73000
07.82000
06.31000
05.53000
06.78000
08.45000
06.42000
05.69000
08.28000
07.36000
07.65000
07.07000
09.61000
09.48000
06.50000
07.74000
05.41000
05.53000
05.25000
05.40000
08.00000
07.38000
08.67000
07.55000
06.33000
06.12000
05.44000
09.92000
08.36000
09.96000
07.84000
08.85000
09.52000
08.37000
09.42000
06.94000
06.46000
07.20000
05.09000
08.12000
05.17000
05.76000
06.65000
09.73000
06.19000
06.89000
08.99000
08.87000
06.25000
09.58000
07.68000
07.67000
09.03000
09.08000
09.54000
09.50000
09.49000
05.45000
05.23000
07.79000
08.82000
09.52000
06.36000
07.07000
07.92000
07.24000
05.18000
09.73000
08.98000
09.63000
06.79000
09.93000
05.22000
08.99000
07.53000
08.08000
06.12000
06.59000
08.07000
08.89000
06.02000
05.90000
07.28000
05.39000
07.32000
08.64000
06.35000
07.95000
06.87000
09.12000
06.14000
08.99000
08.69000
07.90000
08.80000
07.22000
08.03000
06.12000
05.29000
08.15000
08.22000
08.97000
09.84000
08.49000
09.32000
08.24000
08.70000
08.90000
05.40000
07.79000
09.76000
06.35000
07.48000
07.70000
07.19000
09.06000
07.86000
08.14000
07.70000
08.00000
06.39000
09.73000
08.54000
07.38000
06.50000
09.75000
08.68000
07.96000
06.99000
07.83000
09.33000
07.50000
07.16000
09.85000
07.93000
05.02000
07.60000
