20
10
119.26000
156.88000
191.32000
178.86000
143.80000
155.10000
127.90000
150.11000
133.92000
192.44000
141.20000
124.73000
168.14000
153.66000
122.22000
199.99000
149.97000
148.54000
186.99000
198.17000
115.66000
143.14000
133.49000
155.52000
190.63000
121.88000
148.06000
122.73000
118.33000
115.17000
115.56000
182.83000
105.41000
185.91000
155.13000
111.19000
183.52000
121.99000
110.93000
108.20000
124.07000
171.60000
107.65000
113.96000
185.64000
132.76000
106.90000
152.68000
184.37000
187.43000
145.07000
189.80000
180.04000
101.63000
194.42000
103.83000
157.40000
166.37000
152.23000
198.29000
116.41000
146.45000
176.99000
106.23000
152.78000
169.72000
183.67000
158.85000
186.13000
197.10000
103.16000
159.53000
154.35000
122.73000
185.83000
114.90000
120.33000
165.75000
107.09000
156.60000
147.98000
138.11000
167.91000
183.66000
115.36000
103.25000
149.38000
194.18000
118.05000
167.85000
108.54000
199.68000
197.06000
179.19000
198.90000
159.92000
118.41000
109.52000
198.99000
159.67000
186.80000
175.95000
138.48000
153.56000
153.55000
163.12000
163.29000
180.48000
100.58000
108.02000
149.83000
124.69000
197.03000
136.02000
179.73000
124.09000
137.04000
197.53000
159.63000
141.56000
177.66000
181.83000
194.10000
189.37000
121.58000
175.18000
141.79000
121.72000
150.50000
150.52000
107.52000
172.18000
186.71000
136.36000
126.03000
181.78000
177.47000
186.23000
157.09000
116.54000
119.21000
172.94000
128.51000
122.59000
102.88000
192.21000
177.52000
124.03000
114.20000
111.86000
151.25000
151.07000
153.56000
188.56000
162.58000
172.83000
146.33000
103.93000
149.40000
183.47000
156.89000
186.86000
193.47000
169.30000
106.26000
172.13000
112.11000
175.45000
166.92000
123.46000
115.67000
174.42000
142.39000
150.63000
120.16000
188.48000
161.16000
188.41000
166.61000
164.91000
120.16000
106.94000
124.89000
169.75000
131.13000
181.56000
190.51000
163.51000
106.18000
113.31000
182.89000
155.22000
176.94000
190.08000
146.18000
145.28000
100.05000
124.78000
149.52000
159.08000
06.24000
09.23000
09.44000
08.73000
08.78000
09.54000
09.07000
09.49000
09.29000
06.80000
05.01000
07.56000
05.99000
08.28000
08.61000
08.35000
08.37000
07.53000
07.45000
08.51000
08.21000
09.30000
06.60000
07.60000
07.91000
07.88000
05.51000
05.57000
05.01000
09.60000
06.80000
09.92000
08.51000
05.01000
07.58000
09.34000
08.68000
05.93000
06.25000
08.78000
06.08000
08.31000
08.06000
08.38000
05.33000
07.70000
08.06000
05.04000
06.81000
05.87000
05.04000
09.75000
06.57000
07.92000
08.14000
05.74000
06.88000
05.21000
07.80000
07.47000
05.67000
07.87000
07.21000
06.76000
06.54000
06.41000
05.19000
06.06000
08.19000
09.66000
06.57000
08.46000
09.91000
08.47000
08.78000
07.97000
07.28000
09.99000
05.52000
09.85000
08.08000
07.45000
05.74000
06.30000
09.97000
06.01000
09.42000
09.46000
09.37000
07.45000
09.26000
06.18000
05.15000
09.70000
07.23000
07.50000
07.38000
06.91000
06.56000
05.70000
07.85000
08.00000
05.92000
07.53000
05.81000
09.85000
05.33000
06.08000
07.04000
08.36000
05.79000
07.34000
06.17000
09.71000
05.06000
05.64000
09.08000
06.35000
07.14000
06.54000
05.79000
09.40000
05.73000
08.84000
05.97000
09.74000
06.74000
07.24000
06.20000
05.60000
07.87000
05.73000
08.16000
07.68000
08.88000
08.16000
09.75000
07.98000
05.83000
09.63000
09.96000
07.56000
05.21000
05.23000
08.28000
08.74000
06.38000
09.24000
07.76000
05.17000
09.15000
09.72000
08.34000
08.36000
06.60000
06.30000
06.23000
06.06000
08.04000
09.87000
09.22000
08.12000
08.52000
06.83000
09.59000
06.94000
07.40000
08.92000
06.08000
08.65000
06.37000
09.90000
08.16000
06.81000
08.00000
06.43000
06.56000
06.19000
06.16000
06.41000
05.10000
05.18000
07.48000
05.45000
08.46000
08.45000
07.80000
08.50000
07.52000
08.45000
09.41000
07.17000
07.54000
07.02000
05.71000
06.40000
05.01000
07.21000
06.31000
07.38000
