20
10
49.08000
69.81000
78.75000
29.61000
81.13000
4.67000
2.49000
65.81000
50.57000
75.03000
51.00000
31.98000
90.85000
24.49000
73.08000
80.08000
63.11000
17.43000
41.26000
89.87000
90.73000
65.99000
87.55000
97.55000
2.65000
83.95000
45.68000
68.57000
7.09000
96.31000
99.62000
65.12000
17.82000
72.52000
76.52000
69.03000
72.35000
6.77000
26.25000
86.87000
99.49000
54.17000
14.84000
17.66000
76.47000
11.04000
92.20000
28.56000
57.08000
78.38000
4.78000
34.09000
57.17000
80.22000
77.80000
68.68000
18.36000
63.35000
67.25000
92.50000
1.85000
2.25000
23.26000
56.24000
89.53000
48.18000
55.31000
25.31000
73.77000
61.15000
52.17000
8.02000
97.28000
41.55000
69.92000
17.13000
30.48000
14.50000
90.39000
90.16000
59.86000
74.53000
74.38000
43.47000
37.87000
38.74000
28.11000
89.40000
37.79000
65.18000
24.04000
22.96000
56.90000
58.31000
71.85000
57.98000
18.26000
46.37000
7.95000
37.08000
53.22000
86.89000
65.31000
5.83000
79.07000
78.26000
2.50000
70.63000
66.92000
97.47000
84.42000
76.84000
91.42000
76.86000
2.09000
68.17000
53.95000
72.49000
65.27000
14.07000
36.57000
48.25000
67.71000
16.08000
5.59000
19.44000
12.30000
35.59000
90.58000
6.16000
34.38000
84.74000
72.28000
92.32000
26.06000
61.82000
53.16000
89.59000
3.19000
87.88000
26.64000
83.62000
4.18000
31.21000
48.86000
66.66000
35.44000
84.05000
87.72000
53.27000
34.04000
69.51000
50.79000
6.73000
18.91000
62.22000
68.39000
14.05000
33.75000
62.58000
57.99000
38.98000
2.50000
18.66000
96.54000
86.79000
4.87000
82.16000
49.68000
30.72000
72.08000
96.11000
75.58000
35.13000
77.65000
39.26000
60.15000
91.13000
18.89000
14.07000
90.68000
82.62000
20.25000
2.31000
73.54000
40.53000
5.43000
33.35000
42.58000
16.42000
41.95000
76.39000
35.31000
4.50000
80.70000
39.00000
14.99000
23.72000
97.32000
51.50000
01.23000
03.65000
03.12000
01.54000
03.89000
02.14000
04.03000
02.87000
04.37000
02.46000
04.06000
02.94000
02.53000
03.68000
01.54000
03.34000
03.18000
01.89000
03.81000
02.62000
01.40000
02.71000
03.16000
04.04000
02.90000
03.91000
01.18000
03.06000
01.42000
02.04000
03.83000
03.23000
03.44000
04.80000
04.08000
02.76000
04.40000
04.90000
03.86000
04.85000
04.28000
04.52000
02.93000
03.37000
04.42000
04.16000
02.03000
01.59000
02.36000
04.66000
03.35000
02.70000
04.20000
03.35000
03.47000
02.54000
01.00000
02.55000
03.97000
01.94000
04.56000
03.27000
01.49000
02.54000
02.06000
03.39000
01.86000
02.10000
04.34000
03.76000
02.75000
04.26000
02.13000
04.33000
01.35000
03.48000
03.10000
02.05000
03.87000
03.19000
02.50000
03.55000
04.54000
03.65000
02.33000
03.11000
04.43000
04.43000
01.75000
01.38000
01.46000
01.08000
01.09000
01.94000
02.45000
03.68000
01.68000
01.36000
03.23000
03.31000
01.10000
04.48000
01.82000
01.28000
04.41000
02.53000
02.00000
02.55000
04.57000
01.46000
04.89000
03.18000
04.54000
01.46000
03.93000
01.86000
04.28000
03.74000
01.59000
02.29000
04.26000
04.00000
04.19000
02.64000
01.99000
04.53000
04.00000
02.43000
03.91000
01.42000
04.67000
04.88000
04.60000
04.51000
03.28000
02.32000
03.64000
04.63000
01.90000
04.07000
04.73000
02.24000
04.80000
01.22000
03.79000
01.61000
02.89000
02.26000
01.09000
04.80000
01.19000
03.71000
03.82000
04.26000
01.40000
04.54000
04.19000
01.44000
02.23000
04.68000
03.36000
03.40000
02.20000
03.51000
02.47000
01.45000
02.82000
02.78000
02.19000
02.35000
01.84000
02.31000
03.34000
02.16000
02.57000
04.68000
03.74000
01.97000
01.35000
01.45000
02.27000
04.87000
03.81000
01.38000
02.42000
04.60000
01.80000
04.38000
04.49000
02.40000
01.81000
02.16000
03.93000
02.97000
01.81000
01.95000
01.21000
04.02000
04.73000
03.94000
