20
4
75.72000
40.03000
8.67000
21.72000
58.91000
89.16000
21.07000
49.39000
11.56000
31.19000
72.55000
89.08000
72.91000
5.34000
5.32000
82.00000
85.18000
51.83000
57.62000
68.37000
23.72000
59.95000
26.86000
87.10000
58.39000
56.98000
52.17000
14.82000
65.82000
30.63000
82.72000
1.15000
11.99000
45.88000
84.49000
12.06000
60.85000
68.69000
23.44000
13.52000
2.45000
80.42000
44.88000
72.82000
8.62000
7.61000
90.51000
94.00000
17.14000
70.95000
34.85000
98.18000
18.72000
63.16000
66.60000
76.09000
4.08000
73.95000
77.50000
18.45000
20.58000
72.69000
34.51000
13.79000
95.09000
92.24000
92.89000
12.96000
42.20000
99.64000
81.10000
7.70000
75.38000
11.34000
14.61000
13.49000
12.10000
40.83000
7.90000
45.79000
03.74000
03.32000
02.45000
02.25000
03.19000
03.03000
02.86000
01.06000
03.34000
04.72000
03.53000
03.41000
03.32000
03.52000
03.60000
04.44000
02.25000
02.55000
02.17000
03.25000
01.12000
02.06000
03.97000
01.13000
01.64000
01.40000
02.13000
01.37000
02.47000
04.57000
04.66000
03.51000
03.72000
03.70000
03.67000
03.66000
01.52000
02.91000
03.29000
01.96000
04.37000
02.96000
04.37000
01.15000
02.16000
02.57000
01.88000
01.87000
04.66000
02.68000
04.66000
01.65000
01.01000
04.42000
01.85000
01.62000
04.32000
04.90000
02.57000
02.89000
01.22000
03.27000
01.83000
01.84000
03.04000
02.01000
02.11000
03.54000
01.30000
03.21000
03.89000
02.78000
02.13000
01.01000
01.30000
01.68000
03.66000
01.54000
04.47000
02.37000
