20
4
47.31000
48.17000
89.34000
25.24000
46.01000
33.93000
8.97000
79.26000
94.62000
92.02000
48.12000
27.73000
35.36000
64.67000
49.01000
9.87000
7.45000
91.10000
51.85000
65.90000
78.12000
72.12000
23.48000
8.22000
54.45000
92.78000
5.91000
74.05000
34.48000
22.01000
24.52000
31.42000
83.17000
23.77000
45.29000
44.31000
67.50000
64.04000
34.17000
78.69000
16.43000
36.02000
83.25000
50.49000
91.49000
76.95000
39.99000
27.63000
51.33000
37.48000
74.86000
68.21000
84.67000
7.30000
79.60000
63.96000
83.23000
76.16000
44.91000
5.60000
23.46000
69.88000
9.38000
61.09000
24.93000
24.12000
59.68000
59.92000
28.94000
96.15000
70.76000
85.26000
50.95000
4.42000
58.07000
53.58000
7.44000
61.42000
37.10000
79.36000
01.76000
01.42000
04.25000
01.90000
01.33000
02.81000
01.90000
03.52000
03.85000
04.43000
02.07000
02.93000
04.45000
01.41000
03.88000
03.26000
02.25000
04.87000
02.45000
03.63000
01.73000
04.29000
04.59000
03.40000
03.32000
02.76000
01.94000
04.90000
01.47000
01.32000
03.91000
04.54000
04.29000
04.08000
02.62000
02.45000
03.92000
03.18000
02.20000
02.76000
03.50000
01.67000
01.55000
02.18000
02.94000
01.49000
03.83000
02.24000
01.35000
04.07000
01.64000
03.61000
03.85000
02.51000
04.11000
03.42000
03.56000
01.96000
04.35000
02.78000
04.32000
03.57000
01.33000
01.06000
05.00000
04.21000
04.59000
04.80000
02.36000
03.59000
01.60000
02.33000
02.55000
03.81000
02.48000
03.77000
03.67000
03.00000
01.38000
03.25000
