20
4
49.47000
50.33000
74.14000
82.06000
24.46000
88.37000
53.98000
37.16000
43.96000
20.09000
98.43000
54.55000
49.17000
83.70000
49.70000
75.44000
80.31000
22.42000
47.02000
41.05000
53.98000
26.29000
96.76000
15.04000
27.34000
34.89000
39.48000
93.95000
54.67000
27.09000
19.16000
89.93000
2.95000
67.84000
1.77000
67.95000
36.13000
24.12000
52.27000
92.98000
99.75000
26.15000
59.54000
25.73000
61.48000
69.97000
67.30000
33.98000
63.46000
15.59000
61.16000
38.39000
96.39000
51.72000
31.85000
29.67000
52.01000
70.09000
69.08000
97.55000
13.51000
41.15000
81.81000
52.97000
96.41000
33.71000
9.75000
47.19000
96.00000
82.95000
60.10000
56.32000
27.74000
6.34000
50.35000
95.83000
6.11000
17.34000
94.96000
82.19000
08.91000
09.49000
09.18000
06.35000
06.03000
07.37000
06.19000
07.42000
07.65000
07.61000
09.66000
05.30000
07.69000
09.11000
08.50000
08.91000
05.05000
05.79000
06.61000
07.13000
09.12000
09.75000
08.72000
06.44000
08.12000
06.23000
07.99000
07.89000
05.20000
06.45000
07.91000
08.16000
05.51000
05.56000
08.64000
07.40000
09.21000
08.71000
05.34000
05.77000
06.48000
05.57000
07.29000
05.51000
07.01000
08.98000
06.47000
09.93000
07.70000
08.52000
09.01000
06.19000
09.95000
05.60000
06.31000
05.68000
05.16000
06.61000
09.79000
09.82000
09.47000
06.76000
06.53000
08.79000
09.54000
08.33000
05.70000
05.73000
08.48000
07.56000
07.58000
06.66000
08.95000
07.11000
09.81000
09.24000
08.60000
09.63000
05.05000
06.12000
