20
10
116.70000
140.62000
135.53000
132.59000
141.96000
104.38000
167.70000
188.47000
158.49000
156.38000
124.14000
168.72000
188.54000
125.13000
139.63000
114.35000
179.40000
164.16000
173.92000
191.39000
161.19000
142.69000
192.03000
152.14000
176.99000
195.64000
101.29000
165.40000
176.69000
105.24000
191.52000
160.50000
160.67000
128.12000
175.60000
106.59000
154.33000
145.94000
191.43000
197.79000
150.35000
180.15000
180.73000
100.92000
188.88000
168.64000
141.65000
113.41000
144.95000
129.44000
193.75000
124.98000
122.07000
172.34000
153.03000
157.89000
148.76000
132.09000
160.50000
159.42000
101.91000
137.16000
150.83000
144.93000
115.33000
140.78000
197.02000
195.82000
149.07000
157.78000
126.22000
100.92000
134.76000
176.06000
182.57000
160.61000
129.06000
108.51000
135.22000
100.28000
158.27000
178.87000
177.95000
136.08000
178.46000
176.49000
174.30000
140.37000
144.03000
157.07000
180.27000
195.00000
139.72000
111.63000
193.14000
103.49000
175.32000
156.18000
135.15000
194.36000
146.30000
162.07000
138.03000
161.83000
122.79000
125.95000
131.12000
116.97000
170.09000
199.02000
173.34000
187.75000
151.08000
100.41000
140.08000
105.80000
153.67000
174.27000
131.73000
127.76000
115.70000
130.48000
172.16000
192.11000
156.64000
173.57000
143.80000
137.82000
197.35000
161.84000
120.07000
186.71000
103.83000
167.54000
179.51000
123.54000
167.10000
187.95000
125.63000
158.08000
183.91000
173.07000
170.69000
101.64000
125.25000
174.38000
119.51000
157.75000
126.95000
144.75000
172.63000
104.97000
183.15000
134.55000
136.69000
106.20000
112.98000
119.19000
143.33000
149.34000
140.92000
148.28000
129.49000
170.78000
168.65000
181.41000
105.73000
178.25000
102.10000
198.48000
183.20000
168.30000
188.54000
153.01000
121.67000
106.94000
100.22000
123.50000
105.89000
185.18000
191.86000
102.46000
156.62000
192.97000
142.41000
192.21000
175.05000
183.06000
106.93000
199.94000
167.02000
178.83000
110.82000
107.28000
170.42000
174.41000
104.46000
120.88000
148.14000
188.93000
01.01000
02.53000
02.67000
01.95000
03.39000
02.35000
01.35000
01.84000
01.07000
01.84000
03.36000
01.06000
03.37000
01.56000
04.54000
02.68000
04.63000
03.10000
01.71000
02.78000
04.50000
04.24000
04.11000
01.20000
03.29000
01.14000
01.81000
02.99000
04.27000
03.49000
02.05000
03.21000
03.38000
04.50000
03.28000
01.56000
01.59000
02.37000
04.95000
02.74000
02.22000
02.36000
04.40000
02.73000
03.82000
01.03000
02.44000
03.64000
01.56000
01.27000
03.79000
02.92000
03.03000
01.91000
02.52000
01.88000
04.80000
02.77000
01.72000
02.85000
04.83000
04.08000
03.43000
04.90000
03.23000
03.21000
02.02000
04.48000
03.43000
04.99000
02.90000
01.82000
01.65000
02.86000
04.76000
04.84000
03.09000
03.29000
03.32000
02.52000
02.28000
01.11000
04.16000
02.01000
03.89000
01.49000
01.75000
04.72000
02.31000
02.17000
04.45000
03.64000
03.36000
04.22000
04.56000
02.34000
01.88000
01.72000
03.43000
01.41000
02.62000
02.41000
01.74000
04.35000
01.76000
03.62000
01.01000
02.73000
04.65000
03.98000
02.64000
03.49000
03.75000
01.20000
01.57000
02.83000
04.50000
01.96000
01.76000
01.95000
01.42000
04.77000
01.79000
02.55000
03.35000
03.51000
03.16000
02.10000
03.57000
03.08000
02.23000
03.52000
02.14000
02.80000
01.57000
04.63000
04.14000
03.02000
04.76000
04.27000
02.36000
03.80000
04.23000
02.93000
03.03000
02.83000
04.13000
01.52000
04.71000
01.83000
03.76000
01.42000
04.09000
02.74000
02.32000
03.08000
02.89000
04.53000
04.03000
03.98000
02.69000
01.01000
02.61000
01.39000
02.02000
01.75000
01.24000
04.34000
02.91000
02.68000
01.98000
03.63000
03.70000
01.36000
01.65000
03.34000
03.71000
04.37000
02.08000
04.55000
02.05000
03.62000
01.22000
04.48000
03.93000
03.35000
01.08000
04.30000
04.38000
01.18000
04.36000
03.68000
04.35000
03.30000
02.52000
03.34000
01.81000
04.92000
04.01000
04.98000
