20
10
71.83000
66.37000
50.37000
62.19000
66.86000
56.55000
76.89000
80.05000
99.46000
53.45000
68.48000
35.21000
80.29000
72.93000
47.16000
54.91000
43.78000
56.60000
59.74000
93.13000
36.94000
20.95000
12.85000
24.02000
98.38000
29.40000
91.70000
15.51000
64.80000
61.26000
16.94000
98.66000
23.20000
61.22000
85.94000
32.54000
85.34000
97.73000
26.85000
95.98000
60.62000
16.75000
78.71000
14.67000
84.03000
73.70000
42.20000
98.38000
7.03000
7.15000
71.00000
78.89000
18.75000
12.40000
69.60000
64.87000
36.03000
12.47000
66.22000
90.74000
95.84000
7.13000
95.14000
18.27000
93.97000
50.42000
79.98000
36.33000
42.41000
34.06000
21.51000
78.47000
59.11000
32.70000
50.06000
33.70000
88.77000
46.72000
23.70000
13.79000
48.59000
25.43000
55.97000
97.59000
99.23000
52.51000
67.43000
77.02000
61.56000
99.65000
48.01000
38.05000
7.12000
46.59000
81.63000
70.77000
32.20000
94.80000
78.94000
92.04000
58.40000
94.97000
49.49000
95.16000
32.49000
45.70000
97.93000
44.10000
65.65000
40.91000
29.29000
87.22000
9.78000
87.17000
4.84000
45.45000
38.51000
17.80000
12.60000
61.51000
52.02000
12.49000
86.02000
12.33000
37.88000
1.59000
29.46000
65.80000
23.30000
56.87000
70.12000
38.69000
61.29000
39.51000
75.35000
2.54000
31.55000
33.41000
36.27000
53.66000
83.45000
72.55000
31.05000
54.54000
46.86000
6.34000
39.66000
4.57000
68.29000
3.66000
94.11000
83.30000
30.55000
3.01000
89.58000
43.60000
39.23000
66.66000
45.04000
59.11000
27.70000
62.85000
92.59000
48.97000
19.58000
51.12000
76.71000
65.88000
1.45000
78.99000
40.19000
15.86000
7.74000
88.06000
29.83000
50.86000
97.61000
44.69000
18.17000
50.64000
91.69000
23.46000
58.95000
44.40000
38.07000
27.16000
65.47000
39.84000
55.33000
53.10000
47.14000
88.65000
57.21000
70.73000
29.12000
73.66000
81.24000
74.26000
61.27000
1.43000
03.55000
04.82000
02.01000
02.72000
03.44000
01.36000
03.21000
03.03000
01.02000
03.34000
02.89000
01.19000
03.13000
04.82000
02.38000
01.77000
01.59000
04.90000
04.02000
02.36000
01.59000
03.02000
03.26000
03.18000
03.71000
04.13000
01.40000
02.47000
01.60000
02.64000
02.40000
02.89000
04.71000
01.28000
02.23000
01.66000
03.49000
03.73000
01.83000
04.98000
04.00000
02.76000
02.58000
03.81000
03.26000
03.01000
04.22000
01.95000
04.94000
04.49000
04.21000
02.84000
02.12000
03.52000
02.10000
01.33000
04.87000
01.42000
02.48000
01.23000
04.27000
01.97000
03.26000
03.81000
03.37000
01.16000
04.10000
04.18000
04.75000
03.84000
02.44000
01.89000
02.11000
04.94000
02.49000
02.38000
02.14000
04.43000
01.44000
04.12000
03.82000
03.14000
01.10000
03.10000
03.59000
03.83000
02.74000
04.69000
04.31000
04.34000
02.38000
02.76000
01.32000
03.24000
01.84000
02.39000
02.94000
04.12000
03.95000
01.66000
04.01000
02.23000
04.66000
04.55000
04.35000
03.96000
02.10000
02.62000
01.77000
04.54000
01.99000
01.52000
02.23000
03.19000
04.77000
02.97000
04.69000
04.10000
03.90000
01.65000
02.27000
04.91000
02.23000
02.04000
02.71000
04.01000
02.93000
02.47000
01.45000
01.35000
02.10000
02.92000
04.07000
01.74000
03.82000
02.71000
01.14000
03.01000
01.15000
02.17000
04.83000
04.75000
03.90000
04.94000
01.77000
04.84000
03.48000
01.18000
03.92000
01.48000
01.76000
02.08000
01.50000
02.13000
03.44000
01.59000
01.70000
03.23000
02.22000
02.65000
01.86000
03.02000
04.48000
02.72000
03.38000
01.04000
04.06000
04.39000
04.36000
04.51000
04.40000
04.43000
04.63000
04.51000
03.82000
04.41000
01.02000
01.11000
01.64000
02.91000
03.57000
02.64000
01.91000
02.26000
02.88000
03.57000
04.06000
04.32000
01.86000
02.06000
01.48000
04.16000
02.95000
01.80000
03.10000
03.98000
01.60000
03.50000
02.90000
02.99000
