20
10
136.79000
150.01000
163.54000
167.64000
114.35000
194.12000
137.32000
140.84000
119.61000
183.22000
137.43000
110.77000
106.07000
177.05000
129.87000
149.70000
152.25000
160.39000
105.67000
154.89000
133.44000
125.66000
162.18000
117.65000
123.10000
154.93000
149.05000
139.89000
124.47000
151.49000
135.35000
195.24000
119.22000
153.23000
115.20000
134.09000
113.97000
123.04000
107.75000
131.84000
123.72000
113.34000
174.25000
140.94000
155.01000
166.77000
161.77000
112.37000
154.33000
188.33000
106.57000
144.31000
156.44000
119.03000
155.92000
190.27000
121.10000
124.88000
182.08000
128.76000
170.15000
113.25000
151.94000
159.04000
171.51000
104.54000
190.61000
143.54000
147.57000
171.41000
107.30000
135.08000
111.25000
183.03000
127.42000
115.30000
100.41000
133.51000
101.36000
190.83000
143.21000
160.26000
122.80000
148.63000
132.95000
175.00000
129.56000
183.56000
157.60000
132.56000
101.11000
144.32000
133.19000
155.22000
165.99000
165.69000
100.72000
190.24000
177.69000
107.43000
147.58000
163.34000
155.00000
145.07000
153.04000
134.44000
144.89000
129.17000
135.27000
153.50000
180.49000
108.29000
138.41000
120.91000
118.44000
195.32000
131.58000
162.05000
140.38000
128.16000
158.09000
161.12000
144.88000
174.52000
187.93000
147.34000
115.82000
158.91000
171.15000
127.65000
160.63000
161.03000
105.01000
105.58000
189.10000
196.89000
111.78000
109.63000
135.98000
107.52000
143.64000
121.52000
104.92000
142.62000
138.20000
114.07000
100.56000
149.97000
175.64000
116.00000
123.64000
179.39000
131.34000
158.94000
162.06000
175.03000
105.70000
199.56000
128.71000
106.02000
182.06000
138.70000
155.16000
133.01000
166.88000
121.03000
130.93000
129.77000
100.09000
150.29000
116.22000
187.72000
160.21000
111.25000
102.05000
104.12000
150.76000
113.66000
104.44000
101.24000
194.15000
105.35000
146.32000
193.67000
161.62000
191.05000
163.54000
140.50000
127.14000
161.61000
129.02000
100.52000
197.35000
179.93000
161.88000
149.12000
103.90000
133.91000
106.27000
186.69000
07.28000
08.23000
09.62000
08.22000
06.55000
06.34000
08.36000
08.38000
09.48000
05.52000
05.97000
06.84000
08.03000
06.80000
07.53000
07.76000
05.45000
07.47000
09.41000
06.56000
08.55000
08.59000
06.39000
08.55000
08.23000
06.79000
06.64000
05.45000
06.47000
05.20000
07.30000
07.70000
06.01000
08.15000
09.23000
07.74000
05.86000
06.19000
09.57000
09.25000
08.16000
07.12000
09.94000
06.75000
06.64000
07.35000
06.39000
08.19000
07.72000
05.18000
07.05000
08.37000
06.20000
09.45000
09.85000
09.25000
08.11000
05.26000
08.94000
09.07000
05.84000
08.51000
07.79000
05.59000
09.16000
09.04000
08.17000
07.29000
06.58000
08.54000
07.16000
08.25000
06.18000
06.65000
05.94000
06.23000
07.26000
09.24000
06.96000
05.21000
07.93000
05.06000
08.98000
07.34000
06.15000
05.86000
08.56000
06.52000
06.95000
08.05000
06.23000
09.63000
07.92000
08.29000
07.71000
06.47000
07.92000
09.49000
09.99000
08.07000
05.95000
08.29000
06.76000
05.79000
05.29000
09.73000
08.59000
07.95000
08.43000
09.30000
08.88000
06.17000
08.75000
06.93000
09.13000
08.51000
05.87000
08.81000
07.09000
09.29000
08.72000
08.05000
07.95000
08.96000
05.69000
09.15000
05.17000
09.23000
07.47000
08.94000
09.11000
09.66000
09.47000
06.91000
08.33000
07.84000
08.34000
08.76000
07.59000
07.62000
06.26000
05.15000
07.30000
08.20000
05.12000
07.52000
08.66000
08.51000
07.87000
08.80000
06.22000
05.82000
08.19000
09.24000
06.79000
08.51000
06.03000
05.34000
08.44000
06.21000
05.04000
09.24000
06.21000
06.02000
09.79000
08.19000
06.22000
09.20000
05.08000
07.91000
07.61000
06.03000
09.16000
05.68000
06.73000
06.89000
06.48000
05.05000
06.18000
08.46000
05.44000
05.53000
06.80000
05.57000
07.51000
09.32000
06.56000
07.84000
05.19000
05.70000
09.40000
08.46000
07.48000
05.22000
07.45000
06.09000
09.62000
09.71000
09.08000
05.70000
