20
4
197.71000
162.64000
165.68000
183.24000
180.82000
162.94000
123.21000
194.30000
197.93000
194.90000
135.06000
107.33000
189.68000
199.16000
141.86000
162.96000
196.69000
116.33000
184.24000
101.83000
104.21000
108.97000
147.35000
107.11000
177.56000
199.56000
115.54000
119.50000
106.99000
125.13000
122.61000
199.67000
158.12000
151.32000
134.21000
113.27000
196.58000
143.74000
115.94000
125.92000
163.23000
189.71000
134.51000
187.31000
151.88000
196.05000
101.69000
114.75000
195.25000
167.25000
168.89000
102.37000
183.95000
193.94000
126.74000
140.79000
108.61000
166.76000
165.87000
120.65000
149.02000
140.58000
137.57000
147.27000
103.52000
116.72000
123.83000
138.37000
100.43000
126.67000
160.30000
121.09000
155.38000
186.07000
162.62000
111.06000
183.98000
110.52000
146.41000
123.91000
05.66000
08.67000
08.54000
06.31000
09.65000
05.39000
06.99000
07.04000
09.79000
08.61000
08.54000
08.73000
09.98000
07.24000
07.10000
05.28000
09.14000
05.19000
06.57000
05.59000
08.12000
07.13000
09.29000
08.95000
05.21000
09.45000
07.78000
08.63000
05.14000
07.77000
06.69000
09.38000
08.07000
07.25000
06.17000
06.38000
09.15000
08.04000
06.38000
09.76000
06.42000
09.92000
09.50000
09.21000
05.98000
07.14000
07.91000
08.89000
08.59000
05.88000
07.56000
05.80000
05.64000
07.55000
09.87000
06.33000
08.55000
08.56000
06.24000
06.90000
09.14000
07.66000
09.83000
07.04000
06.72000
09.81000
08.26000
07.56000
09.18000
08.13000
05.42000
05.59000
09.19000
05.28000
08.95000
08.79000
09.40000
08.93000
06.51000
09.80000
