20
4
123.82000
148.37000
112.59000
142.90000
154.78000
102.77000
130.47000
120.56000
144.75000
113.84000
127.68000
125.19000
134.35000
122.19000
144.83000
197.43000
164.21000
168.47000
122.55000
177.89000
154.85000
196.17000
185.20000
159.66000
158.86000
173.68000
196.54000
171.45000
143.95000
111.17000
171.79000
176.04000
175.75000
174.27000
176.54000
139.06000
119.87000
128.61000
176.44000
126.12000
159.58000
115.21000
115.72000
100.80000
124.21000
103.77000
171.38000
122.97000
168.55000
182.20000
152.06000
130.31000
183.23000
141.12000
148.39000
113.46000
158.87000
171.16000
150.99000
163.05000
181.81000
135.72000
134.13000
134.31000
120.10000
151.90000
116.67000
177.94000
125.80000
126.89000
174.44000
138.20000
114.53000
176.33000
123.04000
130.71000
101.92000
115.82000
178.12000
171.10000
09.95000
06.51000
09.70000
08.06000
06.76000
05.12000
09.10000
08.80000
05.97000
06.48000
07.85000
06.75000
06.48000
09.49000
09.86000
05.81000
07.21000
08.07000
09.03000
09.88000
09.35000
05.37000
07.44000
07.40000
06.85000
09.66000
09.46000
07.16000
08.43000
06.19000
08.14000
09.26000
09.25000
05.13000
08.65000
08.84000
09.48000
06.64000
06.14000
06.06000
06.42000
08.04000
06.77000
09.14000
09.58000
07.93000
06.91000
09.61000
07.04000
05.59000
09.54000
08.56000
05.20000
07.43000
06.08000
07.38000
05.47000
09.85000
07.92000
07.50000
09.30000
05.97000
05.42000
06.56000
09.31000
07.11000
09.42000
09.20000
05.45000
05.67000
08.38000
05.60000
05.40000
09.32000
09.96000
08.42000
06.79000
05.71000
06.83000
05.30000
