20
10
109.09000
101.87000
108.64000
188.40000
161.94000
188.46000
167.09000
163.45000
161.24000
138.79000
170.61000
153.98000
160.49000
112.60000
185.22000
132.27000
138.22000
194.68000
101.94000
195.57000
155.97000
114.28000
139.93000
126.34000
123.26000
125.87000
188.82000
165.27000
171.02000
173.50000
105.87000
106.07000
180.90000
195.07000
185.24000
199.12000
159.54000
153.45000
146.05000
119.82000
173.34000
107.75000
120.88000
115.97000
103.36000
102.11000
166.51000
137.69000
120.16000
183.33000
188.17000
138.68000
158.49000
192.45000
133.12000
172.43000
178.13000
195.46000
173.64000
117.46000
138.55000
134.85000
193.54000
106.18000
128.48000
194.40000
155.15000
143.31000
161.87000
198.29000
163.55000
156.24000
151.62000
115.66000
144.12000
126.59000
135.61000
140.65000
147.25000
161.02000
155.69000
101.52000
194.02000
119.72000
142.60000
130.62000
107.32000
128.39000
183.17000
121.29000
104.17000
181.63000
193.42000
195.80000
113.08000
114.23000
114.38000
101.42000
187.58000
185.95000
131.78000
156.60000
167.86000
106.83000
111.75000
156.90000
116.64000
154.50000
137.24000
173.90000
179.87000
165.94000
152.39000
108.01000
114.21000
154.05000
126.33000
184.60000
101.29000
156.72000
162.74000
197.28000
107.48000
127.24000
163.18000
146.29000
108.40000
183.79000
135.76000
108.15000
101.95000
176.83000
177.72000
186.37000
197.89000
122.36000
111.34000
109.47000
131.00000
161.41000
107.30000
118.85000
190.22000
188.93000
137.31000
176.54000
155.68000
145.78000
178.95000
112.35000
117.33000
193.47000
107.60000
157.94000
163.08000
176.12000
123.66000
169.93000
105.80000
162.87000
151.91000
161.56000
119.69000
196.64000
155.77000
130.12000
123.87000
139.00000
126.78000
164.36000
156.33000
161.31000
143.45000
149.04000
108.09000
160.82000
109.29000
193.94000
195.15000
159.79000
194.71000
132.93000
198.97000
188.19000
133.56000
194.70000
171.96000
145.47000
139.22000
110.09000
161.95000
184.69000
118.32000
141.99000
188.07000
181.24000
102.50000
178.28000
194.47000
135.51000
06.67000
09.43000
05.59000
06.59000
09.64000
06.17000
06.63000
06.47000
08.47000
06.17000
08.72000
06.84000
05.11000
05.45000
06.96000
06.86000
07.79000
06.31000
07.70000
06.94000
07.28000
06.16000
09.34000
05.60000
05.32000
07.00000
05.29000
05.00000
06.59000
07.76000
06.33000
09.43000
08.87000
07.73000
08.34000
06.34000
06.14000
07.49000
08.44000
09.41000
09.70000
05.69000
09.43000
05.73000
08.37000
09.79000
07.16000
09.63000
06.83000
08.66000
06.30000
09.45000
09.87000
06.17000
09.76000
07.16000
08.54000
07.40000
06.69000
06.00000
06.44000
09.88000
09.91000
05.63000
06.47000
05.17000
06.85000
09.44000
05.30000
09.12000
07.08000
07.19000
05.98000
06.36000
06.79000
06.64000
07.84000
07.78000
08.44000
06.80000
08.79000
05.36000
08.53000
05.66000
07.44000
09.00000
07.13000
08.78000
05.85000
06.23000
06.00000
08.02000
06.62000
08.69000
05.88000
08.17000
08.60000
09.30000
08.74000
05.27000
07.93000
07.66000
06.94000
07.39000
06.10000
09.73000
09.94000
05.01000
07.75000
09.60000
06.08000
08.38000
06.26000
07.23000
06.87000
05.56000
06.27000
08.79000
05.07000
05.86000
09.51000
07.86000
07.55000
08.78000
05.89000
09.54000
05.26000
08.23000
09.27000
07.10000
06.90000
05.03000
05.05000
05.02000
05.99000
06.76000
09.89000
09.02000
07.32000
07.27000
05.07000
07.66000
05.37000
05.86000
08.62000
05.26000
06.25000
08.75000
05.73000
06.46000
08.03000
08.32000
05.11000
06.50000
07.50000
07.96000
06.69000
06.89000
07.73000
07.29000
09.80000
09.80000
09.26000
07.96000
06.69000
05.81000
05.01000
09.30000
06.31000
09.78000
09.33000
06.47000
06.91000
09.00000
08.56000
09.87000
07.93000
06.99000
05.31000
06.16000
07.47000
07.25000
08.51000
09.75000
08.83000
09.63000
09.91000
05.46000
05.49000
09.28000
09.08000
09.19000
06.44000
06.77000
08.13000
09.63000
06.94000
08.91000
05.46000
06.73000
