20
7
28.81000
32.18000
41.96000
78.46000
10.30000
74.42000
13.71000
21.67000
75.70000
7.01000
7.19000
9.03000
67.00000
26.55000
63.15000
33.72000
62.85000
58.94000
38.27000
90.48000
47.32000
50.48000
22.49000
39.60000
62.34000
62.34000
81.39000
21.86000
80.87000
92.87000
29.60000
70.42000
66.68000
30.43000
35.84000
24.94000
34.61000
99.10000
97.18000
35.99000
68.95000
1.19000
42.27000
16.90000
57.16000
60.69000
24.77000
40.47000
42.78000
31.35000
16.35000
57.46000
95.95000
96.63000
50.82000
10.77000
53.25000
95.01000
2.62000
67.61000
98.11000
57.74000
45.12000
33.98000
54.49000
68.73000
7.36000
13.98000
77.33000
38.18000
91.62000
49.19000
5.90000
33.12000
8.01000
21.80000
52.26000
85.04000
12.68000
50.68000
8.69000
68.51000
27.96000
51.12000
80.13000
1.06000
73.16000
58.98000
72.14000
45.41000
93.52000
9.92000
23.16000
12.99000
54.03000
31.68000
59.79000
88.01000
82.04000
6.09000
47.34000
87.50000
32.79000
15.60000
14.92000
61.98000
44.18000
94.02000
99.93000
68.13000
20.90000
22.03000
54.25000
91.78000
43.53000
58.50000
27.28000
8.94000
70.45000
30.70000
15.90000
1.92000
73.98000
17.61000
81.36000
56.02000
83.58000
99.14000
80.67000
39.32000
93.62000
5.71000
57.67000
22.35000
37.33000
87.08000
70.13000
77.17000
35.14000
75.76000
01.42000
02.45000
01.29000
02.22000
02.11000
01.47000
02.94000
02.78000
01.69000
02.35000
02.02000
01.55000
01.31000
03.26000
03.59000
01.36000
01.45000
03.16000
03.01000
04.84000
02.24000
01.75000
04.42000
01.47000
02.41000
01.63000
01.30000
02.72000
03.72000
04.31000
04.17000
04.00000
04.55000
01.33000
02.56000
02.74000
01.11000
03.51000
02.83000
02.68000
04.15000
02.44000
01.95000
04.15000
03.49000
03.10000
04.27000
01.19000
01.21000
04.08000
02.55000
03.59000
02.80000
01.16000
02.69000
04.27000
02.08000
03.91000
01.91000
04.97000
02.40000
01.03000
01.98000
02.42000
04.90000
02.48000
04.30000
03.91000
01.90000
03.03000
01.39000
03.77000
02.89000
04.56000
02.39000
02.29000
04.17000
01.24000
02.25000
03.04000
02.31000
01.66000
04.41000
04.37000
04.53000
02.92000
02.59000
03.03000
03.44000
01.19000
01.85000
02.15000
04.39000
01.33000
04.42000
04.26000
02.01000
03.01000
04.87000
01.66000
04.26000
01.84000
03.92000
01.92000
02.12000
02.69000
03.50000
04.95000
01.30000
02.76000
01.84000
04.28000
01.89000
01.77000
03.18000
02.52000
03.78000
04.76000
02.56000
02.62000
04.81000
03.51000
04.81000
01.93000
02.22000
04.75000
04.28000
04.89000
03.72000
02.14000
02.75000
03.61000
01.98000
01.12000
02.33000
01.70000
04.01000
02.97000
02.41000
01.60000
