20
10
130.78000
177.73000
113.38000
161.47000
155.97000
192.70000
105.84000
169.52000
124.38000
129.10000
137.02000
197.66000
183.27000
140.47000
166.70000
111.88000
104.92000
105.30000
179.63000
103.21000
144.28000
111.29000
155.44000
152.86000
171.98000
137.56000
119.76000
148.23000
151.16000
119.31000
195.13000
186.77000
107.19000
138.17000
119.43000
162.62000
190.48000
100.79000
155.55000
194.92000
106.20000
108.68000
115.65000
174.78000
164.30000
169.56000
184.62000
138.77000
148.14000
192.22000
115.45000
153.79000
186.23000
111.41000
149.18000
167.10000
132.09000
186.91000
151.80000
150.98000
176.70000
194.16000
143.49000
116.14000
178.68000
161.82000
174.52000
142.99000
174.80000
147.95000
124.89000
191.62000
121.71000
165.43000
163.75000
187.42000
101.05000
152.16000
185.23000
180.79000
180.06000
193.68000
116.75000
134.94000
109.76000
180.19000
189.20000
135.34000
149.28000
195.37000
198.23000
194.30000
108.38000
155.23000
166.11000
140.32000
121.84000
100.80000
140.09000
126.93000
180.11000
111.12000
131.15000
173.56000
154.63000
187.58000
121.69000
106.33000
180.03000
184.55000
103.93000
128.55000
144.21000
146.18000
178.27000
196.87000
160.05000
141.60000
170.09000
192.93000
159.20000
114.29000
105.77000
196.34000
194.91000
183.10000
166.89000
153.12000
151.07000
199.03000
115.86000
177.53000
118.72000
159.36000
156.19000
179.33000
113.86000
186.34000
116.39000
193.30000
128.80000
108.81000
132.76000
127.47000
135.46000
154.05000
199.43000
195.66000
188.80000
185.92000
119.23000
135.05000
107.96000
179.81000
123.80000
133.53000
137.10000
136.11000
169.78000
103.99000
124.83000
102.98000
124.25000
192.44000
152.88000
143.95000
173.67000
121.23000
163.61000
127.07000
163.77000
153.30000
129.27000
130.84000
179.31000
179.66000
147.14000
158.79000
130.07000
116.33000
165.92000
191.82000
134.64000
191.20000
131.89000
164.66000
124.14000
185.67000
104.40000
179.30000
142.26000
172.14000
133.85000
142.38000
151.89000
169.75000
195.64000
185.55000
140.92000
122.64000
02.28000
01.85000
02.91000
02.88000
01.92000
04.77000
03.60000
01.76000
02.62000
03.38000
01.90000
04.48000
02.71000
03.24000
02.62000
03.12000
01.52000
02.93000
03.61000
02.76000
01.14000
01.93000
02.74000
04.67000
01.76000
01.29000
01.09000
03.85000
04.45000
02.23000
02.36000
02.11000
02.16000
02.97000
02.01000
04.13000
04.86000
02.71000
04.49000
03.63000
03.04000
04.27000
04.36000
01.83000
03.54000
03.50000
02.68000
01.81000
03.20000
01.57000
03.83000
01.92000
02.60000
02.30000
02.88000
04.48000
03.32000
02.52000
03.91000
04.82000
03.53000
01.23000
01.62000
03.97000
02.55000
03.93000
01.27000
01.69000
02.52000
04.66000
02.85000
01.04000
04.64000
01.88000
02.07000
02.99000
03.13000
03.04000
03.62000
01.48000
04.75000
03.23000
03.21000
02.67000
02.47000
02.19000
04.92000
03.09000
01.26000
03.97000
04.50000
02.74000
03.96000
02.63000
03.27000
02.19000
02.38000
01.26000
03.55000
03.02000
04.30000
03.57000
03.93000
03.61000
02.93000
02.53000
02.76000
03.94000
03.69000
03.27000
02.83000
01.77000
04.06000
04.50000
04.10000
02.33000
02.47000
01.93000
03.52000
03.81000
03.84000
02.17000
02.02000
04.12000
03.66000
03.07000
01.91000
03.60000
03.26000
04.57000
01.51000
01.20000
03.74000
02.99000
04.39000
03.77000
03.17000
03.67000
03.14000
03.13000
01.78000
02.62000
03.21000
02.57000
01.86000
03.63000
04.21000
02.96000
04.58000
02.50000
03.09000
03.04000
03.66000
02.18000
04.05000
04.29000
01.80000
02.61000
04.28000
01.15000
03.82000
02.46000
01.07000
03.43000
04.37000
03.52000
04.17000
01.07000
01.24000
01.77000
04.65000
04.57000
01.77000
03.79000
04.32000
03.01000
02.29000
01.16000
02.01000
02.46000
02.03000
01.07000
04.35000
02.49000
01.31000
02.08000
02.92000
01.03000
04.05000
02.33000
02.32000
04.79000
04.20000
01.02000
02.98000
03.45000
04.73000
02.34000
02.36000
03.73000
