20
7
148.87000
163.70000
141.55000
190.26000
160.54000
145.93000
139.40000
143.42000
155.53000
176.02000
109.88000
159.75000
131.63000
100.59000
107.85000
186.64000
138.22000
105.33000
114.70000
185.58000
163.37000
166.85000
193.19000
142.58000
163.65000
152.94000
164.31000
199.85000
179.38000
110.33000
104.86000
116.18000
190.79000
158.69000
108.36000
118.30000
142.17000
169.28000
107.37000
159.47000
134.44000
145.77000
163.71000
157.35000
193.86000
134.50000
118.54000
182.01000
183.01000
130.57000
138.91000
153.93000
123.90000
111.10000
166.38000
113.51000
115.13000
117.24000
194.05000
140.17000
189.08000
160.64000
100.45000
135.13000
136.27000
184.85000
126.64000
140.54000
166.61000
165.84000
108.34000
111.98000
178.30000
197.50000
119.50000
112.88000
158.60000
150.29000
198.17000
158.23000
165.51000
185.95000
199.78000
188.72000
101.81000
135.01000
129.99000
188.91000
127.15000
110.69000
150.28000
149.00000
125.25000
158.05000
126.42000
139.82000
181.42000
111.22000
100.75000
196.29000
165.58000
187.53000
161.83000
103.81000
196.92000
109.47000
183.67000
168.74000
195.14000
111.56000
131.83000
163.30000
113.88000
199.41000
198.25000
125.13000
120.89000
180.18000
163.94000
168.44000
126.32000
115.52000
183.14000
184.30000
149.70000
136.38000
128.81000
137.31000
165.56000
144.14000
151.99000
172.60000
156.84000
189.32000
180.16000
128.99000
133.07000
136.53000
142.38000
134.35000
06.44000
06.86000
09.86000
07.36000
05.14000
05.39000
05.68000
09.98000
08.30000
08.07000
06.31000
08.20000
08.75000
05.41000
06.01000
07.42000
06.58000
07.05000
05.09000
05.90000
06.53000
08.57000
05.50000
05.08000
05.59000
08.45000
09.30000
06.83000
09.92000
09.60000
09.00000
05.42000
09.97000
06.55000
08.09000
09.35000
06.61000
06.12000
09.19000
08.13000
07.51000
07.63000
06.68000
09.26000
05.58000
09.52000
08.60000
08.62000
07.39000
07.89000
07.64000
07.21000
07.14000
08.67000
05.07000
06.49000
07.55000
08.19000
09.42000
07.03000
05.38000
09.74000
08.20000
06.42000
06.12000
07.93000
05.57000
08.10000
08.22000
05.81000
07.19000
06.82000
09.44000
06.79000
09.47000
05.58000
09.20000
07.81000
09.20000
09.63000
09.75000
06.27000
07.84000
09.05000
09.69000
05.32000
09.97000
06.41000
05.72000
09.21000
06.80000
07.36000
07.79000
08.68000
05.95000
08.79000
05.60000
06.10000
08.58000
07.94000
08.51000
05.19000
05.61000
09.02000
07.22000
09.62000
07.34000
05.79000
05.97000
06.48000
08.95000
06.32000
09.22000
07.43000
09.15000
07.46000
09.31000
08.89000
08.29000
09.58000
09.58000
09.64000
07.39000
08.28000
06.73000
06.01000
05.61000
08.93000
05.70000
09.42000
06.65000
06.07000
06.57000
09.80000
08.89000
06.37000
05.40000
09.95000
05.49000
08.15000
