20
4
158.89000
167.21000
191.38000
145.31000
131.98000
193.44000
160.78000
104.17000
182.84000
195.08000
128.25000
108.75000
152.08000
112.76000
134.41000
199.69000
180.33000
187.11000
119.90000
117.60000
182.13000
152.45000
156.01000
118.05000
165.39000
176.39000
130.98000
160.66000
198.48000
129.07000
138.60000
164.81000
147.03000
176.10000
144.48000
196.14000
176.65000
183.12000
114.25000
120.26000
110.61000
102.16000
108.52000
156.87000
188.47000
108.64000
136.78000
156.33000
164.79000
123.74000
108.82000
159.72000
130.20000
138.08000
115.26000
157.66000
175.32000
142.29000
146.72000
140.79000
190.24000
142.48000
168.51000
113.11000
147.62000
119.94000
104.52000
152.40000
141.16000
124.96000
184.50000
177.07000
186.49000
173.17000
124.08000
102.73000
199.22000
180.20000
138.87000
145.02000
07.09000
05.46000
09.04000
08.23000
05.08000
05.80000
08.21000
09.29000
07.66000
06.07000
08.92000
09.75000
08.73000
05.18000
05.07000
08.50000
07.20000
07.05000
05.58000
09.45000
06.88000
07.93000
07.19000
08.38000
09.99000
07.74000
07.17000
06.03000
06.87000
09.50000
08.49000
05.69000
07.68000
08.35000
06.33000
07.52000
07.59000
09.46000
05.84000
06.69000
08.35000
08.97000
06.19000
08.44000
07.03000
08.67000
07.94000
09.82000
07.20000
08.33000
09.37000
06.86000
05.25000
09.35000
06.89000
05.97000
07.59000
08.14000
06.91000
08.55000
09.34000
05.64000
05.32000
09.17000
08.99000
05.09000
08.80000
09.97000
09.46000
06.65000
06.93000
09.21000
08.41000
07.98000
07.37000
09.55000
08.50000
06.74000
07.78000
08.64000
