20
10
160.07000
121.20000
120.16000
151.40000
100.87000
197.57000
190.14000
148.41000
189.97000
131.71000
166.42000
164.31000
199.62000
102.14000
133.77000
190.14000
127.11000
112.36000
101.96000
141.90000
159.70000
157.33000
124.43000
173.44000
140.36000
148.78000
198.94000
181.83000
118.19000
122.64000
192.70000
122.84000
143.59000
185.58000
168.59000
115.61000
191.95000
169.23000
114.50000
104.29000
110.75000
117.06000
108.66000
160.16000
157.98000
176.95000
181.81000
153.81000
142.29000
141.19000
190.65000
103.58000
117.18000
169.55000
101.21000
181.72000
161.16000
146.78000
104.50000
185.50000
109.95000
115.10000
129.19000
186.26000
126.71000
186.31000
110.35000
192.63000
139.56000
159.19000
175.31000
166.49000
130.15000
171.62000
118.20000
158.22000
105.12000
186.50000
158.17000
143.22000
110.75000
191.71000
125.80000
181.88000
185.94000
122.64000
161.91000
110.50000
188.52000
131.06000
114.67000
108.99000
153.28000
157.99000
131.35000
130.87000
139.96000
169.46000
184.22000
154.67000
139.32000
179.53000
151.85000
138.48000
135.75000
168.23000
127.77000
137.58000
141.26000
116.89000
116.10000
128.09000
168.75000
194.67000
142.23000
191.66000
156.11000
195.69000
156.54000
134.92000
139.21000
105.22000
145.44000
162.02000
184.56000
196.67000
187.49000
128.35000
174.21000
190.31000
103.73000
179.88000
124.16000
108.43000
122.65000
151.40000
175.43000
198.28000
197.79000
102.65000
172.50000
103.93000
169.64000
151.55000
178.50000
165.41000
177.26000
118.21000
145.65000
109.22000
114.96000
114.28000
118.06000
135.76000
139.38000
152.63000
164.90000
170.41000
132.17000
171.17000
130.84000
149.82000
175.12000
106.26000
165.51000
149.46000
105.58000
133.76000
112.94000
152.58000
169.29000
188.37000
170.38000
162.68000
176.03000
186.10000
160.11000
108.29000
160.56000
167.97000
134.27000
130.75000
163.01000
189.23000
172.34000
144.14000
194.34000
184.61000
187.66000
151.29000
187.49000
186.44000
155.62000
183.84000
130.36000
138.86000
176.61000
198.43000
135.83000
111.02000
03.75000
02.93000
02.71000
04.01000
04.77000
01.74000
01.35000
03.47000
02.23000
03.87000
01.48000
02.91000
03.49000
03.89000
04.94000
03.41000
04.85000
01.38000
02.54000
03.04000
04.18000
01.12000
03.98000
01.53000
03.70000
01.90000
02.35000
04.40000
03.80000
01.04000
02.67000
03.61000
02.44000
01.74000
01.38000
04.86000
02.58000
04.20000
03.94000
02.84000
02.54000
01.63000
02.87000
01.57000
03.60000
04.23000
03.94000
01.24000
02.45000
04.55000
02.98000
04.43000
04.69000
03.44000
04.06000
02.46000
04.88000
02.70000
04.26000
03.67000
04.00000
03.99000
02.41000
01.45000
02.49000
03.51000
01.30000
02.88000
01.71000
03.08000
02.39000
04.45000
03.84000
02.15000
02.37000
04.14000
04.10000
01.18000
02.95000
04.88000
01.18000
02.89000
01.86000
02.08000
04.69000
03.77000
03.19000
02.37000
03.17000
01.61000
04.77000
04.53000
04.43000
03.48000
04.92000
02.12000
01.32000
01.45000
02.99000
01.74000
02.22000
02.20000
03.09000
01.28000
03.46000
04.93000
04.92000
02.89000
03.87000
04.72000
01.51000
01.79000
01.88000
01.27000
01.82000
04.16000
04.97000
03.27000
03.79000
01.22000
03.42000
04.75000
04.06000
01.36000
01.32000
02.18000
01.49000
02.93000
04.16000
01.61000
04.26000
04.53000
02.02000
04.34000
04.96000
01.99000
01.96000
04.72000
01.17000
04.12000
03.11000
04.60000
03.99000
01.70000
04.52000
04.92000
01.33000
03.52000
02.85000
03.60000
03.31000
02.06000
04.78000
04.61000
03.13000
03.77000
02.04000
04.89000
03.00000
04.11000
02.34000
01.39000
01.83000
03.95000
01.34000
02.66000
02.46000
05.00000
01.06000
01.76000
01.35000
01.04000
01.83000
02.27000
01.32000
02.16000
04.97000
04.77000
02.21000
03.43000
02.97000
01.36000
02.71000
02.31000
02.85000
02.75000
01.52000
01.99000
01.70000
01.15000
01.16000
01.15000
02.49000
04.75000
03.08000
02.49000
01.16000
02.75000
01.74000
01.71000
