20
10
154.03000
183.73000
178.40000
119.58000
124.07000
195.50000
100.86000
172.09000
132.64000
149.02000
107.36000
114.99000
127.01000
197.81000
157.66000
114.30000
179.44000
120.38000
136.54000
161.02000
148.09000
172.30000
160.09000
107.89000
129.43000
119.79000
144.46000
153.38000
120.05000
105.57000
147.68000
174.85000
145.35000
111.28000
107.65000
166.45000
155.71000
143.55000
187.25000
147.31000
191.28000
121.13000
133.31000
158.29000
182.12000
122.96000
132.67000
123.38000
119.00000
131.87000
164.21000
134.80000
130.46000
182.63000
168.96000
139.84000
169.99000
135.01000
112.92000
110.76000
199.42000
175.74000
184.42000
162.23000
146.05000
161.89000
139.02000
148.97000
169.63000
174.31000
145.76000
115.30000
126.82000
125.90000
173.80000
186.62000
199.25000
154.54000
117.28000
113.31000
197.76000
153.69000
123.48000
100.58000
179.34000
156.54000
157.96000
189.97000
116.05000
158.36000
124.34000
158.23000
117.66000
175.18000
144.88000
133.87000
118.93000
148.02000
166.83000
170.41000
158.93000
183.28000
136.21000
121.38000
150.37000
156.74000
135.07000
105.04000
100.50000
183.52000
183.45000
160.98000
197.23000
107.77000
181.73000
145.83000
153.43000
198.63000
155.32000
141.23000
144.39000
152.05000
152.05000
139.92000
182.36000
143.83000
138.10000
104.83000
111.11000
178.05000
132.30000
182.68000
121.65000
151.97000
138.19000
183.24000
130.00000
187.86000
184.26000
141.28000
177.50000
143.14000
156.33000
139.20000
154.59000
145.15000
197.34000
130.56000
111.18000
191.59000
174.29000
100.94000
166.41000
157.87000
118.83000
138.21000
164.41000
144.36000
187.59000
155.28000
101.42000
162.71000
199.64000
173.82000
113.39000
164.55000
168.12000
161.13000
103.34000
128.84000
122.60000
122.03000
143.54000
134.11000
147.84000
147.54000
131.26000
183.86000
153.60000
153.67000
199.84000
186.46000
182.67000
105.63000
171.00000
157.07000
193.78000
176.78000
106.53000
152.31000
141.32000
172.75000
156.81000
178.79000
188.18000
112.67000
197.23000
168.18000
122.26000
140.68000
04.19000
03.08000
02.32000
04.36000
03.45000
03.39000
04.41000
02.91000
04.33000
04.94000
02.66000
04.85000
01.16000
01.31000
01.91000
02.29000
01.28000
03.07000
03.98000
04.28000
03.01000
04.19000
03.01000
02.14000
02.19000
02.00000
03.95000
04.31000
04.51000
03.46000
02.88000
01.61000
02.91000
02.78000
03.25000
02.75000
03.36000
03.16000
01.52000
01.43000
01.78000
04.98000
01.69000
04.51000
03.35000
04.30000
01.37000
01.36000
01.65000
01.01000
03.43000
02.90000
01.25000
02.96000
02.96000
03.45000
03.73000
02.96000
04.03000
02.35000
01.39000
03.27000
03.78000
04.77000
04.05000
04.75000
01.61000
04.30000
01.72000
03.32000
01.43000
02.53000
03.61000
01.45000
02.94000
04.41000
03.92000
02.58000
02.85000
03.90000
03.83000
02.48000
02.10000
03.74000
04.32000
04.48000
01.38000
02.49000
04.45000
04.86000
03.07000
02.02000
03.05000
01.69000
04.52000
02.92000
03.93000
02.05000
04.04000
02.75000
01.67000
04.99000
04.65000
02.45000
03.27000
01.31000
03.48000
01.67000
02.07000
03.47000
04.61000
04.46000
03.53000
02.19000
04.01000
04.03000
02.10000
01.17000
02.62000
02.59000
03.07000
04.34000
04.42000
04.10000
03.61000
03.49000
02.32000
03.59000
03.51000
03.79000
01.49000
03.79000
03.84000
01.58000
01.50000
03.50000
02.69000
02.19000
02.95000
02.57000
01.01000
02.83000
03.96000
03.99000
01.64000
02.03000
01.04000
02.60000
04.98000
04.15000
02.06000
03.97000
04.73000
04.14000
03.22000
01.56000
03.60000
01.95000
01.72000
01.83000
04.34000
02.25000
04.22000
03.12000
03.81000
05.00000
02.04000
02.74000
04.18000
02.51000
03.79000
03.78000
04.76000
01.35000
03.30000
03.32000
01.90000
01.10000
03.39000
03.43000
01.29000
04.29000
04.41000
01.84000
04.94000
02.57000
01.40000
04.18000
01.12000
02.15000
02.26000
03.79000
03.78000
02.22000
03.45000
02.38000
03.87000
03.00000
02.43000
02.65000
