20
4
122.23000
183.43000
158.92000
112.61000
197.47000
105.56000
117.96000
154.86000
125.48000
178.10000
150.08000
117.84000
146.86000
141.68000
195.90000
142.18000
102.26000
136.93000
196.03000
168.49000
136.57000
182.82000
148.24000
108.09000
139.17000
169.85000
130.05000
101.28000
166.60000
160.61000
119.50000
131.02000
184.48000
120.73000
182.22000
162.93000
158.43000
115.84000
183.83000
162.64000
159.96000
134.86000
198.01000
126.58000
111.84000
109.12000
187.79000
181.31000
137.19000
166.99000
196.35000
114.98000
126.62000
199.10000
114.31000
118.20000
170.76000
196.09000
132.30000
181.60000
168.78000
171.16000
108.28000
174.91000
192.37000
158.58000
198.00000
111.65000
127.13000
148.57000
106.69000
108.78000
188.66000
156.74000
149.98000
181.90000
192.60000
198.73000
143.48000
146.66000
09.39000
07.33000
05.70000
07.43000
07.05000
08.28000
06.43000
05.98000
08.06000
07.91000
07.44000
07.68000
06.31000
05.14000
07.65000
06.42000
05.70000
08.87000
05.96000
06.12000
09.89000
07.04000
09.53000
08.55000
05.09000
07.40000
08.48000
08.61000
07.82000
08.44000
07.53000
09.43000
08.24000
05.33000
06.84000
06.17000
06.49000
08.22000
06.57000
09.00000
06.50000
07.11000
08.31000
06.03000
09.08000
06.64000
05.83000
09.12000
06.88000
09.89000
06.78000
06.62000
06.33000
08.24000
07.58000
09.94000
08.82000
08.12000
09.62000
05.47000
07.48000
08.76000
09.28000
07.32000
07.20000
06.71000
09.70000
08.50000
06.49000
05.53000
08.52000
06.87000
08.01000
07.87000
08.40000
05.09000
09.42000
06.38000
07.01000
05.82000
