20
7
70.24000
71.22000
47.71000
31.76000
47.32000
56.82000
93.72000
33.59000
64.66000
72.90000
42.20000
31.18000
94.56000
47.29000
82.78000
14.99000
86.12000
70.23000
60.15000
14.17000
68.25000
71.71000
61.44000
33.62000
72.28000
66.53000
12.98000
33.81000
58.09000
29.39000
42.67000
35.94000
73.38000
3.74000
75.23000
53.32000
56.05000
9.85000
98.82000
51.28000
10.38000
43.01000
30.31000
78.74000
58.17000
27.24000
83.67000
32.38000
81.17000
36.27000
39.03000
68.52000
13.79000
65.22000
11.01000
9.78000
88.97000
98.38000
91.02000
39.25000
70.96000
30.92000
89.80000
96.47000
10.58000
67.59000
25.42000
38.79000
89.10000
70.67000
84.56000
21.27000
13.16000
95.23000
11.73000
31.68000
97.29000
98.87000
35.62000
34.58000
56.93000
10.09000
68.63000
77.53000
49.38000
66.18000
32.88000
22.36000
94.71000
82.99000
59.94000
47.10000
27.54000
61.06000
28.52000
41.67000
5.80000
14.85000
16.88000
83.18000
94.70000
69.20000
66.59000
32.63000
97.84000
88.97000
83.49000
48.79000
97.32000
42.98000
37.63000
32.34000
89.79000
35.02000
25.44000
81.64000
11.58000
96.18000
58.28000
98.62000
79.92000
98.66000
11.73000
16.55000
54.79000
69.15000
43.92000
24.25000
36.82000
57.33000
95.91000
1.37000
95.00000
7.28000
45.65000
41.26000
52.36000
99.74000
94.39000
53.19000
08.36000
05.65000
06.58000
06.25000
06.31000
05.54000
07.25000
06.53000
06.37000
08.38000
09.66000
08.78000
05.22000
07.62000
07.56000
06.94000
08.09000
07.08000
06.99000
09.10000
09.10000
09.29000
05.91000
09.17000
08.81000
09.40000
07.05000
09.13000
05.11000
07.56000
08.92000
05.75000
08.27000
09.67000
05.44000
09.51000
05.20000
05.18000
05.90000
08.17000
08.08000
08.34000
09.54000
07.37000
08.72000
09.64000
05.62000
09.29000
07.56000
06.02000
09.75000
06.28000
07.06000
05.70000
07.07000
07.73000
09.40000
08.57000
06.23000
08.39000
07.05000
08.70000
06.98000
06.29000
07.10000
08.37000
09.24000
09.04000
06.19000
07.58000
06.62000
08.91000
06.26000
05.48000
05.31000
05.25000
07.15000
06.01000
08.19000
05.93000
08.73000
09.89000
09.54000
09.88000
08.02000
08.39000
07.52000
09.34000
05.01000
07.92000
05.44000
05.52000
07.25000
05.90000
09.17000
07.60000
08.30000
07.63000
09.36000
06.39000
05.26000
09.43000
05.26000
09.35000
08.15000
09.43000
05.79000
06.81000
07.93000
05.10000
05.91000
08.67000
07.59000
08.21000
08.51000
07.51000
09.29000
06.55000
09.36000
05.71000
09.06000
07.73000
08.52000
07.08000
08.17000
09.17000
06.48000
05.10000
08.14000
09.24000
07.14000
07.83000
06.04000
08.94000
06.50000
08.63000
06.16000
08.38000
06.57000
08.75000
