20
10
49.47000
27.41000
46.73000
45.67000
19.01000
19.64000
85.86000
94.39000
34.24000
8.16000
61.04000
32.86000
30.57000
33.57000
19.06000
13.05000
67.17000
62.23000
31.48000
13.70000
55.56000
16.93000
8.17000
30.19000
97.94000
56.31000
14.78000
14.90000
19.39000
25.11000
2.74000
59.16000
30.65000
90.80000
96.19000
45.81000
70.25000
49.56000
48.00000
80.42000
28.90000
31.87000
90.90000
78.19000
91.10000
82.47000
10.62000
14.20000
17.72000
54.81000
22.34000
53.14000
22.60000
69.95000
55.29000
31.42000
47.36000
75.66000
63.44000
8.20000
95.15000
10.32000
99.81000
67.28000
58.84000
8.83000
99.14000
55.45000
52.13000
57.91000
97.30000
41.78000
19.70000
58.94000
51.39000
39.05000
30.01000
37.07000
42.22000
84.76000
31.80000
46.60000
44.07000
91.80000
81.89000
79.02000
99.27000
12.58000
64.16000
34.45000
7.94000
77.76000
74.91000
15.35000
76.78000
6.20000
37.19000
49.97000
43.19000
36.49000
9.52000
19.64000
50.88000
80.38000
90.03000
30.87000
10.25000
8.81000
18.09000
4.98000
98.90000
11.69000
66.32000
72.30000
7.82000
33.72000
37.12000
90.90000
46.78000
44.34000
37.70000
10.64000
84.77000
17.21000
3.77000
61.65000
31.04000
96.43000
45.59000
38.46000
14.60000
16.56000
42.90000
24.99000
26.53000
71.91000
98.18000
30.91000
82.70000
86.51000
22.85000
3.50000
94.24000
52.28000
18.54000
11.81000
41.73000
48.42000
64.89000
8.24000
89.59000
60.71000
69.48000
55.05000
58.75000
64.78000
63.63000
41.24000
91.92000
61.03000
96.62000
58.79000
44.30000
8.76000
94.32000
37.13000
84.71000
56.94000
15.90000
69.38000
1.24000
15.35000
19.51000
22.89000
63.41000
60.74000
90.08000
86.77000
70.54000
97.57000
3.64000
98.49000
11.20000
97.33000
14.87000
25.21000
41.77000
89.46000
95.82000
3.96000
9.22000
28.62000
85.99000
28.92000
62.43000
20.37000
47.64000
20.05000
78.03000
96.06000
04.78000
01.88000
01.60000
03.68000
01.01000
03.42000
02.52000
01.50000
01.95000
03.66000
01.44000
02.93000
03.43000
01.67000
04.68000
01.55000
02.28000
01.55000
03.59000
03.95000
02.01000
02.50000
04.13000
01.05000
01.69000
03.10000
02.27000
04.41000
04.28000
04.51000
02.92000
04.79000
04.23000
02.43000
03.04000
04.42000
04.99000
01.56000
04.57000
02.47000
03.93000
03.82000
03.81000
03.63000
03.74000
02.10000
04.01000
04.92000
02.23000
04.11000
03.31000
03.99000
01.48000
03.18000
02.29000
04.65000
04.58000
01.65000
02.52000
03.75000
01.09000
03.63000
03.06000
01.54000
03.62000
03.50000
01.39000
04.79000
02.81000
01.50000
04.12000
04.51000
01.37000
01.56000
04.44000
03.16000
03.00000
04.65000
04.55000
04.19000
04.50000
03.03000
01.81000
04.88000
01.58000
04.32000
03.40000
02.83000
01.14000
01.20000
01.01000
01.53000
03.50000
01.24000
01.45000
03.05000
01.98000
01.01000
04.55000
02.48000
01.74000
01.48000
01.92000
04.08000
04.42000
03.12000
01.41000
03.89000
01.83000
01.51000
01.48000
02.92000
04.93000
04.85000
03.58000
03.88000
01.66000
02.35000
02.18000
02.47000
02.22000
04.15000
03.22000
01.09000
02.30000
01.00000
04.82000
03.65000
03.45000
01.10000
04.17000
03.74000
04.25000
02.27000
02.32000
01.69000
04.28000
03.34000
01.36000
02.83000
04.04000
04.30000
03.73000
02.01000
04.31000
02.60000
01.97000
03.92000
02.70000
02.60000
04.30000
04.12000
02.40000
04.75000
04.42000
01.57000
03.61000
02.49000
01.02000
04.21000
04.27000
04.09000
01.73000
02.80000
02.34000
04.57000
03.74000
01.93000
03.88000
04.76000
03.02000
02.20000
01.73000
04.74000
02.89000
02.17000
01.71000
01.59000
03.69000
01.43000
03.17000
02.79000
02.25000
04.71000
01.87000
04.30000
04.74000
02.42000
04.38000
03.75000
03.12000
02.80000
02.13000
01.86000
03.37000
01.05000
03.60000
04.31000
04.42000
01.38000
