20
10
83.12000
78.48000
3.64000
12.34000
37.95000
17.85000
43.40000
39.76000
64.49000
36.75000
85.43000
30.89000
79.57000
58.21000
58.96000
20.14000
24.81000
30.04000
16.99000
66.68000
98.92000
19.92000
67.88000
5.22000
86.35000
7.36000
58.45000
24.08000
87.89000
79.40000
32.40000
75.15000
48.26000
38.43000
45.80000
72.17000
35.90000
8.59000
80.48000
52.68000
64.15000
7.74000
2.64000
51.46000
30.85000
39.53000
78.08000
50.51000
87.52000
3.61000
65.80000
5.23000
33.45000
2.45000
74.45000
30.49000
88.68000
64.28000
39.46000
67.89000
88.78000
27.20000
10.52000
25.18000
12.82000
32.77000
53.19000
63.96000
16.43000
84.76000
61.15000
62.73000
75.25000
16.49000
22.43000
65.18000
90.67000
82.02000
48.77000
40.76000
31.76000
27.65000
41.77000
13.80000
74.54000
27.75000
44.65000
96.25000
4.36000
12.44000
94.09000
78.40000
96.95000
65.63000
82.20000
56.55000
58.78000
97.99000
24.82000
52.73000
29.69000
93.13000
15.11000
7.60000
22.81000
39.32000
76.05000
32.89000
51.13000
7.67000
23.89000
9.35000
22.22000
60.42000
75.57000
11.64000
66.41000
86.59000
76.78000
40.13000
8.10000
96.67000
23.52000
75.33000
81.74000
10.96000
95.02000
88.85000
39.04000
87.44000
2.41000
21.88000
38.16000
94.46000
15.23000
51.17000
64.01000
23.13000
31.79000
81.18000
34.54000
54.20000
8.33000
63.75000
36.25000
97.48000
21.65000
40.95000
42.70000
78.30000
5.87000
48.70000
91.41000
89.87000
10.88000
93.58000
46.64000
52.14000
12.32000
8.92000
31.69000
42.64000
92.56000
61.78000
37.22000
41.69000
84.97000
41.57000
48.31000
35.58000
75.40000
61.25000
6.58000
71.09000
17.84000
80.99000
76.37000
21.77000
89.01000
85.70000
66.29000
56.40000
17.55000
23.46000
27.30000
98.35000
89.41000
22.00000
1.28000
56.68000
7.36000
45.40000
56.67000
55.52000
50.23000
32.16000
88.66000
45.76000
26.59000
44.55000
08.69000
06.58000
08.72000
07.13000
07.22000
08.78000
08.29000
07.39000
07.69000
06.74000
05.32000
05.97000
07.72000
07.13000
05.55000
07.64000
06.14000
07.84000
05.94000
08.45000
08.72000
07.89000
05.34000
09.88000
05.79000
06.91000
07.09000
06.80000
06.03000
08.42000
06.66000
09.14000
07.82000
07.36000
05.57000
09.99000
05.79000
09.94000
06.58000
08.65000
07.09000
07.92000
08.65000
09.21000
08.58000
07.13000
05.08000
07.29000
09.26000
09.41000
07.61000
09.89000
09.52000
09.24000
09.78000
09.63000
06.04000
07.34000
06.38000
05.33000
07.47000
09.88000
09.56000
06.40000
07.03000
05.29000
08.81000
06.93000
09.85000
08.98000
08.62000
08.84000
09.61000
06.20000
05.82000
05.51000
06.27000
08.47000
08.48000
06.56000
09.41000
05.23000
05.03000
08.25000
05.40000
06.51000
05.96000
08.46000
06.31000
07.94000
07.65000
06.67000
05.37000
06.80000
06.45000
08.31000
07.06000
06.62000
09.96000
05.03000
05.69000
05.34000
07.08000
06.59000
08.92000
05.14000
05.19000
07.06000
07.14000
06.90000
05.76000
05.24000
09.33000
06.17000
05.90000
09.82000
05.77000
09.79000
09.00000
05.74000
08.87000
06.37000
09.17000
09.16000
07.44000
09.17000
09.48000
05.83000
06.46000
05.20000
07.46000
07.50000
06.95000
09.57000
07.28000
07.40000
06.20000
08.63000
09.35000
05.01000
05.33000
08.12000
08.05000
07.66000
07.65000
09.85000
06.27000
09.55000
09.57000
06.36000
09.22000
07.13000
05.40000
08.51000
09.32000
09.40000
05.70000
08.45000
05.28000
06.61000
06.19000
08.99000
05.74000
09.90000
08.60000
08.71000
09.04000
08.94000
07.98000
07.02000
05.46000
09.75000
08.18000
06.84000
06.96000
08.37000
09.29000
07.32000
06.77000
07.08000
06.07000
05.16000
07.41000
09.45000
06.20000
09.98000
05.90000
08.50000
09.68000
07.78000
08.02000
09.10000
06.14000
09.76000
06.53000
05.57000
06.45000
08.35000
05.43000
08.46000
