20
4
142.50000
166.48000
174.03000
152.51000
128.33000
116.97000
172.97000
139.93000
100.52000
126.47000
128.57000
106.67000
199.68000
135.60000
181.45000
193.35000
166.45000
184.99000
172.26000
140.60000
105.63000
151.27000
139.66000
157.00000
141.03000
131.06000
117.95000
194.13000
103.61000
191.93000
156.22000
195.16000
158.98000
199.51000
120.10000
125.69000
172.78000
119.41000
175.22000
151.37000
161.06000
139.84000
119.10000
174.49000
145.70000
186.50000
114.69000
162.18000
124.90000
112.87000
100.15000
174.89000
189.28000
109.58000
166.11000
103.25000
129.46000
167.25000
103.18000
137.89000
195.03000
116.60000
183.21000
175.57000
150.94000
193.18000
162.67000
146.39000
107.86000
137.16000
100.95000
192.44000
181.40000
164.17000
113.66000
129.33000
187.19000
189.84000
116.44000
172.68000
01.83000
03.09000
02.38000
03.22000
04.45000
02.19000
03.92000
02.40000
01.70000
03.22000
03.66000
01.05000
04.71000
01.29000
04.73000
02.31000
04.61000
03.52000
02.25000
01.31000
02.43000
02.16000
01.33000
03.59000
02.40000
03.06000
04.66000
02.11000
04.12000
03.23000
01.80000
01.96000
03.70000
02.80000
04.86000
03.27000
01.27000
01.89000
01.97000
02.17000
02.29000
03.75000
02.22000
02.61000
02.17000
04.44000
01.29000
02.88000
03.71000
04.57000
02.57000
01.14000
04.02000
01.25000
03.20000
02.53000
04.24000
03.62000
04.29000
04.16000
01.86000
01.51000
01.33000
01.61000
01.50000
04.93000
02.64000
02.22000
02.02000
01.25000
01.90000
02.79000
01.55000
04.61000
01.23000
01.47000
02.21000
01.13000
02.75000
04.37000
