20
4
78.61000
74.48000
31.60000
90.61000
84.28000
82.09000
43.66000
66.32000
38.54000
85.46000
24.43000
8.42000
80.61000
25.83000
14.11000
56.11000
52.70000
42.41000
52.92000
51.62000
21.19000
59.89000
37.63000
31.99000
23.09000
42.13000
22.82000
48.95000
7.82000
35.80000
72.82000
10.82000
40.32000
6.87000
54.58000
81.58000
86.58000
20.31000
33.07000
29.19000
20.02000
61.41000
64.56000
34.74000
90.15000
16.40000
9.02000
29.97000
55.12000
24.79000
91.18000
73.94000
4.65000
77.28000
4.75000
58.39000
28.45000
65.61000
37.46000
73.02000
46.57000
32.43000
11.39000
30.87000
65.59000
67.07000
13.11000
56.34000
78.64000
37.73000
16.61000
75.06000
2.19000
58.89000
37.33000
3.51000
49.71000
47.00000
90.76000
55.16000
08.64000
06.55000
07.90000
08.89000
07.36000
05.29000
06.28000
08.09000
05.12000
05.92000
05.65000
08.63000
05.83000
07.34000
09.91000
09.42000
08.39000
08.48000
07.99000
09.37000
06.44000
06.08000
08.15000
08.41000
07.37000
07.80000
07.24000
05.50000
07.16000
09.04000
07.76000
07.19000
05.95000
09.96000
09.87000
08.62000
08.91000
05.71000
08.73000
09.97000
09.74000
07.98000
05.83000
05.01000
05.10000
06.09000
05.86000
07.66000
07.65000
07.37000
06.27000
09.17000
08.78000
08.22000
08.48000
05.95000
09.91000
05.04000
08.88000
09.40000
05.10000
07.78000
05.96000
09.96000
06.10000
09.22000
05.20000
08.41000
09.24000
06.61000
05.43000
09.14000
07.20000
07.59000
09.29000
09.80000
07.63000
09.83000
09.44000
08.03000
