20
7
150.09000
191.21000
173.33000
135.08000
187.32000
172.09000
156.26000
131.91000
120.19000
100.54000
112.24000
100.03000
100.79000
193.12000
156.65000
113.00000
145.28000
117.94000
143.94000
170.99000
107.29000
193.29000
161.70000
127.49000
118.10000
103.93000
141.60000
177.04000
180.22000
108.36000
119.56000
183.73000
162.54000
155.53000
134.02000
109.80000
110.52000
158.49000
174.94000
156.58000
176.17000
143.16000
173.21000
105.59000
154.60000
183.41000
193.79000
153.84000
110.43000
158.27000
162.54000
156.90000
163.72000
108.50000
125.31000
175.06000
123.60000
151.46000
192.01000
120.18000
132.29000
122.60000
172.05000
176.19000
168.57000
184.75000
170.45000
130.73000
142.02000
174.00000
193.01000
144.08000
133.26000
157.29000
152.38000
158.97000
124.46000
190.63000
137.76000
182.19000
113.70000
162.91000
168.75000
170.92000
113.55000
121.35000
173.01000
143.68000
113.56000
164.33000
110.33000
136.40000
139.29000
194.34000
194.52000
133.61000
130.33000
115.42000
128.47000
196.38000
183.06000
103.54000
153.45000
107.19000
141.72000
121.62000
159.64000
199.46000
192.55000
166.14000
103.99000
186.99000
165.40000
159.51000
110.84000
130.48000
116.65000
138.21000
106.14000
179.69000
187.04000
119.88000
195.13000
137.11000
155.50000
111.40000
161.72000
104.14000
169.18000
131.52000
137.27000
169.18000
196.58000
181.95000
141.07000
178.48000
145.27000
190.96000
106.46000
179.83000
01.87000
04.08000
03.28000
03.05000
04.56000
01.48000
02.77000
02.57000
01.84000
02.75000
02.56000
02.11000
01.46000
03.88000
02.79000
02.82000
03.47000
02.70000
02.95000
02.70000
04.72000
01.70000
01.98000
01.73000
03.89000
04.46000
01.38000
04.11000
03.45000
02.03000
02.58000
04.68000
01.16000
02.53000
02.96000
02.00000
01.55000
02.40000
01.73000
01.89000
04.97000
01.60000
01.38000
01.33000
03.69000
01.10000
03.82000
02.40000
04.18000
03.01000
02.55000
02.46000
02.04000
04.44000
02.05000
04.27000
02.17000
01.31000
03.15000
04.41000
03.81000
01.98000
01.56000
02.54000
04.63000
01.53000
01.96000
01.79000
04.56000
04.88000
02.02000
04.03000
03.91000
02.02000
02.23000
02.16000
02.83000
04.21000
01.88000
01.35000
01.21000
03.37000
03.27000
03.37000
03.83000
03.41000
04.64000
02.72000
02.49000
04.87000
01.11000
02.24000
04.13000
01.45000
01.01000
01.78000
01.99000
02.66000
02.00000
04.02000
02.44000
03.58000
02.00000
01.74000
02.80000
04.88000
02.18000
03.42000
04.66000
03.08000
01.35000
04.74000
02.44000
01.47000
02.58000
04.40000
03.37000
01.69000
04.76000
02.44000
04.92000
04.32000
01.98000
03.69000
03.28000
04.61000
02.34000
02.45000
01.27000
02.03000
01.68000
01.01000
04.67000
02.38000
03.70000
03.83000
02.58000
04.25000
02.39000
03.15000
