20
4
148.26000
150.69000
108.77000
191.08000
105.31000
148.18000
155.48000
152.06000
101.84000
157.80000
111.98000
145.48000
178.47000
120.18000
118.89000
111.97000
175.83000
175.94000
116.85000
192.16000
103.20000
167.38000
122.94000
187.34000
129.55000
120.14000
181.23000
136.50000
161.19000
132.11000
177.63000
127.68000
163.76000
168.91000
177.77000
126.51000
102.87000
196.17000
147.27000
198.60000
150.56000
108.66000
104.95000
196.30000
103.68000
162.08000
170.58000
142.32000
154.48000
198.34000
129.21000
116.48000
193.59000
108.06000
171.46000
109.42000
111.63000
181.87000
187.95000
111.75000
102.43000
150.45000
182.77000
111.33000
124.68000
137.89000
142.62000
157.09000
176.05000
120.86000
189.42000
106.18000
172.18000
114.99000
138.78000
174.25000
128.68000
135.90000
106.32000
176.91000
04.84000
01.93000
04.41000
02.04000
03.90000
04.39000
01.22000
01.39000
03.24000
02.40000
01.85000
01.84000
01.95000
03.08000
01.43000
02.52000
03.18000
01.56000
03.09000
02.57000
03.97000
04.74000
03.09000
02.95000
02.04000
01.88000
01.83000
01.03000
04.47000
04.92000
04.98000
03.07000
03.39000
01.98000
04.69000
01.18000
02.92000
01.19000
01.08000
03.51000
02.87000
04.06000
01.74000
03.07000
03.53000
04.94000
01.40000
01.33000
01.48000
04.88000
02.90000
01.22000
01.82000
01.00000
03.37000
03.86000
01.70000
02.44000
03.93000
02.37000
02.85000
02.58000
01.76000
04.95000
03.53000
01.69000
02.43000
01.57000
01.72000
02.34000
01.67000
02.78000
03.54000
02.64000
01.60000
02.71000
03.11000
04.74000
04.34000
03.49000
