20
10
103.31000
151.97000
111.78000
190.85000
157.56000
192.08000
162.97000
128.74000
164.40000
113.00000
162.27000
146.08000
171.09000
168.26000
169.43000
108.89000
149.92000
136.37000
169.23000
108.18000
108.05000
165.32000
101.89000
153.26000
197.22000
117.91000
194.88000
117.14000
122.25000
160.36000
183.28000
158.56000
108.50000
174.29000
104.99000
171.66000
106.39000
166.35000
122.90000
175.60000
178.53000
168.45000
182.20000
101.81000
189.90000
166.20000
109.12000
182.35000
186.38000
135.09000
157.29000
123.30000
196.50000
109.90000
167.72000
171.91000
173.75000
150.39000
106.43000
100.47000
113.60000
193.01000
178.31000
170.33000
195.02000
192.46000
130.97000
146.16000
104.96000
194.75000
137.35000
128.14000
100.07000
112.77000
166.59000
141.66000
161.97000
184.40000
112.82000
137.13000
185.58000
131.75000
153.60000
121.13000
130.27000
104.35000
120.72000
162.31000
194.15000
164.99000
133.81000
121.41000
187.00000
129.69000
115.11000
126.96000
143.57000
139.46000
111.89000
132.46000
190.73000
189.74000
173.68000
135.27000
100.16000
140.95000
116.31000
134.97000
144.85000
147.06000
135.03000
158.51000
112.69000
152.19000
130.22000
162.53000
116.57000
125.50000
127.26000
128.66000
103.19000
145.32000
186.94000
125.11000
153.10000
186.93000
116.95000
184.37000
182.85000
185.04000
194.19000
120.64000
183.45000
136.92000
122.17000
143.69000
170.93000
164.83000
129.40000
188.28000
160.60000
199.04000
149.20000
147.26000
195.13000
199.51000
135.94000
137.87000
110.73000
170.98000
110.18000
184.05000
126.53000
188.84000
103.57000
173.69000
186.67000
153.49000
172.74000
119.69000
134.42000
113.49000
145.64000
119.04000
113.40000
151.48000
175.67000
149.54000
184.43000
191.00000
155.76000
142.69000
119.78000
110.54000
170.67000
189.52000
116.70000
113.64000
130.17000
106.02000
163.24000
172.37000
188.07000
166.55000
187.55000
118.40000
103.11000
176.41000
102.79000
140.61000
131.15000
112.63000
159.34000
145.64000
135.07000
194.37000
132.60000
165.13000
102.76000
165.77000
04.17000
01.03000
04.70000
02.45000
02.32000
02.94000
04.34000
03.75000
04.41000
01.40000
04.46000
01.76000
04.76000
02.00000
01.89000
04.58000
02.72000
03.30000
02.45000
01.26000
04.83000
04.29000
03.51000
04.46000
04.07000
02.49000
04.42000
01.43000
03.26000
02.15000
02.12000
01.33000
03.35000
01.48000
04.09000
04.89000
02.29000
03.69000
02.75000
01.80000
04.45000
04.69000
01.47000
01.18000
04.56000
01.50000
02.83000
01.17000
04.70000
04.02000
03.90000
04.17000
01.46000
04.07000
03.75000
04.49000
04.42000
02.50000
02.45000
01.48000
01.95000
01.71000
03.28000
04.81000
01.43000
02.59000
02.34000
02.65000
01.74000
03.39000
03.20000
04.01000
04.09000
02.54000
01.57000
01.82000
02.66000
03.51000
02.15000
02.06000
01.68000
01.75000
03.38000
02.42000
03.60000
04.39000
03.73000
03.95000
01.47000
02.71000
04.82000
01.58000
02.12000
02.79000
03.98000
03.89000
01.36000
03.72000
03.52000
04.45000
01.37000
01.98000
04.17000
03.05000
01.81000
01.97000
02.74000
01.34000
02.26000
03.61000
04.44000
01.02000
04.19000
01.63000
01.21000
03.29000
02.04000
03.71000
02.00000
02.36000
03.66000
01.04000
04.38000
02.27000
03.77000
03.21000
02.00000
03.44000
04.54000
04.84000
04.20000
01.62000
03.07000
02.28000
02.57000
03.64000
01.42000
04.84000
01.67000
01.33000
03.80000
03.14000
02.08000
02.54000
02.54000
03.52000
02.68000
02.23000
03.80000
03.64000
01.02000
03.51000
01.28000
02.44000
01.32000
03.82000
01.69000
03.87000
04.77000
01.62000
03.27000
03.29000
02.09000
01.33000
03.70000
02.71000
01.53000
04.77000
03.34000
04.19000
01.20000
02.94000
01.50000
02.32000
02.95000
04.92000
02.53000
04.67000
01.59000
04.79000
03.70000
02.25000
02.28000
03.29000
01.97000
04.48000
03.79000
01.99000
01.58000
01.82000
03.99000
01.77000
04.49000
01.47000
03.34000
04.34000
01.64000
03.63000
03.28000
04.40000
