20
4
124.79000
172.94000
159.35000
121.38000
135.43000
166.99000
120.59000
189.85000
107.42000
195.04000
113.49000
112.64000
181.39000
197.73000
178.69000
130.38000
197.96000
115.67000
156.79000
183.69000
193.14000
156.30000
154.41000
123.66000
151.78000
128.08000
193.44000
190.28000
112.60000
155.95000
167.45000
195.79000
141.21000
105.52000
142.08000
105.83000
103.25000
142.42000
182.94000
186.00000
170.48000
107.02000
173.73000
196.26000
164.30000
181.61000
116.00000
149.38000
127.68000
110.91000
123.14000
102.52000
151.23000
185.55000
185.78000
146.31000
125.60000
196.14000
194.53000
171.38000
176.65000
118.10000
171.77000
168.37000
115.18000
146.04000
171.35000
128.06000
129.71000
116.39000
104.74000
137.97000
135.87000
144.77000
187.57000
113.73000
149.28000
146.81000
135.46000
170.96000
01.65000
02.00000
01.83000
02.65000
01.28000
03.88000
03.89000
04.09000
02.56000
02.68000
03.16000
04.02000
04.60000
01.52000
02.75000
01.56000
02.52000
03.53000
01.79000
03.83000
03.11000
02.75000
02.75000
04.78000
04.30000
04.61000
02.79000
03.76000
02.23000
04.74000
03.64000
03.07000
01.02000
03.27000
01.41000
02.85000
04.80000
04.32000
04.23000
03.20000
01.85000
02.38000
04.35000
02.69000
04.63000
03.72000
01.82000
03.10000
04.06000
03.49000
04.50000
04.52000
01.27000
02.82000
01.52000
04.05000
01.39000
02.84000
02.01000
02.83000
02.25000
01.52000
04.89000
02.66000
03.98000
02.77000
03.79000
04.60000
01.59000
03.93000
03.63000
01.52000
01.20000
03.13000
02.55000
03.53000
04.94000
02.48000
02.65000
04.76000
