20
4
168.49000
198.60000
193.96000
124.76000
150.21000
168.60000
167.29000
172.70000
100.30000
104.64000
129.32000
157.00000
159.41000
147.35000
120.66000
118.27000
168.15000
137.35000
181.96000
197.15000
187.72000
116.59000
123.42000
139.72000
198.54000
184.50000
183.77000
134.11000
174.82000
196.77000
192.39000
105.67000
182.18000
119.02000
114.89000
120.03000
186.24000
116.89000
116.91000
142.81000
133.13000
114.15000
112.50000
111.63000
109.06000
166.35000
159.14000
127.13000
124.08000
167.80000
190.19000
187.19000
168.81000
109.12000
196.26000
182.43000
133.88000
180.93000
167.98000
103.47000
143.34000
163.21000
179.73000
143.92000
133.36000
102.22000
131.19000
177.56000
125.17000
134.41000
192.25000
162.21000
134.39000
175.42000
178.53000
113.49000
176.63000
140.87000
105.65000
147.01000
06.32000
06.74000
09.95000
07.92000
09.27000
06.76000
09.78000
06.87000
08.21000
08.12000
07.56000
06.62000
07.05000
09.73000
07.18000
06.07000
09.69000
05.50000
07.57000
09.13000
07.11000
07.18000
08.77000
09.64000
07.33000
06.66000
07.19000
05.76000
08.98000
05.72000
09.62000
06.56000
07.23000
09.54000
06.21000
07.19000
07.21000
08.27000
07.13000
07.81000
09.55000
07.06000
05.80000
05.74000
09.78000
06.16000
06.04000
05.97000
05.38000
09.11000
09.87000
05.76000
07.79000
07.34000
08.69000
06.52000
08.39000
07.24000
08.92000
09.66000
07.60000
06.56000
05.48000
09.21000
08.60000
08.03000
07.89000
07.10000
05.58000
06.76000
05.11000
08.59000
06.20000
05.43000
09.80000
06.34000
08.11000
06.67000
09.60000
08.00000
