20
10
54.39000
7.64000
33.41000
16.67000
24.22000
34.03000
85.25000
57.05000
66.13000
97.01000
53.13000
30.59000
22.73000
45.40000
89.04000
95.45000
58.37000
49.71000
72.69000
38.55000
34.69000
87.12000
16.53000
37.40000
20.91000
28.60000
78.80000
36.79000
24.74000
64.34000
41.30000
90.42000
15.61000
21.49000
83.85000
37.81000
86.74000
48.94000
15.04000
40.22000
46.98000
25.73000
33.38000
82.21000
64.74000
2.71000
23.94000
66.86000
5.78000
97.99000
69.48000
7.57000
90.16000
42.79000
6.40000
43.96000
67.67000
88.09000
91.88000
43.36000
32.69000
55.48000
70.04000
50.78000
82.08000
25.63000
4.67000
21.85000
96.96000
33.30000
99.89000
55.38000
77.72000
35.56000
71.47000
21.82000
49.49000
14.23000
55.91000
14.38000
16.70000
69.72000
9.12000
62.68000
61.52000
10.85000
91.58000
92.55000
55.64000
54.52000
97.23000
53.44000
2.53000
12.39000
41.93000
66.40000
29.44000
17.88000
65.28000
79.21000
45.18000
44.23000
51.70000
1.52000
19.51000
16.59000
98.68000
11.39000
94.38000
82.63000
11.29000
56.36000
4.14000
32.38000
31.21000
37.82000
2.84000
76.59000
28.91000
79.90000
21.67000
65.97000
59.96000
64.84000
87.00000
79.56000
67.65000
1.50000
30.19000
8.22000
16.81000
18.94000
34.15000
41.06000
3.73000
21.65000
9.54000
94.94000
50.46000
37.85000
13.75000
95.99000
75.79000
70.86000
2.56000
5.80000
71.76000
12.24000
42.90000
5.15000
97.80000
49.53000
98.05000
13.97000
30.55000
16.06000
57.00000
75.97000
68.40000
66.90000
43.55000
14.41000
38.58000
49.37000
93.84000
62.20000
35.74000
65.71000
75.84000
86.64000
68.42000
17.14000
54.90000
60.29000
16.38000
86.57000
22.12000
79.42000
81.08000
85.68000
82.71000
24.53000
16.89000
16.33000
13.52000
71.95000
94.32000
9.70000
84.52000
70.17000
58.44000
74.73000
91.91000
69.07000
14.84000
75.66000
54.65000
44.28000
93.83000
99.51000
08.91000
06.38000
07.73000
05.70000
05.47000
05.71000
05.78000
09.31000
08.93000
07.30000
09.36000
05.86000
08.13000
09.07000
05.45000
06.39000
08.17000
05.18000
07.27000
08.18000
06.23000
09.31000
09.80000
08.02000
06.29000
08.11000
08.50000
05.70000
09.00000
07.93000
07.62000
05.47000
08.98000
09.97000
09.93000
06.65000
07.11000
06.68000
09.43000
09.80000
09.69000
09.65000
09.16000
06.66000
08.76000
07.48000
08.76000
07.23000
07.27000
05.20000
07.84000
07.28000
06.87000
08.53000
06.19000
05.64000
05.48000
09.44000
09.84000
07.41000
06.01000
05.71000
07.00000
06.55000
09.39000
09.31000
05.42000
05.15000
08.32000
07.52000
09.83000
09.61000
07.72000
06.87000
08.28000
09.54000
08.80000
05.11000
05.09000
05.83000
07.09000
09.96000
08.02000
07.10000
08.08000
05.48000
07.22000
05.59000
09.56000
08.28000
05.86000
07.34000
06.01000
06.90000
06.55000
09.01000
08.15000
06.11000
08.13000
08.52000
06.90000
07.64000
09.00000
08.80000
05.79000
06.29000
07.04000
09.42000
09.77000
06.05000
05.76000
05.03000
09.07000
08.75000
08.53000
05.58000
05.21000
07.45000
09.97000
07.26000
08.85000
05.01000
05.85000
07.39000
09.00000
08.07000
06.13000
06.02000
05.46000
06.82000
08.10000
05.22000
05.53000
07.59000
07.15000
09.46000
07.74000
07.99000
09.96000
09.47000
06.81000
07.69000
07.56000
06.39000
08.90000
07.46000
06.23000
06.52000
08.49000
08.97000
05.65000
07.44000
06.16000
09.36000
09.51000
09.39000
08.71000
07.00000
07.77000
08.88000
09.32000
06.39000
06.50000
05.07000
05.26000
09.04000
09.40000
08.88000
09.36000
08.04000
09.73000
05.35000
06.72000
07.54000
05.70000
06.75000
08.68000
07.97000
06.80000
06.61000
07.92000
08.16000
05.75000
05.11000
05.44000
09.96000
06.21000
07.75000
07.04000
09.53000
09.15000
09.86000
08.58000
09.31000
08.58000
06.99000
07.20000
08.00000
09.74000
05.96000
