20
10
61.33000
72.04000
99.29000
60.53000
79.81000
19.08000
24.22000
6.88000
41.99000
97.07000
83.29000
30.23000
87.46000
55.82000
32.50000
90.76000
83.58000
65.87000
48.56000
74.39000
79.37000
67.31000
22.41000
55.54000
57.98000
37.13000
80.93000
50.03000
86.68000
59.46000
22.67000
7.49000
35.91000
60.43000
27.45000
64.44000
97.88000
89.93000
2.84000
85.14000
91.06000
95.64000
49.96000
23.51000
89.79000
80.29000
56.31000
13.50000
7.17000
5.34000
63.48000
29.16000
63.25000
97.02000
6.91000
12.10000
7.81000
12.31000
44.74000
27.68000
77.43000
48.19000
90.09000
98.66000
5.12000
37.80000
18.27000
68.30000
54.54000
47.91000
15.77000
33.89000
28.07000
35.59000
95.36000
63.88000
49.85000
81.67000
96.55000
53.45000
24.14000
17.24000
17.10000
36.47000
13.20000
83.99000
90.98000
4.00000
70.66000
1.13000
58.66000
95.92000
2.02000
75.33000
34.99000
37.26000
33.49000
44.01000
60.60000
72.82000
20.08000
86.30000
56.24000
7.68000
37.06000
50.66000
75.50000
1.04000
38.58000
17.44000
91.87000
86.74000
55.97000
73.65000
50.04000
67.16000
46.28000
34.06000
18.46000
66.44000
56.37000
24.62000
89.22000
22.10000
60.15000
15.71000
94.90000
57.69000
85.63000
90.48000
37.42000
95.17000
18.75000
42.04000
13.05000
39.02000
67.16000
84.24000
43.85000
16.47000
97.95000
3.05000
36.69000
89.17000
77.21000
56.85000
64.10000
79.39000
16.74000
34.65000
79.82000
49.52000
77.81000
54.43000
59.48000
30.86000
50.42000
60.86000
3.48000
79.50000
34.85000
7.87000
33.91000
78.76000
48.72000
14.98000
66.57000
89.23000
63.91000
93.10000
55.87000
79.64000
46.76000
16.79000
79.55000
34.92000
87.39000
80.33000
42.09000
63.73000
36.16000
9.77000
31.30000
52.67000
84.65000
37.59000
81.78000
42.69000
8.82000
73.43000
1.94000
13.08000
99.86000
68.20000
95.36000
26.12000
79.73000
96.52000
96.35000
69.82000
07.17000
07.50000
05.19000
08.06000
07.62000
05.10000
08.72000
07.17000
09.41000
05.67000
09.73000
07.42000
06.39000
07.12000
05.21000
09.86000
08.66000
08.61000
08.36000
06.76000
08.31000
05.23000
05.89000
06.31000
05.77000
05.97000
06.40000
05.98000
05.96000
09.08000
09.92000
06.57000
08.50000
05.74000
09.20000
07.40000
09.27000
08.38000
08.25000
09.03000
07.64000
05.25000
09.40000
09.87000
05.85000
08.17000
07.86000
05.89000
09.19000
07.93000
09.00000
05.82000
09.33000
05.25000
07.62000
08.53000
09.18000
07.11000
09.74000
09.10000
05.89000
07.54000
08.74000
08.14000
08.96000
09.43000
09.40000
08.21000
08.90000
08.53000
09.86000
09.21000
05.65000
06.34000
08.19000
05.77000
05.40000
05.61000
08.72000
08.76000
05.90000
09.41000
09.88000
05.70000
06.59000
07.15000
06.62000
09.88000
09.72000
05.38000
07.27000
08.03000
09.78000
07.62000
09.41000
06.80000
07.47000
08.66000
06.90000
09.12000
05.18000
09.80000
05.91000
09.53000
08.86000
05.91000
09.40000
08.90000
05.19000
06.96000
08.65000
09.59000
09.44000
09.78000
07.02000
06.55000
08.10000
07.42000
09.15000
05.96000
08.85000
08.09000
09.79000
08.81000
09.57000
05.82000
06.63000
08.70000
09.81000
08.67000
05.85000
06.11000
06.87000
08.01000
07.87000
05.52000
09.26000
06.42000
09.34000
07.65000
06.33000
08.12000
08.90000
08.09000
06.12000
07.32000
09.05000
07.07000
07.24000
08.35000
06.28000
09.42000
05.26000
08.32000
09.29000
05.37000
06.99000
05.63000
08.01000
06.45000
06.21000
09.51000
05.90000
05.87000
08.91000
09.57000
09.67000
06.82000
09.23000
06.69000
07.82000
08.63000
07.27000
05.01000
08.57000
08.58000
09.36000
09.96000
06.40000
05.19000
05.08000
09.55000
06.79000
06.88000
06.01000
05.58000
07.58000
06.29000
06.10000
05.70000
08.44000
08.99000
06.22000
07.36000
08.35000
05.53000
08.49000
09.24000
07.58000
07.74000
