20
7
49.86000
81.96000
41.23000
34.39000
29.90000
78.39000
13.61000
66.55000
87.66000
47.23000
53.53000
34.09000
42.30000
97.32000
73.75000
83.71000
36.28000
54.37000
87.55000
54.29000
10.41000
44.19000
43.70000
33.59000
44.15000
15.76000
78.09000
37.58000
99.82000
26.87000
92.35000
94.13000
34.90000
66.83000
93.20000
38.64000
42.48000
52.25000
2.27000
5.06000
26.18000
63.18000
37.21000
63.26000
72.11000
39.31000
22.56000
4.71000
58.79000
89.69000
15.45000
88.16000
89.24000
19.18000
76.33000
20.24000
20.50000
67.30000
93.99000
16.50000
89.69000
49.58000
67.13000
18.50000
65.22000
41.18000
86.79000
27.49000
67.46000
48.26000
90.69000
18.19000
33.52000
96.49000
29.09000
23.24000
62.93000
64.58000
88.93000
2.56000
5.35000
97.88000
91.51000
27.29000
2.35000
97.94000
47.91000
80.23000
32.46000
5.31000
1.71000
83.09000
24.66000
51.00000
99.25000
32.53000
82.74000
34.46000
42.88000
62.90000
25.23000
39.00000
37.62000
98.20000
72.44000
27.83000
36.49000
26.17000
37.03000
64.18000
76.96000
38.66000
71.91000
49.17000
89.95000
6.64000
22.15000
58.76000
69.81000
50.14000
37.43000
66.88000
13.54000
19.14000
40.65000
59.10000
59.75000
77.73000
33.59000
98.35000
75.06000
70.90000
6.34000
86.94000
31.77000
25.46000
49.53000
15.35000
76.98000
31.68000
09.14000
07.99000
05.14000
05.64000
05.78000
07.25000
09.86000
06.08000
06.36000
05.76000
08.80000
05.15000
05.76000
09.55000
07.68000
08.11000
09.90000
07.51000
06.98000
06.87000
07.10000
09.13000
06.78000
07.22000
09.57000
06.90000
06.38000
09.49000
05.05000
09.38000
09.11000
08.26000
07.63000
05.70000
06.45000
05.95000
05.55000
05.98000
07.77000
09.77000
08.81000
06.24000
07.12000
07.12000
05.12000
06.03000
07.65000
06.90000
07.36000
05.91000
07.74000
05.24000
07.42000
07.93000
05.73000
09.09000
09.46000
08.30000
05.97000
08.30000
07.31000
09.47000
08.09000
09.71000
05.44000
06.35000
09.88000
06.50000
07.10000
07.85000
05.39000
06.76000
09.32000
07.56000
09.65000
08.05000
09.52000
06.36000
06.84000
08.95000
09.47000
08.91000
05.13000
06.88000
09.72000
09.41000
09.69000
07.23000
08.15000
06.54000
06.60000
06.49000
08.03000
07.79000
06.19000
07.67000
06.13000
06.05000
06.04000
07.92000
07.13000
09.90000
06.19000
08.95000
08.11000
06.23000
07.97000
05.16000
05.44000
08.57000
06.02000
05.52000
08.44000
09.38000
08.32000
07.08000
08.10000
09.67000
08.21000
09.15000
07.60000
05.61000
07.11000
07.45000
05.31000
08.52000
09.58000
06.27000
09.02000
08.12000
09.95000
07.59000
07.75000
06.74000
09.89000
09.83000
05.25000
08.29000
09.63000
06.83000
