20
4
34.03000
3.53000
92.27000
26.30000
15.84000
12.81000
57.27000
29.98000
97.84000
70.45000
43.57000
52.63000
23.24000
18.67000
91.38000
35.48000
30.26000
95.70000
42.92000
18.74000
36.47000
48.28000
34.89000
5.83000
71.17000
95.02000
42.05000
26.97000
67.04000
32.55000
92.36000
70.37000
89.03000
24.82000
52.78000
3.00000
4.11000
37.80000
87.28000
87.83000
44.99000
54.70000
51.11000
20.94000
63.81000
45.78000
44.81000
4.30000
79.56000
93.34000
80.29000
39.50000
82.96000
89.11000
49.29000
18.27000
64.73000
23.80000
41.51000
30.31000
50.50000
60.61000
90.31000
19.96000
53.21000
73.52000
89.64000
87.12000
77.79000
50.30000
19.59000
76.38000
40.71000
6.41000
93.61000
3.21000
56.45000
56.33000
30.17000
81.08000
09.39000
07.85000
05.83000
07.32000
07.98000
07.59000
07.58000
08.53000
07.63000
06.25000
07.36000
08.11000
07.27000
07.74000
09.08000
09.98000
05.78000
05.96000
06.62000
08.03000
05.07000
07.85000
07.64000
05.51000
07.28000
06.05000
09.65000
08.22000
06.63000
07.05000
06.37000
08.80000
08.27000
06.00000
07.97000
07.42000
07.36000
08.07000
09.59000
09.22000
09.48000
09.08000
09.52000
05.31000
08.87000
07.98000
08.33000
06.01000
09.97000
09.57000
07.07000
05.10000
09.19000
05.26000
07.13000
08.99000
07.94000
06.46000
09.92000
09.09000
06.23000
09.30000
08.86000
05.53000
05.95000
05.29000
09.71000
08.91000
08.60000
07.99000
07.33000
05.36000
06.85000
05.08000
09.37000
07.51000
08.34000
09.21000
08.48000
08.02000
