20
4
90.31000
8.79000
93.62000
75.52000
20.85000
84.16000
62.66000
39.73000
38.43000
71.00000
89.34000
34.51000
84.27000
9.53000
15.88000
1.08000
99.57000
38.95000
80.50000
78.67000
42.88000
37.83000
35.76000
87.96000
98.78000
73.09000
66.82000
38.45000
96.50000
54.04000
72.19000
16.61000
2.01000
45.65000
17.83000
87.41000
78.28000
13.89000
67.72000
18.82000
56.62000
35.19000
56.11000
85.97000
55.79000
9.52000
54.51000
15.06000
75.86000
39.55000
69.18000
44.72000
8.56000
17.02000
90.83000
66.67000
42.60000
31.63000
11.19000
71.62000
37.13000
60.90000
11.01000
81.84000
48.56000
9.64000
40.33000
44.22000
99.65000
14.28000
67.56000
70.24000
7.87000
90.29000
9.14000
76.36000
85.69000
55.15000
78.56000
78.07000
03.39000
04.03000
04.57000
03.65000
03.22000
02.56000
04.24000
04.15000
01.51000
04.82000
01.92000
01.95000
01.37000
01.94000
04.74000
04.17000
01.93000
01.03000
03.82000
01.93000
03.59000
01.04000
02.69000
04.33000
03.54000
01.74000
02.15000
03.81000
03.54000
02.03000
01.73000
04.93000
03.72000
02.02000
01.54000
03.82000
04.21000
01.85000
01.72000
04.61000
04.97000
03.11000
01.18000
01.23000
01.61000
03.01000
02.41000
03.11000
04.72000
01.16000
02.67000
01.80000
03.42000
02.68000
03.09000
02.43000
02.83000
04.70000
04.78000
02.12000
03.76000
04.75000
04.23000
04.64000
03.23000
02.06000
02.03000
04.80000
02.89000
01.60000
01.08000
02.25000
04.86000
01.49000
03.51000
03.11000
03.28000
03.85000
03.45000
01.50000
