20
10
185.78000
109.14000
125.15000
132.65000
129.79000
190.60000
166.54000
113.11000
141.33000
194.37000
149.11000
142.64000
123.92000
130.24000
188.85000
143.53000
106.08000
132.95000
126.80000
163.02000
195.84000
173.08000
125.62000
105.47000
158.48000
113.42000
196.03000
168.08000
191.44000
117.14000
199.45000
134.89000
126.35000
172.14000
180.02000
106.30000
119.87000
191.31000
106.89000
107.69000
178.67000
177.20000
126.09000
155.90000
141.83000
105.28000
140.40000
165.65000
100.36000
166.33000
114.34000
175.75000
139.03000
151.36000
145.17000
189.71000
167.59000
176.39000
155.16000
136.05000
104.89000
122.02000
146.22000
115.14000
168.09000
160.12000
101.03000
119.50000
152.11000
157.40000
154.97000
189.50000
119.82000
133.01000
183.43000
156.76000
159.12000
131.09000
186.79000
177.94000
117.93000
145.02000
120.88000
146.88000
139.34000
156.08000
147.98000
135.56000
110.52000
162.32000
129.73000
177.42000
197.47000
135.99000
144.64000
157.22000
191.21000
174.36000
196.22000
184.73000
179.02000
178.92000
184.16000
169.60000
144.58000
191.95000
132.19000
112.42000
120.49000
124.03000
134.53000
196.36000
100.91000
125.56000
197.81000
184.32000
104.96000
171.91000
153.67000
164.17000
171.87000
175.91000
125.67000
157.39000
117.57000
114.50000
194.88000
145.33000
118.99000
187.04000
115.32000
165.85000
123.39000
147.04000
146.75000
184.95000
103.04000
173.00000
173.94000
193.66000
145.36000
126.08000
197.24000
147.45000
157.63000
165.05000
152.38000
161.76000
133.87000
172.00000
131.07000
131.75000
199.48000
128.56000
171.19000
151.54000
104.83000
141.37000
135.63000
140.29000
197.15000
123.11000
173.10000
107.28000
116.38000
198.25000
159.45000
141.78000
173.85000
147.67000
120.17000
139.80000
198.07000
106.12000
196.28000
148.62000
142.56000
133.38000
153.78000
140.51000
126.46000
155.30000
191.78000
139.87000
178.63000
151.28000
179.26000
101.29000
137.45000
178.23000
198.58000
196.99000
159.56000
149.03000
118.88000
152.36000
126.59000
101.57000
134.30000
117.80000
05.58000
06.73000
06.97000
06.78000
06.76000
06.12000
07.44000
07.72000
05.62000
09.97000
09.55000
09.12000
06.64000
06.82000
05.90000
07.62000
05.53000
06.46000
05.33000
06.15000
05.08000
07.84000
06.20000
05.17000
05.69000
06.25000
05.80000
07.89000
06.06000
05.46000
05.76000
05.30000
06.45000
07.29000
09.46000
07.33000
08.37000
09.81000
06.53000
05.17000
07.92000
09.76000
06.10000
07.66000
08.49000
05.67000
05.40000
05.23000
07.56000
09.45000
08.57000
05.56000
07.43000
07.44000
06.03000
08.12000
06.63000
07.25000
09.41000
08.63000
07.61000
07.14000
09.07000
05.56000
08.53000
07.53000
08.90000
06.16000
06.63000
09.35000
09.18000
07.23000
07.50000
09.73000
08.58000
09.02000
07.93000
07.05000
07.07000
08.04000
09.56000
06.91000
08.05000
08.10000
09.91000
05.14000
06.45000
06.09000
05.61000
06.90000
09.47000
08.92000
06.75000
06.36000
05.32000
08.86000
09.68000
08.93000
08.49000
09.47000
06.81000
06.99000
06.40000
06.60000
09.01000
09.03000
06.38000
06.82000
09.98000
08.52000
08.54000
06.19000
05.57000
07.90000
06.86000
05.26000
07.94000
05.88000
06.61000
05.87000
06.84000
05.24000
06.96000
06.87000
08.31000
05.35000
06.31000
08.49000
09.24000
08.19000
05.78000
08.03000
07.53000
05.72000
06.43000
05.60000
07.34000
06.16000
05.52000
07.54000
07.67000
09.11000
08.56000
05.55000
05.75000
06.39000
07.87000
06.69000
09.56000
08.79000
08.96000
09.79000
05.27000
09.06000
06.15000
05.73000
05.33000
06.21000
05.01000
06.64000
07.81000
08.33000
09.49000
07.56000
09.27000
05.23000
09.78000
06.96000
07.80000
08.80000
06.73000
09.65000
09.13000
08.82000
09.19000
08.53000
05.24000
06.34000
07.25000
07.76000
05.86000
08.77000
08.68000
07.81000
07.10000
07.90000
09.78000
09.77000
07.66000
07.69000
06.42000
06.91000
09.04000
06.21000
08.23000
05.40000
08.99000
07.79000
06.07000
07.70000
