20
10
163.30000
156.42000
125.52000
143.94000
139.02000
143.69000
173.00000
125.67000
110.70000
198.89000
199.44000
161.46000
100.59000
150.53000
139.60000
192.33000
155.97000
152.13000
153.26000
184.28000
136.02000
127.88000
132.42000
172.24000
156.00000
142.43000
129.45000
168.19000
102.06000
130.82000
199.64000
113.17000
174.59000
149.67000
155.86000
176.32000
198.98000
180.65000
136.02000
151.78000
123.01000
133.64000
118.47000
143.51000
149.12000
126.50000
119.31000
150.22000
172.45000
146.36000
141.01000
160.69000
196.52000
103.00000
199.58000
197.19000
149.84000
131.18000
136.04000
106.99000
148.85000
199.06000
158.45000
183.73000
100.43000
192.01000
113.89000
132.54000
189.51000
190.53000
119.53000
177.75000
147.75000
182.52000
119.51000
119.73000
131.76000
180.86000
182.98000
183.90000
117.45000
160.19000
158.27000
184.43000
131.08000
111.79000
187.89000
120.04000
144.76000
176.03000
131.82000
185.68000
143.27000
143.95000
187.34000
184.87000
136.36000
131.55000
176.70000
146.13000
109.40000
111.90000
166.30000
189.92000
176.78000
111.60000
108.88000
176.98000
107.16000
187.67000
142.77000
196.85000
163.42000
159.25000
143.38000
181.18000
133.46000
170.49000
111.07000
186.61000
157.78000
140.70000
175.81000
181.66000
166.77000
156.13000
142.83000
164.55000
105.20000
121.42000
194.18000
105.31000
139.10000
108.84000
108.38000
188.70000
159.48000
115.65000
188.94000
124.49000
130.64000
120.50000
146.47000
138.08000
134.36000
122.87000
103.75000
178.83000
165.63000
136.47000
182.53000
102.88000
118.58000
111.70000
189.44000
173.13000
112.35000
123.95000
156.12000
177.47000
173.24000
174.41000
198.17000
172.93000
112.37000
166.99000
100.66000
192.19000
161.91000
123.19000
159.06000
123.72000
169.12000
196.54000
133.14000
133.52000
106.27000
165.55000
107.67000
112.62000
188.14000
130.60000
155.19000
180.23000
191.31000
105.39000
159.83000
126.45000
150.63000
115.34000
130.19000
145.53000
191.50000
142.09000
104.17000
131.61000
164.32000
192.28000
144.66000
103.83000
03.72000
03.68000
01.67000
01.14000
03.04000
03.68000
01.51000
04.93000
01.10000
01.78000
02.12000
04.48000
03.22000
02.56000
03.34000
02.87000
03.74000
03.59000
01.98000
04.18000
02.19000
01.44000
03.44000
03.71000
03.48000
01.95000
01.61000
02.58000
01.90000
01.85000
03.25000
03.81000
01.38000
02.34000
02.82000
03.11000
02.90000
01.62000
03.77000
01.18000
01.55000
02.74000
01.42000
01.92000
03.64000
03.88000
01.67000
02.52000
04.31000
04.03000
01.66000
04.93000
03.14000
02.02000
03.48000
02.46000
04.72000
01.68000
02.20000
01.44000
03.62000
01.83000
04.44000
02.92000
04.44000
01.24000
04.92000
01.75000
01.00000
04.23000
03.62000
01.27000
01.52000
04.26000
03.25000
01.42000
03.19000
03.78000
03.51000
03.16000
02.98000
01.90000
03.82000
04.25000
04.38000
02.80000
04.42000
02.20000
04.02000
04.44000
01.56000
02.80000
03.73000
03.89000
03.56000
01.62000
02.35000
03.22000
03.74000
03.24000
01.22000
03.35000
02.02000
01.40000
04.45000
03.27000
02.35000
02.95000
04.37000
02.27000
03.98000
04.82000
01.44000
02.06000
01.84000
03.21000
01.10000
01.34000
03.91000
03.31000
03.92000
01.84000
02.40000
03.60000
04.68000
02.90000
03.33000
01.69000
04.17000
04.22000
04.39000
03.08000
02.45000
01.14000
04.15000
01.61000
04.60000
01.99000
02.21000
04.10000
04.68000
02.78000
04.56000
04.73000
04.86000
04.68000
02.44000
04.16000
01.99000
01.49000
01.99000
01.84000
04.76000
03.16000
02.42000
02.23000
02.89000
04.63000
03.92000
02.77000
02.10000
03.92000
03.16000
04.68000
03.07000
04.53000
01.65000
01.21000
01.03000
03.76000
03.68000
02.53000
02.33000
03.18000
02.07000
04.70000
02.28000
01.37000
02.66000
04.80000
04.17000
02.66000
04.57000
01.93000
02.73000
03.19000
01.08000
02.01000
02.81000
03.75000
01.95000
01.60000
01.34000
02.55000
02.64000
01.40000
04.30000
02.78000
03.60000
03.11000
