20
7
125.04000
162.62000
163.82000
152.41000
151.88000
155.71000
191.74000
177.63000
189.13000
188.20000
182.69000
114.59000
198.66000
158.29000
130.56000
137.28000
143.90000
153.24000
105.82000
183.72000
174.64000
189.88000
177.07000
129.91000
102.01000
139.27000
159.53000
151.33000
188.72000
183.94000
124.86000
169.09000
191.58000
107.63000
118.11000
148.94000
181.43000
195.63000
173.43000
133.22000
167.05000
147.42000
170.10000
195.53000
185.90000
196.54000
192.64000
138.26000
129.54000
168.77000
101.56000
163.57000
109.06000
117.79000
102.49000
163.39000
162.10000
111.32000
102.60000
118.73000
162.93000
125.40000
121.19000
148.91000
185.57000
108.74000
147.32000
182.68000
146.98000
190.81000
116.60000
100.19000
146.92000
154.55000
179.56000
128.95000
124.21000
109.49000
100.80000
198.00000
153.51000
117.90000
155.08000
144.76000
134.52000
139.78000
100.39000
190.69000
105.09000
165.77000
124.59000
156.04000
163.04000
142.49000
182.52000
188.21000
157.71000
155.63000
155.57000
148.68000
167.67000
117.20000
177.47000
195.57000
191.97000
160.12000
175.74000
187.79000
187.98000
180.60000
199.70000
145.34000
135.91000
198.30000
142.84000
194.92000
180.07000
184.47000
137.74000
189.80000
135.67000
161.40000
184.76000
196.71000
111.30000
161.65000
183.93000
136.02000
122.91000
125.50000
154.88000
178.84000
192.51000
130.05000
139.19000
165.56000
118.70000
116.46000
129.95000
175.63000
07.71000
09.66000
07.08000
05.72000
06.72000
08.52000
09.71000
08.23000
08.62000
05.29000
06.10000
06.56000
06.63000
07.76000
09.64000
07.11000
08.74000
05.32000
07.29000
06.68000
09.16000
08.91000
07.91000
06.13000
07.37000
06.88000
06.95000
09.59000
06.75000
05.01000
07.40000
06.79000
06.29000
08.24000
09.98000
05.39000
07.86000
06.28000
07.08000
06.52000
06.53000
06.55000
05.61000
05.87000
09.52000
07.59000
09.95000
09.47000
09.48000
05.24000
05.79000
09.51000
07.27000
08.94000
09.78000
09.70000
09.73000
06.05000
08.34000
05.39000
09.53000
07.53000
09.10000
05.34000
08.40000
05.68000
09.68000
05.34000
07.79000
09.73000
08.87000
07.23000
05.23000
09.73000
06.58000
09.39000
07.40000
06.75000
05.63000
09.96000
08.55000
09.04000
05.64000
09.50000
06.86000
06.62000
09.34000
08.20000
08.68000
09.92000
06.91000
09.07000
06.85000
09.44000
07.62000
07.49000
06.47000
09.82000
06.77000
06.75000
06.19000
08.83000
08.17000
09.95000
06.66000
05.19000
07.90000
06.45000
08.94000
06.87000
05.09000
08.86000
08.52000
08.42000
08.24000
05.67000
06.24000
06.66000
09.94000
06.39000
05.14000
05.60000
06.34000
08.67000
05.78000
05.76000
06.60000
05.83000
09.22000
08.97000
08.06000
08.79000
09.66000
06.14000
06.96000
08.99000
09.82000
08.62000
06.85000
07.02000
