20
7
91.80000
6.84000
92.24000
50.91000
8.87000
74.78000
63.70000
99.99000
66.57000
50.72000
1.44000
5.91000
43.44000
80.20000
6.55000
32.55000
4.21000
87.59000
45.52000
98.83000
38.12000
80.82000
39.68000
54.67000
76.70000
61.04000
55.75000
83.33000
35.10000
20.72000
56.10000
76.45000
98.31000
81.82000
59.43000
32.99000
56.88000
58.47000
61.25000
15.38000
48.18000
26.08000
40.93000
45.13000
34.89000
8.10000
67.87000
50.12000
57.92000
43.45000
67.79000
22.86000
99.25000
41.79000
11.06000
53.21000
55.77000
13.31000
55.22000
9.83000
72.93000
28.15000
13.80000
14.30000
74.60000
19.37000
88.34000
59.14000
96.94000
60.55000
58.91000
27.18000
76.69000
31.57000
54.83000
34.18000
75.86000
24.22000
8.94000
86.09000
49.82000
93.90000
67.87000
83.65000
67.82000
6.28000
19.33000
90.42000
89.39000
62.03000
90.06000
40.10000
40.04000
71.02000
57.86000
83.68000
81.97000
67.43000
11.43000
76.66000
54.87000
70.17000
21.54000
17.68000
45.76000
95.14000
40.12000
70.72000
10.08000
39.87000
33.94000
71.05000
69.40000
74.27000
82.03000
90.35000
99.34000
10.93000
91.73000
16.24000
86.89000
9.21000
5.34000
92.89000
49.68000
32.00000
14.67000
4.78000
36.27000
65.83000
14.63000
26.98000
51.85000
55.93000
23.53000
12.66000
66.00000
97.56000
98.37000
39.32000
04.00000
04.78000
01.13000
02.78000
02.43000
03.13000
01.75000
01.95000
02.88000
03.19000
04.52000
04.03000
02.19000
01.33000
03.19000
03.04000
02.52000
04.70000
03.82000
02.81000
03.27000
03.41000
03.72000
02.70000
02.02000
01.07000
04.23000
01.27000
02.05000
04.27000
01.21000
02.20000
02.94000
04.25000
02.39000
03.63000
04.08000
01.52000
02.32000
03.99000
01.91000
03.47000
02.58000
04.24000
02.37000
02.95000
01.45000
01.97000
02.49000
03.53000
02.65000
02.17000
02.46000
02.16000
03.78000
03.95000
04.76000
03.60000
03.75000
01.23000
02.65000
04.98000
01.94000
04.39000
04.09000
01.77000
04.09000
03.96000
03.59000
04.57000
02.39000
03.90000
02.82000
01.93000
03.19000
04.19000
04.25000
04.73000
04.62000
02.09000
04.10000
01.91000
01.06000
04.72000
04.74000
02.05000
03.55000
04.95000
02.00000
01.38000
03.63000
03.66000
02.93000
04.93000
02.26000
04.56000
01.85000
02.58000
02.68000
03.15000
04.33000
01.84000
02.73000
04.29000
02.80000
04.51000
01.87000
03.34000
02.05000
01.96000
04.58000
04.83000
01.35000
03.61000
03.27000
02.09000
01.77000
02.17000
03.18000
02.74000
01.01000
03.72000
02.15000
04.38000
01.81000
04.20000
01.59000
04.33000
01.78000
04.90000
03.23000
03.48000
02.30000
02.47000
02.84000
01.61000
01.06000
03.35000
03.53000
03.34000
