20
4
170.01000
190.98000
106.27000
171.97000
183.26000
124.35000
118.55000
178.21000
154.74000
188.61000
159.38000
135.64000
125.07000
124.38000
169.37000
184.90000
134.88000
172.28000
189.16000
166.60000
135.63000
141.68000
187.18000
177.05000
167.78000
117.45000
135.65000
133.59000
173.99000
121.17000
190.99000
100.89000
119.86000
118.46000
118.81000
144.59000
171.04000
174.97000
184.74000
130.30000
172.83000
182.88000
163.53000
159.17000
178.25000
143.28000
140.83000
171.54000
100.10000
105.27000
129.88000
130.81000
129.00000
159.48000
121.30000
127.60000
155.59000
196.52000
105.71000
152.54000
177.14000
167.63000
134.20000
176.33000
170.04000
117.91000
199.09000
119.30000
160.81000
132.47000
119.66000
134.36000
165.09000
126.94000
111.55000
137.15000
198.50000
116.94000
190.38000
143.27000
02.65000
01.02000
04.13000
03.25000
04.97000
01.18000
03.07000
03.17000
01.31000
02.63000
03.58000
01.94000
02.78000
04.50000
04.80000
02.70000
04.52000
01.92000
01.84000
04.56000
03.88000
03.12000
02.18000
02.49000
03.25000
03.50000
04.09000
01.68000
02.73000
01.53000
02.18000
04.58000
02.45000
01.33000
04.57000
03.31000
02.54000
03.03000
03.38000
02.00000
02.37000
04.83000
03.88000
04.19000
02.76000
02.87000
04.14000
04.50000
02.18000
01.72000
04.00000
04.18000
01.75000
02.51000
04.57000
04.35000
02.59000
02.35000
02.98000
02.15000
01.44000
03.57000
02.14000
03.20000
03.64000
01.14000
04.20000
02.15000
03.10000
03.99000
04.59000
01.44000
01.94000
02.26000
01.41000
03.21000
02.28000
02.06000
04.80000
01.58000
