20
7
14.72000
47.91000
18.53000
47.05000
30.57000
48.91000
53.21000
71.61000
13.15000
56.76000
63.01000
35.02000
16.74000
19.38000
96.79000
22.13000
22.94000
96.65000
6.99000
7.93000
81.65000
94.25000
16.53000
95.70000
16.90000
82.30000
91.86000
6.53000
64.20000
23.64000
8.21000
1.24000
19.13000
43.72000
7.45000
51.36000
12.93000
96.27000
48.34000
30.97000
95.73000
59.71000
99.77000
56.90000
22.59000
60.33000
32.76000
26.14000
8.14000
52.07000
10.79000
23.29000
93.54000
74.89000
32.45000
89.12000
73.95000
9.44000
23.66000
80.28000
26.48000
90.25000
27.62000
20.85000
93.60000
79.56000
46.25000
57.13000
60.97000
29.05000
89.73000
38.40000
1.83000
1.52000
46.44000
34.40000
52.84000
11.80000
41.44000
42.18000
65.21000
22.21000
55.33000
89.41000
69.79000
75.97000
76.74000
66.30000
58.36000
34.32000
65.00000
58.46000
96.04000
66.42000
5.56000
99.69000
26.73000
8.83000
33.92000
64.45000
85.22000
36.33000
12.93000
36.24000
76.87000
87.66000
77.10000
47.00000
38.88000
63.13000
6.91000
37.48000
62.30000
99.01000
67.40000
14.78000
29.30000
11.37000
92.06000
37.04000
30.46000
9.62000
24.14000
9.84000
3.95000
44.51000
39.26000
95.83000
47.97000
6.16000
23.86000
64.19000
90.75000
32.01000
86.38000
77.86000
62.05000
50.66000
15.03000
66.24000
06.20000
08.48000
08.75000
09.99000
09.30000
08.92000
05.91000
08.46000
08.14000
08.40000
06.29000
05.03000
06.99000
07.31000
09.98000
09.33000
06.16000
08.94000
06.86000
07.66000
06.95000
09.53000
07.48000
09.23000
06.22000
06.68000
07.75000
07.50000
09.84000
06.61000
07.19000
07.51000
06.29000
07.81000
06.65000
06.07000
08.17000
09.80000
09.87000
09.77000
09.07000
08.66000
06.88000
05.91000
05.30000
06.62000
07.22000
08.36000
09.58000
07.25000
06.43000
06.65000
08.20000
07.01000
07.24000
07.11000
09.67000
06.46000
08.36000
08.96000
09.10000
05.36000
07.22000
09.84000
05.22000
09.46000
06.04000
09.37000
09.04000
06.56000
07.43000
07.94000
06.95000
09.62000
05.79000
07.48000
05.76000
08.91000
09.68000
05.93000
05.26000
08.83000
08.91000
06.86000
06.24000
08.07000
05.50000
05.61000
07.84000
09.35000
09.06000
08.36000
07.71000
09.54000
09.31000
07.52000
06.98000
05.89000
08.20000
09.58000
06.81000
06.42000
09.63000
07.89000
08.09000
05.16000
08.40000
08.43000
07.68000
08.59000
05.09000
09.00000
09.29000
08.57000
07.07000
06.02000
08.28000
05.47000
07.05000
08.18000
07.59000
09.31000
07.86000
09.81000
06.67000
07.62000
06.93000
06.36000
09.52000
05.86000
08.82000
08.31000
09.51000
05.70000
09.61000
08.48000
09.78000
05.46000
08.88000
05.05000
