20
7
83.33000
8.30000
74.61000
42.91000
89.82000
53.40000
68.08000
36.74000
65.37000
50.34000
98.36000
18.65000
12.84000
59.60000
70.08000
43.70000
72.75000
68.94000
99.78000
69.48000
70.07000
42.04000
58.81000
37.52000
37.89000
5.43000
40.92000
5.14000
64.49000
45.87000
48.06000
29.40000
76.56000
14.63000
13.86000
11.83000
51.81000
98.64000
96.24000
65.87000
22.41000
1.78000
31.20000
87.14000
6.42000
45.78000
40.24000
3.74000
89.56000
31.48000
92.02000
24.75000
7.83000
6.23000
84.20000
55.95000
55.67000
68.39000
52.11000
29.42000
89.95000
59.22000
71.51000
80.60000
33.34000
54.42000
99.45000
13.68000
67.55000
85.03000
57.21000
10.85000
93.73000
81.97000
13.78000
16.20000
88.82000
39.59000
89.19000
12.46000
67.50000
47.08000
14.05000
52.25000
46.76000
60.23000
81.35000
58.53000
66.87000
85.79000
77.03000
87.93000
30.14000
96.06000
27.92000
33.09000
26.03000
40.14000
24.28000
35.69000
83.96000
76.39000
21.29000
21.87000
38.74000
8.97000
58.36000
11.80000
5.38000
68.74000
35.62000
76.77000
94.63000
6.40000
95.54000
42.52000
22.77000
56.85000
60.36000
95.22000
69.36000
52.72000
3.78000
39.25000
44.39000
51.49000
71.25000
42.05000
92.10000
47.13000
11.93000
18.00000
21.21000
73.05000
18.93000
81.73000
50.36000
65.19000
76.55000
27.65000
01.30000
01.95000
03.07000
04.38000
01.46000
03.13000
04.59000
01.31000
02.42000
02.71000
01.70000
03.24000
01.86000
03.36000
03.98000
01.51000
04.73000
04.56000
03.29000
03.25000
01.84000
04.26000
03.63000
02.46000
02.23000
04.52000
04.32000
03.98000
01.06000
04.50000
02.54000
02.71000
01.21000
04.23000
04.33000
04.56000
03.39000
03.05000
04.55000
01.80000
03.02000
03.73000
03.78000
02.25000
01.37000
04.76000
01.38000
02.75000
01.77000
02.42000
02.86000
03.16000
02.22000
04.97000
02.62000
04.90000
01.01000
02.49000
02.40000
02.20000
02.50000
01.08000
03.14000
04.25000
01.07000
02.95000
04.00000
01.93000
03.19000
02.59000
02.92000
04.90000
02.85000
02.37000
01.55000
01.95000
04.85000
04.98000
03.34000
01.16000
03.16000
02.37000
01.33000
03.59000
03.06000
04.36000
03.33000
04.94000
01.06000
03.41000
04.08000
01.06000
03.02000
04.87000
02.32000
02.95000
04.09000
04.92000
01.11000
03.43000
03.68000
02.17000
02.42000
03.40000
01.59000
02.60000
01.39000
03.66000
01.62000
02.67000
02.16000
04.88000
04.36000
02.61000
01.49000
02.19000
02.19000
03.94000
02.90000
03.03000
01.06000
04.21000
03.30000
03.42000
03.94000
02.66000
02.26000
02.42000
02.07000
01.05000
03.64000
03.23000
04.63000
01.34000
02.05000
01.96000
03.14000
01.28000
01.38000
01.54000
