20
4
107.17000
132.94000
196.24000
129.73000
155.14000
133.27000
113.95000
186.12000
127.75000
155.88000
176.61000
135.12000
165.62000
141.41000
124.85000
117.34000
109.37000
130.48000
199.27000
173.41000
108.48000
123.35000
166.57000
132.15000
115.64000
164.16000
126.38000
102.56000
194.51000
155.58000
140.71000
156.40000
110.70000
163.23000
175.18000
159.28000
129.85000
152.75000
195.41000
176.84000
173.89000
153.89000
104.75000
172.40000
116.86000
162.20000
146.56000
172.13000
155.17000
176.01000
129.02000
172.66000
179.44000
185.93000
142.76000
164.63000
180.30000
182.59000
178.40000
138.65000
195.33000
131.08000
145.12000
150.97000
188.72000
175.02000
153.08000
142.68000
190.15000
118.40000
176.89000
191.64000
115.24000
176.84000
132.16000
113.47000
179.60000
165.97000
134.53000
123.80000
07.42000
06.61000
07.75000
08.44000
07.93000
09.58000
08.43000
08.63000
05.99000
05.45000
08.61000
06.17000
05.51000
08.14000
07.20000
09.98000
05.41000
06.55000
08.12000
08.96000
06.04000
06.35000
05.60000
07.20000
09.32000
07.38000
06.60000
09.42000
08.08000
07.08000
05.67000
05.38000
07.50000
05.59000
07.97000
05.23000
07.72000
08.07000
08.65000
09.13000
06.90000
07.68000
06.67000
09.46000
09.56000
05.86000
05.13000
09.55000
09.18000
09.46000
08.75000
05.77000
07.15000
09.90000
08.93000
09.52000
09.88000
08.57000
07.07000
07.22000
05.91000
05.62000
08.04000
08.64000
08.91000
08.84000
09.47000
05.32000
06.94000
08.40000
09.78000
09.67000
07.68000
06.95000
06.61000
09.33000
08.78000
07.15000
07.64000
06.97000
