20
10
188.87000
142.15000
132.84000
126.89000
175.46000
166.56000
101.54000
196.74000
109.96000
192.10000
163.66000
116.35000
139.63000
172.28000
178.95000
151.74000
136.74000
185.63000
132.19000
193.92000
172.60000
183.96000
111.04000
109.66000
102.92000
145.27000
111.57000
111.15000
126.89000
179.24000
115.33000
123.01000
169.91000
167.51000
160.21000
139.36000
182.37000
116.73000
109.10000
179.35000
110.29000
199.45000
140.28000
197.63000
141.90000
125.64000
185.10000
166.76000
178.93000
168.29000
121.48000
191.62000
149.91000
162.17000
190.43000
119.46000
108.34000
167.04000
157.97000
122.55000
156.43000
141.58000
183.11000
127.17000
170.00000
147.02000
146.84000
150.38000
194.91000
163.10000
197.09000
137.56000
187.79000
102.72000
103.01000
114.10000
130.29000
103.78000
158.74000
130.40000
184.33000
194.70000
135.12000
183.45000
168.40000
171.13000
151.79000
101.12000
116.98000
105.91000
109.72000
157.03000
139.83000
115.07000
131.18000
179.69000
171.72000
139.61000
163.44000
122.62000
199.04000
188.27000
151.97000
153.20000
112.89000
123.98000
190.43000
191.30000
169.81000
147.40000
162.79000
136.06000
157.70000
102.65000
169.43000
144.10000
189.43000
158.89000
135.74000
197.07000
153.80000
120.38000
192.40000
199.74000
193.48000
172.47000
134.84000
154.63000
183.32000
176.36000
144.82000
131.85000
114.32000
129.34000
125.85000
141.15000
102.50000
153.66000
106.44000
117.30000
198.17000
169.11000
105.39000
138.49000
190.64000
113.84000
153.96000
139.76000
196.98000
187.39000
172.86000
104.42000
136.34000
165.14000
193.71000
120.36000
152.85000
147.48000
173.17000
100.46000
110.83000
194.91000
114.58000
115.85000
161.22000
181.26000
151.18000
192.37000
198.97000
189.45000
183.15000
101.85000
196.35000
197.99000
195.25000
135.32000
150.62000
110.39000
197.26000
108.78000
195.39000
162.13000
178.10000
119.84000
112.40000
193.43000
102.25000
193.88000
178.15000
183.74000
147.20000
127.11000
143.03000
139.67000
175.85000
138.65000
182.43000
192.87000
176.09000
172.67000
02.60000
04.16000
01.38000
02.58000
01.87000
04.96000
03.92000
01.04000
01.64000
03.87000
01.50000
03.79000
04.24000
02.47000
02.95000
02.89000
05.00000
03.34000
02.09000
03.42000
03.41000
03.64000
03.24000
01.77000
02.72000
01.78000
04.24000
03.22000
03.03000
03.46000
01.11000
03.68000
01.31000
02.87000
01.29000
03.85000
03.51000
03.22000
01.24000
01.43000
01.59000
03.18000
01.95000
02.38000
04.27000
01.57000
02.17000
04.75000
04.55000
04.23000
01.65000
02.67000
03.01000
03.00000
03.47000
02.49000
01.22000
02.71000
03.72000
03.53000
01.39000
03.71000
01.78000
04.32000
02.01000
04.87000
04.51000
01.47000
01.53000
01.01000
01.11000
03.20000
01.14000
02.57000
03.28000
02.46000
03.04000
01.01000
03.72000
01.20000
03.03000
04.65000
01.30000
03.89000
01.23000
03.83000
04.71000
01.24000
01.94000
02.25000
01.42000
04.26000
03.98000
02.00000
04.75000
01.51000
03.19000
02.15000
01.04000
02.58000
03.20000
04.24000
04.10000
01.48000
04.11000
03.08000
04.18000
04.16000
04.09000
03.65000
04.44000
02.29000
04.61000
04.65000
04.83000
01.08000
04.12000
01.78000
02.32000
02.73000
03.04000
02.74000
03.67000
02.51000
01.37000
04.65000
04.80000
01.21000
03.94000
02.59000
04.08000
03.48000
03.82000
04.89000
01.08000
04.15000
03.08000
04.88000
04.38000
03.05000
04.37000
03.06000
02.92000
02.42000
01.16000
03.13000
01.09000
01.84000
04.52000
04.00000
03.08000
01.89000
04.18000
04.61000
01.08000
04.05000
02.83000
04.92000
04.30000
02.75000
03.80000
04.48000
02.02000
03.17000
04.66000
03.09000
01.67000
02.09000
01.29000
01.33000
04.12000
03.29000
01.02000
01.78000
03.20000
03.88000
04.17000
04.01000
01.74000
01.91000
03.17000
02.06000
01.30000
01.98000
03.32000
03.05000
02.72000
01.97000
01.87000
01.22000
01.90000
03.11000
04.77000
03.76000
03.27000
03.11000
02.99000
02.88000
04.31000
04.65000
