20
4
96.38000
61.19000
85.48000
87.13000
72.17000
85.33000
61.48000
73.19000
83.18000
92.87000
92.81000
13.26000
70.63000
25.02000
21.68000
46.55000
74.73000
21.00000
86.31000
15.28000
74.39000
81.07000
19.82000
42.48000
5.43000
14.09000
76.46000
53.54000
5.91000
45.18000
86.52000
96.14000
41.79000
41.29000
15.98000
37.25000
79.06000
67.40000
28.79000
40.84000
33.19000
33.85000
32.62000
10.04000
59.52000
40.95000
26.10000
51.18000
67.32000
89.07000
45.90000
29.71000
47.30000
69.93000
82.74000
35.32000
89.18000
73.24000
28.34000
58.75000
33.58000
98.40000
87.49000
23.51000
54.44000
8.03000
35.36000
66.28000
56.95000
39.31000
71.63000
89.94000
56.59000
9.71000
13.75000
10.94000
68.82000
33.69000
75.21000
42.77000
06.85000
08.21000
08.13000
06.57000
05.10000
09.44000
06.97000
09.20000
09.26000
09.44000
08.68000
05.05000
08.24000
07.12000
07.17000
08.02000
05.95000
06.37000
06.33000
07.02000
06.47000
09.70000
06.44000
06.16000
08.13000
08.88000
09.70000
09.14000
05.53000
09.46000
06.27000
08.60000
08.82000
06.58000
06.31000
09.68000
08.14000
05.41000
09.96000
07.54000
05.52000
08.67000
05.94000
07.78000
07.52000
08.90000
08.54000
08.47000
08.57000
09.16000
08.40000
09.89000
05.09000
05.85000
06.93000
08.47000
08.48000
05.40000
05.54000
05.59000
07.03000
06.50000
06.89000
07.28000
07.75000
06.88000
09.29000
08.12000
07.49000
05.08000
09.55000
08.10000
08.92000
08.75000
05.32000
09.88000
09.70000
05.56000
09.26000
06.12000
