20
10
139.34000
125.13000
153.79000
174.54000
192.19000
143.65000
199.53000
190.70000
159.84000
138.01000
146.21000
121.95000
170.81000
142.97000
134.84000
115.57000
178.61000
118.30000
131.44000
143.80000
178.86000
108.58000
115.58000
105.38000
183.60000
145.02000
187.65000
151.78000
184.04000
126.49000
130.63000
196.53000
136.84000
165.87000
113.65000
165.01000
123.62000
101.05000
130.86000
107.63000
134.66000
121.14000
125.76000
160.75000
139.19000
176.62000
117.58000
187.16000
167.60000
199.83000
110.03000
161.18000
129.66000
106.79000
125.39000
111.33000
160.14000
138.51000
110.92000
191.13000
187.97000
137.19000
153.67000
109.81000
185.95000
184.38000
168.45000
126.58000
161.37000
103.64000
151.49000
134.37000
102.14000
139.12000
103.20000
189.83000
121.13000
159.96000
148.95000
174.58000
177.56000
159.12000
181.07000
157.69000
174.42000
114.47000
110.38000
120.54000
130.80000
181.02000
116.60000
165.09000
137.73000
156.01000
103.24000
101.10000
111.22000
161.73000
198.83000
163.34000
122.92000
103.67000
164.39000
195.97000
129.99000
177.84000
194.76000
168.87000
135.31000
115.20000
179.81000
139.54000
158.01000
191.15000
151.20000
195.86000
142.25000
106.06000
165.57000
150.71000
132.03000
179.33000
194.06000
156.60000
113.82000
130.68000
166.75000
177.80000
142.35000
113.23000
194.18000
141.33000
189.87000
105.51000
161.11000
138.23000
153.66000
111.03000
177.32000
184.49000
172.18000
182.90000
129.38000
197.53000
171.76000
199.12000
178.28000
173.66000
154.46000
158.71000
182.37000
193.36000
170.65000
168.30000
104.52000
175.76000
195.74000
159.54000
132.64000
165.00000
106.70000
168.23000
111.83000
173.04000
174.23000
101.14000
104.48000
126.43000
152.26000
186.84000
156.27000
134.38000
194.31000
185.10000
133.21000
169.13000
178.89000
180.67000
126.32000
127.97000
125.87000
165.49000
185.04000
167.01000
175.22000
143.90000
191.76000
161.05000
181.60000
159.92000
193.22000
108.51000
126.66000
151.43000
183.55000
159.79000
117.04000
181.32000
181.89000
190.28000
08.38000
07.74000
09.90000
07.81000
06.04000
09.38000
07.54000
06.21000
09.29000
07.45000
07.85000
05.16000
08.87000
06.75000
09.67000
07.57000
06.72000
08.31000
08.12000
07.59000
05.05000
08.14000
07.79000
05.97000
09.66000
07.45000
07.45000
06.44000
05.22000
05.31000
06.79000
07.46000
08.24000
09.80000
05.44000
05.24000
06.48000
05.23000
09.27000
07.21000
06.36000
08.84000
06.90000
09.01000
08.54000
08.45000
07.39000
06.89000
09.94000
05.72000
05.59000
05.44000
09.12000
08.23000
08.18000
05.38000
05.84000
09.85000
08.05000
08.69000
06.72000
05.89000
09.68000
05.04000
07.73000
05.22000
05.83000
09.09000
07.44000
09.06000
07.05000
09.80000
07.65000
05.77000
08.28000
08.67000
06.45000
09.99000
05.72000
08.47000
09.73000
08.98000
09.53000
09.57000
06.57000
08.37000
05.42000
09.24000
07.30000
08.91000
07.57000
09.48000
08.25000
05.98000
05.48000
08.81000
07.04000
06.26000
09.86000
07.02000
07.19000
05.94000
08.97000
05.46000
08.47000
09.12000
06.92000
06.48000
05.34000
08.13000
06.98000
08.15000
09.90000
06.66000
09.40000
07.29000
05.56000
09.67000
05.69000
06.95000
05.44000
08.68000
08.23000
07.34000
09.31000
09.69000
09.87000
06.78000
08.98000
08.83000
06.11000
07.69000
08.61000
09.33000
09.24000
06.40000
08.62000
05.66000
07.79000
05.52000
07.24000
06.13000
07.49000
06.25000
07.55000
07.14000
08.05000
08.43000
05.69000
06.96000
05.65000
09.38000
09.13000
09.59000
05.85000
06.25000
06.54000
05.28000
05.46000
07.40000
08.77000
06.53000
07.47000
06.57000
05.79000
07.57000
09.63000
05.95000
09.05000
08.51000
05.74000
09.96000
05.52000
05.38000
05.88000
07.76000
08.42000
05.46000
06.41000
09.76000
07.44000
06.94000
08.84000
08.59000
09.42000
09.01000
07.37000
05.97000
08.15000
05.75000
07.00000
05.65000
06.40000
06.48000
08.61000
05.07000
08.16000
06.77000
09.33000
07.93000
