20
7
111.71000
134.52000
110.84000
144.50000
118.03000
174.98000
149.60000
115.58000
150.89000
140.40000
163.41000
137.68000
117.07000
164.53000
147.34000
126.57000
137.44000
182.66000
185.52000
174.57000
122.51000
196.11000
145.90000
123.73000
151.96000
164.80000
175.12000
113.39000
110.88000
123.81000
120.42000
177.81000
160.37000
176.78000
137.42000
158.93000
188.07000
141.46000
183.28000
187.76000
158.96000
185.45000
150.24000
174.62000
176.96000
145.01000
136.59000
130.69000
175.92000
107.99000
133.26000
100.21000
105.59000
107.32000
140.80000
160.65000
154.80000
102.55000
173.80000
191.09000
189.61000
155.24000
138.47000
122.94000
128.87000
163.10000
125.62000
169.70000
137.39000
117.26000
196.36000
103.07000
162.96000
114.34000
155.51000
120.44000
104.94000
190.03000
134.47000
133.30000
139.45000
125.08000
124.86000
121.05000
188.02000
141.88000
199.74000
120.74000
125.48000
115.92000
142.50000
190.45000
182.06000
116.87000
196.63000
106.87000
152.04000
165.99000
144.71000
173.28000
103.58000
179.18000
183.16000
122.91000
197.62000
144.32000
171.83000
129.46000
182.33000
190.25000
111.98000
181.70000
129.71000
144.07000
195.16000
170.04000
188.37000
196.93000
164.49000
123.90000
170.71000
145.69000
184.93000
159.56000
129.47000
157.65000
115.67000
101.94000
119.82000
187.32000
175.34000
196.28000
189.96000
178.60000
187.92000
156.02000
177.14000
151.95000
141.44000
146.15000
01.07000
02.46000
01.46000
04.84000
04.16000
03.91000
03.94000
03.65000
04.13000
01.92000
04.48000
02.89000
02.16000
02.45000
01.66000
02.68000
01.75000
03.27000
03.40000
01.94000
02.26000
01.58000
04.08000
04.50000
01.37000
02.07000
04.75000
03.75000
01.51000
03.77000
03.06000
01.08000
01.34000
04.26000
02.32000
01.48000
04.35000
03.42000
01.68000
03.21000
01.29000
02.51000
01.98000
01.87000
02.94000
01.88000
01.22000
01.20000
03.95000
01.41000
03.28000
02.47000
04.33000
03.13000
02.10000
02.39000
03.43000
01.92000
01.93000
01.48000
01.20000
03.94000
02.20000
04.40000
02.85000
01.69000
02.13000
01.27000
01.76000
02.94000
04.61000
03.80000
02.18000
02.11000
03.03000
02.31000
02.19000
04.91000
03.64000
01.43000
04.53000
04.80000
02.04000
04.59000
03.99000
03.03000
02.62000
02.90000
02.84000
03.95000
04.12000
01.37000
03.46000
01.20000
03.32000
04.79000
04.54000
02.23000
04.31000
02.78000
01.65000
02.53000
03.95000
04.98000
01.95000
04.88000
03.42000
04.64000
01.93000
03.59000
02.28000
03.88000
02.95000
01.42000
03.54000
01.84000
01.19000
01.42000
04.02000
01.01000
01.95000
01.52000
04.86000
03.14000
03.15000
03.55000
04.21000
02.05000
03.63000
02.01000
02.15000
04.28000
03.59000
01.64000
01.80000
02.23000
04.57000
01.98000
02.60000
02.09000
