20
4
131.63000
168.85000
184.37000
171.79000
163.77000
182.06000
187.43000
129.74000
197.90000
169.90000
162.78000
182.63000
174.63000
173.00000
151.04000
171.09000
134.58000
131.99000
192.84000
135.76000
180.06000
107.34000
129.92000
190.24000
182.28000
101.61000
195.34000
112.16000
152.30000
117.59000
161.37000
138.60000
155.75000
120.89000
193.64000
135.17000
158.24000
177.15000
157.76000
167.52000
181.30000
157.39000
106.83000
111.49000
117.33000
184.35000
136.63000
112.29000
113.54000
156.64000
121.91000
103.74000
160.56000
164.90000
153.32000
176.46000
149.01000
199.74000
121.47000
121.08000
130.67000
190.63000
151.28000
149.60000
199.10000
139.88000
188.58000
188.42000
159.17000
147.17000
175.32000
193.08000
126.48000
128.11000
127.12000
179.21000
116.67000
198.34000
159.61000
162.44000
01.99000
03.91000
04.49000
02.51000
04.04000
04.49000
02.54000
02.22000
02.86000
01.11000
04.91000
03.54000
01.57000
04.90000
02.73000
01.59000
03.29000
02.99000
03.13000
03.49000
03.16000
01.35000
04.66000
02.01000
04.12000
01.51000
02.54000
03.36000
01.94000
04.07000
01.34000
01.16000
04.75000
01.15000
01.20000
03.55000
04.68000
04.88000
02.23000
02.65000
02.84000
02.87000
03.17000
03.90000
01.55000
02.93000
03.13000
03.59000
02.05000
02.54000
01.44000
01.41000
01.44000
02.84000
03.21000
02.47000
04.87000
04.95000
01.57000
03.91000
04.37000
03.67000
04.45000
04.27000
03.51000
03.36000
03.82000
01.71000
04.65000
01.09000
02.27000
04.25000
01.93000
02.98000
01.90000
02.02000
01.46000
03.15000
04.86000
01.13000
