20
10
172.44000
186.37000
180.61000
191.80000
123.08000
195.62000
125.27000
124.04000
126.70000
142.34000
130.92000
104.86000
155.57000
105.02000
182.33000
125.29000
106.96000
187.20000
189.26000
101.34000
126.47000
186.82000
198.95000
155.01000
145.68000
124.23000
195.61000
130.46000
104.25000
161.26000
103.69000
105.73000
152.58000
104.54000
186.10000
199.94000
166.04000
185.73000
130.73000
157.25000
110.90000
169.14000
153.58000
156.02000
155.09000
192.77000
176.02000
103.27000
116.03000
175.44000
163.84000
111.31000
147.24000
176.92000
183.07000
152.41000
127.24000
181.97000
124.71000
123.84000
104.30000
164.26000
101.41000
104.50000
143.59000
159.17000
176.20000
143.17000
196.17000
147.94000
101.97000
191.51000
143.67000
168.46000
172.87000
199.92000
192.74000
183.61000
108.02000
143.78000
196.64000
158.33000
187.51000
145.22000
124.63000
152.61000
116.27000
114.53000
134.72000
154.08000
166.37000
133.41000
161.65000
103.74000
185.08000
155.36000
165.20000
167.62000
144.66000
158.92000
142.80000
197.09000
112.69000
101.48000
164.49000
105.98000
172.47000
116.87000
187.46000
142.02000
186.85000
140.85000
124.60000
174.36000
181.21000
155.08000
113.79000
197.13000
105.95000
166.19000
144.73000
124.96000
142.20000
165.78000
167.49000
148.12000
189.02000
128.66000
164.24000
178.17000
189.70000
131.45000
150.98000
137.38000
172.76000
108.89000
168.74000
173.00000
191.71000
120.77000
190.09000
137.05000
183.45000
115.87000
142.84000
133.96000
183.92000
101.55000
123.92000
155.39000
131.65000
108.82000
177.47000
101.72000
183.30000
150.56000
172.62000
198.36000
120.50000
164.68000
100.80000
147.19000
186.13000
159.33000
106.25000
115.66000
102.21000
108.00000
129.14000
167.28000
106.23000
113.47000
166.73000
105.59000
107.96000
191.74000
141.30000
159.08000
142.17000
183.84000
169.38000
100.05000
142.59000
134.84000
194.43000
182.85000
194.50000
170.72000
138.92000
176.60000
100.42000
180.24000
178.25000
112.94000
148.24000
107.55000
112.79000
148.49000
150.85000
121.77000
04.56000
04.16000
03.26000
01.71000
03.40000
02.02000
03.93000
03.94000
02.12000
01.64000
03.54000
02.59000
04.07000
01.59000
03.91000
02.74000
01.56000
01.45000
03.86000
02.46000
04.84000
03.00000
01.21000
02.66000
02.73000
01.26000
03.93000
04.49000
04.14000
03.82000
01.52000
02.58000
03.03000
01.88000
02.45000
02.66000
02.36000
03.65000
04.16000
03.41000
04.57000
04.18000
01.03000
04.36000
04.99000
02.13000
03.18000
04.60000
01.65000
03.24000
03.74000
03.80000
04.13000
04.35000
02.78000
01.28000
03.00000
03.28000
01.38000
01.36000
03.10000
01.26000
01.67000
03.93000
01.89000
04.94000
04.32000
04.48000
03.34000
01.60000
01.11000
04.12000
01.64000
02.70000
04.73000
04.81000
04.00000
04.70000
04.89000
01.48000
04.67000
03.44000
01.75000
04.53000
04.85000
03.72000
02.96000
02.94000
01.42000
01.40000
03.86000
01.64000
02.22000
03.53000
02.77000
02.23000
04.08000
02.22000
03.03000
03.28000
01.97000
01.01000
01.46000
04.14000
03.18000
04.32000
04.23000
02.80000
04.49000
04.63000
04.69000
04.68000
04.35000
01.63000
03.81000
03.97000
02.22000
04.02000
03.53000
03.89000
04.30000
02.68000
03.50000
02.70000
03.92000
03.31000
03.35000
03.69000
04.91000
01.36000
02.99000
02.14000
01.34000
02.17000
03.00000
01.88000
04.31000
04.05000
04.95000
03.74000
02.93000
03.30000
01.76000
02.16000
01.72000
02.36000
02.95000
04.69000
01.37000
02.73000
02.73000
04.88000
04.58000
04.36000
02.29000
01.19000
03.04000
04.21000
03.83000
01.06000
03.24000
01.76000
03.30000
03.13000
04.75000
01.76000
04.66000
04.64000
02.41000
02.04000
01.71000
01.58000
04.56000
02.17000
01.29000
04.03000
04.52000
02.72000
03.22000
03.08000
02.43000
01.46000
02.34000
02.76000
02.87000
01.53000
01.67000
04.58000
01.22000
04.53000
02.78000
01.82000
04.44000
02.68000
03.11000
01.17000
04.49000
01.17000
01.11000
02.34000
