20
10
14.37000
10.11000
88.26000
90.86000
97.47000
55.51000
29.27000
77.74000
58.13000
48.17000
1.17000
19.82000
60.70000
59.64000
81.70000
1.00000
96.30000
87.21000
76.33000
30.97000
37.48000
17.57000
13.10000
50.22000
15.98000
92.95000
30.70000
25.93000
43.40000
52.62000
91.24000
56.27000
14.95000
45.45000
3.29000
5.50000
48.57000
47.08000
95.16000
59.64000
71.57000
58.12000
82.30000
45.41000
81.65000
15.15000
29.81000
76.81000
98.93000
81.57000
29.57000
67.75000
71.21000
13.37000
41.76000
83.60000
70.04000
86.28000
51.30000
16.45000
50.74000
35.53000
41.11000
33.01000
92.89000
85.93000
46.03000
90.71000
63.78000
93.80000
88.18000
44.20000
87.57000
40.95000
7.08000
85.67000
16.13000
32.98000
62.97000
36.07000
33.21000
56.65000
79.22000
50.65000
74.70000
88.91000
64.18000
31.07000
31.84000
97.24000
50.06000
26.43000
31.87000
17.08000
77.48000
83.53000
28.76000
6.57000
13.78000
75.91000
67.88000
38.91000
92.63000
36.51000
74.12000
2.28000
17.03000
59.25000
76.11000
10.23000
11.62000
80.35000
30.92000
75.51000
45.86000
25.94000
19.38000
37.64000
14.95000
44.93000
83.10000
39.16000
68.88000
85.34000
2.51000
33.76000
25.19000
1.65000
44.56000
95.41000
81.14000
64.11000
20.92000
41.97000
60.77000
3.93000
65.01000
13.05000
10.87000
72.10000
72.64000
44.42000
88.96000
79.96000
96.94000
43.18000
80.39000
98.11000
98.91000
14.30000
40.40000
8.37000
66.56000
1.47000
68.39000
64.82000
12.66000
73.15000
90.48000
51.27000
87.28000
69.41000
48.22000
37.83000
23.85000
88.64000
66.41000
14.98000
19.34000
19.94000
61.74000
73.01000
64.87000
58.60000
37.68000
23.58000
77.29000
28.68000
22.49000
99.11000
59.68000
44.10000
14.89000
62.00000
18.72000
94.33000
46.49000
61.47000
75.04000
9.11000
33.25000
58.73000
49.56000
61.10000
6.47000
41.78000
85.00000
52.66000
22.24000
23.39000
05.25000
05.11000
08.60000
09.97000
07.47000
09.37000
06.26000
09.50000
06.05000
09.43000
07.04000
08.63000
06.09000
09.46000
09.18000
09.65000
08.95000
09.86000
07.15000
06.09000
08.31000
06.81000
07.99000
05.69000
09.86000
05.63000
08.76000
07.27000
09.30000
07.29000
08.34000
05.88000
07.52000
09.24000
05.74000
07.09000
06.65000
05.17000
06.20000
07.72000
08.51000
07.37000
05.69000
08.77000
06.56000
06.03000
09.63000
05.07000
06.33000
05.93000
08.46000
05.31000
05.73000
09.04000
08.22000
09.60000
08.92000
08.59000
06.19000
09.27000
06.17000
07.34000
06.93000
07.99000
05.96000
09.08000
05.02000
08.79000
06.86000
07.58000
07.78000
05.68000
05.06000
05.59000
09.53000
09.56000
08.00000
07.12000
05.83000
07.55000
05.65000
09.32000
07.37000
07.71000
09.95000
08.85000
09.15000
06.51000
09.85000
09.82000
08.59000
05.85000
06.06000
07.01000
09.56000
08.65000
05.56000
06.46000
07.15000
09.06000
08.00000
09.94000
07.49000
07.65000
07.37000
05.26000
09.42000
06.63000
07.70000
09.14000
06.02000
06.17000
05.49000
09.64000
06.94000
07.46000
08.49000
06.08000
08.03000
07.95000
05.37000
07.48000
06.73000
06.60000
05.44000
06.23000
07.61000
06.12000
09.73000
07.64000
06.21000
06.31000
06.80000
09.29000
09.18000
07.89000
06.41000
05.05000
09.44000
07.84000
05.31000
06.14000
05.65000
05.80000
07.34000
07.74000
05.31000
09.61000
08.06000
08.84000
05.05000
05.09000
09.29000
07.82000
09.80000
08.73000
09.10000
09.31000
05.75000
08.29000
09.54000
08.73000
05.79000
08.89000
05.52000
08.52000
08.31000
06.46000
05.39000
09.44000
07.11000
09.58000
05.49000
06.91000
06.66000
06.80000
08.41000
07.58000
07.68000
07.90000
07.98000
06.21000
07.78000
06.86000
06.54000
07.90000
05.50000
08.90000
05.67000
05.43000
05.32000
06.59000
07.50000
07.48000
07.51000
06.74000
05.41000
09.00000
08.56000
07.42000
