20
4
134.01000
197.50000
149.88000
192.56000
116.04000
149.85000
112.58000
161.92000
144.58000
146.36000
142.11000
145.75000
160.26000
127.67000
179.09000
184.69000
103.69000
134.39000
164.14000
119.35000
138.71000
180.50000
112.95000
148.81000
102.39000
139.55000
127.72000
185.90000
134.65000
146.08000
193.88000
103.29000
101.11000
165.72000
177.05000
166.60000
167.41000
164.10000
142.87000
141.45000
144.02000
153.83000
195.23000
182.92000
145.66000
176.28000
181.65000
132.72000
114.52000
176.09000
180.59000
155.21000
141.20000
143.90000
182.68000
141.00000
116.35000
170.33000
178.55000
180.72000
108.97000
100.45000
116.91000
190.60000
180.37000
121.61000
176.30000
182.96000
106.67000
189.09000
198.42000
179.45000
103.51000
118.50000
198.89000
195.69000
186.50000
125.48000
193.32000
147.31000
06.82000
06.29000
05.01000
05.26000
05.97000
05.21000
07.68000
07.25000
09.39000
08.75000
06.58000
08.32000
06.00000
05.82000
05.62000
07.37000
09.69000
05.33000
08.69000
08.31000
07.36000
07.06000
06.36000
05.86000
05.90000
09.11000
07.87000
06.83000
05.41000
05.29000
07.92000
07.01000
06.04000
05.75000
06.66000
06.54000
07.94000
05.65000
09.26000
05.60000
09.02000
06.28000
07.62000
08.34000
06.64000
06.08000
08.14000
09.67000
05.42000
05.53000
08.04000
06.35000
06.78000
06.04000
08.71000
09.78000
07.12000
09.00000
06.56000
06.37000
07.69000
07.47000
07.96000
06.83000
07.73000
07.86000
05.43000
07.16000
05.78000
07.55000
09.74000
08.13000
09.51000
09.21000
08.55000
07.38000
06.56000
05.48000
09.51000
07.58000
