20
4
134.54000
165.71000
146.47000
126.67000
195.23000
130.12000
148.38000
156.13000
198.52000
109.78000
163.21000
121.16000
185.04000
145.33000
131.58000
162.38000
195.41000
177.39000
194.11000
120.43000
144.16000
179.50000
151.75000
109.58000
153.24000
184.54000
156.84000
125.08000
195.75000
176.91000
128.17000
110.72000
137.31000
122.23000
131.36000
132.13000
143.53000
186.13000
132.03000
154.93000
199.23000
110.39000
169.30000
114.11000
147.00000
184.25000
106.16000
107.12000
145.59000
194.06000
189.12000
181.40000
185.60000
130.47000
108.84000
127.59000
157.67000
184.09000
155.92000
136.29000
161.18000
199.22000
107.69000
129.79000
185.30000
120.57000
158.48000
148.51000
116.68000
115.58000
174.35000
148.71000
170.93000
199.86000
170.90000
146.00000
163.69000
189.06000
163.76000
156.01000
02.05000
04.95000
01.95000
01.09000
01.68000
04.38000
01.14000
01.22000
01.20000
02.99000
03.77000
02.08000
03.74000
03.89000
04.98000
02.80000
04.41000
02.20000
03.89000
02.49000
03.19000
02.66000
02.27000
02.17000
04.33000
02.54000
04.39000
01.28000
02.45000
04.93000
03.55000
04.98000
01.69000
01.97000
03.90000
01.39000
02.17000
01.77000
01.54000
02.63000
02.23000
02.30000
01.71000
01.87000
04.53000
01.73000
01.83000
03.50000
01.74000
01.84000
01.41000
04.38000
02.98000
03.76000
01.58000
01.62000
01.37000
04.61000
03.47000
04.37000
02.56000
02.74000
04.03000
03.25000
04.02000
02.78000
02.79000
04.10000
01.60000
02.98000
02.73000
04.18000
01.45000
01.47000
02.00000
01.61000
01.67000
04.37000
02.71000
02.51000
