20
7
146.90000
194.85000
185.51000
163.13000
182.68000
192.49000
111.24000
195.84000
122.24000
126.02000
174.62000
168.02000
189.93000
156.13000
132.02000
116.16000
111.70000
132.59000
116.42000
140.79000
192.42000
132.31000
105.86000
191.32000
125.31000
147.68000
193.66000
105.09000
157.79000
126.69000
135.80000
164.80000
109.15000
115.58000
139.86000
198.72000
112.73000
162.14000
102.47000
111.68000
116.85000
100.42000
131.55000
131.81000
110.47000
168.35000
127.10000
130.67000
190.99000
174.63000
152.39000
158.57000
131.99000
135.43000
175.55000
169.98000
133.63000
180.98000
166.25000
108.39000
119.74000
142.26000
195.35000
127.82000
140.29000
119.91000
103.59000
191.63000
158.60000
133.38000
145.19000
157.54000
136.92000
128.14000
133.21000
115.56000
176.57000
176.21000
194.74000
157.24000
142.10000
128.30000
112.45000
126.03000
129.32000
123.87000
121.59000
167.34000
136.97000
157.53000
121.73000
193.30000
125.34000
138.41000
130.21000
113.81000
106.31000
114.71000
190.92000
152.85000
161.07000
138.09000
102.39000
166.88000
166.29000
169.26000
100.14000
142.46000
120.95000
183.83000
132.55000
170.48000
167.77000
164.00000
155.64000
140.14000
113.55000
143.50000
164.47000
167.21000
141.07000
195.50000
186.38000
197.10000
169.99000
114.95000
105.83000
111.66000
134.49000
150.73000
177.92000
113.72000
119.10000
142.45000
106.72000
106.17000
184.89000
193.77000
147.83000
130.94000
09.26000
08.56000
05.21000
06.90000
05.05000
09.86000
06.30000
06.42000
09.73000
09.60000
09.94000
07.59000
07.14000
06.19000
05.19000
07.45000
05.90000
09.65000
09.59000
08.41000
09.91000
06.12000
06.07000
07.06000
05.41000
07.32000
07.44000
09.78000
06.06000
08.42000
09.49000
08.82000
06.45000
10.00000
08.57000
07.43000
09.08000
07.38000
07.70000
07.39000
09.83000
05.77000
08.72000
06.66000
09.72000
07.11000
05.23000
09.96000
07.28000
07.77000
06.74000
07.74000
08.96000
07.84000
05.52000
09.31000
07.26000
05.27000
08.62000
05.67000
07.86000
09.52000
08.89000
09.58000
05.18000
06.65000
05.28000
08.20000
09.16000
09.10000
06.75000
05.95000
07.96000
07.57000
08.82000
06.85000
08.90000
08.75000
09.95000
09.65000
06.96000
08.09000
05.30000
06.97000
07.46000
07.74000
07.55000
09.50000
06.85000
08.01000
06.85000
09.40000
08.58000
05.03000
08.11000
07.70000
08.38000
09.06000
07.23000
08.29000
07.48000
06.14000
08.79000
06.26000
08.93000
07.39000
06.72000
08.39000
05.54000
08.09000
05.77000
08.35000
08.41000
08.39000
05.05000
05.28000
09.01000
05.75000
07.79000
09.29000
06.97000
09.53000
05.29000
06.72000
07.73000
09.94000
05.64000
05.72000
06.37000
05.47000
05.05000
07.91000
07.69000
07.70000
05.41000
05.38000
05.03000
08.56000
05.87000
09.33000
