20
4
67.73000
10.28000
25.81000
98.69000
53.98000
2.92000
95.41000
74.52000
18.99000
95.75000
15.38000
71.64000
2.97000
31.98000
23.93000
31.28000
46.15000
49.83000
62.28000
92.65000
19.46000
94.99000
25.98000
67.90000
32.26000
29.15000
21.68000
73.51000
2.36000
23.47000
7.16000
23.27000
93.71000
43.91000
47.38000
81.14000
74.29000
56.45000
9.31000
15.09000
78.25000
51.99000
27.28000
26.40000
36.06000
56.89000
53.94000
6.17000
55.00000
58.72000
38.08000
27.74000
26.78000
48.20000
69.43000
81.81000
41.12000
16.04000
39.69000
60.11000
46.54000
88.73000
86.07000
41.13000
32.27000
65.14000
23.19000
14.17000
23.64000
63.42000
23.17000
16.82000
36.10000
99.05000
2.49000
64.54000
85.13000
88.48000
75.61000
73.81000
02.92000
04.89000
02.08000
02.38000
05.00000
02.45000
02.56000
02.48000
02.65000
04.86000
02.17000
04.99000
03.01000
03.25000
04.05000
01.05000
01.19000
04.75000
03.32000
01.77000
01.53000
03.46000
03.48000
04.61000
03.71000
01.42000
04.23000
02.41000
04.06000
01.09000
03.21000
03.97000
02.71000
02.58000
04.57000
01.44000
03.79000
02.04000
04.41000
02.92000
02.26000
01.24000
01.09000
01.11000
04.92000
02.43000
03.90000
01.85000
01.16000
01.00000
04.86000
02.53000
04.12000
02.07000
01.10000
04.26000
02.92000
02.75000
01.74000
04.18000
01.85000
02.85000
02.86000
03.55000
01.43000
01.81000
04.83000
03.42000
01.33000
03.12000
04.18000
04.70000
03.67000
04.91000
03.04000
01.51000
02.58000
01.29000
03.53000
03.99000
