20
7
80.78000
24.22000
67.12000
47.35000
17.82000
41.44000
97.89000
49.54000
34.66000
96.98000
62.94000
10.44000
13.89000
53.68000
12.68000
4.07000
12.87000
35.84000
48.57000
44.11000
66.60000
2.37000
12.83000
29.52000
1.08000
28.12000
19.00000
76.15000
75.22000
92.38000
92.59000
88.47000
24.25000
49.89000
93.35000
39.56000
67.59000
29.20000
43.48000
52.53000
18.22000
27.86000
57.83000
28.90000
77.35000
86.21000
52.20000
97.31000
47.60000
11.67000
49.99000
20.92000
21.15000
80.89000
76.09000
52.40000
91.73000
64.71000
33.21000
12.84000
48.12000
28.59000
67.72000
26.33000
83.65000
82.60000
60.25000
54.87000
77.20000
69.86000
99.04000
57.92000
66.43000
5.21000
12.15000
32.54000
3.91000
4.05000
12.81000
51.58000
99.80000
7.09000
16.30000
79.84000
8.80000
15.04000
41.01000
2.49000
25.69000
81.27000
27.30000
8.24000
93.37000
42.34000
11.67000
70.55000
82.06000
45.72000
32.16000
53.05000
43.71000
6.09000
21.95000
14.21000
81.63000
31.93000
81.79000
72.08000
16.96000
77.97000
58.86000
27.04000
28.92000
59.26000
83.61000
36.26000
38.37000
16.19000
3.44000
60.42000
45.89000
96.24000
81.25000
91.54000
79.95000
16.22000
48.16000
72.37000
23.06000
34.44000
52.76000
83.05000
2.96000
79.48000
81.29000
52.95000
99.47000
19.63000
47.25000
24.38000
05.91000
08.13000
05.52000
05.11000
06.65000
06.19000
07.72000
05.80000
08.50000
06.03000
06.83000
09.07000
06.75000
05.91000
07.72000
06.22000
05.21000
09.52000
07.50000
07.66000
06.66000
08.01000
05.19000
05.73000
07.38000
05.15000
06.02000
07.88000
05.76000
09.66000
09.22000
07.17000
09.43000
06.04000
08.52000
05.19000
07.63000
07.33000
08.08000
05.79000
07.68000
09.51000
07.64000
08.41000
05.82000
05.05000
09.38000
05.90000
06.87000
09.55000
08.80000
07.91000
09.39000
08.60000
09.64000
08.66000
06.65000
09.42000
09.13000
07.74000
07.58000
08.90000
05.76000
08.26000
06.07000
05.16000
09.87000
09.66000
06.00000
05.99000
05.79000
08.13000
09.17000
06.63000
07.09000
06.61000
05.25000
07.10000
08.95000
06.57000
05.91000
08.98000
06.38000
06.52000
09.57000
07.74000
09.42000
09.81000
07.58000
07.75000
07.73000
09.34000
06.10000
06.28000
08.29000
06.63000
07.30000
08.47000
07.83000
09.83000
06.08000
06.73000
07.22000
05.12000
09.17000
07.53000
09.22000
05.48000
09.13000
05.98000
08.83000
05.88000
06.31000
07.43000
08.80000
05.02000
05.20000
08.28000
09.74000
06.35000
07.03000
07.75000
09.78000
07.48000
06.39000
07.31000
09.36000
07.54000
06.48000
08.30000
08.92000
08.16000
05.45000
09.06000
08.06000
07.53000
08.71000
07.05000
07.39000
06.75000
