20
4
133.30000
123.39000
100.19000
151.03000
102.33000
169.59000
107.32000
159.15000
107.72000
124.79000
121.12000
196.59000
190.09000
129.62000
182.21000
103.97000
190.06000
124.72000
131.22000
121.93000
154.07000
194.73000
106.27000
174.88000
138.30000
135.85000
158.38000
198.34000
199.71000
108.05000
120.48000
135.69000
103.91000
176.95000
158.19000
152.55000
116.53000
108.19000
137.14000
114.56000
178.28000
112.23000
199.79000
116.61000
102.37000
110.84000
159.84000
181.25000
171.02000
139.17000
159.75000
120.91000
174.85000
187.83000
190.16000
126.23000
104.49000
147.45000
141.68000
187.82000
181.21000
199.37000
140.69000
185.87000
192.21000
143.52000
100.23000
149.28000
154.20000
105.08000
168.58000
137.90000
182.82000
199.67000
161.37000
167.37000
193.69000
142.92000
194.22000
153.30000
04.06000
01.38000
04.37000
04.53000
04.69000
01.01000
04.92000
01.22000
01.96000
04.55000
01.68000
03.39000
02.99000
03.13000
01.77000
02.16000
02.91000
03.88000
04.30000
04.67000
02.74000
03.07000
03.46000
03.57000
04.86000
04.61000
01.93000
03.73000
02.71000
03.43000
04.21000
03.22000
04.44000
03.63000
02.41000
02.18000
02.15000
01.36000
04.66000
04.71000
03.35000
02.19000
03.66000
04.68000
02.50000
04.65000
02.99000
03.72000
01.30000
04.54000
02.54000
02.75000
04.88000
02.99000
03.43000
02.90000
02.36000
01.12000
02.79000
01.30000
03.64000
03.71000
02.56000
04.50000
04.67000
03.01000
02.26000
02.00000
04.59000
01.22000
01.91000
01.46000
01.50000
04.47000
03.63000
01.03000
01.55000
02.89000
01.54000
02.82000
