20
10
198.88000
195.75000
178.12000
171.00000
167.46000
105.20000
168.12000
112.85000
120.37000
172.52000
153.58000
176.83000
136.14000
182.48000
125.52000
160.20000
118.26000
144.83000
199.96000
185.23000
104.11000
114.86000
186.53000
106.68000
175.46000
194.67000
181.86000
109.35000
168.30000
157.79000
198.87000
173.64000
189.27000
167.10000
156.71000
174.95000
170.01000
110.50000
199.52000
113.67000
166.94000
113.97000
131.92000
171.31000
195.99000
184.79000
158.03000
129.08000
180.96000
167.88000
141.80000
103.99000
181.61000
129.25000
155.51000
174.56000
182.70000
159.91000
196.42000
144.31000
124.16000
199.59000
117.31000
194.28000
167.86000
109.87000
165.70000
118.29000
177.28000
193.02000
195.63000
159.10000
190.32000
143.16000
157.51000
123.36000
169.88000
179.44000
126.71000
142.70000
114.66000
163.27000
127.70000
123.02000
147.96000
111.50000
184.46000
176.02000
135.31000
177.96000
137.67000
142.75000
117.74000
109.90000
140.83000
182.98000
161.26000
179.60000
172.46000
181.45000
158.79000
124.18000
148.51000
129.67000
118.80000
159.31000
150.96000
138.92000
127.84000
120.90000
183.88000
134.21000
155.05000
134.36000
128.91000
153.43000
194.57000
150.06000
192.71000
159.47000
172.44000
112.81000
131.21000
171.29000
155.71000
137.71000
177.64000
144.55000
142.74000
163.34000
160.84000
154.68000
155.81000
118.23000
115.58000
142.70000
142.17000
155.88000
101.63000
174.62000
194.10000
123.69000
184.41000
131.69000
131.98000
126.84000
122.00000
101.39000
166.25000
199.14000
153.05000
165.44000
197.30000
197.22000
190.45000
192.97000
150.52000
102.73000
172.10000
178.12000
127.82000
190.48000
193.45000
198.07000
164.98000
130.72000
109.26000
118.57000
132.19000
155.79000
128.74000
150.64000
132.94000
175.44000
167.90000
116.56000
195.76000
124.45000
167.76000
163.59000
130.38000
161.38000
196.58000
150.50000
131.49000
130.82000
136.72000
173.46000
165.43000
126.14000
172.36000
163.13000
163.82000
135.24000
147.66000
119.89000
183.31000
171.01000
131.76000
169.13000
09.53000
07.39000
09.15000
06.39000
05.46000
06.01000
05.78000
06.57000
06.55000
08.77000
05.89000
06.23000
06.03000
07.95000
05.85000
05.80000
08.36000
07.08000
08.24000
06.94000
07.05000
09.40000
08.25000
08.28000
07.29000
07.82000
05.05000
05.94000
09.62000
09.06000
08.91000
09.66000
08.05000
08.69000
06.95000
08.14000
07.81000
08.51000
07.57000
06.32000
08.64000
09.69000
05.90000
05.02000
07.76000
07.62000
06.88000
08.82000
06.31000
06.53000
07.01000
07.86000
05.32000
06.51000
05.47000
05.36000
07.07000
08.91000
07.65000
05.80000
05.36000
09.51000
09.52000
05.66000
05.14000
05.00000
06.25000
09.25000
05.37000
09.88000
06.06000
05.63000
05.37000
05.02000
06.39000
08.81000
05.71000
07.55000
05.94000
09.04000
05.81000
05.16000
07.00000
09.38000
07.81000
06.25000
09.39000
06.17000
09.52000
07.42000
05.13000
08.70000
09.78000
06.58000
06.18000
08.02000
08.68000
07.89000
05.78000
06.42000
06.66000
09.13000
06.52000
06.98000
05.63000
08.78000
09.29000
08.17000
07.56000
09.78000
07.79000
06.77000
07.08000
08.32000
09.79000
07.10000
05.06000
06.83000
09.29000
09.71000
08.06000
09.99000
09.15000
09.29000
07.33000
05.60000
05.35000
06.55000
08.85000
08.91000
08.85000
06.09000
09.28000
05.64000
09.44000
06.76000
06.52000
07.77000
08.14000
08.65000
07.09000
07.06000
07.69000
08.48000
07.27000
05.65000
05.57000
07.25000
08.31000
09.19000
09.74000
07.17000
05.14000
09.17000
08.28000
07.89000
08.96000
08.35000
05.49000
05.28000
08.81000
06.56000
06.25000
09.00000
06.01000
07.13000
05.57000
08.94000
06.52000
07.79000
07.14000
09.95000
09.81000
07.07000
08.58000
08.70000
06.61000
09.77000
08.72000
08.10000
05.68000
07.87000
06.34000
06.70000
05.52000
06.92000
05.48000
05.37000
05.74000
07.39000
05.60000
09.34000
06.61000
06.11000
05.09000
08.57000
09.63000
06.14000
08.58000
09.23000
