20
7
183.89000
144.68000
117.60000
150.70000
110.91000
194.57000
160.21000
155.39000
134.67000
190.43000
143.40000
164.91000
127.61000
106.61000
177.86000
185.64000
176.19000
119.05000
163.34000
100.56000
196.19000
144.34000
133.90000
114.45000
168.13000
104.23000
154.01000
112.84000
101.48000
143.40000
179.94000
170.27000
147.96000
131.14000
107.94000
144.30000
185.83000
150.78000
135.80000
181.56000
138.27000
131.02000
186.62000
105.70000
144.99000
167.65000
197.18000
196.61000
120.06000
108.37000
125.77000
159.45000
128.88000
176.77000
138.58000
112.35000
175.88000
122.99000
115.81000
174.97000
149.37000
169.10000
164.92000
134.58000
143.28000
176.81000
126.21000
101.06000
193.07000
136.96000
140.51000
180.61000
187.16000
161.81000
103.29000
136.26000
165.54000
102.68000
136.57000
145.10000
190.33000
183.19000
154.12000
112.36000
137.04000
154.84000
102.48000
145.76000
152.22000
139.10000
143.61000
187.36000
131.74000
146.27000
136.65000
104.48000
135.50000
138.22000
179.79000
191.02000
179.27000
102.78000
167.37000
123.43000
112.78000
167.82000
173.58000
139.58000
153.26000
111.98000
155.40000
145.09000
163.36000
127.99000
144.99000
145.96000
182.28000
172.65000
126.10000
187.27000
111.88000
163.39000
130.86000
172.59000
132.10000
130.64000
125.75000
157.71000
130.70000
100.66000
166.67000
187.67000
171.48000
107.97000
143.20000
116.51000
107.33000
163.66000
109.02000
149.86000
02.25000
04.86000
03.80000
02.53000
04.48000
01.80000
01.45000
03.93000
03.16000
04.79000
01.28000
03.31000
03.61000
02.90000
04.03000
01.90000
01.44000
01.02000
03.71000
03.76000
01.98000
04.39000
01.89000
03.52000
02.62000
03.55000
04.28000
01.34000
04.45000
01.26000
01.53000
03.14000
03.27000
03.21000
04.10000
04.01000
03.68000
01.39000
02.25000
04.36000
04.79000
02.35000
04.96000
03.26000
03.43000
03.10000
02.91000
03.03000
02.93000
03.92000
02.77000
01.73000
01.44000
03.99000
02.58000
03.19000
04.43000
03.27000
02.73000
03.04000
03.27000
02.05000
01.08000
01.10000
02.99000
03.45000
02.75000
01.22000
01.57000
03.61000
02.62000
03.83000
02.40000
03.07000
03.23000
03.38000
02.67000
01.67000
03.94000
04.61000
01.64000
03.83000
01.06000
04.44000
02.95000
04.09000
04.45000
01.33000
02.10000
04.41000
01.77000
01.79000
01.59000
01.54000
03.92000
03.76000
04.24000
02.06000
01.13000
01.96000
01.50000
01.66000
04.59000
02.20000
03.69000
01.65000
02.58000
04.33000
03.60000
02.20000
01.07000
04.80000
03.73000
02.19000
02.18000
04.89000
01.35000
04.80000
01.88000
01.18000
01.41000
01.08000
04.06000
01.07000
02.86000
03.10000
01.34000
03.48000
01.98000
03.34000
03.15000
02.06000
01.09000
03.67000
04.76000
04.34000
03.85000
04.76000
01.71000
03.64000
