20
4
89.60000
12.58000
54.01000
14.22000
78.67000
75.51000
20.08000
65.37000
56.54000
75.43000
94.07000
24.12000
63.44000
52.56000
19.19000
29.68000
40.59000
47.12000
33.67000
23.28000
33.88000
72.45000
78.86000
37.88000
34.84000
8.11000
95.59000
90.25000
83.59000
20.17000
44.09000
53.50000
47.09000
74.60000
88.33000
91.61000
89.31000
38.38000
95.28000
71.54000
51.10000
54.11000
80.18000
91.27000
63.25000
35.43000
61.02000
58.68000
59.96000
60.85000
71.27000
65.55000
31.94000
22.11000
2.66000
3.61000
68.91000
8.91000
43.90000
61.58000
72.99000
72.34000
22.45000
75.92000
15.66000
96.37000
5.06000
98.51000
66.83000
71.90000
4.90000
30.83000
43.96000
14.38000
37.45000
86.34000
61.53000
38.29000
19.16000
82.52000
06.87000
06.13000
05.02000
06.30000
09.36000
07.74000
06.62000
05.31000
09.79000
05.14000
08.11000
09.58000
07.07000
07.25000
08.41000
08.01000
05.12000
07.97000
06.42000
09.49000
08.55000
06.02000
06.56000
09.99000
05.87000
06.05000
07.12000
07.97000
07.21000
05.76000
09.27000
05.69000
07.71000
05.29000
08.17000
08.33000
07.53000
09.81000
08.96000
06.03000
06.33000
05.69000
05.39000
08.68000
06.73000
06.07000
06.15000
06.79000
05.71000
06.02000
08.71000
05.18000
09.69000
06.94000
09.47000
05.23000
05.08000
05.24000
09.83000
08.37000
07.79000
06.24000
06.60000
08.26000
06.60000
05.53000
09.99000
08.40000
05.22000
08.43000
07.01000
08.47000
06.32000
07.59000
05.33000
06.12000
07.53000
05.65000
07.61000
09.02000
