20
10
35.94000
90.55000
17.97000
1.22000
88.05000
93.53000
22.30000
20.65000
56.29000
18.92000
43.51000
66.34000
98.84000
31.09000
54.13000
18.02000
2.62000
22.14000
51.47000
77.16000
75.49000
98.96000
70.52000
16.24000
31.88000
98.85000
23.82000
96.23000
87.38000
56.39000
91.89000
78.39000
81.49000
64.80000
27.61000
68.28000
76.47000
44.02000
4.61000
97.24000
97.87000
56.40000
77.59000
61.87000
42.03000
11.48000
74.37000
26.32000
48.99000
43.39000
76.92000
63.14000
60.36000
99.91000
39.20000
33.49000
42.48000
54.58000
38.95000
21.30000
19.17000
44.89000
56.83000
12.69000
71.38000
37.66000
19.56000
21.60000
57.66000
90.66000
96.00000
50.73000
46.46000
31.03000
69.96000
38.58000
31.98000
7.67000
47.02000
47.41000
7.91000
67.93000
51.08000
34.62000
25.52000
11.51000
36.86000
5.97000
6.64000
64.10000
18.83000
23.11000
72.31000
55.93000
31.40000
27.64000
71.33000
39.99000
34.75000
84.91000
90.96000
77.94000
94.78000
7.62000
40.04000
44.46000
85.34000
57.05000
19.58000
63.97000
4.46000
85.41000
29.97000
93.54000
62.90000
62.14000
96.35000
16.00000
1.18000
80.46000
72.38000
25.88000
10.59000
71.76000
6.46000
33.39000
2.41000
14.85000
78.55000
84.65000
7.14000
28.19000
94.14000
90.33000
40.64000
34.81000
81.45000
84.84000
44.52000
81.52000
90.02000
10.15000
54.12000
97.10000
57.63000
84.84000
77.37000
19.04000
42.25000
21.19000
80.71000
41.05000
75.22000
5.20000
8.83000
64.52000
14.62000
49.65000
29.20000
15.57000
80.26000
32.97000
83.29000
60.39000
85.13000
76.58000
75.37000
96.68000
8.06000
25.98000
49.14000
6.47000
31.98000
70.28000
1.88000
90.24000
67.56000
27.33000
54.65000
79.22000
10.55000
85.22000
2.72000
69.49000
49.10000
67.20000
56.16000
16.52000
6.16000
55.18000
6.65000
74.94000
42.98000
68.11000
27.81000
78.06000
48.58000
50.70000
21.04000
81.97000
02.80000
04.17000
01.59000
01.14000
01.27000
04.65000
02.98000
02.75000
04.15000
04.79000
04.57000
03.44000
04.28000
04.67000
01.69000
01.77000
03.48000
01.35000
02.67000
01.32000
03.00000
02.03000
01.11000
03.34000
03.36000
01.67000
03.96000
01.39000
03.95000
02.69000
01.15000
03.56000
04.23000
01.80000
02.63000
01.04000
04.65000
04.70000
03.36000
02.03000
02.26000
02.10000
02.24000
02.99000
04.63000
04.20000
01.35000
01.08000
01.63000
03.25000
02.01000
04.65000
04.35000
01.56000
01.81000
02.53000
04.86000
02.46000
03.31000
04.54000
02.52000
02.73000
03.62000
04.57000
04.57000
01.54000
04.64000
03.55000
02.86000
01.31000
04.13000
04.34000
01.10000
02.98000
04.29000
02.38000
03.99000
04.50000
04.32000
02.13000
01.40000
02.01000
03.09000
03.50000
02.67000
02.32000
01.35000
03.57000
02.62000
03.67000
02.32000
04.34000
02.57000
02.63000
01.83000
04.89000
04.85000
04.79000
04.71000
01.30000
01.90000
04.51000
03.76000
02.13000
02.77000
01.82000
01.72000
01.51000
04.19000
04.96000
04.59000
03.70000
02.12000
03.13000
02.82000
04.40000
01.52000
02.53000
03.87000
04.31000
04.33000
01.18000
04.65000
01.48000
04.54000
03.56000
04.99000
04.79000
02.28000
02.88000
02.01000
01.84000
01.11000
01.98000
01.80000
01.94000
01.62000
04.68000
03.43000
03.44000
04.74000
01.40000
04.56000
03.61000
02.67000
01.91000
03.87000
04.77000
02.79000
03.45000
01.85000
02.04000
01.30000
03.45000
01.19000
03.39000
03.40000
04.38000
01.60000
01.76000
01.89000
04.42000
04.75000
03.86000
03.33000
01.23000
04.87000
04.68000
04.96000
03.71000
01.46000
03.09000
04.59000
04.94000
02.85000
02.66000
01.07000
02.99000
02.37000
03.97000
02.99000
03.12000
01.06000
01.93000
04.63000
04.18000
03.03000
03.36000
04.40000
04.77000
01.72000
03.53000
02.76000
02.58000
04.10000
02.66000
01.14000
04.32000
02.11000
01.94000
