20
4
79.22000
21.40000
63.80000
48.52000
54.29000
50.03000
43.33000
30.95000
48.32000
21.06000
12.43000
74.89000
2.55000
73.71000
11.34000
22.56000
56.19000
50.21000
80.27000
13.19000
24.29000
59.27000
96.08000
99.38000
84.88000
69.83000
23.55000
15.88000
68.72000
7.52000
5.76000
40.49000
40.80000
36.30000
8.69000
40.19000
66.07000
23.15000
97.30000
79.93000
26.21000
92.86000
92.42000
3.86000
67.57000
42.87000
49.49000
23.10000
61.78000
79.53000
53.77000
74.85000
98.55000
94.55000
95.97000
50.83000
69.61000
78.66000
67.81000
40.76000
5.45000
54.75000
35.42000
55.22000
99.68000
81.65000
88.77000
36.98000
17.01000
46.89000
22.46000
63.82000
69.91000
64.95000
49.94000
52.21000
75.85000
52.28000
87.70000
17.61000
02.19000
04.46000
02.64000
01.88000
02.63000
02.65000
03.04000
02.17000
01.76000
04.83000
01.70000
04.01000
02.72000
02.11000
01.74000
02.52000
04.64000
01.62000
02.30000
04.82000
02.92000
04.02000
01.46000
01.52000
04.30000
01.72000
03.48000
03.12000
03.99000
01.25000
03.86000
04.61000
02.10000
02.73000
02.73000
02.13000
02.76000
02.30000
04.22000
03.79000
02.36000
02.32000
03.48000
02.38000
03.89000
03.17000
03.72000
03.34000
04.13000
02.52000
03.24000
01.35000
04.21000
01.49000
03.17000
01.55000
01.26000
01.20000
04.62000
01.07000
02.93000
01.32000
01.60000
04.69000
02.36000
03.16000
02.48000
04.50000
04.23000
01.48000
02.87000
03.85000
02.67000
02.39000
04.89000
04.86000
03.80000
04.03000
02.67000
01.66000
