20
4
89.73000
90.52000
71.66000
97.97000
74.95000
95.27000
92.27000
87.45000
42.01000
5.30000
65.34000
2.33000
31.14000
58.82000
31.08000
80.81000
82.56000
98.06000
29.72000
66.12000
9.07000
27.06000
56.93000
88.10000
62.02000
20.70000
57.20000
68.12000
1.10000
3.34000
75.09000
20.12000
89.28000
39.96000
76.56000
9.09000
94.54000
96.51000
27.60000
99.97000
88.74000
51.97000
38.60000
52.35000
61.37000
47.71000
56.87000
49.26000
48.71000
92.97000
85.22000
41.56000
41.50000
79.48000
15.37000
19.95000
30.44000
96.95000
36.03000
74.17000
87.21000
47.20000
60.00000
60.09000
57.79000
89.67000
70.13000
38.86000
12.34000
33.35000
22.47000
25.58000
65.34000
91.72000
31.49000
35.72000
34.25000
82.25000
13.66000
84.74000
04.32000
04.49000
03.09000
02.29000
03.53000
01.57000
02.51000
01.73000
01.93000
03.14000
04.69000
03.21000
02.67000
04.32000
04.75000
01.86000
04.85000
04.23000
01.83000
04.81000
03.42000
03.58000
02.86000
04.55000
01.73000
03.33000
04.05000
02.44000
02.84000
01.41000
04.11000
04.74000
02.88000
01.95000
03.16000
03.55000
01.97000
01.07000
01.32000
03.01000
02.69000
04.19000
03.91000
03.41000
04.55000
03.49000
04.73000
03.07000
01.62000
01.79000
01.34000
04.30000
03.03000
04.22000
02.84000
04.20000
01.91000
03.89000
02.38000
03.92000
04.18000
02.39000
03.77000
02.26000
02.59000
02.35000
01.90000
02.43000
03.95000
03.28000
04.03000
02.64000
02.38000
03.30000
04.28000
01.02000
04.00000
04.55000
04.80000
03.68000
