20
7
91.44000
82.35000
74.50000
40.51000
3.54000
77.79000
91.86000
4.37000
69.45000
31.17000
16.78000
81.50000
35.26000
18.43000
41.59000
94.93000
81.70000
42.80000
75.56000
67.24000
57.02000
48.52000
49.10000
2.62000
72.49000
16.71000
54.45000
53.12000
27.54000
17.78000
10.49000
99.05000
12.82000
42.19000
64.30000
32.66000
71.02000
20.10000
92.29000
57.13000
21.55000
60.73000
63.52000
48.97000
94.13000
55.11000
40.43000
24.59000
83.99000
88.57000
83.96000
48.83000
14.84000
75.40000
32.98000
42.95000
72.85000
79.93000
62.06000
53.48000
42.53000
99.95000
53.56000
42.45000
96.27000
1.38000
95.51000
67.34000
89.15000
22.44000
84.21000
50.27000
36.77000
84.75000
54.59000
74.54000
30.54000
74.38000
92.67000
64.09000
76.01000
64.61000
43.39000
80.77000
15.12000
32.06000
94.46000
28.55000
15.86000
76.80000
28.18000
34.94000
20.75000
87.59000
60.11000
57.53000
60.51000
29.01000
73.21000
5.98000
18.78000
62.97000
22.93000
61.09000
14.36000
36.03000
19.14000
75.20000
10.86000
27.12000
38.98000
87.69000
85.01000
25.17000
42.38000
14.01000
18.07000
8.29000
65.05000
31.05000
88.18000
74.82000
33.01000
18.43000
90.01000
48.06000
85.46000
47.08000
66.19000
25.80000
69.04000
51.88000
14.17000
7.43000
19.06000
63.93000
44.30000
92.85000
59.05000
91.09000
01.56000
04.75000
01.14000
02.76000
01.78000
03.58000
02.39000
04.95000
04.43000
04.06000
02.90000
04.96000
02.26000
03.00000
01.37000
02.26000
03.39000
02.01000
02.79000
04.11000
02.64000
01.47000
03.33000
01.50000
02.88000
01.77000
04.83000
03.60000
04.00000
03.15000
04.87000
02.32000
01.03000
04.76000
03.62000
04.72000
02.78000
01.06000
02.06000
04.16000
04.06000
02.55000
02.61000
04.15000
02.30000
03.22000
04.73000
01.13000
04.63000
04.72000
03.83000
04.77000
02.17000
03.43000
01.45000
02.63000
02.37000
01.56000
02.44000
03.06000
04.65000
01.83000
02.03000
04.37000
01.47000
01.69000
02.81000
03.55000
04.23000
01.11000
03.61000
04.87000
01.04000
03.59000
02.19000
04.25000
02.81000
04.95000
02.13000
04.90000
01.75000
03.40000
04.20000
03.60000
03.14000
02.55000
02.80000
01.67000
04.12000
02.90000
01.68000
02.20000
01.66000
03.93000
04.73000
04.32000
02.03000
03.92000
04.11000
05.00000
04.17000
04.17000
04.13000
01.83000
02.76000
04.31000
03.67000
01.78000
04.80000
01.34000
02.91000
03.99000
02.99000
02.58000
04.71000
04.71000
01.84000
04.69000
02.73000
04.49000
04.09000
04.87000
04.88000
02.60000
02.34000
04.04000
02.28000
02.08000
03.77000
02.23000
03.09000
03.02000
02.67000
01.51000
01.03000
03.65000
03.68000
03.77000
03.12000
05.00000
