20
10
198.56000
135.65000
133.15000
158.91000
147.34000
150.87000
116.57000
187.73000
130.35000
184.79000
142.24000
146.39000
119.87000
115.93000
194.92000
125.90000
113.15000
147.81000
184.38000
142.28000
139.66000
158.53000
149.89000
187.12000
142.17000
149.56000
195.47000
131.81000
115.29000
171.45000
183.73000
107.57000
109.42000
130.85000
177.57000
133.52000
199.94000
159.39000
164.86000
153.82000
132.75000
167.67000
115.12000
198.16000
126.64000
173.82000
177.89000
168.54000
118.54000
120.26000
187.30000
180.98000
161.96000
166.76000
109.36000
107.73000
135.41000
198.08000
135.08000
146.05000
129.04000
129.16000
183.43000
161.83000
115.69000
166.75000
121.20000
108.80000
146.88000
129.44000
141.21000
196.70000
104.25000
155.13000
137.60000
175.90000
194.43000
106.71000
129.49000
121.82000
172.42000
145.56000
178.76000
164.33000
126.68000
123.92000
174.42000
108.35000
144.28000
190.72000
172.66000
183.18000
159.99000
186.96000
120.76000
142.35000
133.56000
178.68000
190.99000
164.36000
102.92000
110.26000
112.11000
101.61000
161.03000
175.88000
173.95000
189.36000
151.68000
199.91000
121.62000
116.96000
187.74000
151.49000
180.54000
166.05000
107.10000
124.75000
101.08000
143.27000
188.89000
196.59000
140.12000
120.07000
139.48000
130.39000
105.39000
134.23000
145.31000
152.33000
105.78000
169.53000
122.39000
184.69000
169.80000
160.75000
111.73000
174.71000
150.96000
167.64000
115.65000
159.82000
192.86000
182.62000
118.90000
152.52000
159.44000
129.73000
181.72000
101.00000
104.53000
129.67000
148.25000
105.64000
184.79000
195.35000
187.65000
191.82000
181.86000
164.64000
184.04000
155.17000
123.92000
163.26000
143.89000
185.84000
135.02000
164.76000
102.43000
180.93000
115.31000
104.31000
156.91000
143.94000
174.56000
197.91000
129.62000
103.39000
147.54000
186.59000
196.73000
199.98000
160.81000
198.30000
111.33000
142.65000
167.89000
109.67000
176.63000
127.51000
160.24000
125.93000
168.00000
186.21000
125.74000
191.22000
185.84000
175.38000
177.27000
174.68000
04.24000
02.06000
01.77000
03.47000
03.30000
03.20000
01.79000
02.11000
04.50000
04.36000
02.99000
03.42000
03.16000
04.09000
03.21000
04.48000
03.63000
01.99000
01.26000
03.36000
04.57000
04.71000
02.41000
03.12000
04.46000
04.54000
03.26000
04.64000
04.13000
04.91000
03.23000
02.68000
01.53000
01.04000
02.79000
02.94000
03.60000
01.12000
03.38000
04.13000
01.76000
01.17000
03.46000
02.12000
04.22000
01.21000
04.77000
03.58000
01.16000
02.67000
02.74000
02.25000
02.17000
02.38000
01.44000
01.45000
01.83000
02.16000
01.95000
01.51000
02.44000
04.78000
04.14000
02.36000
03.55000
03.34000
03.23000
01.92000
03.56000
03.13000
04.71000
04.81000
04.68000
03.62000
01.28000
01.00000
02.11000
01.24000
02.63000
01.43000
04.39000
02.78000
01.61000
02.05000
01.41000
04.98000
02.80000
03.49000
01.09000
02.81000
01.92000
03.48000
03.24000
03.36000
01.30000
03.61000
04.69000
02.70000
04.29000
02.44000
02.07000
03.74000
02.84000
02.44000
02.91000
04.25000
01.36000
04.41000
04.10000
01.99000
01.83000
01.86000
04.09000
04.68000
01.21000
04.97000
02.33000
01.02000
01.43000
04.96000
04.82000
04.89000
03.56000
05.00000
01.09000
04.25000
01.20000
03.83000
04.99000
03.27000
04.88000
02.38000
02.59000
03.30000
03.17000
04.47000
04.97000
02.66000
01.65000
02.93000
04.17000
01.88000
02.94000
01.46000
04.91000
01.45000
04.20000
04.62000
02.75000
02.57000
04.30000
01.69000
04.40000
01.21000
04.42000
03.13000
01.55000
02.30000
02.77000
04.38000
04.07000
04.61000
03.58000
04.47000
03.04000
01.15000
01.53000
03.64000
04.43000
04.21000
01.43000
04.49000
04.55000
01.38000
02.11000
01.10000
04.74000
01.21000
03.39000
04.56000
04.46000
03.78000
03.46000
03.46000
02.15000
04.67000
04.18000
04.22000
02.01000
04.74000
02.91000
04.65000
02.98000
04.20000
01.12000
03.44000
01.03000
04.25000
01.25000
04.31000
