20
10
136.40000
167.44000
154.82000
166.10000
168.20000
103.88000
193.38000
160.91000
186.28000
181.39000
191.86000
123.56000
194.16000
109.73000
166.28000
176.29000
120.36000
123.68000
157.64000
166.39000
123.25000
119.70000
164.51000
128.41000
176.03000
154.87000
109.42000
120.22000
167.87000
122.16000
156.10000
184.98000
130.42000
109.49000
148.69000
123.09000
120.33000
129.73000
156.32000
159.93000
172.23000
193.69000
122.92000
159.25000
146.62000
175.19000
107.84000
131.79000
135.13000
108.40000
171.13000
123.43000
122.53000
184.35000
110.07000
137.69000
118.57000
119.04000
146.91000
103.07000
168.79000
142.25000
139.57000
117.16000
133.08000
161.11000
129.83000
186.66000
186.92000
107.91000
187.97000
190.54000
193.20000
101.78000
189.38000
160.44000
139.83000
186.87000
134.44000
153.00000
189.98000
173.98000
157.92000
111.93000
121.06000
111.90000
104.07000
186.83000
120.65000
163.74000
123.61000
133.67000
154.77000
101.76000
195.06000
137.20000
114.44000
123.24000
121.94000
107.20000
199.34000
161.43000
189.40000
176.87000
151.92000
116.16000
108.82000
195.76000
183.60000
158.69000
151.29000
124.53000
188.52000
139.42000
123.46000
126.06000
185.84000
133.72000
156.96000
188.23000
101.71000
115.39000
119.72000
119.68000
130.51000
129.28000
131.41000
192.29000
133.79000
195.86000
113.08000
116.22000
158.79000
168.65000
124.49000
157.49000
177.80000
126.16000
150.41000
107.12000
135.78000
153.30000
165.54000
179.89000
196.00000
169.90000
103.01000
156.21000
188.94000
123.23000
132.77000
156.96000
140.00000
194.93000
192.71000
176.27000
199.55000
191.63000
145.73000
133.27000
107.82000
114.91000
184.70000
146.11000
158.60000
188.79000
111.97000
138.70000
166.36000
155.68000
132.36000
113.59000
159.62000
150.36000
186.88000
118.01000
191.91000
132.60000
141.56000
124.25000
194.40000
103.39000
168.07000
111.15000
130.46000
187.94000
123.81000
195.52000
141.91000
172.21000
180.14000
182.92000
185.40000
169.09000
106.20000
198.74000
142.57000
116.46000
196.14000
193.38000
08.23000
06.97000
05.25000
08.25000
06.24000
08.11000
06.15000
07.04000
09.11000
05.90000
05.88000
08.47000
06.33000
08.88000
07.02000
09.19000
08.62000
06.83000
08.44000
07.13000
08.08000
06.70000
09.98000
05.09000
05.16000
05.89000
08.40000
08.43000
06.70000
05.56000
06.87000
06.14000
07.95000
07.55000
08.77000
08.17000
05.41000
09.91000
08.72000
05.69000
07.87000
05.02000
08.06000
07.40000
06.75000
07.92000
06.77000
05.54000
06.33000
05.87000
06.54000
08.64000
08.89000
05.23000
07.77000
06.15000
07.97000
08.58000
07.14000
08.81000
08.89000
08.72000
08.43000
07.37000
09.64000
06.99000
07.94000
08.20000
07.27000
06.38000
07.58000
09.18000
07.35000
09.02000
06.05000
05.58000
06.69000
08.30000
08.28000
08.89000
06.49000
09.05000
07.73000
07.32000
05.39000
08.25000
08.27000
07.38000
06.82000
08.17000
05.62000
09.46000
05.89000
07.98000
07.99000
05.85000
08.94000
08.08000
09.86000
05.08000
08.37000
07.98000
07.72000
06.37000
07.52000
08.76000
07.00000
05.18000
05.12000
06.68000
08.13000
07.82000
07.04000
09.18000
05.12000
09.86000
05.42000
09.97000
08.23000
08.12000
08.85000
09.55000
06.83000
05.26000
07.85000
08.37000
09.81000
09.18000
08.50000
07.10000
05.10000
08.21000
08.70000
07.71000
08.75000
07.45000
07.61000
08.42000
08.03000
08.26000
07.46000
07.13000
09.17000
05.30000
08.36000
07.77000
06.14000
07.13000
09.66000
08.21000
09.57000
05.62000
07.55000
06.21000
08.79000
06.63000
09.48000
05.78000
09.35000
07.31000
06.44000
08.54000
05.48000
08.22000
08.17000
05.63000
09.64000
08.91000
09.16000
06.58000
07.64000
05.07000
05.13000
06.17000
08.33000
09.60000
08.07000
05.44000
06.82000
06.68000
07.78000
07.42000
06.85000
05.47000
06.44000
08.26000
07.71000
09.00000
09.10000
09.45000
08.80000
07.38000
07.27000
09.06000
09.74000
06.80000
08.70000
06.41000
06.41000
09.72000
