20
4
132.29000
104.46000
191.11000
137.41000
177.58000
184.91000
121.77000
189.55000
178.75000
118.90000
128.62000
165.55000
176.43000
147.06000
152.29000
106.02000
111.25000
110.01000
133.40000
151.60000
154.10000
111.56000
189.95000
195.78000
137.09000
173.51000
166.22000
127.96000
173.03000
167.32000
178.25000
124.81000
127.56000
158.62000
191.67000
151.96000
166.29000
113.03000
172.11000
175.03000
160.25000
148.56000
140.93000
195.81000
185.69000
147.16000
130.84000
151.44000
137.72000
182.49000
192.65000
139.14000
106.96000
145.20000
116.98000
149.51000
184.04000
125.90000
194.47000
173.19000
154.58000
190.15000
102.83000
118.66000
190.21000
146.64000
143.65000
113.54000
115.12000
183.81000
181.57000
146.92000
144.94000
117.30000
132.20000
134.42000
195.30000
162.73000
111.18000
191.68000
05.15000
08.01000
06.28000
05.67000
08.56000
06.46000
07.51000
08.99000
09.84000
08.13000
08.56000
09.99000
07.90000
06.92000
08.34000
07.56000
06.63000
06.75000
05.75000
05.61000
07.74000
07.27000
06.88000
08.06000
07.13000
07.64000
07.91000
08.52000
09.84000
09.48000
09.82000
05.53000
06.00000
07.94000
07.78000
09.24000
05.79000
08.19000
06.93000
09.81000
05.76000
05.92000
09.31000
09.64000
08.55000
08.06000
08.06000
08.85000
08.61000
05.93000
07.27000
09.49000
07.34000
05.95000
08.36000
07.98000
06.14000
09.52000
07.72000
05.73000
08.37000
08.73000
06.98000
06.71000
07.53000
07.58000
05.98000
05.42000
09.55000
05.56000
06.67000
09.60000
07.07000
05.35000
06.71000
06.91000
07.77000
09.60000
08.74000
05.01000
