20
7
91.91000
40.91000
79.20000
29.60000
91.44000
5.62000
54.58000
57.99000
73.36000
2.02000
77.03000
76.97000
83.86000
84.41000
94.47000
36.41000
9.77000
36.37000
68.77000
85.72000
64.17000
76.06000
85.05000
72.77000
6.41000
46.02000
40.52000
91.53000
28.51000
19.75000
14.25000
90.55000
50.97000
89.82000
32.68000
14.67000
45.31000
90.48000
49.56000
20.65000
13.02000
51.58000
32.65000
18.07000
1.95000
92.81000
37.05000
36.03000
81.69000
10.21000
23.27000
65.01000
31.57000
42.92000
31.30000
4.60000
90.34000
85.11000
40.78000
77.69000
2.67000
80.87000
50.94000
40.98000
27.51000
88.34000
74.18000
32.44000
68.34000
36.28000
73.08000
39.47000
20.12000
96.93000
11.42000
49.45000
51.60000
10.94000
3.04000
88.44000
49.65000
65.97000
21.12000
82.73000
7.06000
28.69000
83.28000
57.64000
24.84000
40.37000
90.27000
14.86000
48.62000
67.12000
13.21000
38.86000
13.18000
51.85000
84.69000
67.12000
1.01000
48.78000
32.65000
18.22000
93.22000
59.67000
60.68000
59.86000
76.05000
31.65000
77.81000
7.36000
54.05000
55.74000
22.33000
26.76000
34.35000
14.13000
7.31000
50.55000
22.41000
5.75000
32.16000
77.89000
83.38000
53.39000
55.35000
88.27000
16.91000
88.03000
95.02000
34.10000
71.02000
37.90000
90.61000
23.81000
12.67000
30.76000
69.72000
43.64000
01.48000
04.41000
04.61000
02.29000
02.24000
01.09000
04.07000
04.77000
02.18000
02.48000
01.89000
03.96000
01.73000
04.02000
02.38000
03.93000
04.59000
01.92000
04.15000
04.57000
01.59000
01.86000
03.36000
04.79000
02.84000
01.07000
01.03000
03.86000
03.96000
04.89000
01.05000
01.39000
04.60000
04.09000
02.21000
02.07000
02.22000
04.76000
04.13000
04.88000
03.51000
01.23000
01.83000
02.03000
01.02000
04.35000
03.74000
04.00000
01.58000
04.04000
04.92000
01.20000
01.94000
01.32000
02.51000
03.79000
03.16000
03.01000
05.00000
02.77000
03.24000
02.31000
01.67000
03.78000
01.69000
02.44000
04.85000
02.13000
04.76000
03.85000
04.53000
03.66000
03.19000
03.66000
03.12000
03.90000
02.52000
03.31000
04.82000
01.68000
04.80000
02.74000
04.82000
04.43000
03.10000
04.60000
03.20000
03.34000
01.14000
03.08000
02.33000
01.95000
03.51000
04.29000
03.70000
04.04000
04.12000
01.17000
01.14000
03.16000
01.03000
01.49000
04.21000
04.69000
04.03000
04.18000
02.02000
02.43000
03.85000
02.64000
03.71000
01.65000
01.82000
03.85000
02.77000
04.20000
03.07000
04.09000
03.49000
04.30000
04.35000
01.69000
04.34000
02.40000
04.56000
03.97000
04.41000
02.23000
04.28000
03.38000
01.54000
04.44000
03.45000
02.64000
01.08000
01.89000
04.31000
04.24000
01.68000
02.26000
