20
4
93.12000
43.19000
84.59000
22.28000
95.88000
39.19000
20.65000
98.93000
74.31000
33.28000
1.99000
94.77000
68.61000
65.68000
68.82000
50.03000
20.01000
77.61000
63.35000
4.93000
10.93000
42.68000
95.22000
96.06000
23.80000
56.58000
27.57000
68.49000
65.12000
3.79000
20.85000
56.22000
1.86000
48.28000
41.03000
25.22000
96.99000
57.03000
54.09000
40.45000
45.93000
9.30000
76.11000
89.22000
53.90000
88.33000
77.13000
17.83000
70.39000
12.69000
82.03000
34.63000
86.14000
70.11000
81.54000
31.35000
91.85000
53.30000
66.39000
97.70000
56.94000
92.38000
10.08000
78.66000
48.55000
92.45000
62.90000
36.69000
67.44000
37.06000
2.24000
45.98000
30.09000
40.66000
41.57000
23.01000
50.97000
19.72000
97.36000
82.24000
04.77000
04.58000
01.39000
04.82000
03.85000
04.73000
01.05000
03.70000
02.88000
02.11000
04.23000
01.37000
04.98000
03.85000
02.04000
04.95000
01.29000
01.07000
01.62000
01.58000
02.93000
02.92000
04.95000
03.81000
04.10000
02.21000
04.38000
04.63000
02.82000
02.59000
01.42000
04.60000
03.21000
04.17000
04.20000
03.83000
01.41000
03.09000
04.85000
02.46000
01.49000
04.47000
03.97000
01.05000
01.06000
03.68000
04.89000
02.99000
04.60000
02.64000
02.33000
03.25000
01.23000
02.46000
01.43000
02.93000
04.08000
04.29000
03.31000
03.18000
02.33000
04.90000
03.31000
02.99000
04.20000
04.00000
02.26000
03.68000
03.76000
02.81000
03.96000
03.16000
03.14000
03.48000
02.55000
03.54000
04.46000
04.12000
04.14000
02.96000
