20
7
6.83000
25.72000
15.93000
5.71000
58.93000
63.50000
30.66000
35.75000
44.94000
94.93000
30.82000
11.38000
46.61000
24.27000
24.67000
54.17000
35.86000
29.53000
83.90000
39.74000
46.47000
36.83000
8.37000
58.97000
75.10000
5.51000
79.74000
77.16000
44.23000
31.56000
10.68000
66.56000
95.56000
45.15000
73.57000
32.34000
75.31000
64.59000
22.61000
43.11000
51.75000
81.49000
15.49000
21.63000
10.76000
21.46000
8.07000
93.15000
93.30000
23.08000
39.18000
94.32000
89.54000
51.68000
85.37000
71.69000
1.54000
74.16000
13.37000
48.62000
55.12000
34.60000
13.42000
34.48000
67.43000
6.25000
38.56000
46.90000
93.26000
3.69000
54.67000
35.68000
26.03000
11.98000
48.76000
23.79000
82.44000
30.12000
9.36000
23.35000
34.56000
77.34000
42.40000
73.11000
12.19000
73.45000
7.16000
47.88000
28.01000
94.40000
54.65000
48.13000
13.72000
5.74000
67.85000
82.53000
38.68000
95.36000
42.64000
62.27000
34.64000
41.35000
88.98000
74.00000
21.19000
89.78000
91.13000
98.96000
94.67000
80.19000
36.61000
22.29000
36.33000
89.71000
60.15000
20.86000
74.50000
36.09000
25.77000
87.47000
68.41000
40.31000
14.80000
79.59000
53.97000
39.03000
37.14000
97.64000
94.85000
50.92000
59.97000
82.71000
4.43000
76.89000
8.79000
42.69000
55.47000
69.90000
45.78000
11.74000
03.76000
01.26000
03.97000
02.16000
04.08000
03.52000
01.59000
03.88000
03.47000
01.10000
03.05000
01.77000
02.02000
03.63000
01.33000
03.07000
01.14000
03.51000
01.75000
04.87000
03.41000
01.71000
01.79000
03.27000
03.61000
03.01000
03.85000
01.35000
02.60000
04.42000
01.49000
04.99000
01.18000
04.40000
03.70000
03.54000
04.00000
02.74000
02.28000
02.71000
03.81000
01.40000
02.12000
04.86000
01.88000
02.23000
03.41000
02.78000
01.04000
03.15000
03.08000
03.78000
04.72000
02.36000
01.99000
04.23000
02.67000
01.87000
02.28000
03.30000
01.83000
02.04000
02.14000
01.91000
02.24000
03.45000
02.52000
03.66000
01.56000
01.79000
03.56000
03.33000
02.73000
04.89000
04.83000
04.16000
01.48000
02.85000
01.72000
02.65000
03.16000
04.44000
01.48000
01.64000
02.94000
02.68000
04.61000
02.00000
03.15000
02.48000
01.76000
02.84000
02.08000
02.12000
01.14000
01.09000
01.31000
04.71000
01.23000
01.54000
01.68000
02.04000
02.58000
02.30000
04.92000
04.12000
03.96000
03.00000
03.19000
02.28000
04.78000
04.08000
01.01000
01.20000
02.70000
02.10000
04.68000
04.83000
04.20000
03.94000
01.33000
02.35000
01.22000
01.52000
01.62000
02.00000
01.33000
04.85000
01.27000
01.61000
02.44000
04.74000
04.89000
03.08000
03.59000
02.24000
01.43000
02.10000
03.11000
03.20000
