20
7
128.00000
158.50000
166.73000
158.41000
187.28000
107.76000
112.42000
126.06000
153.32000
101.66000
126.67000
171.44000
196.97000
125.51000
143.61000
136.88000
153.15000
116.16000
136.43000
191.27000
126.07000
125.85000
163.62000
158.15000
122.74000
139.40000
195.89000
132.58000
170.91000
120.35000
185.78000
122.15000
108.23000
136.44000
140.48000
107.86000
148.91000
119.44000
118.74000
109.78000
103.41000
178.80000
142.46000
167.92000
142.07000
132.64000
121.79000
127.52000
159.88000
183.79000
185.44000
164.00000
195.66000
141.76000
197.98000
106.39000
177.29000
192.64000
188.09000
135.33000
101.31000
126.57000
162.83000
114.15000
167.10000
198.55000
177.56000
158.30000
185.88000
161.89000
141.64000
159.90000
107.02000
102.28000
136.47000
180.43000
181.44000
194.48000
120.02000
145.41000
149.31000
147.42000
193.97000
105.12000
102.25000
181.86000
132.67000
171.94000
197.74000
179.15000
131.19000
146.42000
180.08000
110.54000
122.09000
181.83000
107.61000
148.83000
127.00000
107.99000
133.61000
103.56000
154.23000
148.19000
157.62000
193.09000
157.90000
174.51000
155.25000
113.95000
140.54000
185.35000
125.09000
107.30000
195.27000
160.16000
192.28000
128.35000
116.76000
167.44000
112.71000
175.18000
166.61000
104.94000
156.82000
197.28000
198.01000
165.94000
179.15000
191.93000
105.75000
128.26000
166.97000
129.59000
127.88000
106.91000
146.59000
107.27000
116.48000
118.43000
02.40000
01.82000
02.33000
03.44000
01.20000
03.78000
01.04000
03.22000
01.25000
01.93000
04.58000
02.24000
04.05000
04.06000
02.87000
01.40000
03.40000
03.74000
01.11000
02.46000
03.42000
02.18000
02.07000
02.81000
01.03000
03.34000
03.94000
04.95000
03.02000
02.47000
04.45000
02.33000
02.87000
01.46000
04.75000
03.24000
04.89000
02.47000
03.79000
03.26000
02.21000
04.76000
03.95000
04.67000
04.45000
03.39000
02.10000
01.13000
04.25000
04.90000
04.18000
01.93000
02.97000
02.15000
04.46000
01.58000
03.24000
02.82000
01.50000
04.41000
04.10000
04.51000
04.61000
03.37000
02.13000
01.63000
03.80000
02.61000
01.37000
02.85000
03.63000
01.02000
01.88000
03.88000
04.33000
01.22000
03.57000
01.76000
04.96000
02.14000
02.07000
04.30000
01.75000
03.71000
01.07000
03.97000
01.74000
04.52000
03.02000
03.66000
01.61000
02.98000
04.61000
04.82000
03.46000
02.69000
04.85000
04.72000
02.69000
02.07000
02.57000
03.21000
03.47000
04.83000
03.83000
02.69000
04.71000
01.18000
04.83000
02.47000
04.03000
02.44000
03.72000
03.62000
04.27000
01.10000
03.49000
01.50000
04.05000
02.92000
01.60000
02.38000
03.53000
03.63000
01.63000
03.75000
02.87000
03.86000
01.33000
04.98000
01.10000
03.49000
04.23000
03.60000
03.67000
02.73000
01.18000
01.99000
02.32000
01.59000
