20
7
125.11000
131.49000
169.29000
192.85000
177.48000
194.45000
142.60000
133.39000
151.45000
137.31000
164.33000
106.62000
119.81000
181.68000
164.33000
134.96000
106.94000
188.25000
198.98000
154.87000
157.34000
122.25000
125.67000
186.19000
173.90000
184.97000
125.97000
179.86000
150.45000
107.27000
177.73000
158.38000
142.21000
183.84000
149.46000
123.46000
168.46000
160.90000
148.74000
103.37000
150.49000
152.10000
101.37000
132.66000
106.47000
180.54000
168.78000
134.93000
192.95000
110.87000
140.00000
116.50000
106.97000
195.18000
131.61000
192.74000
122.09000
149.63000
111.70000
118.11000
166.32000
187.87000
147.25000
158.19000
132.52000
119.57000
136.61000
112.12000
188.91000
158.84000
125.99000
120.35000
108.69000
174.56000
164.37000
121.33000
154.10000
112.19000
164.79000
105.03000
155.93000
163.82000
191.31000
104.13000
113.40000
130.34000
139.96000
190.92000
123.19000
180.50000
179.46000
132.13000
144.02000
134.38000
150.60000
173.61000
136.20000
101.10000
170.70000
125.27000
137.21000
183.66000
118.46000
112.78000
109.06000
112.72000
156.19000
107.08000
117.30000
135.19000
127.28000
181.79000
190.62000
131.70000
198.65000
149.55000
171.72000
184.43000
126.33000
199.58000
191.31000
138.56000
188.11000
197.81000
129.22000
173.37000
126.83000
165.16000
185.39000
114.60000
106.33000
171.81000
117.76000
187.78000
129.11000
131.59000
110.86000
132.53000
199.21000
147.37000
06.60000
05.48000
09.18000
07.63000
07.95000
05.65000
07.43000
05.90000
08.02000
05.17000
09.11000
09.33000
08.37000
08.28000
07.27000
07.08000
07.87000
08.40000
05.92000
06.17000
06.85000
09.36000
06.92000
09.52000
07.22000
06.50000
05.09000
09.56000
06.18000
06.66000
06.86000
07.57000
07.93000
08.13000
09.47000
05.81000
07.08000
06.48000
09.27000
07.52000
09.83000
08.59000
07.63000
06.76000
07.16000
08.28000
06.42000
08.22000
08.12000
05.26000
06.58000
09.12000
05.66000
09.22000
08.14000
09.64000
06.23000
05.24000
08.38000
09.12000
06.34000
07.88000
05.60000
07.06000
07.97000
08.70000
07.24000
05.21000
09.91000
06.59000
06.46000
07.17000
08.67000
08.71000
08.40000
09.67000
07.42000
05.75000
08.62000
06.71000
09.04000
09.62000
08.84000
08.65000
09.55000
09.81000
06.96000
06.77000
06.66000
06.28000
09.65000
09.31000
09.07000
08.52000
08.30000
06.88000
05.23000
07.66000
07.82000
05.51000
08.43000
06.12000
09.66000
09.90000
09.81000
08.23000
07.75000
06.01000
05.81000
05.78000
09.68000
08.27000
09.62000
09.19000
07.88000
07.27000
07.35000
08.61000
06.47000
07.14000
05.81000
09.35000
09.50000
06.29000
09.53000
07.38000
07.51000
08.54000
06.21000
09.52000
08.85000
08.72000
09.66000
09.45000
05.65000
07.26000
09.70000
08.72000
09.81000
06.23000
