20
10
36.86000
42.64000
8.70000
48.06000
58.05000
18.85000
19.82000
13.47000
89.35000
79.52000
79.91000
6.30000
66.17000
67.25000
37.76000
79.52000
47.70000
47.40000
63.93000
13.86000
32.53000
9.43000
78.16000
30.82000
94.28000
53.08000
80.16000
8.20000
11.88000
27.71000
89.80000
96.19000
95.09000
1.77000
33.22000
78.61000
84.44000
68.45000
59.31000
61.04000
42.08000
48.63000
74.99000
93.90000
31.03000
88.24000
2.66000
13.51000
71.55000
63.51000
61.01000
99.45000
80.52000
95.48000
80.25000
89.16000
98.53000
32.97000
14.37000
41.80000
19.66000
28.95000
84.27000
2.19000
66.52000
76.98000
6.66000
90.16000
45.52000
3.88000
77.94000
54.09000
99.35000
8.04000
57.19000
5.75000
98.47000
15.58000
25.23000
81.65000
80.15000
13.95000
62.76000
23.48000
37.26000
46.59000
69.06000
99.94000
39.47000
40.90000
91.26000
12.97000
84.09000
99.36000
40.05000
75.43000
94.15000
52.21000
48.82000
30.91000
64.96000
1.85000
62.05000
63.38000
51.14000
64.54000
26.86000
56.41000
10.16000
42.15000
97.74000
26.45000
16.65000
65.02000
64.70000
17.17000
71.00000
90.22000
39.49000
97.04000
88.84000
58.60000
59.25000
96.99000
47.39000
28.22000
4.97000
15.16000
21.37000
86.07000
76.14000
85.17000
88.51000
19.07000
65.86000
7.31000
54.28000
34.87000
89.00000
1.64000
16.74000
30.60000
16.98000
93.51000
93.27000
48.99000
8.97000
75.75000
73.52000
32.30000
3.87000
1.44000
63.05000
42.77000
20.62000
44.21000
93.19000
68.44000
3.93000
6.45000
2.14000
28.13000
27.27000
31.00000
83.98000
47.68000
22.66000
3.59000
54.11000
11.31000
7.08000
24.10000
70.70000
83.38000
52.07000
71.25000
19.67000
56.98000
55.93000
49.52000
85.34000
24.39000
22.73000
29.05000
12.29000
74.51000
93.54000
83.47000
84.76000
79.18000
28.53000
36.96000
43.24000
32.63000
75.57000
94.09000
49.00000
52.79000
12.31000
88.20000
03.70000
01.67000
04.10000
01.53000
02.67000
02.15000
01.41000
02.45000
02.66000
02.65000
03.04000
02.29000
03.50000
02.23000
03.31000
02.64000
02.03000
04.99000
01.55000
02.07000
01.32000
02.17000
04.66000
04.24000
03.65000
03.26000
04.36000
01.48000
03.70000
04.96000
03.38000
01.57000
03.93000
02.99000
02.68000
02.71000
03.79000
02.03000
04.21000
04.09000
02.97000
02.68000
02.88000
03.11000
04.66000
03.29000
03.11000
03.40000
02.34000
01.95000
01.76000
01.76000
02.10000
03.98000
03.41000
02.04000
03.02000
03.72000
01.61000
01.07000
04.01000
01.39000
03.21000
01.95000
01.45000
04.26000
03.87000
02.10000
03.38000
02.06000
02.73000
01.54000
04.48000
02.75000
01.00000
02.71000
04.47000
03.27000
04.88000
01.08000
02.53000
03.13000
03.93000
01.80000
03.88000
01.40000
04.45000
01.88000
02.03000
02.56000
01.30000
04.02000
01.28000
02.19000
01.29000
02.30000
02.97000
04.88000
04.26000
03.79000
02.04000
04.90000
04.08000
03.91000
01.15000
01.30000
03.91000
04.88000
03.81000
04.27000
03.13000
04.89000
04.97000
02.00000
03.21000
02.65000
04.57000
03.70000
02.58000
01.84000
03.16000
01.73000
01.95000
03.31000
01.15000
01.45000
04.63000
02.39000
03.53000
04.72000
02.35000
01.32000
04.87000
01.38000
04.19000
04.41000
04.74000
02.25000
04.23000
01.01000
01.04000
03.53000
01.86000
04.03000
04.52000
01.61000
03.71000
04.62000
03.92000
04.20000
01.46000
04.32000
02.44000
03.75000
04.80000
02.08000
04.29000
01.71000
04.46000
01.85000
02.12000
02.45000
02.68000
03.25000
02.98000
02.93000
03.15000
04.54000
03.64000
04.44000
03.20000
02.28000
04.91000
03.05000
02.16000
03.04000
04.63000
03.85000
04.35000
02.39000
02.78000
03.53000
02.87000
01.25000
04.70000
03.09000
01.48000
04.41000
01.23000
04.40000
04.80000
04.05000
03.83000
04.17000
02.79000
03.38000
04.95000
04.11000
02.40000
02.60000
