20
10
187.20000
120.26000
153.75000
171.18000
172.56000
125.95000
144.06000
185.79000
182.77000
190.97000
167.24000
170.86000
190.11000
193.85000
108.06000
117.41000
191.84000
138.08000
176.27000
141.46000
126.53000
134.03000
174.38000
161.58000
158.19000
139.37000
181.92000
178.39000
176.09000
141.19000
147.77000
191.88000
130.61000
146.15000
134.82000
121.21000
197.16000
185.87000
130.96000
110.50000
116.13000
173.77000
187.11000
144.81000
172.38000
108.68000
107.54000
164.27000
167.25000
174.51000
115.24000
116.40000
154.28000
131.01000
176.21000
173.47000
111.96000
162.97000
181.48000
132.75000
193.56000
123.13000
195.33000
170.77000
141.39000
119.56000
152.10000
159.39000
199.39000
156.72000
156.73000
104.56000
149.18000
172.50000
103.36000
156.67000
197.43000
129.78000
111.12000
191.11000
179.64000
142.88000
162.48000
146.35000
184.54000
150.79000
129.08000
165.22000
143.40000
187.75000
188.89000
155.53000
190.99000
194.79000
189.19000
170.80000
187.07000
137.92000
102.25000
189.54000
107.00000
150.24000
154.60000
153.83000
120.83000
181.73000
154.96000
115.26000
182.81000
137.26000
156.78000
182.16000
105.83000
185.95000
185.47000
136.18000
127.79000
121.96000
191.42000
183.96000
177.18000
132.99000
124.04000
116.56000
129.19000
159.61000
136.04000
193.84000
177.06000
165.00000
123.78000
182.91000
136.80000
171.43000
115.78000
118.51000
149.43000
126.15000
165.55000
160.41000
174.34000
176.47000
162.21000
190.02000
190.32000
104.58000
149.35000
105.34000
131.51000
104.08000
180.62000
189.13000
142.04000
175.37000
112.69000
154.26000
191.06000
143.83000
127.19000
138.64000
188.75000
106.62000
174.65000
181.43000
163.30000
155.90000
170.76000
196.85000
127.15000
110.21000
126.68000
190.94000
177.59000
173.07000
152.19000
179.71000
136.87000
173.00000
182.06000
104.18000
128.18000
177.10000
156.44000
125.92000
175.06000
187.20000
128.61000
162.54000
188.25000
105.12000
101.67000
169.67000
143.15000
162.50000
163.51000
191.46000
140.14000
115.97000
127.01000
197.04000
01.01000
01.81000
03.70000
04.91000
01.68000
02.10000
04.90000
03.25000
01.61000
01.52000
04.40000
03.39000
04.14000
02.65000
04.04000
02.40000
01.60000
01.06000
02.64000
02.36000
04.80000
04.80000
03.13000
04.34000
03.20000
04.92000
02.54000
03.20000
03.49000
01.70000
03.20000
02.71000
03.64000
02.36000
01.57000
04.57000
02.59000
03.10000
03.10000
03.49000
03.66000
02.84000
03.72000
03.93000
04.63000
01.44000
04.12000
01.50000
03.22000
02.57000
04.29000
01.41000
01.00000
03.08000
04.32000
02.97000
04.55000
04.78000
01.29000
02.51000
01.86000
03.16000
02.87000
03.95000
01.62000
04.66000
01.68000
04.51000
04.42000
01.52000
03.01000
02.53000
04.45000
01.19000
03.54000
03.96000
04.91000
04.13000
04.99000
03.77000
03.93000
02.01000
04.97000
04.11000
04.88000
02.66000
03.64000
02.57000
01.60000
02.07000
01.37000
02.71000
01.92000
03.33000
04.50000
02.10000
02.68000
02.50000
04.34000
03.32000
01.24000
01.10000
02.40000
03.33000
01.39000
03.70000
02.30000
02.46000
04.02000
03.67000
02.27000
01.19000
03.57000
04.70000
03.27000
01.71000
03.51000
03.51000
03.25000
03.23000
03.13000
03.93000
03.40000
01.83000
01.23000
02.15000
01.43000
03.09000
02.09000
01.16000
04.62000
01.18000
03.76000
02.30000
01.56000
03.95000
01.35000
03.89000
01.81000
04.20000
01.28000
02.54000
03.77000
04.23000
02.50000
03.86000
04.57000
01.20000
04.93000
04.86000
04.32000
02.22000
03.30000
01.49000
04.23000
01.72000
01.29000
02.72000
02.49000
03.16000
04.91000
02.34000
03.90000
03.19000
04.12000
02.65000
01.65000
02.69000
02.87000
04.61000
02.47000
03.00000
01.48000
03.79000
01.20000
02.19000
01.27000
04.77000
01.65000
03.36000
01.34000
01.69000
01.64000
04.30000
01.16000
04.48000
04.55000
04.03000
01.27000
02.58000
03.60000
03.56000
04.62000
04.20000
04.24000
01.57000
03.17000
02.54000
04.94000
01.78000
