20
10
148.81000
101.49000
190.21000
161.75000
191.89000
136.98000
110.52000
184.67000
116.86000
101.34000
145.72000
172.58000
145.99000
123.07000
130.59000
166.51000
126.54000
155.70000
124.89000
132.47000
139.17000
104.62000
123.26000
178.65000
115.38000
103.12000
125.74000
195.28000
191.10000
123.91000
124.80000
159.37000
166.73000
123.60000
133.35000
140.07000
167.66000
183.85000
189.26000
131.52000
153.75000
164.08000
113.36000
116.03000
135.89000
162.58000
113.20000
158.85000
176.19000
124.02000
144.83000
191.36000
178.16000
158.18000
124.28000
135.85000
170.33000
199.81000
192.55000
139.57000
146.60000
131.62000
108.54000
169.99000
152.45000
125.33000
104.97000
193.78000
144.25000
148.04000
150.04000
187.39000
153.63000
187.66000
187.89000
151.23000
137.23000
157.07000
187.66000
110.69000
187.08000
180.59000
173.88000
163.12000
139.16000
189.00000
122.42000
123.51000
127.23000
120.99000
171.21000
174.87000
136.06000
167.59000
117.52000
120.71000
175.41000
144.82000
183.61000
189.56000
144.62000
141.60000
190.37000
119.22000
108.08000
102.60000
153.24000
179.30000
157.96000
138.41000
180.87000
120.63000
157.17000
168.18000
148.63000
174.86000
193.59000
136.03000
156.93000
198.62000
152.13000
122.84000
144.85000
135.17000
175.74000
140.00000
144.46000
125.27000
139.74000
192.97000
189.35000
109.16000
110.14000
153.99000
158.02000
171.63000
177.95000
120.34000
153.99000
122.44000
175.89000
193.34000
138.97000
128.28000
161.23000
161.30000
139.59000
183.85000
172.55000
113.94000
110.14000
146.16000
103.99000
101.65000
157.26000
178.11000
174.69000
199.81000
112.59000
167.58000
145.34000
132.25000
170.55000
162.10000
169.02000
165.23000
113.06000
164.74000
189.04000
122.78000
147.41000
190.58000
152.67000
158.41000
133.38000
105.63000
132.18000
150.64000
155.74000
100.91000
120.67000
172.25000
165.24000
178.90000
134.75000
160.69000
180.01000
125.49000
178.42000
132.72000
183.94000
143.37000
177.08000
169.99000
114.93000
126.69000
181.12000
179.15000
135.86000
194.59000
04.56000
01.13000
04.52000
01.36000
02.80000
02.35000
02.62000
03.20000
01.47000
02.35000
01.18000
03.50000
01.88000
01.71000
04.03000
01.33000
02.38000
02.02000
04.00000
04.76000
01.79000
01.97000
04.02000
04.18000
03.34000
03.40000
04.54000
03.56000
01.20000
02.41000
01.72000
01.50000
03.31000
04.20000
02.01000
01.69000
02.64000
02.97000
04.86000
04.85000
01.72000
02.70000
01.40000
04.32000
04.08000
02.16000
04.76000
03.60000
01.72000
04.33000
02.56000
02.36000
02.21000
04.01000
04.88000
01.93000
02.12000
01.05000
02.78000
04.64000
02.63000
02.40000
04.67000
04.55000
03.93000
04.72000
03.22000
01.39000
03.17000
03.81000
04.19000
02.09000
04.55000
01.13000
02.28000
02.62000
01.27000
03.11000
01.19000
03.93000
03.23000
03.81000
02.05000
02.67000
03.02000
04.90000
03.39000
04.65000
04.73000
01.40000
02.94000
01.96000
02.21000
02.41000
01.04000
02.18000
02.27000
01.99000
03.02000
01.89000
02.48000
03.02000
04.12000
04.62000
01.18000
02.58000
01.01000
04.41000
01.76000
01.41000
02.39000
02.70000
04.67000
01.22000
03.20000
03.70000
03.37000
04.71000
03.39000
04.60000
01.95000
01.09000
02.97000
01.79000
03.97000
04.94000
02.99000
02.01000
03.39000
02.75000
03.82000
01.23000
04.29000
01.84000
04.06000
01.27000
03.74000
02.53000
03.26000
04.96000
03.48000
04.02000
01.19000
03.39000
04.87000
01.06000
04.87000
04.04000
03.39000
04.18000
04.41000
04.13000
03.75000
03.35000
03.01000
04.11000
03.64000
01.51000
04.88000
01.44000
03.56000
02.84000
04.09000
03.33000
01.38000
01.60000
04.77000
04.87000
01.89000
03.67000
04.68000
01.86000
03.41000
02.62000
04.65000
02.40000
01.28000
01.02000
02.50000
03.57000
03.25000
02.40000
01.84000
02.32000
03.51000
04.29000
04.14000
01.36000
04.46000
04.40000
03.98000
04.09000
03.06000
04.93000
04.83000
03.22000
01.26000
01.09000
03.14000
04.46000
