20
7
16.29000
82.65000
75.63000
34.41000
84.62000
98.74000
49.91000
16.49000
7.63000
2.67000
28.03000
21.05000
46.88000
73.39000
18.63000
18.46000
94.25000
9.80000
31.92000
67.25000
67.34000
86.13000
78.08000
54.06000
72.74000
55.31000
98.70000
21.87000
72.73000
94.67000
20.77000
34.21000
45.41000
41.93000
21.18000
22.39000
7.55000
58.12000
92.72000
18.27000
8.11000
69.60000
48.32000
34.27000
15.64000
92.23000
27.22000
15.12000
14.67000
68.94000
99.98000
65.75000
6.12000
24.23000
76.48000
62.94000
41.96000
21.30000
89.91000
95.40000
4.64000
34.81000
55.91000
16.17000
98.55000
67.47000
85.52000
2.27000
81.99000
24.05000
84.39000
13.10000
62.20000
26.14000
24.43000
28.71000
11.90000
48.35000
15.24000
55.43000
36.75000
5.34000
78.87000
56.05000
28.75000
47.02000
44.43000
70.02000
7.15000
63.01000
70.52000
25.12000
46.36000
58.47000
3.38000
38.66000
98.56000
3.01000
37.28000
68.64000
54.34000
64.90000
26.16000
12.28000
25.55000
50.85000
76.51000
4.13000
87.88000
93.30000
43.64000
1.32000
19.89000
40.81000
28.64000
69.72000
84.31000
15.71000
97.00000
29.27000
96.95000
9.32000
38.96000
4.05000
28.80000
43.69000
72.04000
12.61000
28.96000
8.01000
39.90000
35.12000
84.44000
24.25000
60.25000
70.56000
84.77000
5.54000
29.59000
82.33000
08.70000
08.41000
08.08000
05.46000
05.57000
09.54000
08.60000
05.84000
05.15000
07.74000
08.00000
06.64000
05.32000
08.24000
07.46000
09.86000
09.97000
09.17000
07.93000
09.11000
08.77000
07.56000
09.91000
07.58000
07.88000
09.29000
06.44000
06.43000
09.14000
06.09000
07.99000
07.99000
08.37000
05.04000
05.24000
05.15000
05.52000
09.26000
06.79000
05.61000
09.23000
08.38000
05.54000
07.67000
07.45000
08.47000
05.64000
06.32000
08.91000
06.85000
07.22000
09.48000
05.98000
07.30000
06.59000
08.31000
08.27000
07.76000
06.07000
06.87000
09.32000
09.70000
05.71000
05.47000
09.36000
06.46000
08.34000
09.33000
08.71000
06.69000
06.96000
05.13000
08.63000
09.49000
08.31000
08.42000
05.75000
06.19000
08.31000
05.73000
06.85000
09.87000
05.35000
06.26000
06.45000
08.91000
09.62000
09.85000
06.31000
09.43000
06.67000
08.70000
07.66000
08.13000
07.30000
07.51000
05.25000
07.12000
09.57000
05.16000
06.93000
08.43000
07.67000
05.58000
06.76000
08.78000
06.50000
08.21000
06.62000
08.79000
05.51000
06.98000
07.56000
08.88000
06.89000
09.42000
07.26000
08.02000
08.22000
05.30000
06.42000
06.35000
06.01000
07.30000
06.03000
05.21000
09.08000
08.55000
09.75000
08.52000
05.22000
05.26000
07.03000
05.28000
09.12000
05.10000
07.13000
06.17000
08.95000
06.09000
