20
4
70.78000
30.77000
98.58000
6.46000
69.83000
48.77000
88.55000
76.10000
85.52000
31.60000
16.28000
81.18000
59.10000
19.49000
21.00000
61.93000
30.76000
52.64000
43.91000
58.55000
79.88000
67.92000
27.08000
22.58000
22.19000
44.69000
11.45000
92.86000
64.87000
51.46000
79.18000
27.62000
74.89000
54.20000
97.25000
89.82000
18.24000
18.86000
31.61000
47.44000
27.75000
83.34000
92.57000
48.34000
56.46000
88.17000
29.63000
28.43000
48.06000
16.46000
73.46000
26.34000
92.28000
56.91000
16.76000
32.78000
80.84000
2.26000
48.26000
38.47000
84.42000
74.33000
83.25000
47.22000
27.60000
62.52000
18.41000
35.52000
82.37000
5.29000
72.90000
35.63000
66.20000
17.11000
64.19000
63.04000
93.56000
14.46000
7.74000
34.19000
09.57000
07.29000
06.25000
09.51000
06.80000
06.96000
05.47000
06.98000
07.75000
08.20000
05.38000
05.48000
06.34000
09.93000
09.87000
08.91000
06.46000
06.05000
07.85000
06.19000
05.26000
06.95000
06.22000
05.68000
07.72000
07.00000
07.93000
07.19000
06.23000
08.76000
08.26000
05.48000
05.93000
07.38000
07.37000
05.72000
06.98000
08.02000
05.41000
08.05000
08.00000
08.46000
09.77000
05.51000
07.14000
06.53000
08.42000
07.95000
08.15000
07.44000
07.14000
08.94000
07.44000
07.61000
07.34000
09.89000
06.41000
08.44000
05.43000
07.20000
09.27000
05.71000
08.73000
05.51000
09.25000
06.69000
05.55000
07.09000
08.58000
05.80000
05.55000
08.14000
09.91000
05.70000
06.37000
06.30000
05.89000
09.04000
05.68000
09.24000
