20
10
76.64000
3.00000
87.70000
64.40000
63.62000
20.31000
96.12000
37.47000
43.32000
73.75000
74.25000
26.73000
25.38000
80.15000
44.11000
60.43000
44.24000
80.14000
52.50000
92.54000
60.90000
12.83000
7.75000
86.41000
99.41000
18.07000
72.17000
21.32000
35.15000
14.23000
24.74000
64.91000
54.14000
45.01000
63.85000
75.24000
70.14000
79.85000
16.62000
34.14000
3.26000
54.30000
32.02000
68.11000
67.73000
32.82000
14.15000
88.09000
61.19000
90.48000
41.47000
59.00000
73.76000
26.57000
18.49000
89.53000
22.28000
61.14000
72.41000
16.08000
92.38000
53.48000
63.98000
83.90000
14.60000
34.39000
68.03000
72.84000
52.63000
96.42000
45.79000
78.12000
27.45000
17.21000
28.59000
87.76000
81.74000
94.14000
72.49000
15.51000
78.63000
95.36000
9.86000
19.25000
89.51000
6.49000
45.76000
83.06000
16.71000
16.58000
5.91000
58.86000
30.80000
5.36000
73.24000
36.74000
30.04000
75.31000
59.42000
32.56000
86.60000
73.89000
60.62000
1.89000
49.35000
20.63000
81.48000
66.73000
13.95000
28.86000
76.53000
94.25000
30.27000
6.17000
9.03000
4.42000
73.96000
82.86000
65.01000
38.91000
8.08000
7.59000
61.65000
26.02000
40.42000
10.29000
4.39000
83.04000
52.22000
34.32000
73.74000
64.13000
96.46000
39.85000
38.05000
40.82000
52.87000
11.78000
86.44000
10.41000
77.09000
9.06000
77.03000
34.69000
13.31000
15.82000
29.83000
66.21000
24.56000
78.38000
94.98000
70.17000
92.66000
36.23000
68.68000
96.48000
26.19000
50.65000
68.88000
21.76000
6.77000
10.47000
22.97000
67.59000
1.43000
11.96000
49.31000
75.29000
40.22000
82.44000
59.66000
94.95000
58.57000
64.52000
1.80000
80.53000
16.65000
23.54000
46.29000
10.77000
32.49000
64.82000
31.78000
7.00000
53.38000
39.01000
71.82000
68.06000
38.42000
2.95000
29.79000
1.51000
99.35000
25.11000
29.81000
86.17000
75.69000
99.67000
22.79000
31.62000
01.77000
02.05000
01.79000
01.50000
01.63000
02.30000
04.18000
02.24000
04.63000
04.42000
04.49000
03.26000
01.58000
02.49000
04.05000
01.15000
04.33000
03.59000
01.19000
01.48000
03.86000
01.93000
02.55000
03.04000
03.76000
02.42000
01.43000
04.19000
04.36000
04.27000
02.13000
04.41000
03.13000
02.16000
04.58000
04.91000
02.50000
03.82000
01.74000
03.89000
01.50000
03.50000
04.28000
04.13000
02.78000
04.27000
02.67000
04.99000
02.92000
01.69000
01.83000
02.05000
03.00000
04.09000
01.34000
02.14000
01.09000
04.81000
01.78000
01.07000
03.61000
04.02000
03.46000
01.02000
02.92000
01.78000
04.97000
03.93000
04.43000
01.95000
01.92000
01.11000
01.87000
03.49000
02.51000
02.00000
01.91000
02.36000
03.94000
01.08000
02.47000
03.71000
02.48000
03.14000
02.06000
01.45000
04.17000
01.50000
02.05000
01.45000
01.28000
04.79000
01.75000
02.29000
03.65000
02.06000
01.50000
03.53000
02.12000
03.42000
01.27000
02.21000
01.48000
02.78000
01.97000
03.42000
01.27000
01.80000
02.71000
01.42000
04.44000
01.59000
01.42000
03.43000
03.43000
03.86000
01.07000
01.64000
03.72000
03.31000
01.65000
02.30000
04.73000
02.68000
03.45000
02.76000
04.52000
01.68000
01.99000
02.88000
03.21000
04.13000
02.85000
03.50000
04.89000
01.36000
04.61000
02.43000
02.62000
01.71000
04.02000
03.62000
02.25000
04.01000
03.25000
01.86000
03.60000
01.38000
01.64000
01.60000
03.58000
02.35000
01.39000
02.27000
02.90000
04.85000
01.70000
04.34000
03.25000
03.85000
02.19000
01.92000
04.21000
02.51000
02.37000
01.33000
01.68000
04.30000
03.46000
02.64000
03.34000
02.89000
01.27000
04.91000
03.51000
03.86000
04.64000
04.22000
01.53000
01.79000
02.91000
02.55000
02.88000
01.22000
04.20000
02.06000
03.97000
02.32000
02.08000
03.06000
03.25000
03.14000
03.01000
01.25000
01.69000
01.88000
02.44000
01.34000
01.23000
01.75000
