20
10
170.21000
113.98000
148.76000
163.53000
151.25000
160.48000
171.87000
199.80000
118.87000
115.53000
164.57000
130.76000
195.34000
107.65000
161.62000
197.42000
127.92000
190.35000
122.79000
165.79000
187.24000
159.93000
180.64000
112.61000
155.12000
107.54000
158.39000
199.43000
164.71000
194.60000
124.91000
100.90000
116.39000
177.77000
193.10000
186.17000
135.56000
138.67000
100.84000
149.38000
185.59000
148.63000
104.02000
183.43000
142.81000
139.00000
131.28000
107.96000
137.87000
147.00000
120.02000
126.87000
174.29000
182.40000
186.26000
162.45000
180.59000
179.96000
171.01000
161.94000
126.16000
173.01000
192.52000
132.02000
157.67000
143.55000
185.71000
141.23000
192.31000
135.28000
194.72000
162.47000
161.73000
136.11000
163.70000
196.11000
122.55000
158.91000
161.78000
167.54000
139.81000
177.34000
141.49000
120.65000
172.82000
127.23000
110.81000
199.86000
196.52000
130.39000
185.07000
149.73000
195.66000
177.84000
161.53000
173.77000
180.01000
185.61000
162.46000
100.51000
149.71000
130.30000
104.39000
129.93000
191.56000
114.62000
104.24000
109.41000
112.02000
140.93000
111.04000
187.34000
174.00000
128.38000
100.17000
195.36000
165.37000
121.12000
172.01000
190.09000
172.15000
182.86000
120.18000
168.28000
151.30000
159.86000
102.67000
183.06000
100.52000
177.35000
110.13000
146.32000
185.84000
107.59000
121.06000
142.85000
198.26000
147.85000
138.98000
182.40000
123.99000
189.01000
159.86000
156.71000
159.21000
145.53000
156.45000
184.42000
187.59000
128.91000
140.16000
111.06000
103.28000
189.54000
117.63000
199.53000
125.43000
102.81000
120.49000
137.71000
189.96000
192.56000
145.28000
192.17000
112.54000
172.49000
101.53000
194.10000
136.15000
156.67000
104.32000
148.92000
108.06000
198.63000
113.42000
122.64000
100.53000
176.87000
113.58000
106.28000
127.70000
108.01000
118.31000
117.52000
181.89000
168.98000
106.78000
107.74000
107.86000
130.73000
176.60000
136.44000
131.01000
174.92000
165.67000
197.77000
101.72000
108.17000
136.87000
110.85000
02.29000
02.68000
03.29000
01.69000
02.98000
01.57000
04.05000
04.94000
03.52000
01.69000
02.71000
03.07000
01.26000
03.61000
03.10000
03.17000
02.51000
04.91000
02.05000
01.31000
02.70000
02.75000
01.30000
01.02000
04.24000
01.29000
03.79000
02.98000
01.04000
03.35000
03.88000
03.44000
01.02000
02.12000
04.01000
02.08000
01.17000
03.82000
03.65000
03.63000
01.94000
03.35000
04.06000
04.53000
02.30000
02.79000
03.14000
01.00000
04.37000
02.36000
01.09000
04.39000
03.72000
04.90000
03.99000
04.03000
04.93000
02.23000
02.91000
02.25000
01.50000
02.61000
04.51000
03.78000
02.72000
02.71000
02.46000
01.36000
03.82000
04.52000
02.75000
01.76000
05.00000
01.48000
04.10000
04.91000
03.45000
04.06000
02.21000
03.78000
04.70000
02.74000
03.23000
03.81000
01.77000
01.86000
01.08000
02.53000
02.22000
04.82000
04.58000
03.02000
03.85000
04.73000
02.06000
04.86000
01.52000
03.64000
02.86000
04.62000
04.04000
03.30000
02.11000
03.75000
04.33000
03.06000
01.56000
04.22000
03.45000
02.03000
04.44000
01.12000
01.82000
01.92000
01.69000
02.66000
04.93000
01.42000
01.26000
02.05000
03.10000
04.19000
02.98000
01.61000
01.45000
03.86000
04.05000
01.87000
01.64000
04.92000
04.38000
02.57000
03.75000
02.70000
02.54000
01.52000
04.85000
01.53000
02.11000
01.56000
01.63000
01.21000
04.11000
02.15000
04.03000
02.62000
03.27000
01.14000
03.51000
01.06000
04.23000
04.51000
04.75000
02.47000
02.19000
04.71000
01.47000
01.82000
01.35000
03.20000
01.50000
01.65000
03.91000
03.27000
02.46000
01.78000
01.95000
03.89000
01.53000
03.65000
04.65000
04.41000
01.06000
04.84000
04.84000
04.91000
04.38000
03.92000
04.36000
02.47000
04.08000
04.53000
02.65000
01.61000
02.52000
04.72000
03.10000
02.41000
04.59000
01.06000
02.04000
02.85000
03.26000
03.76000
02.91000
03.62000
04.46000
04.03000
02.19000
02.43000
