20
7
126.50000
172.63000
182.20000
196.81000
183.95000
147.87000
109.64000
153.17000
159.14000
173.75000
183.99000
196.56000
142.06000
151.58000
177.28000
154.08000
124.27000
171.75000
138.08000
116.91000
170.34000
126.63000
140.78000
166.89000
154.52000
146.68000
100.13000
199.75000
163.97000
163.08000
197.32000
106.57000
108.60000
187.70000
180.54000
131.24000
112.39000
133.96000
187.06000
194.24000
171.85000
198.29000
127.69000
164.12000
133.28000
164.57000
173.42000
190.96000
112.76000
163.64000
100.37000
199.11000
199.51000
102.29000
142.27000
183.63000
109.29000
101.36000
134.43000
128.64000
198.09000
164.22000
197.14000
187.90000
185.21000
133.31000
113.30000
109.89000
150.46000
188.13000
126.01000
104.22000
196.71000
189.77000
138.95000
126.49000
165.92000
125.87000
169.83000
133.88000
197.86000
196.81000
157.23000
190.73000
190.44000
171.64000
143.94000
112.03000
126.79000
133.69000
190.32000
149.91000
132.83000
132.70000
129.30000
104.91000
186.05000
157.49000
120.43000
191.63000
118.15000
192.74000
163.79000
165.34000
127.88000
143.53000
115.99000
167.13000
197.10000
119.81000
120.74000
108.77000
159.18000
169.41000
174.65000
195.07000
111.51000
191.67000
113.43000
157.43000
152.26000
130.13000
164.54000
129.12000
127.99000
182.41000
180.36000
135.83000
129.83000
129.83000
109.67000
116.67000
157.94000
102.62000
122.15000
115.14000
189.01000
195.07000
139.04000
113.81000
09.31000
08.61000
09.33000
07.08000
08.88000
09.05000
09.70000
06.33000
05.24000
05.72000
06.23000
05.10000
07.40000
05.93000
05.62000
06.83000
09.12000
08.61000
08.09000
05.35000
06.11000
07.40000
08.49000
07.79000
07.20000
09.92000
09.90000
07.18000
09.58000
07.45000
09.47000
08.69000
09.26000
05.70000
07.47000
08.21000
05.14000
05.15000
05.79000
05.20000
07.55000
09.91000
08.16000
05.40000
06.80000
09.78000
09.18000
05.29000
09.04000
09.81000
07.47000
06.81000
08.40000
06.48000
05.47000
08.20000
05.01000
09.17000
05.38000
09.34000
09.85000
05.63000
08.39000
07.86000
07.96000
08.58000
06.87000
09.79000
05.68000
09.36000
05.95000
05.31000
05.08000
06.33000
07.57000
08.60000
07.36000
08.84000
06.58000
08.57000
07.31000
07.49000
06.43000
07.97000
09.03000
06.04000
06.58000
06.77000
06.14000
07.83000
08.47000
08.17000
07.26000
07.91000
09.68000
09.57000
08.25000
05.45000
08.78000
06.30000
07.27000
05.09000
05.20000
07.78000
06.33000
05.43000
05.74000
05.50000
09.04000
08.89000
09.72000
07.96000
07.90000
05.82000
05.16000
06.91000
05.79000
08.80000
09.19000
05.17000
05.48000
08.62000
09.15000
08.47000
08.76000
07.39000
07.08000
09.43000
06.32000
09.46000
09.93000
05.59000
05.65000
07.81000
09.77000
07.94000
07.73000
05.79000
05.89000
06.58000
