20
10
197.93000
194.77000
136.78000
166.15000
168.15000
147.66000
130.76000
191.29000
102.39000
113.10000
149.89000
143.23000
179.16000
175.86000
185.19000
119.25000
101.99000
145.71000
152.67000
141.62000
138.57000
136.55000
132.46000
168.55000
174.64000
157.26000
113.60000
170.70000
149.39000
153.45000
183.62000
176.66000
169.46000
188.04000
161.65000
161.84000
166.48000
148.89000
191.83000
126.60000
163.84000
183.40000
106.99000
177.30000
125.39000
172.26000
155.43000
180.45000
197.54000
103.08000
166.23000
180.44000
140.05000
141.86000
111.65000
155.77000
137.70000
179.63000
188.97000
109.97000
176.74000
192.41000
148.34000
191.15000
162.89000
115.08000
147.77000
173.63000
106.95000
177.79000
170.95000
190.10000
146.83000
174.68000
168.25000
147.20000
145.40000
124.90000
115.06000
176.58000
112.05000
110.42000
106.18000
181.54000
177.45000
120.06000
172.39000
110.79000
126.59000
152.61000
114.72000
108.45000
100.50000
155.33000
186.71000
134.29000
165.19000
100.48000
166.85000
173.08000
153.20000
154.07000
147.75000
136.84000
152.15000
191.80000
185.23000
182.29000
167.32000
198.19000
170.37000
105.97000
167.85000
198.64000
184.81000
145.77000
147.87000
143.52000
135.20000
164.58000
183.88000
130.96000
161.04000
159.98000
167.61000
129.37000
172.78000
109.09000
159.80000
108.20000
175.98000
124.77000
182.70000
195.97000
105.40000
148.02000
183.59000
146.20000
120.82000
144.86000
152.52000
129.98000
183.40000
147.88000
144.57000
144.73000
158.75000
150.27000
175.20000
145.81000
119.76000
114.20000
144.81000
189.86000
179.30000
108.79000
178.77000
158.53000
175.28000
128.20000
152.82000
133.81000
158.53000
105.50000
127.56000
128.43000
164.26000
170.22000
112.03000
162.55000
103.34000
151.19000
109.73000
145.95000
191.79000
170.70000
149.19000
113.39000
170.63000
176.01000
148.41000
131.87000
150.30000
172.89000
137.69000
140.64000
149.68000
143.77000
176.97000
167.49000
111.77000
123.55000
197.89000
100.29000
180.70000
112.61000
157.11000
151.95000
125.61000
136.34000
05.98000
07.28000
08.54000
08.74000
05.42000
08.14000
08.31000
05.17000
08.06000
09.93000
07.13000
05.39000
07.13000
09.94000
06.33000
09.82000
07.11000
06.69000
08.52000
05.10000
08.66000
08.86000
05.01000
08.59000
07.94000
09.90000
07.69000
05.07000
06.74000
09.93000
07.35000
06.29000
09.04000
09.51000
06.12000
05.94000
05.12000
05.47000
07.38000
08.97000
05.10000
08.71000
07.51000
05.43000
08.10000
07.69000
08.89000
06.17000
07.32000
08.19000
08.72000
05.20000
08.80000
05.30000
06.17000
05.74000
09.82000
05.39000
06.64000
07.26000
06.44000
05.49000
05.70000
07.91000
08.60000
07.87000
08.53000
06.48000
07.39000
09.57000
08.10000
05.26000
07.11000
06.44000
06.87000
08.26000
08.35000
05.63000
08.53000
05.74000
06.89000
07.21000
07.79000
06.60000
07.82000
07.84000
07.51000
05.70000
09.01000
07.84000
08.63000
07.34000
09.30000
05.14000
08.11000
07.57000
08.78000
08.88000
09.18000
08.67000
08.65000
06.73000
09.66000
09.87000
05.53000
09.75000
05.92000
09.38000
05.29000
07.78000
05.34000
07.47000
07.56000
07.01000
05.68000
08.46000
08.22000
09.90000
05.94000
07.91000
06.71000
06.08000
06.92000
06.67000
09.67000
09.41000
07.08000
06.30000
09.16000
08.49000
06.33000
08.76000
06.87000
09.04000
09.46000
07.89000
05.68000
08.03000
07.50000
08.80000
06.67000
05.39000
08.05000
07.20000
07.47000
06.00000
09.02000
09.82000
07.81000
08.96000
07.45000
08.51000
07.60000
05.80000
06.42000
07.92000
08.06000
09.25000
05.23000
08.92000
05.12000
08.56000
08.42000
08.25000
05.44000
09.72000
08.00000
05.31000
07.11000
07.77000
05.38000
07.74000
09.60000
06.24000
08.18000
07.20000
08.65000
09.92000
05.22000
06.60000
08.50000
08.77000
05.68000
06.68000
08.86000
05.66000
09.68000
06.91000
07.04000
05.15000
09.59000
06.12000
08.28000
09.06000
08.79000
09.25000
09.09000
05.46000
06.90000
07.49000
