20
10
73.09000
26.91000
2.27000
6.63000
73.05000
63.78000
92.51000
80.46000
30.15000
26.94000
67.37000
11.16000
53.03000
31.24000
47.89000
24.97000
77.14000
18.30000
80.87000
75.86000
69.94000
33.92000
96.67000
90.11000
76.77000
66.64000
55.93000
90.40000
56.62000
91.83000
28.63000
52.41000
96.52000
54.18000
15.16000
32.22000
11.22000
22.14000
40.67000
11.64000
57.61000
80.90000
37.94000
61.95000
84.39000
59.25000
14.09000
26.84000
29.35000
31.67000
74.12000
6.10000
81.57000
94.43000
23.51000
9.39000
58.93000
71.59000
88.48000
71.12000
40.84000
12.15000
96.37000
69.45000
69.43000
41.03000
96.19000
8.14000
17.38000
78.34000
21.77000
38.97000
2.66000
99.69000
3.43000
50.95000
68.97000
6.49000
97.24000
56.85000
95.05000
67.52000
14.40000
60.15000
23.78000
63.94000
61.74000
18.22000
80.76000
99.00000
96.74000
75.45000
40.53000
52.42000
5.35000
24.93000
98.39000
26.67000
94.22000
80.52000
3.19000
49.89000
93.04000
27.40000
68.06000
21.79000
68.29000
81.05000
62.07000
7.23000
93.53000
98.93000
35.10000
12.79000
33.02000
100.00000
61.80000
69.79000
72.77000
28.94000
47.02000
49.14000
78.84000
42.93000
57.92000
30.79000
56.61000
48.74000
86.95000
97.19000
51.15000
91.53000
88.09000
10.51000
28.83000
44.84000
40.08000
52.65000
79.75000
4.98000
10.62000
28.02000
37.64000
54.63000
1.39000
92.81000
58.15000
70.70000
19.24000
91.19000
93.54000
85.52000
45.99000
60.67000
39.04000
49.97000
88.21000
63.51000
12.57000
38.70000
12.63000
55.00000
99.31000
46.68000
52.74000
34.28000
91.46000
63.88000
2.42000
71.72000
81.52000
32.71000
94.08000
9.93000
17.31000
6.13000
89.88000
13.25000
69.37000
61.88000
76.65000
23.96000
42.12000
94.93000
61.22000
45.74000
21.86000
92.98000
85.72000
58.82000
44.81000
14.46000
63.92000
32.66000
37.13000
39.21000
33.33000
60.45000
48.69000
74.78000
02.59000
03.79000
01.03000
01.65000
01.88000
02.67000
02.50000
03.17000
04.61000
04.74000
04.21000
04.29000
01.62000
04.06000
03.48000
01.59000
04.74000
03.73000
02.65000
04.64000
02.28000
01.14000
03.79000
04.86000
03.02000
03.30000
04.42000
03.08000
03.27000
02.63000
03.67000
02.19000
04.50000
01.82000
01.49000
03.39000
01.16000
04.58000
02.84000
04.89000
02.55000
04.17000
03.71000
01.27000
01.41000
01.95000
03.82000
01.81000
04.43000
02.71000
04.02000
02.86000
04.69000
02.76000
03.87000
03.24000
04.28000
03.44000
03.97000
02.79000
02.62000
04.05000
04.80000
02.29000
02.04000
04.99000
03.83000
04.29000
03.47000
01.16000
04.10000
03.37000
04.64000
03.51000
01.83000
04.98000
04.23000
04.00000
02.21000
03.58000
03.37000
02.23000
01.32000
01.82000
01.92000
02.63000
02.62000
02.00000
03.18000
04.61000
03.66000
04.42000
02.46000
02.72000
02.27000
02.14000
04.11000
04.57000
01.29000
01.25000
01.39000
01.38000
04.07000
04.45000
02.72000
04.54000
02.38000
01.83000
04.89000
02.31000
02.89000
03.79000
01.85000
01.89000
02.04000
04.04000
04.56000
03.49000
01.29000
01.28000
03.07000
03.65000
01.29000
03.52000
04.47000
03.66000
01.83000
01.72000
01.92000
03.65000
02.59000
01.70000
01.01000
04.44000
03.64000
02.77000
04.30000
03.87000
02.07000
01.26000
03.34000
02.84000
02.79000
03.61000
04.96000
03.05000
04.93000
03.86000
03.56000
03.56000
01.52000
04.50000
01.32000
03.83000
01.25000
03.50000
01.45000
04.30000
01.84000
03.81000
02.87000
02.16000
04.85000
03.19000
02.55000
01.27000
03.46000
04.82000
03.43000
03.58000
04.58000
02.57000
01.36000
04.17000
02.52000
02.02000
01.15000
03.11000
04.62000
01.73000
02.08000
02.27000
02.64000
01.83000
04.76000
01.01000
04.04000
03.57000
02.86000
01.05000
04.45000
02.84000
02.82000
02.10000
04.82000
01.84000
04.09000
04.86000
03.11000
03.78000
