35
4
28.08000
19.33000
73.39000
10.68000
86.30000
49.51000
84.24000
66.60000
10.36000
17.47000
30.55000
80.39000
38.46000
62.40000
51.51000
92.27000
12.84000
26.53000
88.35000
43.46000
72.70000
49.08000
82.29000
73.18000
60.27000
71.27000
73.55000
23.64000
15.77000
34.32000
3.34000
34.07000
78.41000
77.44000
10.89000
93.27000
56.30000
80.42000
34.39000
36.01000
6.64000
17.67000
43.04000
8.75000
40.34000
17.39000
19.04000
76.46000
24.37000
45.56000
27.35000
7.09000
23.71000
68.15000
33.94000
63.63000
4.31000
51.13000
4.79000
14.03000
31.14000
59.46000
4.86000
22.28000
70.19000
59.11000
99.12000
54.33000
87.40000
16.05000
64.03000
9.06000
24.38000
17.81000
59.58000
35.84000
94.20000
99.13000
77.58000
70.39000
82.82000
35.07000
9.76000
4.41000
79.98000
14.35000
44.83000
26.62000
76.39000
27.69000
74.51000
28.75000
62.77000
65.79000
89.51000
1.52000
29.83000
20.40000
80.57000
34.64000
67.31000
80.21000
38.39000
19.82000
66.91000
49.03000
74.19000
79.15000
26.27000
52.68000
24.82000
82.92000
96.51000
10.92000
94.78000
98.50000
95.81000
38.21000
2.53000
42.37000
39.64000
51.03000
60.55000
29.00000
42.46000
64.84000
86.30000
73.85000
20.76000
95.10000
95.26000
93.40000
88.99000
58.30000
3.88000
4.11000
64.62000
68.89000
25.65000
19.45000
04.16000
04.60000
01.50000
02.61000
03.01000
03.11000
02.60000
02.49000
03.13000
02.16000
04.52000
04.49000
03.64000
04.87000
02.39000
03.71000
03.66000
02.39000
03.34000
03.29000
02.32000
01.82000
02.49000
02.35000
02.74000
02.29000
02.96000
04.02000
04.05000
02.93000
03.89000
03.42000
01.37000
02.87000
04.39000
04.49000
03.43000
03.53000
02.70000
04.65000
04.93000
04.87000
01.63000
02.18000
01.32000
03.63000
01.51000
01.20000
04.73000
03.94000
02.48000
01.84000
03.29000
01.93000
04.66000
04.21000
01.12000
01.72000
04.17000
04.45000
02.34000
03.43000
01.14000
02.68000
03.08000
03.20000
03.69000
03.02000
03.47000
01.15000
03.11000
03.94000
01.31000
04.40000
02.69000
03.98000
04.39000
02.33000
04.55000
04.08000
02.30000
02.88000
01.81000
01.37000
04.19000
03.18000
03.59000
04.97000
03.16000
04.36000
03.04000
04.00000
04.35000
03.53000
01.26000
03.59000
04.88000
01.82000
03.38000
04.86000
01.88000
04.36000
02.53000
04.95000
04.47000
01.64000
02.08000
02.53000
01.56000
04.54000
01.67000
01.93000
03.15000
01.96000
03.79000
04.89000
02.34000
04.00000
02.57000
01.55000
01.25000
04.80000
04.14000
02.02000
02.01000
02.48000
02.62000
04.44000
02.74000
03.16000
04.14000
02.92000
01.57000
04.97000
02.81000
03.59000
04.63000
02.04000
04.78000
04.58000
