35
4
82.70000
89.29000
86.14000
3.49000
57.77000
9.06000
2.63000
24.41000
49.49000
91.67000
54.89000
79.76000
98.09000
80.33000
85.12000
11.78000
45.77000
15.26000
34.56000
58.68000
31.77000
35.68000
42.42000
62.67000
96.29000
82.80000
49.91000
63.98000
81.56000
97.86000
97.26000
3.83000
27.79000
22.06000
26.69000
1.55000
12.98000
26.48000
8.26000
25.07000
95.72000
42.56000
35.99000
49.96000
10.45000
43.01000
27.21000
42.20000
20.15000
92.78000
46.88000
66.75000
90.77000
58.85000
60.96000
89.59000
89.30000
6.20000
35.42000
76.68000
80.70000
98.78000
35.25000
92.99000
30.94000
5.56000
26.39000
5.49000
4.98000
88.52000
28.17000
96.32000
99.56000
30.77000
94.77000
64.80000
25.02000
24.01000
25.28000
55.74000
57.25000
35.07000
8.40000
59.84000
87.95000
54.66000
34.85000
67.84000
8.84000
73.49000
95.37000
70.45000
8.65000
82.30000
81.66000
58.39000
78.10000
71.80000
83.44000
22.37000
9.89000
32.70000
91.43000
52.12000
91.76000
1.55000
5.57000
59.54000
99.51000
87.81000
62.60000
88.29000
8.14000
87.67000
74.20000
38.37000
27.59000
16.58000
55.86000
24.24000
74.33000
88.03000
23.05000
61.38000
64.82000
20.47000
90.22000
66.25000
14.54000
27.39000
74.85000
54.32000
37.96000
25.23000
91.42000
41.06000
51.53000
29.49000
56.37000
41.94000
04.46000
04.99000
04.76000
02.22000
01.15000
04.63000
01.04000
02.10000
04.82000
01.53000
01.87000
02.80000
02.59000
02.82000
02.37000
03.46000
01.60000
03.62000
01.66000
03.19000
04.96000
03.06000
02.87000
01.12000
03.80000
04.26000
01.13000
04.37000
01.25000
02.35000
03.56000
04.08000
04.43000
04.45000
01.27000
01.95000
04.47000
01.30000
02.53000
02.08000
03.67000
02.82000
04.89000
03.04000
04.23000
03.25000
04.69000
04.96000
02.28000
02.69000
02.03000
03.96000
01.95000
01.28000
01.05000
04.17000
03.35000
03.14000
01.87000
01.71000
02.62000
04.39000
04.62000
04.71000
03.88000
01.17000
01.42000
01.29000
03.25000
01.59000
04.60000
03.45000
01.22000
04.79000
03.32000
02.31000
01.54000
01.14000
03.53000
03.44000
01.93000
04.34000
02.37000
03.98000
03.49000
03.51000
04.95000
01.05000
03.37000
03.76000
04.40000
03.78000
02.68000
02.23000
01.85000
01.28000
02.56000
04.05000
02.43000
02.68000
04.11000
02.33000
03.25000
01.12000
04.48000
01.71000
01.15000
02.11000
02.32000
04.35000
01.59000
04.22000
01.24000
02.47000
04.54000
04.87000
03.74000
02.19000
04.11000
02.19000
03.92000
01.63000
02.44000
02.29000
03.93000
02.92000
01.65000
03.30000
01.87000
04.19000
03.86000
03.35000
03.89000
03.55000
03.21000
04.56000
04.09000
03.14000
01.81000
01.05000
