35
10
42.16000
39.27000
51.68000
42.76000
88.13000
80.19000
51.41000
27.44000
3.83000
46.62000
21.62000
41.47000
46.43000
3.93000
33.84000
63.58000
2.85000
42.21000
85.37000
97.25000
80.75000
78.32000
99.24000
71.70000
17.55000
53.86000
23.26000
39.93000
70.42000
34.20000
27.97000
79.66000
26.28000
10.44000
11.65000
27.87000
53.48000
22.73000
63.79000
28.01000
97.89000
33.70000
28.97000
6.60000
28.80000
38.78000
23.16000
1.14000
38.41000
87.86000
52.94000
73.90000
46.68000
57.56000
50.62000
14.90000
97.30000
47.29000
72.29000
34.89000
60.72000
82.17000
99.76000
72.38000
30.14000
14.09000
40.62000
90.64000
24.51000
16.69000
23.52000
26.05000
51.22000
27.30000
64.41000
84.83000
72.03000
47.48000
72.19000
75.02000
2.69000
93.63000
87.48000
43.41000
94.18000
26.91000
76.61000
61.55000
28.24000
30.23000
30.71000
27.74000
6.34000
14.28000
64.62000
63.00000
56.71000
13.46000
20.95000
16.15000
34.34000
86.95000
64.06000
57.71000
16.96000
63.17000
14.65000
87.12000
92.88000
94.93000
49.61000
68.08000
9.42000
88.60000
24.16000
91.58000
23.51000
13.64000
62.42000
40.46000
73.67000
62.24000
16.29000
20.27000
24.16000
55.36000
59.40000
62.36000
60.98000
36.68000
93.14000
24.78000
97.92000
74.67000
43.65000
87.38000
73.46000
64.51000
59.80000
58.71000
89.86000
1.48000
59.19000
21.57000
22.44000
27.87000
10.99000
52.53000
70.12000
67.36000
11.57000
33.36000
56.95000
49.19000
95.34000
4.68000
29.72000
26.33000
24.49000
31.83000
59.97000
76.53000
80.92000
6.93000
46.00000
5.25000
76.30000
44.83000
9.84000
38.73000
45.06000
87.14000
97.30000
31.94000
46.35000
81.35000
44.57000
64.13000
9.27000
57.17000
63.35000
45.84000
1.12000
41.79000
63.96000
33.46000
98.75000
35.60000
3.47000
39.74000
73.61000
63.73000
61.71000
3.21000
18.88000
77.09000
47.26000
85.10000
52.53000
51.29000
90.43000
75.46000
20.24000
85.73000
49.30000
86.02000
89.48000
7.54000
4.70000
55.30000
92.71000
55.02000
88.95000
69.60000
69.37000
37.82000
1.15000
88.53000
88.14000
17.97000
28.36000
32.31000
53.51000
5.14000
87.44000
21.97000
92.69000
33.74000
20.98000
5.30000
60.68000
63.94000
92.34000
53.85000
35.19000
80.66000
94.63000
65.91000
19.72000
93.56000
43.70000
63.51000
42.49000
38.07000
79.17000
45.58000
69.74000
86.47000
23.50000
99.47000
21.12000
86.18000
34.04000
99.23000
10.50000
93.81000
24.00000
76.17000
25.89000
54.09000
92.76000
86.38000
80.05000
35.44000
67.46000
12.68000
12.50000
32.08000
96.98000
59.64000
83.50000
62.94000
57.96000
60.59000
83.06000
72.74000
49.79000
71.60000
23.94000
30.92000
9.77000
32.59000
60.39000
98.70000
98.22000
55.36000
38.60000
41.45000
58.32000
86.02000
51.09000
58.80000
73.01000
16.67000
95.14000
55.22000
52.95000
61.17000
93.82000
58.95000
32.56000
62.12000
93.90000
23.96000
71.00000
84.88000
67.93000
27.99000
54.19000
21.55000
13.20000
74.51000
90.81000
85.99000
50.77000
64.49000
2.85000
39.47000
87.89000
63.26000
94.32000
67.06000
84.09000
57.87000
21.64000
69.02000
21.51000
11.60000
1.75000
21.01000
30.48000
11.45000
78.35000
22.41000
68.07000
70.18000
22.90000
98.36000
17.12000
27.31000
27.58000
1.73000
82.18000
44.10000
12.36000
5.18000
96.59000
9.55000
20.92000
10.08000
02.08000
02.91000
02.54000
01.63000
03.29000
04.80000
02.48000
01.46000
02.54000
01.97000
04.25000
03.98000
04.67000
02.49000
03.18000
03.78000
03.48000
03.45000
03.59000
04.42000
01.83000
02.92000
02.82000
02.49000
03.52000
03.98000
03.19000
03.56000
01.40000
02.71000
04.03000
02.22000
01.28000
04.19000
01.67000
01.06000
04.32000
04.18000
03.35000
02.11000
04.57000
02.04000
01.33000
02.02000
02.82000
04.87000
04.04000
04.25000
03.78000
02.61000
02.68000
01.24000
01.16000
02.23000
01.47000
02.46000
01.65000
03.66000
01.59000
02.35000
04.97000
03.88000
01.27000
04.38000
03.80000
04.82000
03.69000
04.98000
03.86000
01.44000
01.80000
04.81000
04.96000
03.21000
02.44000
04.35000
03.16000
04.55000
01.35000
02.44000
02.54000
04.99000
01.59000
01.44000
04.67000
01.36000
03.26000
04.65000
04.14000
03.49000
03.42000
04.41000
04.52000
02.21000
04.16000
02.04000
02.38000
01.35000
04.55000
03.88000
03.32000
01.72000
04.67000
01.25000
01.90000
03.97000
01.67000
03.73000
03.13000
02.50000
01.38000
04.54000
03.31000
01.90000
04.65000
04.44000
03.92000
01.86000
04.46000
01.64000
04.41000
03.10000
02.74000
03.34000
01.23000
03.31000
02.46000
01.75000
03.83000
01.20000
03.56000
02.05000
02.67000
04.48000
03.00000
02.47000
01.20000
01.84000
02.73000
02.20000
04.49000
03.60000
04.13000
03.62000
02.08000
03.87000
04.51000
02.46000
03.96000
04.81000
01.23000
01.63000
03.46000
02.98000
02.11000
04.21000
02.92000
03.98000
03.98000
02.26000
01.67000
02.36000
04.68000
04.88000
04.02000
01.73000
03.02000
02.13000
03.31000
02.64000
02.84000
01.10000
01.87000
02.69000
04.97000
04.35000
02.33000
01.75000
04.71000
03.97000
03.31000
02.78000
01.07000
02.78000
02.74000
03.35000
04.87000
04.72000
01.83000
01.91000
03.80000
02.75000
02.77000
01.90000
02.56000
02.82000
04.78000
03.79000
02.86000
03.89000
04.05000
01.03000
03.40000
01.91000
01.79000
04.06000
03.89000
01.83000
04.20000
04.35000
01.39000
01.68000
03.68000
02.78000
02.45000
01.05000
03.67000
02.89000
04.64000
02.99000
03.97000
02.37000
03.56000
02.33000
02.66000
02.53000
03.79000
02.90000
02.81000
01.71000
02.89000
01.53000
04.51000
03.24000
03.45000
04.04000
04.83000
03.44000
01.05000
01.26000
01.85000
03.64000
04.26000
01.02000
02.65000
01.91000
02.46000
01.42000
01.82000
03.38000
03.92000
01.59000
02.23000
03.66000
01.02000
01.04000
01.39000
02.96000
03.22000
02.49000
03.24000
02.48000
04.97000
01.62000
04.75000
04.42000
01.73000
03.16000
03.86000
03.98000
01.94000
04.80000
03.54000
01.37000
03.06000
01.24000
03.72000
01.79000
03.54000
04.19000
04.46000
02.99000
02.56000
02.75000
01.78000
04.33000
02.36000
04.91000
04.90000
02.96000
04.26000
04.28000
03.65000
03.96000
04.58000
04.44000
04.87000
01.42000
04.65000
01.96000
04.38000
02.40000
02.80000
02.42000
03.00000
02.99000
02.36000
04.40000
02.57000
04.26000
03.65000
03.49000
01.92000
04.30000
04.01000
02.73000
03.88000
03.89000
03.48000
03.20000
01.67000
02.99000
04.95000
04.42000
03.61000
01.44000
01.79000
02.84000
03.40000
02.20000
02.20000
03.93000
03.75000
01.22000
03.40000
02.12000
04.35000
03.46000
03.58000
04.89000
01.91000
02.86000
01.95000
04.67000
02.13000
02.39000
02.71000
02.92000
03.72000
01.98000
