35
10
139.41000
131.78000
176.64000
195.87000
129.43000
111.88000
174.01000
169.32000
125.65000
121.73000
188.72000
136.76000
106.60000
146.09000
111.78000
195.48000
175.79000
194.72000
159.22000
167.72000
161.73000
102.40000
172.04000
100.76000
117.94000
128.87000
116.27000
166.86000
122.94000
158.92000
182.92000
163.29000
180.24000
102.30000
188.00000
111.09000
156.30000
165.37000
197.71000
175.36000
172.00000
127.05000
184.70000
157.99000
117.88000
107.30000
180.19000
165.63000
156.84000
125.24000
159.58000
129.92000
176.75000
125.03000
123.25000
107.49000
190.52000
175.80000
196.59000
180.00000
136.03000
171.69000
130.00000
154.07000
176.18000
131.85000
198.86000
161.35000
198.86000
100.41000
109.46000
141.63000
171.10000
195.24000
174.80000
135.46000
194.42000
111.94000
167.92000
163.42000
147.28000
167.67000
148.59000
191.53000
101.96000
140.92000
101.59000
110.81000
155.72000
135.23000
136.67000
137.28000
130.82000
179.11000
188.60000
111.94000
174.53000
126.07000
117.16000
100.83000
159.11000
154.62000
107.09000
194.94000
181.84000
124.05000
140.77000
137.10000
151.85000
194.26000
158.04000
160.43000
106.28000
177.07000
145.04000
112.20000
174.39000
110.38000
195.92000
142.77000
162.81000
157.07000
129.81000
127.55000
103.20000
105.04000
190.85000
166.93000
152.18000
167.17000
148.19000
186.29000
191.41000
181.36000
195.96000
136.03000
127.52000
110.50000
153.31000
191.54000
168.36000
163.62000
110.47000
120.82000
140.27000
174.71000
141.79000
147.60000
188.13000
175.88000
191.43000
159.98000
152.93000
114.41000
112.90000
117.73000
100.70000
162.57000
184.72000
105.62000
122.44000
117.62000
110.40000
133.40000
134.19000
101.83000
118.46000
135.85000
176.94000
162.46000
162.42000
172.72000
116.73000
171.77000
120.78000
134.20000
194.61000
135.62000
127.02000
141.82000
195.31000
109.11000
100.28000
195.35000
169.35000
109.95000
106.46000
163.91000
142.13000
119.78000
183.44000
141.67000
164.04000
145.24000
194.13000
147.75000
110.47000
117.98000
126.39000
126.30000
181.80000
194.63000
193.14000
146.45000
103.44000
156.83000
132.26000
102.36000
125.76000
111.22000
180.86000
151.30000
194.87000
102.13000
192.59000
166.38000
180.71000
151.51000
179.97000
104.07000
175.19000
159.64000
165.25000
192.89000
113.09000
167.54000
195.70000
186.36000
154.16000
141.21000
143.59000
162.99000
183.18000
171.67000
106.19000
126.29000
109.92000
174.94000
105.75000
104.78000
169.13000
192.04000
189.55000
151.99000
120.58000
137.03000
112.22000
174.59000
101.44000
131.11000
127.04000
166.81000
156.25000
168.45000
107.88000
199.37000
102.28000
149.46000
111.38000
185.16000
108.66000
199.51000
119.18000
162.07000
169.55000
169.00000
137.93000
193.00000
104.07000
133.32000
199.26000
165.82000
156.37000
192.87000
159.82000
193.43000
195.60000
173.02000
101.25000
113.72000
118.89000
166.89000
159.69000
155.51000
161.86000
112.16000
167.25000
141.97000
156.75000
114.13000
100.35000
111.89000
107.07000
182.56000
175.01000
187.53000
141.33000
152.22000
132.24000
116.15000
113.04000
182.87000
138.06000
170.02000
100.73000
159.28000
183.49000
146.41000
107.90000
191.22000
184.54000
167.58000
163.08000
113.44000
182.23000
192.19000
166.25000
184.94000
134.65000
145.60000
180.95000
150.80000
151.31000
128.71000
168.41000
109.06000
181.55000
173.15000
116.53000
103.84000
125.76000
135.56000
138.18000
104.29000
109.33000
197.59000
171.27000
104.56000
182.65000
165.87000
178.68000
123.77000
121.12000
172.05000
148.30000
106.08000
125.12000
172.77000
193.03000
120.62000
05.60000
08.51000
05.27000
07.94000
05.81000
09.03000
08.29000
05.87000
07.91000
07.91000
06.52000
07.52000
05.11000
07.43000
06.31000
08.28000
06.88000
06.11000
05.25000
09.84000
08.96000
08.76000
07.20000
05.08000
08.30000
06.39000
07.25000
08.18000
08.15000
06.30000
06.75000
09.54000
07.95000
07.03000
08.30000
05.34000
06.89000
09.51000
07.09000
09.15000
07.43000
08.86000
09.59000
05.51000
08.76000
05.73000
06.13000
08.43000
06.44000
07.26000
05.40000
08.16000
07.28000
06.83000
07.34000
06.22000
09.36000
09.06000
08.14000
05.35000
06.99000
09.84000
05.25000
09.56000
05.74000
06.29000
07.34000
09.09000
07.42000
06.79000
06.28000
08.94000
07.80000
08.57000
07.46000
05.92000
06.69000
06.04000
07.29000
05.60000
08.96000
05.46000
06.79000
08.07000
08.77000
05.06000
08.26000
09.67000
06.53000
09.31000
05.23000
08.01000
08.91000
08.95000
07.49000
06.94000
08.80000
05.93000
06.06000
06.54000
05.37000
08.49000
08.24000
08.17000
09.04000
06.59000
08.92000
06.51000
06.36000
09.89000
05.86000
09.50000
07.89000
06.61000
07.66000
08.54000
07.68000
06.08000
05.19000
06.06000
09.73000
08.84000
05.58000
05.77000
09.30000
06.73000
07.21000
07.61000
07.90000
07.81000
09.71000
07.75000
08.27000
06.39000
08.95000
08.66000
09.42000
08.04000
07.07000
09.01000
08.65000
05.38000
09.23000
08.74000
07.36000
09.54000
07.94000
06.95000
07.50000
08.01000
06.71000
05.14000
07.90000
08.68000
07.52000
09.33000
08.67000
05.72000
08.59000
06.82000
06.15000
09.53000
09.39000
06.13000
07.95000
06.79000
05.64000
07.06000
07.91000
05.40000
09.33000
05.64000
06.13000
09.51000
08.66000
08.43000
06.02000
05.29000
08.58000
07.76000
08.34000
09.90000
07.68000
05.52000
09.98000
05.71000
07.15000
06.33000
07.11000
05.49000
06.31000
06.08000
07.19000
08.24000
05.73000
06.89000
08.90000
09.21000
07.22000
07.15000
07.19000
09.91000
08.85000
06.47000
08.25000
08.08000
09.94000
05.75000
09.51000
07.74000
09.57000
06.37000
06.12000
05.56000
07.07000
05.95000
08.92000
08.90000
06.04000
09.95000
08.22000
06.24000
08.14000
09.09000
08.83000
06.43000
06.27000
05.35000
06.78000
09.56000
09.60000
06.94000
09.34000
06.99000
08.53000
08.35000
05.07000
06.31000
09.74000
05.29000
08.73000
06.37000
06.12000
09.74000
06.37000
05.61000
08.11000
07.87000
06.10000
09.86000
07.46000
05.06000
09.60000
07.94000
07.21000
06.51000
09.73000
09.78000
08.88000
05.28000
06.12000
06.57000
05.21000
05.70000
09.65000
05.76000
05.22000
08.34000
07.45000
06.04000
09.15000
10.00000
07.89000
07.35000
08.51000
08.75000
05.60000
05.88000
06.05000
08.91000
09.80000
09.12000
09.72000
08.16000
08.63000
06.44000
07.77000
05.70000
07.49000
08.06000
09.80000
08.54000
05.84000
07.53000
08.41000
08.33000
09.42000
09.62000
07.45000
07.99000
05.19000
05.38000
07.01000
06.67000
06.38000
07.09000
08.44000
09.78000
07.46000
08.28000
09.34000
09.00000
09.15000
08.74000
08.56000
08.24000
08.36000
08.67000
09.04000
07.73000
08.11000
06.45000
06.15000
08.09000
07.26000
05.69000
06.54000
09.55000
07.62000
09.75000
05.15000
08.63000
07.27000
08.28000
08.17000
08.08000
05.52000
07.16000
08.03000
06.91000
07.93000
08.50000
08.44000
05.36000
06.32000
05.69000
09.33000
09.94000
08.75000
08.36000
