35
10
182.86000
100.38000
138.54000
148.72000
197.24000
191.91000
133.61000
192.87000
111.38000
128.61000
133.33000
140.20000
191.30000
182.75000
116.21000
175.47000
128.02000
151.60000
185.76000
108.45000
137.54000
157.41000
170.51000
173.91000
160.89000
147.46000
123.96000
131.61000
164.07000
194.00000
124.64000
166.32000
138.12000
194.32000
176.05000
138.38000
152.15000
118.13000
161.19000
140.66000
189.40000
177.88000
103.23000
103.29000
195.70000
141.94000
136.39000
120.43000
121.44000
116.94000
123.56000
111.20000
142.01000
134.52000
152.63000
119.75000
157.81000
151.33000
136.50000
115.23000
194.21000
149.00000
113.04000
191.76000
101.62000
134.18000
145.16000
168.49000
155.42000
138.50000
181.13000
109.98000
106.42000
156.70000
157.30000
166.54000
181.10000
137.61000
139.19000
107.05000
157.01000
101.09000
174.06000
185.01000
193.91000
113.16000
134.18000
178.95000
176.57000
164.84000
116.82000
192.37000
114.75000
172.14000
144.24000
153.80000
143.22000
176.08000
163.71000
116.75000
121.75000
142.67000
147.49000
159.74000
135.10000
103.75000
107.71000
198.98000
116.18000
190.24000
108.40000
103.35000
167.22000
190.70000
127.06000
181.25000
123.92000
130.52000
145.34000
170.59000
180.44000
160.10000
169.88000
134.25000
155.90000
154.81000
132.31000
160.12000
194.46000
115.06000
189.28000
161.10000
165.25000
166.24000
122.42000
175.07000
162.41000
158.73000
138.39000
164.92000
197.63000
132.77000
163.81000
100.92000
184.83000
163.38000
193.13000
165.89000
160.26000
118.26000
146.82000
144.38000
152.45000
132.18000
165.89000
183.67000
114.91000
164.91000
116.37000
156.02000
126.16000
101.20000
189.26000
158.70000
189.71000
150.84000
100.59000
113.98000
134.07000
148.57000
191.37000
169.12000
112.77000
154.18000
127.61000
105.75000
117.20000
183.17000
157.63000
169.64000
112.40000
157.37000
193.27000
190.17000
188.57000
113.41000
113.19000
124.00000
158.59000
120.43000
142.78000
152.75000
160.35000
172.57000
132.44000
183.07000
156.75000
188.98000
157.55000
146.60000
135.67000
113.79000
118.51000
199.98000
110.02000
116.15000
140.71000
124.85000
117.66000
190.19000
197.70000
157.27000
130.20000
164.64000
184.63000
191.63000
191.12000
144.15000
143.87000
117.16000
151.13000
144.71000
185.21000
149.88000
132.48000
194.83000
143.39000
130.79000
182.44000
148.04000
178.19000
125.92000
173.27000
182.85000
174.38000
126.28000
102.25000
102.77000
141.71000
147.89000
191.63000
136.32000
114.96000
131.76000
188.69000
145.14000
189.67000
158.39000
147.14000
134.70000
196.80000
145.21000
191.82000
137.64000
186.93000
186.24000
188.45000
141.86000
104.23000
181.87000
193.69000
160.24000
117.82000
157.48000
189.16000
130.68000
121.84000
163.47000
181.52000
116.07000
135.44000
175.23000
102.40000
104.30000
102.76000
193.15000
108.44000
108.25000
192.93000
142.62000
100.72000
177.54000
107.15000
114.77000
171.78000
122.32000
134.87000
178.77000
125.79000
176.73000
112.94000
172.90000
153.79000
138.03000
144.87000
106.94000
171.78000
128.49000
159.18000
115.63000
120.79000
195.37000
109.39000
158.76000
166.82000
110.93000
174.00000
121.08000
100.90000
172.45000
156.55000
112.37000
139.04000
102.19000
185.53000
108.72000
184.29000
151.45000
199.53000
133.54000
113.32000
117.54000
132.76000
167.55000
191.48000
199.25000
199.69000
129.88000
194.16000
128.23000
188.21000
164.68000
121.74000
161.13000
111.21000
141.08000
199.63000
179.58000
106.58000
153.23000
178.20000
190.22000
137.20000
120.28000
132.85000
124.70000
190.98000
186.35000
163.98000
139.65000
04.36000
03.38000
04.82000
02.76000
01.48000
04.31000
03.38000
02.49000
04.88000
02.07000
03.64000
04.10000
02.64000
03.98000
04.17000
01.40000
03.83000
02.38000
04.54000
01.23000
02.54000
02.59000
01.35000
03.41000
01.83000
02.94000
04.16000
04.77000
01.80000
02.77000
03.55000
03.14000
03.51000
02.39000
03.10000
02.83000
01.31000
01.54000
02.79000
04.18000
04.03000
04.12000
03.06000
02.54000
02.71000
02.44000
04.65000
02.62000
03.32000
03.69000
04.00000
02.10000
04.79000
04.09000
02.58000
03.71000
03.09000
04.83000
02.83000
03.13000
03.16000
04.11000
04.21000
01.07000
02.96000
01.14000
03.18000
03.24000
01.45000
04.13000
04.86000
04.60000
04.38000
02.08000
02.38000
02.54000
03.20000
04.22000
01.46000
04.65000
04.12000
02.70000
04.44000
04.52000
03.98000
01.59000
02.64000
04.72000
04.60000
01.99000
04.38000
04.83000
04.80000
01.96000
03.00000
01.43000
04.42000
04.59000
04.82000
04.10000
04.28000
01.94000
01.18000
03.41000
02.21000
03.63000
01.99000
03.14000
04.69000
01.19000
04.41000
04.68000
01.20000
01.33000
04.92000
01.65000
01.27000
04.99000
01.73000
01.50000
01.62000
02.13000
02.04000
04.67000
03.94000
03.71000
02.06000
04.63000
02.94000
01.67000
02.97000
03.83000
02.33000
04.97000
03.00000
01.72000
02.80000
03.56000
01.34000
02.76000
02.69000
02.01000
01.20000
03.31000
03.70000
04.87000
04.28000
03.18000
04.37000
03.07000
02.69000
03.67000
01.28000
04.43000
03.50000
03.11000
04.01000
01.79000
02.79000
04.84000
03.13000
04.97000
01.64000
01.18000
02.23000
04.80000
02.13000
01.46000
01.88000
01.11000
03.33000
04.00000
03.65000
02.72000
01.33000
03.67000
04.09000
04.48000
04.61000
03.26000
03.48000
02.95000
01.28000
04.30000
01.41000
03.86000
04.08000
04.00000
04.32000
02.89000
01.97000
04.55000
03.68000
04.77000
04.90000
01.16000
03.93000
03.18000
03.83000
02.04000
02.52000
04.83000
02.71000
04.39000
01.92000
01.42000
02.49000
02.41000
01.57000
01.67000
03.26000
02.22000
02.22000
01.73000
02.11000
03.44000
01.32000
04.66000
02.54000
03.98000
02.78000
03.31000
03.36000
01.90000
03.93000
02.27000
04.42000
04.29000
03.09000
03.11000
02.52000
03.22000
03.60000
04.41000
03.52000
03.77000
01.78000
01.74000
02.22000
04.03000
02.97000
03.68000
02.47000
03.06000
01.48000
02.12000
01.77000
02.29000
02.41000
02.94000
01.05000
01.56000
01.30000
02.41000
02.61000
02.58000
02.21000
01.97000
01.16000
01.29000
02.34000
04.08000
04.41000
02.66000
03.88000
04.19000
01.06000
04.63000
02.05000
02.76000
04.80000
02.16000
01.05000
01.24000
02.35000
03.20000
02.08000
02.08000
01.41000
04.71000
01.49000
03.21000
04.48000
02.54000
01.06000
02.99000
04.38000
01.14000
04.92000
03.87000
04.48000
02.38000
02.16000
02.18000
04.37000
01.08000
02.85000
03.23000
04.63000
01.07000
02.07000
01.37000
02.83000
03.18000
03.89000
03.91000
01.54000
01.24000
01.40000
03.19000
04.36000
02.07000
04.67000
04.53000
03.86000
03.81000
03.19000
04.59000
03.55000
01.71000
02.15000
01.67000
04.13000
02.76000
03.46000
01.11000
04.91000
04.66000
02.08000
03.14000
03.36000
02.11000
01.96000
04.95000
01.91000
02.82000
04.06000
04.74000
04.04000
03.49000
02.32000
01.71000
02.18000
01.83000
03.70000
04.08000
01.79000
04.53000
04.16000
01.04000
