35
10
48.43000
73.24000
33.20000
21.42000
66.91000
86.63000
60.27000
31.84000
36.92000
54.73000
83.92000
45.12000
5.24000
30.52000
64.30000
27.61000
43.42000
91.73000
85.35000
69.42000
49.75000
43.85000
57.72000
87.40000
46.27000
14.10000
15.84000
23.16000
79.78000
55.47000
18.87000
41.06000
23.82000
47.67000
51.74000
24.98000
7.62000
78.71000
49.13000
43.82000
70.29000
7.75000
17.01000
84.23000
84.25000
66.82000
72.50000
72.34000
31.31000
95.44000
11.78000
58.04000
17.05000
56.88000
51.81000
16.97000
72.79000
38.14000
38.28000
48.51000
56.61000
51.99000
39.65000
78.80000
49.32000
36.94000
50.11000
58.72000
57.51000
55.25000
58.09000
12.67000
80.46000
7.01000
87.88000
56.43000
75.38000
70.09000
76.64000
20.59000
15.53000
92.43000
52.60000
38.55000
40.53000
21.81000
68.73000
70.49000
17.73000
28.79000
4.77000
2.32000
37.23000
11.65000
62.19000
41.72000
15.89000
91.43000
71.23000
25.10000
93.31000
17.94000
84.88000
11.62000
37.85000
28.85000
23.64000
38.85000
24.28000
28.80000
90.55000
52.87000
97.97000
18.31000
96.85000
31.90000
64.83000
53.47000
55.31000
44.39000
49.00000
17.08000
3.42000
84.53000
1.37000
14.74000
3.45000
72.28000
95.57000
77.75000
43.43000
51.33000
35.00000
64.21000
37.09000
90.14000
42.79000
54.92000
21.97000
83.90000
38.06000
59.45000
89.14000
34.04000
98.91000
94.94000
60.06000
12.90000
28.71000
42.81000
74.92000
82.22000
35.14000
17.89000
56.77000
72.22000
53.61000
60.80000
52.40000
35.88000
44.29000
38.89000
34.36000
50.93000
91.10000
42.26000
98.94000
21.85000
5.71000
86.79000
70.18000
75.87000
20.53000
15.06000
93.87000
47.79000
63.05000
57.87000
48.27000
58.07000
33.87000
81.69000
35.38000
39.84000
69.86000
67.90000
7.42000
80.10000
16.72000
16.90000
20.46000
92.62000
41.90000
52.82000
56.32000
15.91000
40.59000
27.55000
22.58000
11.23000
31.74000
15.72000
49.56000
66.60000
59.06000
17.73000
94.33000
95.77000
92.00000
58.70000
21.43000
48.40000
25.25000
58.92000
29.83000
14.16000
37.92000
53.76000
41.46000
34.30000
71.05000
73.79000
47.45000
7.13000
29.11000
29.68000
63.65000
53.69000
39.34000
54.84000
31.65000
22.76000
55.72000
10.46000
16.83000
84.89000
56.96000
79.43000
10.27000
39.37000
46.57000
73.44000
27.84000
7.25000
52.76000
95.04000
37.48000
40.14000
38.31000
7.58000
2.53000
22.15000
98.02000
11.20000
23.95000
52.12000
50.32000
25.85000
77.38000
62.37000
81.23000
95.22000
64.21000
9.98000
5.50000
89.78000
9.56000
74.78000
58.66000
3.70000
62.34000
65.32000
5.95000
53.95000
99.16000
12.95000
33.41000
86.23000
21.43000
72.74000
40.63000
87.43000
30.44000
42.06000
63.49000
53.86000
65.96000
49.80000
76.94000
94.50000
99.97000
43.77000
53.51000
89.08000
18.42000
15.07000
89.49000
41.07000
28.96000
78.57000
8.94000
77.72000
67.00000
76.86000
56.63000
54.00000
92.73000
75.30000
7.12000
47.63000
91.06000
65.00000
55.70000
62.11000
71.65000
78.72000
39.61000
85.02000
46.31000
50.36000
88.06000
3.40000
2.48000
98.10000
74.25000
69.22000
94.59000
73.82000
4.76000
47.75000
44.58000
52.16000
9.91000
25.99000
94.16000
33.49000
46.78000
16.71000
14.78000
42.97000
97.19000
57.42000
97.63000
31.48000
68.72000
12.38000
64.66000
73.64000
91.68000
67.60000
08.81000
05.62000
07.43000
05.45000
05.59000
05.75000
09.31000
09.93000
07.52000
05.55000
09.52000
06.79000
07.52000
06.99000
09.10000
06.13000
09.75000
08.31000
05.33000
09.29000
09.61000
08.97000
06.75000
08.87000
08.78000
09.69000
08.14000
08.73000
05.15000
07.45000
05.54000
08.95000
07.89000
05.47000
06.22000
06.25000
06.49000
09.91000
07.97000
09.57000
06.37000
09.49000
07.38000
09.94000
08.95000
09.69000
08.82000
08.54000
06.98000
09.81000
08.18000
07.82000
09.45000
05.42000
07.59000
06.47000
06.64000
08.34000
05.42000
09.43000
05.03000
06.64000
06.32000
07.89000
07.39000
09.63000
06.14000
09.30000
07.72000
07.88000
07.42000
05.28000
05.23000
06.12000
08.50000
08.07000
05.50000
07.39000
08.61000
05.73000
06.87000
07.64000
08.47000
08.06000
08.21000
09.79000
05.05000
06.07000
09.60000
08.00000
06.58000
07.07000
07.39000
07.67000
07.53000
09.58000
09.18000
05.47000
08.63000
08.40000
08.82000
09.31000
06.84000
09.54000
06.41000
08.83000
05.92000
08.06000
05.67000
09.16000
05.55000
06.41000
06.93000
06.38000
09.68000
05.37000
09.69000
06.99000
06.37000
09.58000
05.14000
08.76000
09.94000
09.91000
05.72000
05.68000
05.96000
08.49000
05.13000
08.01000
06.23000
08.70000
08.29000
07.26000
08.84000
05.17000
06.42000
06.17000
08.09000
08.78000
06.49000
07.45000
05.45000
09.92000
05.13000
05.01000
09.12000
09.96000
06.43000
08.65000
08.95000
09.11000
08.94000
05.99000
06.58000
08.09000
07.43000
05.86000
09.94000
08.88000
07.95000
08.36000
08.19000
09.69000
07.78000
09.85000
06.73000
10.00000
05.45000
07.91000
07.23000
05.53000
05.75000
06.40000
07.59000
07.75000
05.74000
06.53000
05.52000
06.90000
06.57000
06.29000
09.04000
05.68000
07.84000
07.05000
05.15000
05.91000
07.93000
08.77000
05.37000
05.66000
06.46000
07.63000
07.44000
09.24000
09.32000
06.07000
05.37000
07.22000
08.64000
07.79000
09.42000
06.41000
07.78000
07.73000
06.07000
09.89000
06.39000
07.07000
07.56000
08.71000
09.82000
09.99000
07.66000
06.60000
08.17000
09.88000
05.08000
09.06000
06.25000
08.76000
06.17000
06.50000
08.50000
05.18000
08.53000
05.58000
05.67000
08.91000
06.00000
09.22000
09.72000
05.99000
08.68000
06.57000
08.87000
08.71000
07.92000
08.04000
07.60000
05.60000
06.32000
05.30000
06.62000
05.05000
08.39000
08.87000
09.12000
05.65000
07.98000
09.11000
07.04000
07.76000
09.35000
07.38000
06.53000
08.51000
06.18000
08.96000
09.43000
06.29000
08.42000
05.34000
08.80000
05.71000
07.25000
09.28000
08.96000
07.66000
05.12000
09.78000
05.46000
09.27000
05.72000
07.09000
05.14000
08.92000
08.98000
07.72000
07.29000
09.28000
08.42000
08.91000
09.96000
08.08000
05.58000
05.36000
06.87000
08.45000
05.79000
06.71000
07.18000
08.61000
06.31000
09.30000
06.31000
08.04000
05.70000
05.74000
05.90000
07.45000
08.73000
09.87000
08.87000
08.83000
06.43000
06.79000
09.39000
05.38000
06.11000
07.85000
07.85000
06.59000
06.28000
08.72000
08.89000
09.09000
07.68000
08.25000
09.99000
09.35000
07.92000
06.57000
05.84000
07.59000
07.88000
06.11000
05.44000
09.36000
09.68000
05.57000
09.04000
06.49000
06.70000
09.89000
08.14000
07.05000
08.58000
05.26000
05.51000
05.34000
06.19000
09.11000
05.14000
06.93000
06.66000
05.15000
07.29000
08.65000
