35
10
192.49000
199.00000
151.64000
179.02000
173.15000
190.97000
180.91000
134.50000
162.86000
198.33000
120.99000
110.24000
121.37000
187.08000
144.12000
184.77000
133.44000
148.26000
147.58000
161.60000
108.86000
197.87000
153.64000
169.24000
182.37000
176.93000
109.56000
161.22000
113.76000
151.46000
187.60000
116.05000
187.77000
112.46000
185.03000
199.43000
135.21000
190.06000
184.03000
107.62000
135.78000
167.01000
187.39000
159.67000
137.34000
103.63000
135.67000
193.47000
134.01000
150.32000
135.52000
171.90000
144.95000
182.47000
118.59000
182.86000
114.29000
100.46000
141.50000
139.23000
111.18000
129.68000
185.90000
178.91000
129.76000
120.54000
158.43000
164.78000
189.16000
148.41000
199.85000
116.72000
140.25000
113.61000
113.66000
177.51000
154.09000
180.73000
184.66000
109.64000
167.50000
114.69000
153.85000
160.38000
133.99000
175.27000
187.26000
102.00000
132.08000
147.24000
175.91000
131.75000
165.28000
140.35000
135.79000
171.92000
162.11000
189.38000
107.94000
169.75000
176.08000
154.09000
158.37000
197.53000
185.72000
195.73000
100.60000
181.77000
190.29000
180.40000
148.66000
197.94000
126.54000
142.23000
101.32000
172.70000
126.95000
150.35000
183.96000
187.71000
129.42000
198.90000
146.98000
149.60000
196.84000
107.03000
165.77000
190.01000
117.10000
118.88000
140.72000
165.58000
103.09000
103.59000
197.22000
157.96000
192.69000
155.29000
185.65000
173.77000
137.77000
158.32000
113.35000
124.63000
142.96000
199.67000
183.27000
140.91000
105.04000
144.89000
143.08000
197.19000
146.27000
122.48000
127.56000
134.47000
113.93000
185.96000
196.47000
118.79000
180.28000
113.86000
134.57000
141.15000
142.58000
109.68000
151.64000
117.56000
123.10000
101.95000
182.43000
189.06000
169.11000
144.17000
186.71000
177.30000
153.58000
169.00000
182.11000
112.49000
104.83000
117.97000
138.97000
122.20000
153.34000
138.52000
118.30000
106.81000
155.77000
143.55000
189.24000
191.73000
193.75000
170.94000
145.92000
127.33000
173.93000
183.60000
107.50000
189.02000
127.93000
169.41000
118.10000
177.18000
112.42000
141.26000
146.87000
117.19000
109.02000
137.05000
134.41000
142.30000
162.57000
184.68000
147.41000
115.40000
180.77000
189.60000
193.56000
126.46000
105.76000
159.23000
176.40000
185.22000
153.57000
115.82000
124.43000
126.46000
165.20000
106.65000
191.16000
109.95000
106.66000
103.98000
155.12000
120.44000
168.99000
105.07000
119.81000
167.70000
168.18000
132.20000
113.76000
186.51000
145.26000
110.02000
173.07000
188.95000
125.30000
193.61000
138.26000
150.61000
108.08000
138.14000
107.46000
135.92000
135.68000
175.25000
168.56000
189.00000
108.50000
161.59000
134.46000
179.01000
151.94000
178.80000
143.03000
100.07000
116.38000
133.51000
157.18000
171.34000
177.21000
157.36000
164.79000
136.95000
134.82000
107.01000
178.76000
166.04000
195.37000
191.13000
135.10000
198.47000
147.06000
142.90000
170.75000
189.71000
109.74000
193.25000
181.66000
146.93000
168.18000
133.21000
165.07000
173.64000
132.15000
178.80000
143.28000
198.35000
136.40000
171.01000
163.52000
174.58000
140.71000
175.89000
198.08000
180.84000
129.84000
184.43000
144.22000
120.66000
113.55000
112.65000
124.21000
156.78000
173.97000
178.89000
174.83000
116.71000
125.20000
125.75000
112.64000
138.08000
126.25000
112.35000
106.70000
183.77000
196.25000
114.10000
188.67000
141.68000
179.33000
131.38000
115.17000
124.68000
144.66000
189.59000
167.85000
170.69000
186.35000
139.11000
153.34000
142.57000
123.56000
155.34000
103.30000
128.24000
100.42000
138.66000
06.09000
08.85000
05.48000
07.02000
09.97000
06.11000
08.48000
08.67000
05.31000
08.88000
07.67000
05.08000
08.14000
07.25000
07.21000
09.50000
05.75000
07.57000
07.52000
06.38000
06.67000
07.44000
05.25000
06.44000
05.69000
05.70000
08.31000
06.68000
08.84000
07.46000
05.87000
05.29000
08.40000
09.06000
08.33000
05.67000
06.39000
06.46000
05.67000
08.28000
05.84000
06.40000
09.86000
09.61000
05.46000
07.71000
07.62000
09.00000
06.12000
07.82000
07.96000
07.01000
09.95000
05.43000
06.13000
05.45000
05.33000
05.47000
08.64000
07.39000
06.90000
09.14000
08.23000
07.14000
05.52000
08.87000
08.92000
05.28000
08.34000
08.37000
07.45000
07.18000
05.78000
07.09000
09.87000
08.89000
07.11000
09.25000
06.53000
07.71000
06.31000
09.20000
06.27000
06.55000
05.37000
07.97000
09.20000
09.57000
07.50000
07.84000
06.65000
07.18000
07.17000
07.36000
06.22000
06.04000
05.11000
06.30000
06.77000
09.07000
08.29000
05.70000
08.39000
05.41000
09.94000
05.84000
08.02000
07.51000
09.49000
08.62000
08.23000
05.72000
09.13000
05.13000
08.07000
05.44000
09.46000
05.01000
08.73000
09.45000
09.80000
09.14000
07.64000
06.73000
05.71000
09.64000
08.50000
07.55000
09.00000
09.90000
06.24000
08.41000
07.75000
09.54000
07.07000
07.05000
06.27000
09.45000
08.42000
07.50000
05.80000
06.33000
05.62000
05.70000
09.28000
06.97000
05.80000
09.01000
07.05000
09.84000
05.31000
09.13000
05.75000
05.67000
08.93000
09.90000
08.30000
06.42000
07.70000
06.44000
08.86000
05.33000
08.90000
05.08000
07.84000
06.86000
06.07000
08.43000
06.90000
06.73000
09.00000
05.33000
08.95000
06.93000
08.71000
07.46000
06.05000
09.10000
05.64000
05.55000
09.93000
07.78000
08.83000
07.77000
09.53000
06.03000
08.97000
09.06000
06.36000
06.92000
05.68000
05.63000
08.17000
09.77000
09.84000
09.90000
08.96000
05.14000
08.58000
05.58000
08.99000
09.85000
05.27000
07.59000
09.76000
06.97000
09.55000
07.14000
09.02000
05.81000
08.49000
05.08000
07.80000
08.55000
06.81000
08.22000
09.25000
08.32000
07.98000
08.48000
07.50000
06.20000
06.46000
09.40000
05.14000
08.85000
07.97000
05.75000
06.02000
09.18000
09.49000
08.59000
05.23000
06.34000
09.24000
05.18000
09.13000
05.75000
06.69000
09.07000
05.31000
09.07000
07.56000
05.05000
07.62000
09.71000
07.72000
09.71000
08.33000
09.67000
09.90000
08.12000
05.53000
05.81000
06.79000
08.30000
06.31000
08.38000
05.21000
08.62000
05.63000
08.87000
08.22000
08.72000
09.66000
05.04000
05.14000
09.47000
05.86000
05.90000
06.54000
08.00000
07.91000
06.70000
09.23000
07.70000
05.76000
08.95000
06.28000
08.18000
06.23000
06.62000
06.82000
06.47000
06.02000
06.47000
05.42000
09.32000
06.98000
09.35000
05.55000
05.07000
06.38000
06.61000
07.61000
08.22000
07.77000
05.83000
08.27000
09.48000
05.92000
05.87000
05.43000
05.82000
06.88000
06.82000
08.26000
05.48000
07.93000
05.04000
07.16000
07.91000
07.61000
08.11000
08.80000
07.21000
09.86000
07.80000
08.37000
06.12000
05.77000
06.33000
06.45000
06.12000
09.53000
09.20000
06.41000
07.79000
08.25000
05.12000
08.49000
07.93000
05.32000
09.01000
09.21000
09.63000
05.37000
07.08000
06.31000
07.19000
09.28000
06.77000
08.81000
06.17000
09.17000
06.76000
06.94000
08.41000
08.43000
07.00000
