35
4
50.51000
49.73000
44.11000
14.91000
81.12000
53.87000
79.96000
97.37000
82.76000
1.95000
57.44000
44.89000
95.64000
33.20000
16.77000
95.68000
60.97000
88.84000
97.16000
91.97000
18.99000
11.09000
41.85000
73.98000
9.89000
38.16000
89.03000
81.92000
73.91000
12.28000
80.94000
57.01000
53.27000
72.65000
57.79000
63.80000
24.48000
31.16000
14.48000
55.13000
37.32000
94.33000
63.98000
33.14000
90.21000
77.67000
37.51000
62.79000
50.12000
46.14000
99.04000
11.07000
81.02000
64.72000
16.55000
41.94000
49.87000
99.37000
52.99000
22.37000
21.65000
17.06000
75.35000
17.32000
61.32000
80.76000
49.58000
91.76000
35.86000
58.44000
93.49000
42.06000
24.19000
9.55000
31.27000
37.38000
39.33000
62.50000
96.70000
46.64000
78.47000
75.25000
82.48000
60.56000
33.33000
38.53000
78.35000
69.87000
92.63000
42.05000
75.01000
65.29000
49.08000
76.54000
63.19000
37.52000
91.42000
33.70000
33.60000
76.29000
12.34000
3.26000
75.97000
73.32000
99.58000
95.29000
78.06000
7.01000
5.33000
74.05000
42.47000
13.72000
18.19000
63.08000
82.90000
87.94000
15.79000
77.85000
16.80000
47.13000
13.62000
34.84000
57.66000
5.77000
27.13000
48.50000
22.94000
78.32000
71.79000
35.31000
27.11000
82.26000
64.08000
10.73000
85.64000
33.04000
19.46000
89.24000
15.99000
45.14000
09.16000
06.64000
09.92000
09.36000
09.42000
06.21000
05.01000
07.69000
05.31000
05.54000
05.19000
07.73000
05.75000
08.51000
09.37000
08.36000
09.65000
09.03000
06.45000
08.50000
05.90000
06.02000
05.35000
07.06000
08.42000
08.37000
09.97000
07.94000
06.11000
10.00000
09.21000
05.04000
07.88000
09.80000
06.99000
06.34000
08.51000
09.40000
07.04000
06.69000
08.40000
09.49000
07.01000
05.31000
08.49000
07.92000
09.74000
07.35000
08.91000
09.85000
05.39000
07.96000
09.82000
05.45000
09.11000
07.32000
06.39000
09.86000
06.05000
05.57000
08.76000
08.23000
06.39000
07.87000
07.09000
05.74000
05.26000
09.37000
06.55000
07.53000
05.85000
09.47000
09.34000
07.55000
06.58000
06.80000
08.97000
06.76000
09.21000
08.25000
06.22000
08.32000
05.16000
05.25000
07.48000
08.62000
05.84000
09.21000
09.17000
09.07000
07.64000
06.51000
07.69000
06.08000
06.98000
08.58000
09.45000
06.06000
05.26000
06.82000
05.85000
05.41000
08.89000
07.63000
08.31000
07.87000
07.97000
08.18000
07.34000
07.78000
07.86000
09.48000
05.51000
07.38000
07.49000
06.80000
07.25000
09.33000
09.51000
07.80000
05.21000
06.28000
06.57000
05.13000
07.04000
05.90000
06.33000
06.45000
05.40000
05.84000
06.45000
09.42000
07.94000
08.76000
09.59000
06.69000
07.33000
07.30000
08.39000
05.92000
