35
10
32.47000
40.32000
68.74000
67.08000
83.00000
41.30000
42.43000
91.82000
51.88000
14.87000
7.38000
16.64000
41.61000
69.72000
78.44000
61.60000
80.41000
42.24000
98.22000
75.48000
23.25000
90.61000
33.07000
30.83000
46.88000
1.76000
72.10000
23.94000
55.78000
82.34000
33.16000
76.85000
78.16000
69.78000
55.86000
35.57000
73.56000
40.69000
37.94000
61.23000
89.51000
98.79000
1.70000
8.00000
19.72000
41.07000
19.12000
6.22000
50.20000
10.24000
90.58000
12.95000
94.69000
74.74000
43.24000
10.02000
91.73000
30.77000
25.97000
4.00000
4.56000
95.28000
14.40000
26.21000
19.20000
14.97000
8.94000
33.74000
49.41000
56.29000
55.79000
5.03000
81.46000
67.85000
88.15000
15.04000
90.22000
84.47000
66.44000
8.19000
9.51000
51.93000
74.55000
74.58000
34.62000
72.71000
23.17000
32.07000
88.59000
76.05000
45.70000
20.25000
20.22000
15.93000
3.31000
5.50000
99.05000
69.07000
78.94000
77.91000
25.38000
40.96000
84.23000
55.33000
19.24000
20.74000
88.94000
68.23000
45.39000
9.84000
65.56000
73.77000
13.36000
69.04000
51.27000
28.94000
95.80000
62.59000
65.02000
8.39000
27.04000
77.53000
51.52000
12.50000
61.16000
27.59000
79.21000
66.40000
80.97000
49.30000
43.29000
21.98000
93.05000
6.92000
61.70000
52.89000
29.73000
86.46000
79.16000
60.50000
78.61000
71.59000
41.69000
39.79000
32.52000
27.63000
25.99000
97.41000
85.19000
28.38000
14.88000
59.19000
4.98000
46.40000
86.10000
9.03000
80.00000
78.98000
45.13000
55.60000
29.10000
49.16000
19.20000
35.33000
90.89000
3.73000
61.29000
7.38000
33.71000
14.23000
51.13000
55.66000
46.69000
77.96000
91.20000
48.69000
41.05000
91.29000
26.02000
2.99000
54.72000
52.99000
93.94000
17.05000
37.76000
18.95000
54.07000
85.06000
40.04000
94.75000
67.66000
27.97000
37.20000
14.70000
23.74000
87.48000
29.64000
32.89000
34.06000
35.05000
42.47000
32.13000
37.14000
62.86000
26.60000
19.01000
95.23000
90.88000
56.66000
24.83000
20.05000
55.18000
14.92000
83.64000
59.88000
1.35000
3.78000
4.42000
6.37000
30.62000
92.85000
6.94000
5.31000
96.98000
44.30000
57.56000
29.26000
80.15000
41.06000
48.40000
75.49000
82.61000
92.78000
94.29000
67.06000
33.60000
35.89000
37.86000
50.75000
85.09000
28.55000
43.46000
98.12000
17.82000
55.69000
96.77000
60.87000
18.58000
8.15000
60.19000
63.09000
49.20000
10.72000
37.45000
83.12000
53.62000
18.91000
53.67000
3.76000
69.36000
26.90000
59.75000
29.60000
59.68000
53.66000
31.31000
92.95000
12.59000
43.88000
67.76000
51.90000
39.85000
66.01000
95.22000
86.26000
79.98000
15.25000
64.58000
4.61000
96.24000
84.72000
58.02000
82.96000
70.58000
61.22000
3.25000
51.65000
99.31000
26.07000
71.50000
44.47000
42.45000
7.51000
99.21000
3.03000
45.77000
58.52000
46.53000
91.67000
81.82000
58.83000
96.38000
4.51000
48.89000
11.91000
60.44000
54.40000
68.04000
45.00000
72.12000
83.94000
87.04000
13.09000
91.59000
59.49000
38.81000
90.75000
4.86000
32.56000
4.61000
13.30000
30.36000
44.63000
26.49000
16.00000
37.89000
41.15000
61.52000
12.62000
95.89000
47.24000
91.53000
40.66000
99.55000
13.80000
24.10000
63.39000
67.85000
15.46000
88.54000
68.83000
44.46000
52.61000
43.93000
69.72000
97.84000
51.38000
70.10000
4.59000
24.19000
04.45000
03.22000
01.88000
02.83000
04.54000
04.38000
02.42000
02.24000
04.79000
03.12000
02.26000
04.02000
04.76000
02.26000
03.50000
01.48000
01.03000
01.62000
01.20000
04.95000
03.18000
02.04000
03.44000
01.78000
01.79000
01.35000
03.31000
04.27000
04.43000
02.37000
02.88000
01.77000
03.69000
04.93000
01.22000
04.87000
03.75000
04.72000
01.81000
01.77000
01.38000
01.81000
03.90000
04.47000
01.65000
01.18000
03.73000
01.19000
02.03000
01.55000
01.26000
01.13000
04.95000
02.61000
01.44000
02.49000
01.88000
01.07000
02.22000
04.47000
01.26000
02.63000
02.57000
03.28000
04.55000
01.99000
02.42000
04.13000
02.20000
02.86000
02.63000
02.08000
03.76000
02.24000
02.75000
04.97000
03.86000
03.44000
03.66000
04.15000
01.05000
04.86000
03.21000
04.70000
03.67000
02.07000
04.23000
04.70000
01.03000
03.63000
02.53000
03.23000
03.48000
03.14000
02.95000
04.36000
02.34000
03.17000
03.32000
01.18000
01.93000
03.30000
02.47000
03.77000
03.58000
01.78000
03.20000
02.15000
02.39000
03.42000
02.91000
03.92000
03.27000
04.81000
01.77000
04.05000
02.53000
02.41000
01.48000
01.48000
04.37000
01.67000
04.75000
04.18000
01.99000
01.04000
03.27000
01.08000
01.59000
03.97000
01.76000
02.16000
02.38000
02.92000
01.90000
02.35000
04.56000
03.35000
02.41000
01.62000
01.90000
03.87000
01.51000
04.90000
02.33000
01.11000
01.39000
02.95000
01.04000
03.18000
02.96000
02.87000
02.11000
01.41000
04.80000
02.48000
02.62000
04.12000
02.49000
04.62000
04.63000
04.64000
04.60000
01.12000
03.24000
01.31000
04.72000
04.79000
02.52000
01.45000
01.43000
01.47000
03.55000
01.38000
02.29000
02.65000
03.71000
01.77000
04.10000
01.82000
01.24000
04.17000
01.18000
01.99000
02.74000
02.30000
03.58000
03.88000
02.16000
03.36000
03.75000
01.18000
02.44000
03.57000
03.14000
04.59000
03.55000
04.12000
04.20000
01.83000
02.44000
03.21000
02.40000
01.59000
01.05000
04.06000
02.17000
01.57000
02.35000
02.86000
01.29000
04.23000
04.46000
03.86000
03.12000
03.48000
01.59000
01.31000
02.52000
02.90000
04.83000
03.11000
01.80000
04.08000
03.00000
01.32000
04.31000
01.60000
01.93000
01.03000
02.37000
03.02000
04.45000
04.31000
01.30000
04.93000
02.38000
02.25000
03.44000
04.92000
04.55000
02.92000
04.11000
01.54000
04.80000
01.47000
04.66000
01.89000
02.77000
01.84000
02.89000
04.24000
01.09000
04.79000
03.22000
02.02000
02.97000
03.27000
03.84000
02.68000
01.13000
03.22000
03.96000
02.67000
01.27000
03.61000
03.79000
03.44000
02.08000
04.38000
04.52000
03.46000
03.28000
02.50000
04.36000
02.16000
01.56000
03.90000
02.51000
04.00000
01.26000
04.03000
03.93000
03.99000
03.58000
01.20000
02.32000
04.17000
01.56000
01.71000
04.04000
04.97000
03.78000
01.39000
04.16000
04.73000
03.82000
01.06000
02.76000
02.77000
04.26000
02.55000
04.92000
03.42000
04.67000
04.69000
04.72000
04.01000
01.63000
03.31000
01.24000
02.87000
04.72000
03.24000
02.55000
04.78000
04.27000
02.99000
04.71000
04.18000
04.48000
03.28000
04.18000
01.03000
03.22000
02.00000
01.80000
04.54000
02.94000
02.84000
02.50000
04.91000
03.11000
02.53000
04.24000
01.33000
04.17000
02.75000
01.98000
02.03000
03.58000
02.22000
03.67000
04.19000
03.79000
04.62000
02.26000
02.02000
04.25000
02.68000
