35
4
152.46000
164.92000
177.15000
120.27000
164.45000
168.90000
131.92000
140.87000
122.16000
191.26000
102.73000
100.16000
166.22000
172.63000
130.20000
138.77000
137.26000
153.64000
154.96000
197.33000
175.90000
174.91000
117.64000
116.46000
122.77000
177.06000
158.86000
136.78000
118.49000
100.71000
119.24000
198.93000
103.69000
186.51000
139.42000
132.43000
111.80000
179.83000
116.46000
153.16000
123.02000
110.63000
102.19000
135.44000
149.69000
135.79000
186.20000
144.89000
157.43000
120.94000
134.10000
147.14000
111.89000
131.70000
111.51000
107.81000
178.67000
133.69000
184.06000
192.53000
123.40000
192.54000
117.39000
166.92000
111.72000
173.88000
177.10000
196.61000
109.24000
143.33000
136.28000
156.17000
189.62000
156.04000
138.87000
135.61000
107.85000
131.21000
145.39000
104.15000
125.31000
140.77000
146.46000
152.39000
132.65000
175.35000
132.71000
170.98000
120.48000
125.59000
194.77000
150.52000
179.42000
182.10000
123.26000
181.65000
100.11000
135.51000
108.80000
155.00000
173.17000
176.45000
142.03000
161.18000
189.22000
177.89000
106.92000
198.77000
127.89000
145.30000
128.59000
131.92000
135.99000
198.09000
102.04000
108.25000
103.69000
151.88000
142.90000
143.40000
146.61000
122.29000
166.79000
152.99000
180.38000
124.96000
189.33000
152.64000
120.61000
175.50000
126.16000
157.98000
182.94000
189.55000
192.89000
184.64000
182.99000
182.71000
105.16000
148.23000
08.40000
06.39000
09.49000
05.53000
06.50000
06.00000
06.79000
08.27000
08.98000
09.10000
07.94000
06.46000
09.77000
09.60000
06.84000
09.00000
07.75000
06.40000
07.39000
09.80000
06.85000
08.42000
08.50000
07.76000
05.96000
09.55000
09.09000
06.79000
09.00000
08.71000
08.05000
05.80000
09.86000
09.79000
09.29000
07.48000
09.28000
08.48000
05.59000
08.40000
09.44000
08.52000
05.20000
06.34000
08.53000
05.65000
06.32000
06.46000
06.72000
05.04000
09.11000
08.90000
09.15000
06.83000
08.72000
08.84000
05.97000
06.19000
05.31000
06.41000
07.36000
08.27000
09.03000
06.79000
08.46000
08.23000
05.04000
05.12000
09.43000
06.22000
07.78000
08.13000
07.77000
06.30000
08.69000
07.82000
06.96000
07.26000
05.26000
05.41000
07.52000
09.31000
08.90000
07.28000
05.84000
08.86000
06.01000
09.85000
08.34000
07.31000
08.00000
09.53000
06.42000
06.07000
06.28000
07.72000
06.49000
06.55000
07.24000
05.83000
09.96000
05.14000
07.31000
05.27000
08.22000
05.71000
06.34000
09.51000
06.54000
07.28000
07.59000
06.85000
05.45000
07.30000
07.33000
08.97000
06.68000
08.42000
08.20000
08.51000
07.86000
08.30000
07.87000
08.14000
06.68000
09.59000
08.99000
05.50000
05.77000
09.95000
09.22000
08.27000
07.80000
07.03000
06.21000
09.08000
05.42000
08.50000
07.62000
05.61000
