35
7
86.57000
36.53000
90.25000
72.97000
25.62000
6.75000
49.64000
73.20000
65.71000
92.42000
99.51000
6.03000
6.67000
42.69000
96.14000
17.38000
95.37000
41.39000
21.13000
69.12000
85.22000
63.54000
30.84000
87.53000
77.71000
23.82000
10.96000
12.81000
76.83000
24.08000
21.96000
46.60000
38.64000
6.83000
51.61000
89.08000
4.99000
18.93000
72.32000
30.77000
79.58000
40.03000
53.41000
55.82000
45.32000
98.94000
12.54000
45.65000
20.70000
90.22000
75.16000
44.12000
76.23000
46.11000
96.00000
9.98000
86.00000
87.04000
5.60000
64.43000
74.13000
75.09000
57.79000
45.57000
66.29000
59.51000
87.21000
52.93000
40.18000
29.24000
52.86000
68.18000
75.74000
10.91000
79.39000
60.31000
82.26000
47.89000
54.92000
28.77000
73.23000
1.72000
1.24000
49.90000
89.79000
11.39000
15.95000
65.45000
26.12000
56.55000
24.94000
31.10000
74.94000
7.00000
29.91000
64.92000
84.05000
68.26000
58.85000
1.95000
1.76000
38.97000
17.54000
37.61000
25.44000
38.64000
47.46000
94.08000
96.56000
91.74000
2.02000
86.18000
17.03000
97.22000
31.34000
3.28000
21.44000
53.31000
30.40000
17.61000
73.57000
46.37000
68.94000
67.85000
89.27000
3.47000
45.01000
7.55000
84.92000
38.83000
31.46000
50.73000
28.95000
8.36000
28.44000
29.30000
89.36000
54.11000
12.89000
36.61000
93.57000
50.63000
30.14000
29.49000
87.94000
68.46000
52.51000
57.72000
90.01000
81.70000
83.62000
15.30000
83.68000
35.96000
89.58000
71.38000
54.41000
64.04000
13.31000
62.51000
38.68000
40.40000
22.01000
37.18000
74.55000
26.67000
61.68000
8.31000
53.09000
24.16000
5.63000
2.71000
64.96000
23.34000
99.96000
6.00000
53.11000
17.08000
52.31000
58.88000
95.14000
69.83000
71.92000
48.02000
37.07000
18.70000
40.43000
26.56000
82.46000
53.72000
94.10000
61.53000
40.42000
57.07000
49.01000
85.41000
68.10000
48.63000
44.51000
44.59000
27.20000
37.44000
97.76000
47.88000
28.47000
71.20000
54.23000
20.01000
85.19000
87.80000
69.37000
89.08000
60.75000
4.90000
91.17000
94.46000
89.14000
51.39000
25.07000
55.93000
14.83000
49.40000
52.21000
23.51000
63.03000
37.35000
83.02000
61.16000
64.49000
42.85000
4.71000
98.26000
99.03000
33.18000
27.80000
78.10000
50.00000
63.77000
42.62000
7.40000
49.82000
30.75000
64.78000
5.81000
34.41000
04.39000
02.57000
01.81000
01.74000
04.14000
02.88000
03.13000
02.19000
01.21000
02.25000
02.04000
02.87000
01.86000
01.09000
01.97000
04.09000
02.16000
03.13000
03.15000
04.49000
02.00000
01.39000
04.62000
02.98000
03.09000
04.21000
02.23000
04.82000
02.94000
01.25000
02.67000
03.58000
04.87000
01.47000
01.41000
03.90000
02.14000
03.16000
04.28000
02.25000
03.34000
04.17000
02.84000
04.57000
03.30000
01.66000
04.63000
03.21000
01.65000
02.41000
04.44000
02.87000
03.84000
04.52000
01.87000
02.55000
03.15000
03.37000
03.35000
01.55000
02.64000
01.70000
04.11000
01.50000
01.21000
03.54000
02.19000
04.33000
03.55000
04.21000
03.61000
01.20000
03.68000
02.84000
01.97000
02.32000
03.00000
04.80000
01.09000
04.37000
01.78000
01.91000
04.30000
04.09000
01.01000
03.30000
01.79000
02.56000
03.53000
01.46000
04.54000
03.13000
03.98000
02.16000
02.33000
01.51000
02.80000
02.49000
01.78000
03.68000
04.27000
04.86000
04.31000
03.95000
02.45000
04.18000
01.19000
01.08000
01.52000
04.00000
04.15000
03.08000
01.15000
04.66000
04.62000
04.23000
04.17000
04.36000
01.32000
01.65000
04.96000
02.64000
03.79000
04.79000
03.74000
02.35000
02.40000
01.38000
04.51000
03.63000
02.32000
03.50000
01.09000
01.96000
01.52000
01.51000
03.14000
02.10000
04.80000
02.10000
04.19000
03.06000
02.46000
04.18000
01.18000
02.03000
01.08000
02.67000
04.79000
04.62000
01.21000
03.79000
02.99000
03.42000
04.95000
01.03000
03.53000
04.33000
01.21000
04.20000
03.98000
04.58000
03.74000
01.43000
01.75000
02.69000
01.08000
01.16000
04.03000
04.50000
02.58000
02.12000
01.83000
01.17000
04.42000
03.82000
04.09000
03.71000
01.20000
04.14000
01.17000
01.32000
04.03000
04.24000
01.95000
02.59000
03.62000
03.69000
03.75000
02.47000
01.45000
04.37000
03.71000
01.26000
01.81000
04.45000
04.78000
02.54000
01.82000
04.43000
01.73000
03.22000
01.38000
01.13000
03.13000
03.50000
01.24000
01.67000
01.37000
04.93000
02.29000
04.65000
04.40000
02.02000
04.17000
03.59000
01.01000
03.26000
01.26000
03.93000
01.63000
01.45000
01.62000
01.58000
04.97000
01.91000
02.09000
02.80000
01.53000
03.32000
02.36000
02.16000
03.65000
03.62000
02.89000
04.51000
03.45000
02.11000
02.99000
03.06000
02.90000
01.36000
02.77000
01.29000
03.76000
