35
10
187.81000
199.03000
170.66000
106.72000
130.83000
187.83000
170.31000
170.15000
155.16000
170.53000
165.51000
144.88000
145.56000
138.16000
153.54000
134.40000
111.79000
106.71000
156.67000
167.24000
188.63000
117.22000
122.16000
196.92000
135.83000
135.69000
122.27000
101.94000
138.17000
153.14000
154.27000
185.82000
105.40000
185.58000
140.43000
120.74000
189.57000
156.00000
118.62000
152.67000
124.13000
128.76000
156.16000
178.85000
166.31000
124.08000
157.77000
162.16000
135.26000
117.36000
155.09000
190.50000
175.11000
108.98000
104.76000
176.75000
155.01000
124.34000
188.42000
158.82000
169.09000
113.83000
112.71000
199.58000
136.50000
152.83000
109.27000
186.92000
101.38000
141.74000
162.93000
192.84000
186.27000
193.03000
152.87000
122.04000
124.88000
130.32000
153.51000
182.36000
129.06000
106.72000
130.87000
146.04000
177.34000
107.01000
175.96000
110.37000
173.24000
140.94000
104.79000
197.60000
145.27000
143.29000
158.39000
155.01000
146.94000
173.82000
102.76000
154.85000
156.77000
117.30000
128.93000
194.40000
178.27000
105.09000
167.92000
168.81000
118.56000
137.42000
194.21000
170.34000
148.85000
128.55000
162.99000
124.60000
193.71000
172.61000
124.65000
138.25000
116.01000
188.75000
154.57000
142.92000
103.65000
121.11000
153.15000
195.25000
169.52000
138.82000
145.78000
176.88000
151.51000
136.03000
182.85000
194.46000
112.51000
131.88000
139.75000
179.62000
196.38000
104.31000
152.41000
100.34000
193.03000
112.22000
153.04000
125.56000
181.34000
165.01000
190.84000
144.29000
108.57000
116.19000
125.57000
122.55000
146.98000
144.28000
142.00000
151.36000
193.86000
152.80000
149.88000
146.72000
171.45000
170.26000
183.99000
149.65000
127.02000
150.18000
104.10000
126.18000
132.85000
171.07000
194.96000
174.53000
127.85000
121.51000
155.06000
195.37000
140.63000
109.44000
154.90000
103.62000
119.81000
194.35000
158.85000
124.67000
147.05000
114.14000
161.04000
108.90000
128.98000
131.68000
180.62000
131.72000
197.25000
134.87000
161.73000
193.51000
108.49000
136.60000
173.51000
119.66000
144.35000
174.77000
110.10000
160.57000
111.46000
112.26000
137.01000
153.88000
143.91000
165.68000
183.36000
143.26000
175.35000
119.87000
178.89000
192.84000
142.10000
173.54000
152.11000
137.40000
185.17000
173.94000
156.54000
136.71000
170.58000
193.34000
170.70000
175.52000
189.35000
129.00000
198.09000
163.60000
157.49000
103.20000
167.23000
135.73000
116.02000
163.19000
131.64000
151.66000
130.95000
181.28000
165.83000
100.11000
174.02000
127.57000
139.91000
143.42000
162.76000
178.94000
118.40000
167.01000
109.21000
192.04000
114.17000
140.02000
138.78000
148.50000
165.13000
156.59000
101.85000
154.97000
134.16000
135.87000
173.82000
143.09000
109.15000
121.98000
155.06000
169.49000
103.00000
184.08000
170.99000
115.82000
153.59000
116.30000
167.38000
122.25000
147.42000
114.47000
145.88000
116.55000
180.39000
121.88000
132.64000
112.95000
198.38000
111.29000
137.42000
127.48000
123.65000
111.19000
195.00000
101.14000
103.47000
175.12000
165.13000
199.96000
110.10000
181.58000
132.58000
114.95000
140.81000
134.09000
107.11000
162.11000
117.86000
161.17000
123.50000
182.48000
188.52000
180.80000
120.59000
196.97000
116.72000
144.55000
117.14000
182.21000
162.54000
145.13000
195.15000
195.09000
108.76000
170.41000
198.75000
136.00000
112.02000
133.30000
197.08000
130.34000
153.96000
171.69000
184.28000
128.49000
141.21000
148.46000
179.49000
105.85000
105.43000
151.51000
126.87000
162.81000
103.24000
193.72000
195.53000
124.75000
01.35000
01.05000
03.14000
03.39000
03.22000
01.49000
03.34000
02.00000
01.58000
04.91000
02.33000
01.51000
02.27000
04.40000
04.42000
01.49000
04.11000
02.02000
02.96000
02.52000
02.92000
04.85000
04.26000
02.18000
03.54000
04.98000
03.66000
03.05000
03.80000
03.49000
01.48000
04.71000
02.52000
02.44000
03.05000
01.17000
04.34000
02.57000
02.27000
04.66000
04.08000
03.28000
01.76000
01.08000
03.14000
01.53000
01.83000
02.90000
03.25000
04.28000
02.65000
03.57000
03.09000
03.48000
01.44000
01.53000
02.39000
04.07000
04.41000
04.25000
01.82000
04.03000
02.75000
04.18000
03.11000
02.29000
04.67000
02.76000
04.96000
02.81000
03.11000
04.40000
02.95000
01.05000
02.16000
03.80000
03.29000
04.61000
02.19000
01.73000
02.01000
01.73000
03.25000
01.49000
01.69000
02.23000
02.44000
03.43000
01.91000
04.94000
01.83000
04.88000
03.24000
01.69000
04.49000
04.15000
03.26000
01.31000
02.51000
04.58000
04.55000
01.63000
04.97000
02.49000
02.69000
02.06000
04.40000
02.19000
04.39000
02.80000
03.44000
02.76000
01.07000
04.75000
01.62000
01.25000
04.25000
04.59000
04.92000
04.87000
02.39000
04.03000
04.27000
01.82000
04.94000
01.78000
03.63000
01.29000
02.35000
01.53000
03.95000
01.50000
02.08000
03.99000
03.20000
01.64000
04.58000
02.87000
04.31000
01.93000
04.14000
02.14000
03.47000
01.20000
02.20000
04.92000
02.17000
01.02000
03.52000
04.55000
02.67000
03.87000
02.41000
02.63000
01.79000
01.83000
02.21000
01.74000
01.36000
03.97000
03.24000
01.44000
04.19000
04.37000
02.84000
02.31000
02.14000
02.12000
03.33000
01.95000
04.01000
01.28000
04.05000
02.91000
03.64000
01.12000
03.31000
01.92000
03.26000
01.56000
03.28000
04.43000
04.91000
03.76000
03.53000
03.56000
02.32000
04.68000
02.26000
02.75000
04.18000
02.26000
02.69000
02.47000
04.21000
03.46000
05.00000
04.15000
01.11000
04.24000
02.40000
02.26000
02.57000
01.54000
01.10000
04.24000
01.31000
01.33000
04.30000
02.56000
03.82000
01.08000
04.95000
04.65000
04.73000
03.89000
02.78000
04.81000
01.99000
01.73000
02.61000
03.28000
04.18000
02.41000
03.54000
02.39000
04.87000
02.78000
01.64000
01.47000
02.65000
04.66000
01.99000
04.85000
01.08000
02.88000
02.66000
01.86000
04.76000
01.26000
02.73000
02.82000
03.25000
04.63000
02.29000
03.34000
04.74000
02.68000
04.63000
04.04000
01.67000
03.86000
01.93000
04.38000
02.31000
03.66000
04.54000
01.56000
01.14000
01.78000
01.44000
01.79000
01.59000
02.92000
02.56000
04.27000
04.12000
04.78000
02.86000
01.20000
02.19000
02.08000
02.31000
01.79000
02.24000
02.51000
01.84000
04.23000
03.74000
02.77000
01.51000
04.78000
02.26000
01.61000
04.37000
01.81000
03.72000
04.19000
04.49000
04.84000
01.22000
03.18000
04.71000
03.95000
04.09000
03.17000
04.83000
02.20000
02.68000
01.72000
01.70000
03.69000
04.29000
01.42000
01.14000
01.49000
01.27000
01.84000
01.98000
01.68000
02.93000
03.56000
04.05000
03.33000
03.61000
01.33000
03.30000
04.64000
02.79000
04.24000
02.84000
03.10000
04.55000
02.99000
04.86000
02.50000
02.51000
03.02000
04.05000
02.78000
01.87000
02.79000
04.13000
04.90000
04.84000
01.75000
01.80000
02.81000
02.63000
04.36000
02.75000
03.47000
03.42000
04.06000
01.70000
02.83000
04.44000
03.31000
02.34000
01.84000
