35
7
138.70000
124.99000
139.73000
155.35000
190.76000
119.92000
168.25000
143.83000
175.28000
153.07000
196.30000
191.70000
176.78000
164.03000
127.93000
101.82000
156.35000
156.46000
118.75000
116.14000
101.63000
148.08000
125.95000
165.67000
176.83000
120.69000
158.25000
120.48000
172.72000
170.13000
125.97000
139.69000
156.64000
156.32000
190.97000
142.26000
169.66000
111.96000
125.67000
148.20000
174.79000
126.40000
130.56000
161.91000
114.43000
102.20000
110.46000
144.07000
144.98000
175.82000
191.31000
144.45000
199.40000
147.82000
150.58000
151.86000
137.21000
132.77000
167.34000
144.18000
194.48000
109.36000
172.21000
138.37000
133.88000
170.29000
197.34000
140.41000
194.60000
172.37000
177.74000
131.98000
149.49000
180.97000
167.82000
134.33000
198.91000
101.44000
168.41000
162.90000
191.14000
162.66000
125.75000
125.26000
154.45000
197.98000
187.65000
118.04000
193.68000
104.80000
153.47000
176.94000
140.22000
194.61000
124.13000
126.70000
102.04000
142.95000
152.13000
131.16000
113.64000
139.40000
191.52000
143.19000
186.13000
178.06000
185.38000
124.14000
130.17000
118.35000
111.89000
143.80000
102.58000
118.87000
115.01000
164.38000
132.35000
195.78000
162.88000
140.34000
119.64000
179.31000
125.16000
115.17000
141.14000
163.75000
123.10000
171.45000
100.13000
157.44000
179.51000
180.81000
176.44000
132.80000
168.73000
153.94000
176.47000
176.30000
166.72000
190.60000
159.72000
148.57000
177.55000
186.33000
188.63000
135.42000
128.56000
131.69000
150.25000
177.51000
128.56000
108.94000
190.03000
187.90000
167.53000
119.39000
179.99000
193.66000
137.04000
153.42000
168.73000
185.98000
180.20000
140.49000
131.38000
170.08000
141.67000
199.09000
119.65000
115.23000
117.72000
186.79000
111.82000
104.80000
106.13000
154.13000
110.18000
142.34000
162.45000
111.13000
126.83000
168.51000
113.55000
178.09000
131.37000
101.20000
192.26000
164.14000
141.12000
150.33000
110.43000
117.49000
199.98000
139.86000
181.50000
175.37000
128.40000
157.83000
170.45000
114.12000
173.42000
106.35000
143.84000
199.11000
158.62000
151.58000
119.78000
134.78000
134.13000
173.73000
189.28000
150.68000
132.38000
133.18000
173.28000
116.10000
171.73000
178.95000
187.57000
188.06000
160.40000
138.77000
114.32000
122.58000
187.57000
119.41000
187.27000
114.71000
169.04000
141.72000
141.73000
148.60000
197.12000
190.63000
164.57000
147.42000
190.72000
165.09000
144.20000
123.45000
145.30000
128.16000
120.63000
127.99000
182.87000
03.73000
02.96000
01.71000
03.26000
01.57000
02.23000
04.90000
01.59000
02.07000
02.97000
01.71000
01.85000
01.10000
02.44000
01.66000
01.70000
01.33000
02.20000
04.06000
02.11000
02.23000
02.12000
04.06000
01.36000
02.10000
02.38000
02.61000
01.04000
04.05000
01.49000
04.48000
04.06000
02.00000
02.24000
04.23000
02.03000
03.94000
02.54000
02.76000
02.08000
03.29000
04.34000
02.66000
04.25000
01.05000
04.85000
03.12000
03.27000
04.47000
01.67000
03.04000
03.17000
03.59000
04.76000
03.10000
03.29000
01.26000
02.35000
03.83000
04.27000
03.16000
03.01000
03.55000
02.10000
03.76000
01.61000
04.40000
02.05000
04.37000
01.34000
03.32000
02.60000
04.54000
04.53000
03.31000
01.95000
02.44000
02.48000
01.61000
01.21000
01.77000
01.61000
02.65000
01.49000
01.13000
03.91000
02.72000
01.17000
01.95000
03.69000
03.87000
01.98000
02.45000
01.58000
04.01000
02.95000
03.68000
02.50000
02.82000
02.43000
03.49000
01.71000
03.84000
04.05000
02.56000
02.17000
04.39000
03.12000
03.28000
02.56000
01.89000
03.27000
02.30000
03.79000
01.75000
02.37000
01.00000
01.91000
01.81000
03.88000
01.36000
03.29000
03.70000
04.60000
04.18000
02.64000
02.88000
04.60000
03.06000
04.93000
02.60000
01.29000
02.42000
03.49000
03.94000
03.40000
03.50000
01.93000
03.80000
04.94000
03.39000
03.60000
01.57000
03.49000
02.94000
03.28000
02.00000
03.43000
03.13000
04.39000
04.12000
02.60000
04.51000
03.37000
03.12000
02.85000
04.42000
02.97000
02.02000
03.34000
03.04000
02.24000
01.64000
02.52000
01.36000
02.56000
02.63000
04.18000
03.16000
01.62000
03.43000
03.41000
01.06000
03.40000
02.31000
04.24000
02.39000
02.50000
01.87000
04.60000
03.29000
02.33000
04.16000
04.82000
02.20000
01.45000
02.71000
01.81000
03.05000
04.65000
02.08000
03.79000
02.57000
03.07000
02.67000
04.29000
04.31000
04.14000
02.67000
04.14000
04.62000
01.60000
04.11000
01.51000
02.66000
01.52000
02.80000
01.86000
02.44000
04.28000
02.65000
02.11000
03.03000
01.99000
01.31000
04.33000
01.07000
04.35000
01.90000
02.83000
01.77000
01.08000
04.55000
04.88000
04.40000
01.38000
03.22000
01.08000
01.09000
04.74000
03.68000
03.33000
02.74000
02.97000
01.49000
02.85000
01.09000
02.20000
04.05000
04.17000
02.69000
04.85000
04.56000
03.13000
02.89000
