35
7
67.58000
37.68000
30.22000
55.54000
9.47000
38.26000
19.23000
34.79000
79.67000
37.68000
98.14000
24.93000
71.81000
26.42000
18.06000
17.23000
28.59000
33.63000
51.37000
16.85000
93.22000
77.62000
51.26000
92.40000
63.99000
17.40000
95.23000
29.38000
37.73000
97.12000
39.56000
72.73000
63.30000
5.62000
63.84000
23.72000
18.88000
97.73000
85.97000
28.14000
7.76000
26.59000
14.31000
64.30000
26.42000
87.04000
31.49000
56.93000
88.18000
18.95000
58.77000
93.20000
59.35000
95.89000
43.69000
76.16000
5.84000
85.57000
9.60000
71.34000
44.57000
91.40000
6.14000
59.14000
96.04000
7.95000
59.77000
83.42000
32.75000
65.45000
18.71000
26.51000
21.19000
84.60000
53.03000
76.35000
26.69000
80.00000
66.69000
63.27000
68.66000
98.41000
75.31000
7.93000
83.03000
25.12000
71.30000
93.37000
56.82000
81.10000
73.38000
21.59000
77.55000
80.47000
77.04000
52.99000
85.83000
74.04000
5.08000
65.91000
23.78000
2.79000
54.11000
2.08000
82.60000
65.85000
53.36000
55.23000
20.75000
28.06000
69.44000
75.26000
99.15000
17.88000
5.03000
92.42000
28.86000
76.82000
45.89000
25.25000
64.50000
37.58000
57.60000
53.72000
16.73000
68.54000
31.00000
74.72000
93.72000
30.23000
32.77000
48.57000
59.75000
19.86000
56.87000
48.51000
76.59000
24.81000
74.04000
13.18000
82.03000
66.92000
86.12000
22.07000
87.56000
81.65000
1.03000
23.71000
84.74000
80.38000
78.78000
39.19000
51.29000
52.04000
81.31000
82.98000
65.46000
73.74000
44.33000
34.96000
58.58000
63.24000
29.87000
85.90000
62.48000
26.49000
76.74000
94.05000
61.09000
8.12000
52.05000
30.53000
39.84000
41.91000
96.73000
69.56000
67.10000
13.95000
19.94000
62.01000
19.36000
27.64000
35.34000
44.28000
65.84000
37.41000
67.12000
13.82000
7.93000
78.61000
47.36000
80.98000
44.53000
76.73000
82.94000
23.55000
29.62000
94.97000
10.03000
29.22000
16.70000
86.67000
37.61000
52.13000
11.33000
43.86000
4.94000
60.32000
20.63000
46.73000
69.46000
11.21000
23.71000
23.35000
79.50000
37.76000
34.65000
69.06000
87.70000
86.33000
50.58000
79.63000
70.99000
52.26000
92.53000
37.79000
32.61000
42.82000
84.08000
14.48000
51.60000
30.71000
98.84000
20.27000
35.30000
2.52000
13.99000
54.91000
65.82000
8.29000
54.74000
57.85000
53.60000
12.97000
51.85000
08.73000
09.26000
06.56000
07.14000
05.18000
09.73000
05.91000
05.56000
09.14000
06.70000
07.34000
07.41000
09.38000
09.12000
06.06000
06.52000
06.93000
05.06000
08.31000
09.59000
07.59000
09.26000
08.82000
08.74000
09.43000
05.58000
08.35000
08.96000
05.27000
09.53000
06.19000
05.64000
05.22000
05.74000
07.62000
08.03000
06.56000
08.86000
09.11000
06.16000
08.23000
08.79000
07.50000
07.05000
07.35000
05.10000
08.12000
09.62000
09.38000
09.72000
05.42000
08.16000
07.10000
08.70000
09.85000
09.85000
08.01000
09.72000
05.35000
07.26000
06.89000
09.63000
06.92000
05.88000
08.30000
06.89000
08.04000
06.54000
09.05000
09.12000
08.95000
06.69000
09.48000
09.86000
07.92000
09.03000
05.97000
08.30000
08.22000
08.48000
08.90000
09.58000
09.99000
09.41000
05.46000
08.58000
06.87000
06.59000
05.12000
09.32000
08.54000
07.67000
07.13000
07.47000
08.16000
05.69000
07.97000
07.83000
09.95000
06.60000
08.92000
06.84000
06.61000
06.70000
08.51000
09.51000
05.48000
06.74000
05.62000
07.75000
07.06000
09.69000
08.42000
05.62000
09.03000
05.65000
05.70000
09.36000
05.76000
09.47000
06.38000
06.79000
05.10000
06.37000
06.65000
09.92000
05.96000
09.49000
07.47000
07.38000
05.72000
07.33000
07.06000
06.92000
07.80000
06.29000
08.40000
07.98000
09.13000
08.17000
07.66000
05.39000
05.11000
06.48000
09.39000
09.26000
06.86000
08.31000
06.84000
09.38000
07.14000
05.62000
05.88000
09.93000
09.52000
08.72000
07.16000
06.73000
06.08000
08.30000
08.58000
09.74000
09.94000
07.98000
07.82000
05.54000
07.71000
06.71000
09.81000
09.90000
07.03000
06.38000
09.27000
05.18000
09.03000
06.21000
09.29000
09.77000
07.55000
05.45000
06.43000
07.39000
08.91000
06.31000
08.75000
09.43000
06.00000
06.67000
08.84000
08.04000
06.60000
07.32000
09.06000
07.00000
07.02000
09.43000
09.04000
09.25000
09.57000
07.06000
08.18000
09.34000
05.11000
09.65000
08.12000
05.99000
05.48000
09.55000
05.29000
09.55000
07.43000
09.30000
08.03000
05.01000
08.74000
09.46000
08.63000
06.37000
06.04000
06.37000
07.92000
06.89000
05.32000
08.37000
05.23000
06.67000
08.58000
06.72000
09.62000
07.48000
06.36000
08.06000
07.45000
05.20000
05.18000
06.91000
09.82000
07.38000
05.12000
08.19000
05.12000
05.69000
07.23000
09.71000
06.48000
