35
7
77.90000
88.67000
79.75000
83.35000
24.20000
58.71000
88.37000
53.29000
62.01000
33.04000
32.73000
44.42000
7.02000
95.33000
51.02000
60.75000
60.06000
9.07000
47.88000
58.33000
64.67000
59.02000
40.84000
93.78000
51.54000
11.75000
11.89000
76.75000
90.03000
56.12000
55.90000
17.43000
40.70000
60.79000
34.20000
28.21000
10.57000
30.17000
22.58000
8.14000
74.94000
58.94000
7.20000
59.87000
94.41000
94.03000
49.46000
9.52000
30.05000
92.28000
86.48000
80.76000
30.14000
86.30000
19.79000
53.30000
83.59000
36.04000
61.84000
5.41000
69.51000
76.21000
92.51000
66.39000
4.68000
70.84000
5.59000
70.10000
93.04000
58.73000
6.13000
53.60000
89.14000
7.70000
34.24000
75.20000
7.64000
86.50000
80.52000
29.86000
97.51000
80.83000
65.04000
62.36000
69.24000
18.70000
20.82000
22.03000
18.49000
3.88000
44.30000
7.23000
79.61000
67.45000
47.85000
18.89000
79.09000
19.30000
7.24000
9.97000
80.11000
91.61000
11.17000
33.99000
36.04000
20.02000
75.54000
67.93000
58.76000
72.68000
2.22000
32.78000
50.08000
81.43000
84.43000
95.13000
88.73000
20.12000
41.17000
25.44000
30.61000
86.90000
1.38000
90.68000
17.78000
60.72000
58.38000
14.88000
32.99000
43.81000
22.45000
18.61000
48.15000
16.20000
64.28000
76.49000
73.86000
83.23000
71.48000
65.69000
29.21000
4.57000
8.26000
54.57000
85.33000
4.29000
36.71000
49.87000
58.79000
8.54000
17.77000
16.31000
11.22000
62.33000
63.34000
43.01000
42.93000
38.96000
2.24000
22.59000
45.40000
85.52000
23.74000
96.73000
47.77000
78.42000
34.00000
12.67000
68.37000
68.84000
2.61000
63.69000
65.19000
35.27000
12.10000
9.34000
68.24000
8.71000
50.62000
21.64000
62.50000
2.47000
74.70000
23.21000
14.04000
55.40000
3.13000
73.77000
30.88000
85.64000
43.74000
86.06000
61.74000
37.66000
22.26000
73.37000
44.51000
30.71000
25.84000
1.04000
54.73000
12.34000
56.57000
33.96000
58.14000
5.90000
80.94000
91.06000
59.14000
61.04000
46.05000
82.33000
48.39000
71.48000
77.71000
2.00000
7.68000
93.91000
77.88000
72.32000
19.85000
38.31000
88.85000
77.62000
41.36000
92.00000
18.35000
51.33000
67.31000
72.58000
85.01000
28.39000
82.00000
71.48000
75.90000
94.79000
9.39000
8.39000
89.01000
41.08000
59.62000
76.83000
87.73000
5.86000
85.48000
01.58000
01.63000
01.28000
02.37000
01.97000
01.34000
02.90000
04.63000
02.33000
03.10000
02.37000
01.88000
03.00000
02.76000
04.94000
03.64000
01.64000
02.98000
04.17000
01.24000
03.21000
03.26000
03.94000
01.80000
01.99000
01.89000
04.42000
02.30000
03.58000
01.97000
04.12000
03.48000
02.88000
01.43000
01.85000
03.49000
04.82000
04.64000
02.23000
02.85000
01.77000
01.11000
03.64000
01.07000
03.23000
03.38000
04.11000
01.22000
03.91000
02.68000
01.29000
02.20000
03.85000
01.05000
01.10000
04.71000
02.37000
01.35000
03.79000
01.25000
04.15000
01.25000
01.92000
02.16000
01.14000
03.24000
02.36000
01.58000
02.62000
04.60000
02.15000
04.15000
02.63000
01.54000
03.09000
04.33000
04.14000
03.82000
01.89000
04.19000
03.94000
02.91000
02.24000
04.18000
03.12000
01.40000
02.14000
04.56000
04.09000
04.72000
03.89000
03.41000
04.56000
03.09000
04.13000
02.61000
03.57000
01.58000
03.77000
01.87000
03.45000
02.02000
02.08000
04.70000
03.86000
01.33000
03.38000
04.40000
01.89000
02.09000
01.49000
01.34000
01.45000
04.74000
04.81000
02.02000
02.33000
02.44000
01.41000
04.27000
04.01000
01.18000
01.64000
01.73000
03.26000
01.75000
04.21000
01.84000
04.17000
01.76000
02.10000
03.88000
04.15000
01.63000
04.63000
04.92000
03.92000
02.59000
03.42000
01.84000
04.99000
02.00000
01.43000
02.26000
02.50000
01.06000
04.08000
01.38000
03.10000
04.13000
04.54000
03.56000
01.31000
03.75000
03.24000
04.00000
02.97000
01.29000
02.93000
01.72000
03.24000
04.92000
02.68000
01.53000
04.58000
03.62000
03.84000
04.09000
02.78000
01.17000
04.12000
03.83000
04.92000
02.20000
03.51000
03.36000
01.46000
02.55000
02.44000
04.74000
01.35000
02.20000
02.49000
04.97000
03.48000
03.25000
02.21000
02.83000
04.76000
01.60000
02.38000
02.90000
01.40000
02.00000
02.15000
01.55000
02.93000
03.99000
04.94000
05.00000
02.20000
03.93000
04.50000
03.25000
01.35000
04.98000
02.90000
04.13000
01.86000
03.13000
03.60000
01.38000
01.33000
02.24000
01.55000
03.85000
04.33000
02.29000
01.38000
01.63000
01.99000
04.37000
03.96000
02.86000
01.57000
03.76000
02.48000
01.47000
01.68000
04.57000
04.44000
03.24000
02.22000
01.72000
01.64000
03.75000
02.40000
02.96000
04.22000
02.37000
02.76000
02.81000
02.59000
04.32000
03.13000
