35
10
82.36000
26.77000
47.35000
36.86000
83.89000
28.81000
34.64000
93.55000
53.18000
63.68000
59.51000
57.97000
86.53000
35.86000
32.61000
44.97000
7.98000
72.58000
87.36000
95.15000
62.33000
28.82000
84.93000
75.88000
24.10000
81.31000
10.23000
77.25000
88.61000
35.53000
70.95000
16.12000
79.89000
18.71000
4.49000
77.07000
84.81000
64.08000
2.85000
67.07000
70.11000
55.92000
15.94000
26.81000
16.74000
51.72000
52.44000
30.93000
55.03000
39.51000
57.04000
79.83000
43.05000
32.04000
98.19000
99.62000
61.63000
66.83000
71.09000
41.21000
18.34000
8.13000
93.69000
78.23000
43.51000
41.96000
11.69000
13.07000
94.20000
82.09000
29.21000
17.90000
57.41000
2.32000
22.13000
83.00000
48.33000
2.04000
2.63000
59.98000
37.85000
76.26000
48.45000
32.75000
17.08000
24.26000
64.06000
11.00000
1.88000
66.10000
77.70000
29.13000
32.85000
50.57000
43.34000
47.32000
76.34000
49.21000
38.71000
50.48000
24.47000
59.31000
67.31000
48.28000
91.08000
41.55000
3.09000
17.41000
25.76000
31.41000
88.73000
20.17000
48.94000
70.38000
37.18000
72.26000
12.48000
66.06000
9.71000
93.60000
90.01000
49.75000
93.33000
28.90000
83.92000
77.53000
3.80000
45.62000
19.34000
32.23000
75.64000
38.94000
45.16000
19.42000
74.11000
27.83000
38.02000
70.42000
86.21000
55.97000
32.07000
57.46000
85.21000
44.65000
26.85000
88.18000
78.62000
88.74000
30.58000
35.14000
82.71000
53.89000
3.42000
62.68000
70.03000
17.85000
29.30000
62.92000
37.88000
83.08000
18.88000
51.70000
8.30000
79.82000
6.58000
69.64000
28.08000
61.05000
51.58000
83.10000
69.77000
5.50000
39.77000
83.16000
31.65000
99.46000
8.43000
41.46000
20.41000
34.87000
60.04000
94.43000
25.28000
13.69000
13.62000
8.49000
74.63000
73.45000
61.38000
31.51000
76.03000
78.39000
24.26000
40.13000
60.80000
16.54000
44.95000
34.73000
85.03000
98.64000
92.92000
40.47000
31.54000
65.22000
63.35000
8.21000
5.89000
77.53000
74.21000
12.60000
50.56000
18.16000
48.03000
83.92000
3.91000
42.76000
50.90000
65.28000
13.87000
38.99000
53.35000
13.83000
22.05000
53.65000
9.34000
87.73000
93.80000
59.27000
95.62000
73.89000
22.22000
53.15000
18.66000
81.00000
21.18000
57.33000
4.70000
44.46000
32.29000
19.61000
7.70000
23.44000
21.88000
11.53000
6.42000
97.73000
56.53000
97.06000
71.85000
34.60000
80.91000
15.61000
35.03000
47.86000
10.83000
91.18000
61.74000
7.94000
69.45000
8.58000
90.48000
8.06000
9.64000
71.40000
84.52000
67.16000
5.04000
13.95000
31.88000
30.93000
56.03000
90.31000
44.30000
66.84000
88.76000
84.31000
60.31000
70.07000
54.11000
2.52000
6.51000
8.68000
1.67000
7.04000
75.07000
38.79000
84.81000
61.83000
1.95000
72.72000
58.95000
57.21000
7.20000
39.71000
57.50000
33.80000
38.60000
91.74000
40.65000
56.94000
68.71000
9.53000
92.29000
18.75000
94.81000
93.56000
24.11000
34.08000
39.95000
75.08000
68.51000
44.52000
49.91000
7.05000
86.67000
38.11000
49.04000
5.92000
65.68000
49.74000
2.32000
80.69000
74.02000
36.15000
51.90000
28.33000
5.61000
96.72000
55.85000
59.60000
27.88000
58.58000
95.00000
14.02000
36.05000
70.62000
76.92000
52.85000
49.05000
9.49000
32.93000
65.10000
11.60000
73.56000
19.12000
63.53000
91.13000
89.98000
17.30000
85.65000
07.47000
05.99000
05.65000
08.00000
09.94000
05.96000
06.68000
08.60000
05.10000
08.77000
09.83000
05.98000
08.38000
08.89000
08.64000
07.76000
06.42000
07.04000
07.89000
07.78000
07.13000
05.20000
08.61000
06.14000
09.69000
06.59000
08.10000
09.18000
09.49000
05.68000
09.88000
09.50000
08.20000
08.19000
08.74000
07.55000
09.76000
05.38000
09.02000
08.36000
09.50000
08.57000
09.70000
09.08000
05.40000
06.48000
07.14000
08.38000
07.73000
05.91000
09.73000
06.21000
07.98000
09.94000
07.09000
08.76000
08.92000
07.87000
05.11000
08.48000
09.55000
05.29000
05.91000
09.04000
05.12000
08.99000
07.87000
05.41000
07.13000
07.06000
09.51000
09.23000
07.99000
08.13000
09.29000
06.91000
06.99000
07.13000
08.78000
05.75000
09.01000
07.64000
06.17000
08.05000
05.40000
05.10000
05.96000
07.32000
08.77000
06.14000
08.86000
08.37000
07.94000
08.70000
06.85000
07.22000
08.04000
06.92000
08.14000
06.16000
05.40000
06.21000
07.21000
08.73000
07.61000
06.25000
06.66000
09.72000
07.14000
06.23000
06.58000
07.90000
09.18000
09.08000
07.60000
08.92000
05.56000
08.81000
05.28000
09.91000
09.99000
05.66000
06.45000
09.25000
07.41000
06.14000
09.16000
06.56000
08.99000
08.01000
07.73000
07.73000
07.19000
05.27000
07.73000
09.89000
05.70000
08.17000
05.98000
06.42000
06.51000
06.39000
06.72000
08.51000
08.28000
07.80000
05.11000
06.80000
06.51000
09.71000
09.69000
09.86000
07.23000
07.22000
09.62000
05.91000
07.73000
06.68000
05.32000
09.43000
06.54000
05.69000
08.44000
06.14000
08.45000
08.09000
06.89000
08.01000
09.49000
08.99000
09.84000
08.27000
06.94000
09.73000
07.69000
06.92000
06.80000
05.09000
06.59000
05.54000
08.51000
08.55000
05.54000
07.89000
05.39000
08.37000
08.07000
08.30000
08.32000
07.00000
08.17000
07.32000
09.42000
08.12000
06.11000
06.77000
07.07000
06.67000
08.38000
09.73000
05.90000
08.86000
07.74000
05.50000
06.79000
07.11000
08.19000
09.66000
06.87000
05.12000
06.16000
08.34000
05.95000
07.81000
07.73000
05.44000
08.91000
07.87000
08.53000
09.65000
09.76000
05.71000
07.41000
08.88000
05.45000
07.37000
09.48000
07.29000
09.22000
05.13000
06.07000
05.29000
05.54000
07.54000
09.79000
09.54000
05.12000
09.37000
09.48000
07.96000
09.94000
06.66000
05.24000
09.70000
08.23000
06.80000
05.94000
06.47000
08.54000
06.83000
09.67000
09.44000
09.21000
05.61000
08.03000
08.93000
05.55000
07.76000
07.20000
07.70000
06.91000
09.15000
09.63000
09.75000
08.83000
06.92000
09.00000
05.34000
08.14000
09.45000
05.26000
05.96000
07.90000
06.36000
09.61000
09.37000
07.44000
08.53000
09.47000
09.58000
06.88000
05.16000
08.77000
09.73000
05.75000
07.44000
06.84000
07.18000
08.91000
06.95000
09.24000
06.44000
08.00000
09.42000
05.75000
06.36000
05.94000
06.82000
07.41000
07.03000
06.89000
07.37000
06.51000
09.82000
06.26000
05.54000
06.57000
07.31000
05.71000
07.05000
07.38000
08.34000
08.15000
08.89000
09.99000
09.68000
08.06000
09.95000
09.41000
06.29000
06.70000
09.65000
09.87000
07.02000
06.07000
08.91000
07.27000
06.83000
07.67000
05.82000
06.24000
06.91000
09.24000
09.68000
07.67000
09.70000
09.80000
06.07000
08.67000
08.89000
09.59000
06.80000
07.63000
09.42000
05.13000
09.93000
09.18000
07.49000
09.16000
09.79000
