35
7
84.68000
58.66000
28.01000
37.78000
20.08000
90.62000
62.93000
33.46000
54.31000
4.44000
2.63000
47.41000
68.80000
17.62000
38.68000
7.06000
8.39000
2.67000
5.31000
64.16000
29.84000
31.68000
22.93000
50.23000
56.34000
29.77000
52.65000
21.12000
25.01000
22.60000
44.71000
9.44000
35.38000
86.89000
87.04000
68.87000
62.42000
15.13000
3.16000
38.85000
66.82000
47.08000
72.53000
97.04000
63.04000
54.20000
24.72000
67.24000
28.38000
77.62000
97.72000
47.04000
3.62000
11.53000
73.17000
61.36000
43.41000
48.66000
18.89000
12.86000
67.86000
36.79000
41.37000
28.56000
10.98000
23.23000
38.29000
14.22000
68.20000
7.37000
89.97000
51.30000
49.84000
82.55000
30.05000
17.36000
72.78000
96.52000
86.48000
98.41000
36.19000
86.13000
59.48000
90.40000
13.30000
15.19000
35.43000
63.10000
41.78000
96.53000
40.39000
13.55000
74.20000
49.55000
89.58000
14.61000
27.56000
40.67000
38.90000
66.40000
30.79000
39.87000
30.42000
46.89000
78.22000
17.21000
91.32000
83.67000
8.65000
83.41000
14.69000
86.60000
86.28000
49.03000
97.44000
39.50000
9.73000
95.98000
87.19000
7.47000
47.15000
11.69000
17.72000
32.42000
35.09000
30.67000
60.50000
83.56000
22.04000
91.96000
79.16000
7.90000
20.91000
86.66000
75.00000
74.73000
58.53000
6.39000
38.51000
35.15000
17.93000
79.03000
10.01000
19.41000
24.31000
62.96000
85.87000
87.65000
81.42000
36.51000
23.82000
46.01000
44.39000
5.23000
13.88000
30.75000
79.26000
75.24000
37.24000
55.94000
19.51000
7.69000
14.78000
62.94000
9.53000
60.28000
54.54000
68.92000
59.13000
46.75000
6.22000
18.32000
93.05000
79.41000
5.71000
34.44000
31.60000
52.84000
11.95000
33.71000
9.04000
91.19000
1.11000
84.30000
57.03000
17.55000
6.75000
70.35000
27.61000
57.14000
67.31000
1.29000
83.73000
40.72000
12.39000
61.33000
55.76000
48.09000
7.26000
64.99000
85.01000
61.62000
8.36000
1.60000
79.18000
15.70000
10.82000
84.76000
58.93000
44.29000
25.30000
24.57000
7.95000
45.74000
89.79000
29.50000
97.80000
64.85000
37.69000
66.12000
36.71000
74.55000
14.16000
89.73000
69.62000
24.71000
5.03000
81.91000
59.39000
64.74000
84.32000
1.03000
31.30000
98.12000
67.70000
29.78000
24.55000
29.85000
57.03000
30.63000
42.77000
14.00000
93.84000
90.34000
4.51000
08.82000
06.58000
08.36000
05.12000
07.72000
09.54000
07.53000
06.11000
09.22000
07.35000
07.45000
05.04000
08.79000
09.56000
06.61000
05.40000
07.29000
07.98000
07.61000
06.70000
08.46000
09.20000
09.71000
06.96000
06.44000
07.05000
06.31000
05.22000
08.27000
05.16000
07.44000
09.05000
06.35000
09.39000
07.29000
06.61000
05.66000
05.81000
05.51000
08.14000
05.19000
06.12000
08.05000
09.51000
08.55000
07.14000
09.68000
09.91000
06.66000
05.14000
06.83000
07.06000
05.85000
08.65000
05.09000
09.68000
05.33000
05.99000
06.68000
05.03000
09.72000
07.69000
07.97000
06.35000
06.51000
09.11000
06.96000
05.42000
08.59000
07.83000
08.23000
05.43000
06.34000
06.05000
05.13000
07.40000
09.16000
06.43000
08.23000
05.15000
08.58000
07.44000
05.29000
07.09000
06.00000
07.08000
05.74000
05.16000
08.21000
05.60000
08.12000
07.30000
09.91000
08.02000
07.63000
09.98000
06.16000
06.62000
08.60000
05.68000
09.94000
08.45000
07.00000
05.38000
09.60000
08.84000
08.44000
09.50000
06.67000
09.19000
06.47000
05.72000
07.29000
09.23000
09.17000
07.73000
08.86000
08.90000
07.29000
08.16000
08.24000
07.91000
08.22000
08.15000
07.69000
08.23000
08.46000
09.88000
07.37000
06.58000
06.19000
09.03000
07.82000
06.98000
08.70000
07.29000
07.48000
08.20000
09.94000
09.88000
06.25000
08.21000
06.49000
06.02000
08.69000
08.37000
05.00000
07.19000
08.52000
09.55000
08.24000
08.21000
05.20000
08.42000
09.91000
05.94000
06.05000
06.39000
05.36000
05.75000
08.82000
07.16000
09.08000
09.01000
09.13000
09.18000
07.21000
05.63000
07.99000
08.17000
05.01000
06.53000
09.30000
09.62000
09.39000
07.68000
07.80000
08.73000
07.24000
08.45000
05.72000
07.98000
07.48000
07.13000
08.02000
08.66000
09.05000
08.81000
09.64000
09.13000
08.64000
09.53000
08.37000
07.55000
09.54000
08.90000
07.42000
09.31000
09.23000
07.51000
07.88000
09.59000
06.81000
09.49000
06.23000
05.83000
05.50000
09.96000
06.84000
05.24000
05.70000
06.74000
05.31000
09.16000
06.79000
06.49000
07.29000
08.68000
06.88000
07.14000
07.22000
09.07000
06.47000
07.97000
05.48000
05.44000
05.21000
09.26000
05.36000
07.64000
09.37000
09.82000
05.52000
07.81000
09.40000
09.47000
07.53000
07.82000
07.35000
06.56000
08.33000
06.85000
09.44000
05.43000
07.77000
