35
10
180.81000
169.11000
178.21000
193.06000
151.08000
168.69000
192.85000
177.67000
185.97000
115.78000
151.98000
142.81000
101.47000
132.65000
184.11000
123.24000
138.61000
166.57000
142.76000
178.72000
163.40000
189.80000
106.45000
194.02000
166.87000
199.61000
178.69000
178.90000
165.01000
118.27000
187.99000
168.14000
198.86000
193.03000
187.88000
153.88000
198.47000
196.59000
175.45000
134.23000
183.12000
107.46000
156.69000
158.52000
157.92000
181.22000
125.14000
170.90000
123.25000
174.51000
193.70000
140.52000
104.50000
168.99000
100.25000
161.51000
152.07000
171.28000
107.68000
153.02000
141.34000
113.03000
103.89000
159.18000
172.71000
150.89000
101.77000
149.14000
171.57000
166.48000
126.54000
176.51000
105.94000
122.17000
180.28000
134.67000
115.62000
130.85000
192.09000
166.62000
153.87000
186.95000
159.22000
175.87000
130.46000
106.48000
103.95000
190.94000
180.15000
130.46000
173.54000
165.34000
162.70000
124.91000
140.25000
177.59000
162.89000
180.84000
101.36000
131.20000
190.48000
114.26000
179.12000
154.69000
180.23000
165.12000
152.98000
134.94000
139.45000
124.79000
143.06000
129.28000
115.43000
169.53000
159.71000
143.26000
180.66000
174.72000
134.57000
164.76000
179.30000
140.76000
124.28000
106.68000
180.49000
193.03000
110.48000
106.90000
178.36000
181.93000
199.81000
128.33000
192.06000
182.85000
123.91000
158.84000
165.72000
196.18000
139.42000
111.33000
124.62000
158.58000
149.52000
116.20000
145.45000
168.71000
163.64000
180.61000
194.36000
180.47000
116.97000
110.90000
149.87000
178.61000
100.53000
104.33000
115.49000
172.89000
130.34000
183.17000
119.74000
198.09000
147.42000
194.67000
116.14000
113.97000
117.77000
111.12000
183.20000
105.30000
132.41000
129.77000
124.43000
181.84000
107.36000
120.17000
114.69000
113.49000
147.87000
161.73000
100.65000
125.90000
153.56000
118.54000
163.67000
153.75000
114.63000
197.22000
166.64000
116.18000
106.46000
129.43000
197.44000
157.33000
129.46000
171.80000
168.97000
146.33000
109.00000
105.97000
119.13000
177.33000
195.49000
138.59000
110.79000
169.47000
164.30000
101.29000
131.85000
166.89000
170.88000
121.79000
133.86000
151.35000
131.87000
147.99000
113.77000
136.36000
192.52000
130.20000
195.11000
182.27000
112.60000
134.43000
150.12000
167.59000
176.87000
151.71000
176.10000
195.83000
195.11000
198.05000
195.29000
195.52000
102.07000
114.46000
154.97000
120.17000
157.53000
166.97000
127.39000
148.28000
146.24000
146.58000
109.84000
194.01000
154.37000
169.14000
199.02000
125.11000
163.00000
101.80000
168.24000
115.68000
138.23000
109.77000
148.02000
103.63000
174.21000
143.42000
144.99000
151.83000
190.08000
178.15000
190.79000
148.19000
129.98000
114.35000
142.07000
105.59000
163.05000
177.42000
180.47000
161.92000
183.44000
117.73000
112.62000
180.07000
110.27000
110.69000
152.66000
115.69000
103.54000
125.01000
172.58000
148.99000
118.80000
184.95000
190.30000
144.26000
174.25000
102.36000
146.85000
148.76000
123.40000
137.01000
108.24000
134.76000
144.78000
173.68000
165.49000
199.52000
141.90000
122.11000
134.61000
165.32000
143.27000
117.09000
156.61000
179.42000
102.41000
118.37000
197.52000
114.08000
197.84000
185.15000
130.41000
115.45000
181.94000
124.76000
131.06000
144.36000
153.59000
107.14000
151.93000
197.50000
105.03000
101.44000
118.41000
156.50000
174.15000
101.80000
180.90000
128.01000
123.85000
127.36000
114.78000
143.66000
142.01000
122.27000
120.44000
160.10000
141.52000
155.66000
123.27000
158.97000
160.27000
121.67000
173.67000
146.91000
06.72000
06.60000
06.98000
05.42000
06.62000
08.43000
09.12000
05.89000
09.63000
05.94000
07.41000
07.10000
08.37000
05.80000
07.55000
08.83000
06.67000
05.91000
06.53000
07.12000
09.63000
05.44000
07.57000
09.24000
08.61000
09.79000
05.14000
08.74000
06.20000
05.63000
09.96000
05.40000
06.24000
05.87000
09.00000
09.91000
08.86000
07.29000
08.95000
06.77000
07.02000
09.73000
05.29000
07.35000
06.98000
08.05000
08.85000
05.03000
08.67000
08.75000
07.71000
09.43000
08.28000
09.58000
06.19000
06.44000
08.26000
09.55000
09.85000
08.19000
07.30000
08.92000
05.50000
08.05000
05.33000
09.18000
06.21000
05.66000
08.56000
08.10000
07.58000
08.30000
09.79000
06.24000
09.71000
07.36000
09.94000
06.62000
05.96000
08.16000
08.62000
07.71000
06.71000
05.17000
09.37000
07.09000
08.64000
09.13000
06.96000
08.61000
09.65000
07.00000
07.43000
07.38000
08.91000
07.00000
08.07000
09.74000
06.82000
08.61000
07.42000
08.28000
05.04000
07.55000
05.25000
05.12000
08.46000
06.76000
08.58000
07.97000
09.95000
07.07000
07.34000
08.38000
07.77000
09.74000
08.03000
05.03000
07.17000
06.60000
09.02000
07.86000
09.66000
05.71000
09.94000
08.07000
07.98000
06.38000
06.67000
08.10000
06.15000
09.19000
06.34000
06.64000
09.42000
05.95000
07.33000
08.63000
09.28000
09.72000
07.47000
08.51000
07.74000
07.66000
05.56000
07.03000
05.74000
09.45000
07.25000
08.13000
05.68000
09.17000
05.77000
09.07000
08.89000
07.23000
05.58000
08.41000
07.98000
05.29000
07.40000
05.93000
06.79000
06.27000
08.22000
07.65000
05.42000
09.31000
06.26000
05.87000
05.22000
09.84000
05.97000
09.12000
08.79000
05.82000
09.35000
07.88000
09.53000
05.53000
06.85000
07.11000
06.73000
08.26000
08.10000
09.35000
05.93000
08.02000
08.68000
06.71000
05.83000
05.07000
05.39000
07.57000
06.37000
05.91000
06.31000
06.57000
08.74000
08.29000
05.74000
09.58000
05.38000
06.21000
09.26000
08.73000
09.99000
09.94000
08.69000
07.41000
08.59000
07.81000
08.66000
09.81000
07.93000
07.44000
06.56000
09.52000
05.12000
06.48000
07.06000
07.91000
06.22000
05.03000
09.32000
08.21000
08.49000
09.44000
08.75000
09.87000
05.49000
07.30000
07.01000
08.64000
06.99000
07.46000
07.01000
06.47000
09.03000
05.02000
07.91000
06.59000
08.89000
06.32000
05.11000
09.81000
09.96000
09.16000
06.12000
06.47000
05.70000
08.25000
07.93000
09.53000
06.77000
06.36000
08.47000
08.30000
09.03000
05.93000
06.74000
08.34000
09.62000
05.64000
08.00000
06.47000
06.93000
05.45000
08.75000
05.75000
05.56000
06.55000
06.74000
05.51000
06.42000
06.36000
05.99000
06.31000
06.62000
08.60000
09.41000
05.34000
07.42000
09.63000
08.42000
08.68000
06.04000
05.37000
05.57000
05.52000
06.44000
05.31000
09.71000
08.80000
05.59000
05.46000
05.93000
07.66000
06.72000
08.13000
05.59000
07.52000
09.31000
06.85000
06.29000
05.04000
09.07000
06.40000
06.86000
08.12000
07.98000
07.81000
07.41000
05.94000
09.25000
06.37000
05.61000
07.65000
09.06000
08.41000
05.44000
06.45000
05.89000
09.34000
07.55000
06.92000
06.07000
08.79000
08.13000
06.82000
08.91000
07.65000
09.62000
05.16000
09.98000
08.04000
05.72000
07.20000
06.09000
08.34000
06.36000
09.42000
05.31000
08.18000
07.73000
09.60000
06.95000
08.44000
07.29000
06.72000
