35
7
11.16000
19.14000
96.82000
17.87000
17.70000
56.64000
33.40000
29.83000
88.85000
42.32000
29.26000
92.34000
37.96000
76.12000
9.88000
15.29000
38.82000
12.00000
38.47000
30.84000
81.14000
2.46000
68.35000
50.98000
20.04000
53.08000
91.57000
13.96000
21.56000
71.95000
89.32000
32.87000
18.17000
18.22000
81.46000
98.28000
66.77000
44.68000
41.75000
27.88000
34.41000
94.93000
71.94000
34.66000
95.77000
25.80000
77.58000
22.87000
61.10000
57.85000
30.58000
71.55000
2.09000
66.72000
40.52000
88.01000
4.36000
28.57000
8.17000
55.41000
18.92000
69.61000
70.95000
82.15000
10.75000
20.60000
58.47000
55.47000
8.21000
60.36000
40.25000
63.73000
57.02000
13.33000
25.26000
8.35000
59.06000
83.11000
27.44000
94.07000
41.60000
71.11000
75.93000
98.28000
9.80000
21.56000
90.05000
72.17000
32.27000
29.75000
27.80000
93.23000
92.51000
93.49000
34.33000
17.74000
39.47000
63.66000
95.49000
25.29000
33.01000
89.68000
87.28000
74.26000
98.41000
7.06000
62.03000
96.90000
92.15000
94.08000
2.89000
23.11000
90.49000
78.78000
41.05000
61.50000
11.79000
25.49000
54.08000
60.63000
56.15000
99.12000
7.70000
43.85000
91.06000
20.58000
5.31000
60.79000
96.95000
7.36000
40.48000
38.91000
18.65000
30.99000
46.46000
30.94000
12.94000
64.55000
44.65000
66.42000
2.01000
30.06000
62.26000
1.74000
10.10000
84.68000
53.89000
61.70000
53.27000
65.32000
80.67000
13.13000
17.58000
57.95000
66.55000
72.73000
1.00000
51.14000
23.67000
38.01000
65.95000
84.45000
2.84000
29.76000
90.76000
1.04000
44.03000
46.60000
17.17000
91.09000
27.89000
14.41000
97.86000
52.33000
22.24000
74.79000
37.46000
19.94000
58.34000
2.93000
69.60000
5.64000
84.31000
39.44000
94.76000
50.85000
39.96000
49.89000
94.91000
65.24000
93.63000
25.13000
65.93000
59.00000
6.88000
31.83000
67.14000
93.37000
74.92000
63.95000
72.78000
33.16000
87.12000
92.24000
21.49000
91.21000
69.55000
14.75000
63.87000
85.89000
61.69000
38.28000
34.83000
34.35000
92.42000
52.90000
59.11000
1.19000
24.93000
94.39000
90.04000
68.25000
35.31000
99.46000
7.50000
67.84000
41.34000
31.15000
2.28000
31.81000
48.98000
27.26000
31.60000
43.08000
3.82000
53.92000
66.60000
87.09000
38.67000
54.02000
42.84000
2.34000
27.98000
95.78000
8.81000
05.81000
07.87000
07.07000
05.47000
07.99000
06.55000
05.20000
05.56000
07.96000
05.03000
05.68000
08.69000
06.50000
05.68000
07.29000
06.17000
09.77000
08.12000
07.97000
05.33000
06.85000
06.74000
07.27000
06.99000
07.17000
08.20000
08.92000
08.02000
08.08000
08.92000
08.25000
08.77000
07.31000
07.60000
09.76000
09.80000
07.72000
08.52000
05.67000
09.01000
06.89000
07.61000
08.21000
09.73000
09.44000
06.74000
05.80000
08.97000
06.61000
10.00000
05.19000
07.24000
05.05000
08.72000
07.29000
06.10000
09.29000
09.02000
09.62000
05.60000
09.23000
09.27000
08.86000
06.81000
07.71000
07.62000
08.34000
09.32000
07.90000
09.48000
09.58000
08.07000
09.85000
05.59000
08.74000
09.85000
09.90000
09.07000
09.12000
08.45000
05.48000
06.89000
08.81000
05.10000
08.31000
09.86000
07.54000
09.56000
05.50000
06.03000
09.16000
07.56000
07.05000
08.23000
09.20000
08.40000
08.33000
06.57000
07.28000
07.36000
07.64000
05.89000
09.70000
08.25000
08.64000
09.75000
08.57000
08.89000
05.49000
08.50000
08.01000
08.30000
07.19000
07.21000
06.53000
08.92000
08.15000
08.63000
05.19000
06.18000
05.53000
05.28000
06.68000
09.07000
06.93000
06.93000
07.83000
07.54000
07.81000
08.14000
07.12000
05.10000
09.01000
05.72000
07.16000
06.26000
09.30000
06.25000
07.20000
09.04000
07.95000
06.87000
06.14000
06.97000
09.19000
07.88000
06.48000
05.95000
05.20000
09.55000
05.32000
09.59000
05.73000
06.36000
06.68000
07.54000
08.45000
07.53000
06.24000
07.98000
06.39000
09.58000
08.77000
05.12000
05.49000
08.77000
05.74000
06.66000
07.07000
08.63000
07.73000
06.33000
05.36000
07.46000
06.95000
05.15000
08.07000
06.83000
09.65000
08.26000
06.77000
05.62000
08.38000
05.64000
06.59000
09.85000
06.59000
05.18000
07.79000
05.71000
06.28000
05.75000
08.48000
09.14000
06.07000
09.76000
07.17000
08.37000
08.74000
05.63000
05.27000
06.39000
08.69000
05.27000
09.57000
08.44000
09.49000
06.65000
09.76000
09.55000
07.44000
05.12000
09.28000
05.88000
07.71000
09.97000
05.25000
09.88000
09.20000
06.44000
05.30000
08.14000
07.71000
06.64000
05.12000
08.58000
08.21000
08.65000
08.30000
08.87000
07.29000
09.11000
08.83000
08.95000
05.71000
05.65000
08.57000
08.52000
05.82000
09.41000
09.80000
09.55000
09.17000
07.56000
07.65000
