35
10
163.16000
126.33000
145.82000
153.06000
125.72000
114.18000
193.16000
138.26000
127.49000
167.91000
147.11000
109.83000
159.49000
184.77000
111.17000
177.55000
137.74000
187.05000
113.86000
176.19000
103.25000
121.99000
108.69000
165.51000
122.04000
161.88000
174.19000
130.27000
185.12000
103.96000
113.86000
180.25000
108.51000
170.52000
156.22000
186.31000
189.05000
115.03000
109.81000
134.67000
105.68000
157.77000
133.76000
198.46000
177.69000
122.39000
197.67000
196.82000
180.46000
140.54000
189.41000
173.91000
114.40000
168.85000
121.88000
198.85000
104.88000
188.96000
132.97000
165.79000
102.30000
107.51000
185.57000
193.86000
182.05000
156.15000
167.57000
127.22000
144.52000
191.51000
139.31000
172.03000
161.53000
180.38000
142.66000
155.48000
195.62000
111.03000
147.42000
199.82000
189.14000
163.71000
125.88000
183.58000
126.85000
129.42000
175.29000
110.26000
118.52000
124.20000
117.92000
108.39000
198.92000
189.05000
101.04000
131.47000
127.82000
189.99000
196.90000
158.02000
189.97000
118.04000
102.78000
191.57000
195.14000
168.14000
135.12000
142.07000
104.57000
111.74000
190.29000
193.59000
115.75000
130.64000
156.00000
142.47000
187.66000
175.23000
138.91000
151.61000
139.47000
120.90000
170.65000
108.91000
115.31000
168.04000
107.87000
127.24000
184.32000
142.04000
132.20000
144.51000
140.64000
193.30000
150.29000
123.60000
103.41000
197.19000
193.78000
152.40000
144.54000
199.99000
175.29000
173.18000
158.23000
133.36000
141.45000
191.89000
112.12000
124.21000
146.44000
119.83000
159.71000
132.30000
156.27000
129.26000
179.52000
142.40000
161.95000
117.47000
175.08000
164.28000
179.50000
106.70000
174.89000
132.69000
149.95000
144.24000
132.47000
107.41000
139.29000
102.33000
126.33000
173.20000
138.55000
134.37000
106.72000
199.15000
198.81000
149.22000
139.31000
117.46000
130.62000
188.30000
151.69000
147.70000
108.04000
133.23000
181.75000
184.00000
181.46000
190.68000
192.38000
145.50000
126.27000
192.27000
171.47000
176.34000
142.87000
194.65000
131.92000
145.67000
156.65000
179.46000
111.62000
147.62000
117.98000
153.33000
173.45000
101.33000
113.35000
124.11000
188.19000
152.59000
171.40000
107.43000
158.72000
110.15000
109.97000
171.37000
199.03000
140.72000
163.84000
156.95000
156.39000
197.81000
192.75000
130.18000
103.06000
159.94000
181.49000
182.08000
136.31000
130.62000
139.82000
128.66000
178.40000
138.36000
102.49000
110.94000
176.60000
136.69000
129.29000
194.94000
103.18000
108.05000
141.43000
108.69000
195.13000
150.22000
101.66000
194.42000
154.82000
179.61000
149.98000
170.69000
134.06000
109.10000
155.54000
162.88000
114.47000
176.59000
112.47000
121.38000
102.70000
144.96000
139.91000
121.59000
130.39000
102.11000
182.01000
163.90000
154.18000
160.92000
107.90000
173.69000
155.71000
159.29000
111.73000
101.36000
165.51000
195.10000
114.73000
154.66000
122.62000
130.35000
145.11000
166.35000
127.16000
120.92000
152.80000
116.37000
195.13000
189.08000
166.31000
139.50000
167.55000
182.11000
139.14000
195.49000
110.43000
172.26000
149.83000
169.12000
114.80000
156.80000
101.88000
170.14000
196.66000
158.00000
123.80000
133.33000
197.03000
123.12000
169.13000
179.47000
108.17000
113.55000
130.62000
191.38000
163.84000
116.13000
105.54000
192.55000
179.97000
176.93000
187.98000
127.13000
156.94000
152.57000
190.83000
164.25000
120.16000
124.71000
152.00000
198.06000
119.99000
199.98000
134.36000
147.70000
131.85000
110.02000
125.81000
157.30000
156.12000
111.47000
139.23000
196.01000
118.18000
185.97000
04.55000
04.91000
04.40000
03.50000
01.15000
03.53000
01.95000
03.57000
03.28000
04.49000
04.94000
03.51000
04.04000
04.13000
04.98000
02.17000
01.50000
03.77000
02.63000
03.37000
02.73000
01.73000
03.47000
03.94000
03.83000
01.36000
02.09000
01.70000
01.85000
02.97000
02.05000
03.49000
02.89000
03.89000
03.94000
01.56000
02.68000
02.02000
04.38000
04.64000
03.13000
01.90000
02.07000
02.11000
01.18000
03.40000
03.22000
03.69000
03.78000
02.73000
01.28000
04.07000
02.90000
01.08000
02.70000
02.95000
03.49000
04.67000
02.93000
01.05000
03.49000
04.70000
02.44000
04.06000
01.86000
01.37000
02.66000
02.68000
02.55000
03.88000
02.27000
01.36000
02.78000
02.07000
01.78000
01.32000
03.73000
03.49000
03.37000
04.22000
03.79000
04.51000
02.37000
04.65000
04.80000
02.22000
03.10000
02.17000
01.58000
02.70000
02.89000
01.36000
01.97000
01.01000
04.08000
03.82000
02.79000
01.25000
01.98000
04.10000
01.86000
04.48000
04.94000
01.80000
02.03000
03.45000
04.56000
03.14000
03.57000
01.41000
03.70000
02.28000
04.11000
02.58000
01.82000
01.98000
01.61000
04.92000
02.12000
02.70000
01.77000
03.39000
04.81000
01.89000
03.30000
01.92000
03.10000
02.01000
01.90000
01.48000
03.19000
02.50000
02.27000
04.02000
04.27000
03.83000
02.12000
04.50000
02.56000
03.44000
01.02000
02.71000
02.41000
04.04000
04.10000
02.49000
02.32000
02.70000
04.60000
01.62000
03.82000
02.51000
04.12000
04.94000
02.98000
02.79000
01.21000
02.26000
04.90000
03.86000
03.47000
04.42000
03.64000
03.07000
03.46000
03.25000
02.29000
02.72000
02.78000
03.56000
04.91000
02.16000
03.98000
03.21000
04.60000
03.85000
04.27000
01.80000
04.22000
04.57000
02.43000
02.23000
04.60000
02.64000
03.26000
01.48000
03.75000
04.25000
02.22000
04.25000
03.63000
04.61000
03.76000
04.25000
03.19000
03.92000
01.33000
04.18000
02.39000
03.39000
01.40000
03.74000
02.18000
01.22000
03.40000
03.64000
04.51000
04.61000
03.80000
01.57000
01.90000
04.53000
04.40000
04.13000
01.47000
01.13000
03.60000
02.95000
01.62000
02.30000
04.67000
03.25000
02.20000
03.13000
01.95000
02.62000
04.01000
03.69000
02.76000
03.64000
04.90000
01.06000
03.43000
01.88000
03.68000
01.32000
01.29000
01.92000
04.20000
03.54000
02.67000
01.35000
03.27000
03.81000
02.89000
03.25000
04.55000
02.55000
01.26000
01.01000
04.70000
01.20000
01.60000
04.55000
02.53000
01.24000
03.85000
04.32000
01.74000
03.62000
02.21000
03.79000
03.04000
02.29000
03.87000
03.40000
04.13000
04.21000
01.05000
04.61000
03.70000
01.32000
02.95000
01.87000
01.48000
02.59000
03.77000
02.63000
02.15000
01.96000
03.79000
01.99000
04.28000
03.27000
02.29000
04.17000
01.11000
01.40000
01.34000
01.97000
02.91000
01.18000
03.03000
04.70000
02.26000
02.44000
02.44000
02.69000
04.74000
02.01000
03.64000
03.28000
04.93000
01.71000
03.71000
02.80000
02.41000
04.37000
04.74000
02.57000
01.75000
01.83000
01.79000
04.91000
04.53000
02.06000
04.37000
03.50000
01.49000
04.76000
03.39000
03.45000
04.32000
05.00000
03.39000
04.66000
02.49000
01.48000
04.35000
04.33000
02.47000
01.90000
03.20000
04.68000
03.70000
02.97000
01.91000
04.90000
02.63000
02.40000
03.43000
01.20000
04.72000
02.87000
03.71000
02.78000
04.43000
04.11000
03.70000
03.84000
