35
7
117.03000
152.31000
192.13000
121.49000
176.06000
179.65000
138.30000
187.92000
117.22000
113.04000
199.70000
169.47000
125.84000
186.62000
118.65000
101.04000
138.76000
173.58000
164.06000
131.61000
194.42000
136.18000
181.38000
174.22000
182.81000
175.73000
142.63000
155.96000
195.48000
182.62000
196.41000
168.01000
175.55000
186.28000
117.85000
127.64000
108.87000
136.71000
105.69000
129.08000
175.90000
117.77000
157.37000
135.42000
138.06000
151.48000
135.71000
114.40000
102.53000
118.83000
154.90000
197.80000
128.05000
139.90000
155.73000
131.47000
174.92000
123.81000
155.52000
125.32000
155.01000
118.75000
198.16000
103.33000
181.74000
161.99000
104.13000
153.53000
120.10000
129.83000
169.95000
124.72000
149.89000
163.59000
114.81000
116.95000
169.26000
113.04000
194.47000
130.98000
103.00000
117.96000
118.46000
131.42000
180.16000
106.23000
172.85000
146.92000
181.36000
144.80000
170.30000
120.21000
188.77000
189.66000
100.02000
158.07000
136.14000
135.90000
177.77000
181.36000
158.77000
167.63000
195.89000
175.00000
143.52000
121.92000
178.20000
126.88000
135.79000
113.04000
108.94000
108.92000
139.33000
133.02000
126.54000
185.92000
182.74000
167.55000
112.39000
119.33000
116.93000
191.39000
124.45000
134.71000
144.39000
118.35000
147.24000
171.64000
169.18000
151.33000
141.84000
133.80000
146.92000
132.25000
195.91000
138.90000
134.78000
192.13000
173.65000
168.73000
180.56000
107.29000
194.71000
195.45000
187.26000
190.13000
102.54000
153.84000
194.32000
170.28000
155.54000
136.56000
172.98000
180.33000
106.96000
101.98000
196.03000
141.88000
186.64000
172.51000
187.85000
115.65000
150.98000
184.61000
174.36000
151.38000
132.94000
138.83000
133.05000
137.89000
192.03000
149.76000
142.97000
153.06000
164.35000
176.84000
149.09000
129.48000
171.42000
116.76000
150.03000
124.94000
135.07000
125.51000
167.44000
142.42000
108.42000
144.25000
194.43000
161.37000
116.63000
128.19000
125.68000
150.29000
161.40000
196.64000
107.44000
116.76000
171.00000
182.93000
187.50000
157.39000
150.27000
184.48000
165.23000
107.89000
130.60000
112.77000
141.56000
193.01000
109.69000
195.35000
111.52000
156.07000
185.31000
102.14000
194.78000
172.55000
170.97000
122.78000
116.87000
192.01000
137.14000
195.30000
192.79000
140.76000
180.84000
171.79000
139.08000
134.20000
175.66000
168.43000
123.86000
126.76000
121.73000
115.44000
116.80000
161.94000
195.77000
107.10000
139.16000
122.33000
101.05000
151.77000
113.73000
04.30000
01.56000
04.90000
02.59000
01.08000
02.47000
03.25000
02.60000
01.57000
03.72000
04.34000
04.85000
01.52000
03.21000
01.09000
03.16000
02.53000
02.15000
03.23000
01.65000
01.96000
03.08000
03.30000
04.76000
03.03000
03.84000
02.65000
03.24000
04.75000
03.58000
01.47000
04.15000
03.95000
04.78000
04.73000
03.46000
02.14000
02.89000
04.57000
02.08000
03.84000
04.23000
02.14000
02.16000
03.68000
04.31000
01.07000
01.60000
02.81000
03.42000
01.67000
02.57000
04.17000
01.15000
01.03000
01.56000
02.54000
02.40000
03.07000
03.40000
02.48000
03.39000
04.54000
03.20000
04.39000
01.64000
04.97000
04.40000
02.46000
02.01000
03.33000
03.58000
04.33000
03.37000
03.03000
04.18000
01.62000
03.38000
01.12000
04.22000
02.75000
01.79000
02.45000
01.95000
02.23000
01.27000
02.69000
03.94000
04.39000
03.77000
02.33000
03.06000
01.37000
04.58000
04.66000
04.49000
03.11000
02.29000
01.79000
03.73000
03.38000
04.80000
04.64000
04.60000
01.77000
02.57000
04.26000
03.34000
03.39000
01.39000
01.53000
02.03000
04.45000
03.81000
02.94000
03.39000
02.30000
01.55000
04.72000
02.05000
04.81000
03.63000
01.92000
04.93000
01.69000
02.40000
02.40000
01.28000
02.45000
03.51000
04.82000
04.67000
02.43000
03.93000
04.66000
02.97000
04.75000
01.94000
04.23000
04.37000
01.82000
01.66000
02.46000
03.38000
04.82000
04.35000
02.35000
01.79000
03.34000
02.42000
03.39000
03.34000
02.83000
01.97000
01.18000
03.02000
04.55000
02.40000
02.14000
04.16000
03.59000
02.43000
01.50000
04.37000
02.82000
02.09000
01.31000
01.59000
02.96000
04.71000
04.43000
04.06000
04.51000
02.96000
04.52000
03.91000
01.59000
04.57000
03.68000
01.35000
03.15000
04.63000
04.75000
02.58000
02.31000
01.10000
03.22000
04.68000
01.87000
02.45000
02.07000
03.02000
04.48000
02.48000
03.09000
01.28000
02.60000
02.26000
04.90000
01.47000
04.48000
04.20000
04.91000
01.88000
04.21000
02.02000
01.35000
03.15000
03.66000
02.75000
03.74000
01.58000
04.34000
03.22000
02.69000
03.87000
01.90000
03.62000
04.99000
04.56000
02.36000
02.73000
04.20000
01.08000
01.93000
03.38000
02.66000
01.19000
04.61000
01.74000
01.56000
04.94000
04.24000
01.26000
02.86000
02.71000
02.46000
02.73000
03.37000
01.18000
02.70000
02.24000
04.70000
01.36000
04.24000
