35
7
108.41000
164.04000
118.95000
142.70000
114.82000
100.55000
176.95000
156.28000
178.55000
170.05000
189.80000
110.74000
107.55000
148.08000
109.99000
169.88000
136.35000
124.22000
191.57000
186.59000
176.02000
152.15000
140.16000
152.82000
164.22000
199.58000
162.93000
149.57000
115.15000
198.31000
118.62000
196.90000
169.59000
194.19000
167.54000
125.93000
114.22000
161.00000
147.08000
105.45000
102.90000
175.13000
137.21000
116.42000
179.08000
148.50000
135.80000
130.47000
122.58000
153.55000
117.22000
158.29000
139.80000
176.74000
157.39000
199.63000
113.70000
168.60000
183.81000
193.32000
153.80000
193.74000
125.52000
167.24000
146.19000
180.82000
163.14000
188.32000
103.50000
172.57000
137.90000
170.61000
115.20000
190.98000
149.59000
109.33000
171.12000
112.99000
184.93000
151.08000
150.96000
176.77000
188.60000
114.37000
106.42000
151.61000
156.83000
156.76000
115.77000
120.86000
187.43000
124.88000
133.86000
131.93000
129.76000
104.43000
142.07000
146.31000
134.75000
170.17000
198.37000
189.51000
104.89000
135.90000
187.27000
183.58000
171.42000
134.33000
175.81000
152.80000
184.67000
196.90000
171.42000
100.46000
165.81000
190.34000
133.63000
128.67000
181.39000
180.01000
186.01000
103.58000
149.52000
170.37000
178.71000
105.42000
189.88000
154.93000
138.45000
178.48000
173.71000
166.24000
118.48000
181.11000
173.81000
125.94000
148.65000
135.71000
114.56000
194.72000
186.84000
168.28000
138.88000
197.18000
185.49000
170.29000
135.53000
135.75000
180.76000
148.88000
150.55000
189.27000
191.55000
103.03000
172.38000
169.98000
113.31000
195.79000
140.99000
129.21000
168.07000
104.24000
197.95000
107.34000
154.42000
169.56000
136.37000
183.81000
197.49000
146.96000
150.92000
127.12000
198.99000
155.74000
187.85000
195.23000
196.24000
120.96000
160.99000
164.24000
158.71000
192.27000
110.37000
118.46000
101.10000
194.57000
134.86000
127.95000
114.18000
123.70000
144.77000
151.85000
165.28000
139.57000
101.96000
188.34000
148.31000
116.16000
169.85000
124.70000
133.72000
191.51000
163.44000
187.22000
118.54000
117.71000
199.28000
191.30000
176.34000
110.93000
131.98000
103.48000
179.92000
127.94000
183.45000
165.58000
134.91000
192.59000
142.39000
162.59000
159.38000
198.86000
139.44000
111.46000
115.96000
139.48000
106.77000
118.19000
143.87000
171.24000
128.11000
127.86000
108.88000
165.00000
188.77000
174.58000
153.32000
155.65000
125.62000
131.56000
146.09000
192.18000
177.08000
161.05000
132.65000
09.57000
06.23000
09.95000
09.01000
05.51000
06.50000
07.56000
06.83000
08.56000
06.90000
06.41000
07.34000
05.02000
08.61000
06.10000
08.47000
07.21000
05.67000
06.04000
09.80000
05.97000
07.54000
07.88000
05.03000
08.16000
06.57000
08.04000
09.51000
09.14000
05.48000
05.23000
07.73000
05.30000
09.89000
07.88000
08.26000
08.77000
08.11000
07.59000
08.45000
07.21000
07.84000
07.73000
05.25000
08.23000
08.75000
06.05000
05.42000
07.36000
07.50000
08.91000
09.85000
06.13000
08.60000
07.40000
06.07000
09.60000
06.97000
09.91000
05.78000
08.85000
05.44000
09.58000
07.28000
08.46000
07.19000
06.81000
08.03000
09.03000
08.31000
09.59000
07.13000
06.49000
05.36000
06.89000
07.04000
09.70000
10.00000
07.59000
07.81000
05.01000
08.45000
07.50000
09.19000
07.19000
07.81000
09.67000
05.02000
06.98000
08.10000
06.94000
05.83000
08.67000
09.68000
09.41000
06.24000
07.55000
05.86000
06.93000
07.56000
07.41000
05.28000
06.63000
05.21000
08.09000
07.07000
09.70000
08.46000
08.09000
08.14000
09.11000
08.38000
05.18000
05.03000
05.29000
10.00000
07.99000
09.90000
05.75000
06.00000
05.47000
05.35000
05.28000
08.24000
07.61000
06.84000
08.44000
05.17000
07.89000
05.23000
07.02000
09.42000
05.84000
09.25000
07.62000
05.24000
09.46000
08.06000
09.07000
06.02000
06.86000
05.64000
07.54000
05.23000
05.14000
07.89000
06.78000
07.34000
07.13000
06.22000
05.22000
08.54000
07.49000
08.30000
07.09000
09.49000
09.41000
07.17000
08.89000
09.98000
07.08000
08.76000
06.90000
06.48000
08.22000
09.40000
09.64000
09.54000
06.55000
08.31000
05.41000
06.41000
09.32000
05.08000
09.78000
09.37000
06.92000
09.33000
09.99000
06.68000
05.47000
07.27000
08.66000
05.04000
05.23000
08.15000
08.02000
06.43000
05.10000
05.07000
09.03000
09.50000
07.46000
06.57000
09.89000
07.00000
05.73000
09.03000
08.60000
08.35000
06.85000
09.26000
05.41000
07.10000
08.77000
06.94000
05.33000
08.45000
07.94000
07.14000
08.95000
06.36000
08.65000
05.18000
05.20000
08.30000
08.17000
05.22000
09.78000
08.83000
05.46000
06.59000
05.60000
07.92000
08.64000
07.89000
05.34000
07.15000
09.33000
08.09000
08.92000
07.27000
05.15000
09.07000
06.06000
05.66000
07.26000
08.10000
08.72000
08.84000
07.82000
05.32000
08.65000
09.97000
07.52000
