35
10
94.68000
34.17000
59.38000
75.93000
32.13000
93.68000
51.29000
39.91000
94.84000
29.50000
30.97000
92.30000
63.53000
24.54000
88.54000
32.40000
40.69000
88.47000
41.84000
80.26000
54.54000
57.71000
30.49000
84.67000
59.07000
90.42000
20.84000
18.16000
33.01000
72.53000
3.98000
76.05000
78.83000
13.70000
94.79000
15.93000
91.51000
38.98000
61.02000
51.06000
77.40000
1.17000
9.98000
87.35000
1.90000
14.21000
24.58000
32.39000
26.27000
97.07000
80.48000
16.49000
39.53000
95.43000
79.05000
95.73000
54.45000
77.75000
45.43000
53.93000
9.52000
38.23000
29.52000
95.67000
66.02000
94.82000
6.93000
54.27000
13.95000
93.20000
9.55000
34.17000
17.16000
62.65000
65.26000
8.65000
90.84000
82.21000
94.34000
86.53000
90.12000
61.50000
56.96000
36.18000
86.56000
78.27000
37.04000
46.68000
77.44000
36.99000
44.24000
34.91000
84.82000
64.88000
13.98000
41.47000
56.47000
16.94000
5.44000
32.71000
63.96000
69.89000
3.52000
98.74000
5.56000
86.24000
50.18000
39.28000
62.56000
25.54000
41.10000
72.17000
94.14000
84.06000
34.54000
91.43000
23.24000
2.30000
24.70000
47.96000
54.44000
40.52000
30.53000
16.39000
21.07000
87.75000
95.72000
96.10000
78.19000
57.73000
90.73000
15.23000
9.64000
86.98000
9.76000
21.66000
19.98000
39.76000
69.75000
91.05000
53.06000
82.25000
75.58000
77.34000
90.93000
6.13000
46.19000
51.58000
75.59000
14.57000
55.04000
56.42000
47.63000
55.35000
56.11000
52.03000
72.41000
2.03000
28.14000
23.33000
42.05000
49.88000
73.60000
79.00000
71.39000
22.96000
22.73000
55.44000
3.05000
67.05000
27.50000
11.82000
1.37000
55.70000
66.64000
25.09000
6.08000
76.63000
4.20000
79.16000
64.51000
51.29000
51.71000
13.16000
54.79000
36.00000
40.55000
93.54000
2.06000
12.59000
8.21000
17.50000
55.19000
86.65000
16.98000
1.98000
90.83000
91.49000
54.84000
90.69000
10.37000
83.18000
35.58000
55.08000
36.94000
43.56000
95.70000
87.34000
22.42000
78.19000
80.53000
47.33000
75.42000
14.66000
65.39000
37.44000
19.94000
85.91000
21.49000
70.04000
17.89000
86.93000
69.89000
74.37000
4.67000
58.32000
59.36000
4.41000
39.46000
65.44000
61.45000
36.88000
8.18000
99.39000
73.46000
76.28000
19.49000
77.03000
18.43000
51.82000
8.81000
38.97000
42.14000
16.50000
35.32000
27.56000
78.97000
17.62000
39.16000
28.39000
18.73000
82.36000
47.14000
30.29000
6.85000
95.77000
78.90000
33.65000
99.38000
70.61000
4.91000
63.60000
80.16000
44.39000
17.35000
71.03000
54.75000
79.37000
36.18000
31.58000
54.49000
64.58000
6.10000
44.62000
36.45000
12.76000
94.55000
36.31000
81.45000
60.43000
78.06000
29.70000
16.13000
77.96000
32.36000
43.90000
32.05000
93.49000
58.17000
60.09000
43.86000
88.00000
59.96000
87.93000
67.43000
83.53000
65.95000
62.85000
44.36000
27.88000
30.14000
44.01000
39.99000
91.58000
30.26000
16.33000
45.45000
73.93000
69.77000
88.48000
76.58000
95.98000
77.92000
96.87000
74.99000
80.00000
94.81000
67.66000
29.94000
81.18000
81.25000
60.28000
59.31000
94.74000
48.47000
77.85000
60.37000
53.00000
83.46000
65.08000
33.49000
12.04000
99.99000
90.40000
3.81000
52.69000
36.57000
49.01000
21.22000
82.51000
54.47000
58.88000
61.36000
33.84000
42.70000
64.68000
25.61000
61.74000
14.01000
35.89000
09.76000
07.25000
08.49000
08.09000
09.20000
07.03000
08.59000
08.75000
07.48000
08.36000
08.35000
08.83000
07.82000
08.53000
09.13000
08.73000
09.68000
06.07000
08.51000
05.11000
08.80000
05.78000
05.35000
05.90000
07.14000
08.68000
09.75000
05.23000
07.93000
07.06000
08.05000
08.54000
05.64000
09.45000
07.85000
06.72000
07.66000
08.66000
06.81000
06.09000
08.94000
09.24000
06.35000
05.59000
09.84000
07.42000
06.25000
09.24000
05.92000
05.34000
05.21000
07.28000
08.99000
06.37000
08.16000
06.21000
07.13000
05.15000
06.31000
08.80000
09.64000
07.55000
07.08000
09.04000
07.10000
05.70000
09.18000
07.20000
06.33000
07.98000
09.16000
09.47000
06.89000
05.96000
07.95000
05.65000
09.37000
09.21000
08.59000
08.97000
05.93000
06.38000
07.11000
09.54000
05.73000
05.68000
05.80000
08.69000
09.19000
06.59000
08.19000
09.03000
07.96000
09.83000
09.06000
09.41000
09.95000
07.37000
09.46000
09.92000
09.33000
07.44000
06.67000
06.92000
06.51000
07.07000
06.43000
09.19000
06.78000
06.35000
08.59000
06.94000
07.94000
07.88000
05.68000
07.07000
09.94000
05.97000
08.58000
07.02000
06.78000
06.20000
09.43000
05.49000
08.71000
05.38000
06.58000
07.40000
07.25000
06.57000
09.69000
08.95000
05.14000
09.10000
09.62000
07.59000
06.39000
08.52000
08.50000
07.00000
09.09000
07.24000
05.70000
08.05000
09.10000
05.85000
09.80000
05.43000
09.98000
09.46000
05.93000
05.99000
05.59000
05.98000
06.04000
05.76000
06.02000
09.57000
08.37000
07.03000
07.62000
05.65000
07.39000
08.33000
07.98000
05.87000
08.81000
09.44000
05.96000
08.14000
09.62000
06.41000
06.65000
06.62000
08.03000
07.51000
06.10000
09.90000
06.94000
06.04000
05.93000
05.62000
06.07000
08.08000
06.39000
05.13000
09.41000
08.25000
08.68000
06.18000
06.27000
07.43000
05.24000
07.78000
07.21000
07.75000
09.77000
05.17000
09.06000
07.60000
07.20000
09.87000
09.87000
06.59000
08.73000
09.63000
08.97000
05.62000
06.79000
08.45000
08.03000
06.98000
05.58000
06.88000
05.83000
06.57000
05.91000
08.08000
05.81000
07.54000
05.95000
07.73000
09.61000
05.60000
05.49000
09.69000
05.16000
07.73000
05.58000
09.05000
06.61000
07.15000
08.49000
07.15000
09.36000
08.33000
07.76000
06.60000
05.09000
07.00000
08.17000
06.24000
06.69000
05.13000
05.76000
07.55000
07.61000
05.08000
08.13000
07.04000
09.55000
07.54000
09.90000
06.68000
09.48000
08.09000
08.37000
06.41000
08.90000
09.80000
08.18000
07.42000
05.57000
06.98000
05.21000
07.16000
08.49000
05.20000
06.58000
09.32000
07.91000
06.27000
05.67000
08.83000
05.33000
08.27000
07.12000
06.89000
08.52000
05.50000
09.65000
05.06000
08.19000
08.20000
08.10000
08.27000
06.22000
07.61000
08.53000
08.98000
07.67000
08.02000
05.41000
05.74000
05.16000
06.08000
09.47000
08.34000
07.53000
09.72000
07.67000
07.80000
09.88000
08.08000
08.25000
06.41000
08.55000
06.58000
05.66000
07.71000
06.14000
06.87000
05.64000
06.49000
06.50000
08.32000
06.36000
07.66000
05.26000
06.90000
06.63000
07.69000
06.67000
08.91000
05.11000
09.25000
07.69000
09.62000
08.65000
05.72000
08.25000
05.51000
05.29000
06.73000
09.55000
09.36000
09.35000
08.16000
09.03000
05.16000
06.41000
07.14000
05.37000
08.16000
08.28000
07.05000
08.53000
09.88000
08.02000
07.51000
