35
7
12.21000
76.53000
34.77000
22.94000
14.84000
36.23000
8.18000
57.93000
81.47000
39.71000
19.94000
9.92000
49.81000
65.84000
1.36000
93.68000
80.88000
8.41000
83.28000
18.17000
15.50000
22.64000
51.63000
26.00000
17.79000
79.68000
89.83000
51.95000
30.66000
16.10000
36.40000
69.50000
23.31000
78.36000
28.38000
35.46000
71.47000
95.75000
99.60000
62.15000
96.19000
28.07000
17.61000
86.24000
10.59000
73.48000
20.86000
33.22000
20.55000
9.76000
62.31000
65.28000
61.23000
24.62000
96.47000
36.78000
44.63000
72.18000
29.91000
38.73000
8.00000
21.50000
67.73000
52.33000
64.42000
3.03000
70.08000
97.45000
56.25000
62.18000
61.73000
4.37000
12.64000
99.32000
31.93000
50.42000
56.93000
46.60000
18.87000
10.04000
20.78000
33.97000
45.13000
53.14000
82.22000
34.13000
85.32000
91.32000
49.57000
33.69000
16.61000
25.32000
4.98000
82.67000
64.23000
91.58000
56.86000
47.04000
58.92000
20.71000
92.44000
54.17000
80.51000
76.97000
25.24000
86.74000
48.17000
61.36000
72.78000
61.32000
62.65000
5.14000
22.76000
53.52000
32.47000
32.36000
27.36000
68.52000
1.88000
62.34000
38.76000
75.90000
66.14000
53.06000
35.45000
59.19000
25.08000
50.70000
71.73000
65.32000
26.57000
41.10000
30.16000
56.16000
22.04000
98.24000
67.14000
56.97000
13.94000
37.83000
42.61000
83.97000
97.21000
62.96000
18.70000
79.60000
51.36000
67.48000
45.10000
35.32000
4.65000
83.99000
69.37000
52.23000
22.97000
78.21000
15.85000
96.80000
25.25000
54.55000
33.18000
50.48000
30.99000
6.58000
48.81000
56.10000
11.69000
65.54000
16.48000
72.43000
39.44000
54.84000
64.71000
22.66000
39.37000
43.83000
2.36000
13.52000
6.60000
88.44000
37.96000
78.73000
80.44000
7.33000
2.14000
3.21000
5.40000
21.44000
12.63000
82.92000
67.03000
43.92000
64.92000
83.29000
7.92000
26.56000
81.81000
80.64000
67.21000
9.36000
61.91000
16.72000
40.08000
70.95000
30.11000
45.20000
20.26000
81.15000
87.09000
86.18000
27.33000
39.14000
8.96000
35.12000
93.85000
43.84000
45.86000
8.08000
59.01000
15.34000
93.82000
92.14000
30.47000
23.00000
44.70000
85.20000
18.43000
26.35000
64.16000
46.58000
84.13000
23.62000
47.17000
49.51000
92.37000
2.18000
63.47000
32.65000
57.99000
87.09000
11.12000
47.57000
96.37000
95.57000
61.96000
01.76000
04.87000
03.15000
01.09000
03.09000
01.48000
01.55000
01.86000
01.22000
04.84000
02.87000
03.75000
01.83000
03.53000
01.42000
02.72000
03.40000
04.40000
03.36000
04.07000
03.22000
02.65000
04.62000
04.38000
03.40000
03.77000
04.98000
01.55000
04.86000
01.58000
02.01000
04.80000
01.34000
04.19000
01.10000
03.59000
04.38000
03.43000
02.53000
03.17000
02.90000
04.24000
01.52000
04.13000
03.36000
03.39000
01.74000
01.50000
02.80000
01.84000
02.90000
01.62000
03.08000
02.83000
04.50000
04.15000
04.86000
01.91000
03.87000
04.04000
01.64000
04.97000
02.15000
01.59000
01.69000
02.18000
02.29000
04.37000
02.14000
02.05000
03.25000
03.56000
03.56000
04.14000
04.22000
03.68000
03.59000
04.01000
04.73000
03.33000
01.93000
03.08000
04.04000
03.92000
03.00000
02.66000
03.22000
02.17000
04.04000
02.37000
03.17000
04.12000
01.09000
02.16000
02.57000
03.09000
03.01000
04.27000
03.95000
01.75000
01.47000
03.25000
03.64000
02.06000
04.95000
02.78000
02.75000
01.11000
02.57000
02.14000
04.24000
04.50000
01.90000
01.44000
04.70000
02.83000
03.18000
02.03000
04.77000
03.89000
02.20000
01.61000
02.91000
02.77000
03.55000
04.18000
01.38000
03.87000
02.68000
02.03000
04.25000
02.92000
03.80000
01.81000
03.41000
04.93000
01.97000
02.43000
04.57000
02.26000
04.19000
03.88000
04.92000
01.63000
01.68000
01.57000
03.59000
04.52000
03.62000
02.17000
03.93000
03.03000
02.39000
03.40000
03.95000
03.30000
01.15000
03.35000
03.48000
02.79000
03.88000
02.38000
02.15000
04.30000
01.38000
01.17000
01.42000
01.91000
01.26000
02.73000
02.54000
03.03000
01.94000
02.36000
04.60000
01.65000
04.00000
01.44000
02.27000
03.50000
02.14000
03.57000
04.31000
03.65000
03.50000
04.83000
01.96000
01.32000
03.82000
03.33000
02.60000
01.03000
01.63000
01.51000
03.44000
02.64000
04.29000
04.12000
01.50000
03.30000
01.97000
04.21000
03.59000
03.46000
01.66000
01.17000
04.36000
04.92000
01.15000
02.68000
03.07000
04.55000
04.37000
04.09000
04.31000
02.11000
02.23000
02.28000
01.39000
02.76000
01.32000
01.07000
03.28000
04.08000
04.73000
02.95000
02.73000
05.00000
02.39000
02.73000
02.32000
03.71000
01.04000
01.53000
04.44000
03.75000
02.21000
04.80000
01.28000
03.96000
04.26000
04.28000
04.87000
04.50000
04.37000
