35
4
17.69000
13.91000
75.07000
15.40000
83.82000
23.38000
11.85000
18.12000
49.81000
4.65000
17.10000
12.75000
54.88000
96.94000
32.04000
39.49000
40.25000
43.45000
96.90000
39.58000
46.14000
82.41000
53.88000
53.22000
13.77000
56.04000
42.22000
21.65000
82.36000
4.56000
3.12000
84.07000
94.13000
67.19000
75.80000
95.28000
41.20000
67.34000
85.79000
59.66000
52.61000
80.36000
61.16000
63.31000
57.67000
66.14000
13.15000
72.21000
22.35000
89.65000
6.75000
52.32000
11.60000
17.85000
7.90000
68.61000
90.40000
14.72000
81.59000
87.06000
26.72000
46.23000
94.79000
73.62000
83.53000
78.35000
13.45000
93.27000
28.79000
77.03000
50.83000
76.92000
48.59000
65.45000
92.57000
9.91000
57.86000
94.74000
42.29000
34.18000
69.47000
62.18000
88.72000
41.45000
74.14000
57.48000
24.57000
22.46000
62.60000
71.37000
38.57000
66.91000
25.56000
94.56000
22.42000
66.53000
52.73000
18.78000
65.85000
12.03000
35.85000
32.74000
60.58000
92.13000
64.62000
44.34000
44.17000
89.35000
86.54000
18.19000
91.07000
92.70000
34.93000
5.41000
19.08000
67.65000
70.17000
21.47000
41.66000
29.67000
9.72000
81.83000
75.29000
93.23000
67.05000
3.96000
36.44000
75.80000
59.63000
1.33000
39.57000
91.84000
2.93000
89.41000
1.15000
57.83000
11.41000
85.67000
35.65000
88.23000
01.44000
03.03000
04.82000
03.31000
02.34000
03.05000
01.89000
04.64000
04.38000
03.48000
03.67000
03.96000
02.68000
03.46000
01.27000
04.38000
04.36000
02.11000
01.83000
01.04000
04.56000
02.55000
04.46000
01.05000
02.40000
03.91000
04.28000
03.54000
05.00000
01.32000
04.44000
03.64000
03.49000
01.89000
04.04000
04.45000
01.22000
04.83000
03.93000
05.00000
02.32000
03.98000
01.89000
01.78000
01.18000
03.43000
03.69000
02.93000
01.94000
03.30000
01.44000
04.57000
04.72000
03.73000
03.28000
02.82000
01.64000
04.84000
01.32000
01.81000
04.84000
02.75000
03.70000
01.67000
02.43000
01.58000
02.54000
02.51000
02.54000
01.47000
02.61000
03.36000
03.77000
01.77000
03.59000
01.77000
01.19000
01.01000
04.72000
02.12000
03.32000
04.75000
03.13000
01.53000
03.29000
02.10000
03.95000
01.12000
02.23000
02.21000
04.29000
02.02000
01.26000
02.19000
01.29000
01.36000
01.51000
03.16000
04.06000
04.25000
04.09000
02.26000
01.74000
03.83000
02.14000
03.29000
02.56000
01.89000
02.59000
04.81000
01.47000
04.33000
01.95000
01.71000
03.80000
03.22000
03.78000
04.12000
03.66000
04.67000
02.21000
02.15000
03.19000
02.82000
03.36000
01.94000
04.50000
03.78000
01.36000
01.61000
01.72000
01.69000
02.34000
03.29000
04.98000
02.67000
04.41000
01.09000
04.40000
04.83000
