35
10
22.75000
60.66000
50.20000
38.19000
45.99000
46.33000
63.90000
3.54000
97.41000
89.69000
30.17000
3.56000
81.50000
2.39000
63.89000
60.29000
26.50000
16.85000
7.66000
22.52000
84.37000
93.23000
25.82000
60.80000
35.85000
18.47000
10.49000
73.41000
82.43000
99.22000
76.52000
82.41000
54.32000
72.90000
66.52000
92.67000
42.33000
92.75000
33.97000
21.24000
69.10000
65.36000
7.76000
67.38000
82.81000
69.11000
58.41000
64.41000
71.50000
48.69000
87.31000
68.41000
47.91000
72.56000
20.61000
61.20000
49.56000
35.91000
7.18000
49.35000
39.71000
56.70000
22.66000
64.20000
6.37000
79.62000
67.45000
62.81000
61.31000
74.13000
89.39000
72.85000
44.96000
59.19000
89.44000
31.60000
26.82000
17.58000
21.49000
33.81000
53.78000
36.64000
68.45000
70.59000
24.15000
20.86000
41.98000
58.80000
58.95000
97.46000
75.51000
39.04000
7.00000
22.42000
30.20000
76.66000
38.82000
71.48000
88.98000
63.77000
52.71000
50.11000
63.50000
16.23000
70.72000
59.44000
76.73000
45.24000
13.06000
5.20000
37.47000
56.17000
1.50000
93.77000
55.25000
39.93000
3.87000
90.40000
50.04000
71.18000
51.49000
82.10000
65.51000
51.28000
2.43000
81.64000
71.13000
5.39000
36.53000
27.53000
61.10000
82.38000
61.35000
81.03000
54.36000
59.89000
9.22000
32.15000
94.61000
37.31000
33.24000
1.18000
10.34000
60.53000
42.62000
61.80000
92.64000
54.91000
13.09000
4.72000
91.37000
38.51000
10.01000
99.48000
84.25000
95.25000
24.49000
46.37000
74.78000
36.81000
72.37000
65.45000
91.17000
95.59000
95.26000
5.49000
87.41000
33.78000
59.53000
37.04000
42.23000
34.28000
55.27000
58.41000
58.10000
57.29000
59.36000
3.20000
48.00000
65.32000
73.79000
5.48000
91.14000
82.06000
80.78000
10.48000
99.20000
2.71000
31.21000
24.76000
35.43000
44.21000
98.73000
79.66000
85.84000
52.27000
85.73000
33.24000
65.20000
95.33000
17.33000
65.33000
11.01000
68.59000
42.43000
83.50000
84.55000
90.01000
37.66000
20.09000
87.43000
49.08000
78.33000
85.75000
66.33000
51.49000
85.91000
31.05000
86.47000
48.84000
80.80000
19.43000
95.63000
94.10000
23.14000
17.25000
66.38000
66.99000
95.86000
15.60000
94.99000
70.01000
11.63000
30.34000
5.52000
32.38000
2.86000
3.09000
42.75000
7.09000
29.72000
98.18000
80.23000
71.85000
77.14000
18.72000
51.60000
77.99000
47.98000
77.25000
15.52000
29.70000
23.85000
73.82000
94.68000
27.91000
53.27000
33.55000
72.92000
11.14000
31.47000
6.35000
55.81000
41.65000
76.38000
66.84000
74.67000
8.46000
33.70000
17.41000
86.57000
23.33000
70.89000
81.19000
73.34000
24.76000
83.14000
11.08000
41.55000
75.02000
52.83000
88.29000
75.51000
23.01000
43.81000
35.23000
76.48000
58.88000
33.97000
91.28000
62.89000
44.71000
51.54000
92.86000
75.37000
27.32000
50.51000
99.13000
80.27000
78.24000
9.61000
95.01000
68.68000
95.76000
31.31000
90.18000
56.48000
2.92000
44.85000
20.04000
84.26000
44.53000
4.21000
42.77000
19.37000
44.94000
99.44000
8.27000
8.94000
91.54000
86.93000
76.67000
35.69000
93.67000
29.28000
76.05000
70.08000
8.41000
38.24000
74.86000
38.25000
15.58000
52.34000
67.29000
89.09000
22.75000
34.83000
72.29000
99.23000
61.26000
72.72000
34.57000
69.06000
88.17000
79.78000
22.57000
23.72000
85.31000
93.52000
30.50000
08.73000
07.32000
06.23000
08.68000
06.74000
09.85000
09.59000
05.69000
08.29000
06.45000
07.95000
05.26000
07.85000
05.66000
08.90000
09.06000
06.15000
07.26000
06.29000
09.98000
05.16000
07.30000
05.23000
07.19000
08.10000
08.04000
07.05000
06.11000
09.45000
08.04000
09.35000
08.38000
09.92000
07.07000
05.99000
07.73000
06.89000
07.68000
09.72000
07.31000
06.05000
05.74000
09.56000
09.39000
07.49000
09.40000
08.06000
09.22000
08.04000
07.03000
05.17000
08.30000
05.76000
08.26000
07.08000
09.40000
09.96000
08.98000
06.23000
06.51000
06.23000
06.30000
06.31000
09.89000
06.36000
08.61000
07.27000
06.05000
08.43000
05.54000
05.84000
09.65000
07.24000
05.81000
09.62000
09.77000
05.19000
09.89000
06.53000
06.12000
09.12000
07.59000
08.83000
05.05000
09.43000
08.39000
05.07000
09.14000
07.79000
08.00000
05.04000
07.26000
07.12000
08.39000
09.76000
09.50000
06.56000
07.80000
06.52000
07.20000
06.53000
05.69000
08.86000
07.96000
08.69000
05.10000
06.77000
09.28000
08.17000
07.46000
07.56000
09.43000
09.93000
08.50000
05.03000
09.00000
09.89000
08.78000
06.29000
06.70000
08.30000
05.12000
09.73000
07.45000
06.68000
05.59000
09.98000
07.45000
07.77000
09.49000
07.91000
09.15000
05.57000
07.41000
05.66000
06.24000
05.35000
06.15000
06.60000
08.65000
07.82000
08.77000
09.59000
05.62000
08.71000
08.22000
08.34000
06.52000
08.30000
08.32000
07.56000
06.86000
06.70000
08.23000
05.48000
08.93000
05.26000
08.35000
06.57000
06.26000
06.56000
05.35000
06.55000
08.65000
09.46000
07.13000
07.40000
07.12000
09.06000
07.86000
07.33000
08.97000
06.71000
07.95000
05.83000
09.18000
06.22000
07.10000
05.52000
08.75000
06.77000
07.70000
09.38000
07.31000
08.77000
08.20000
08.87000
05.74000
09.64000
07.60000
09.55000
06.18000
08.09000
06.16000
08.25000
07.00000
09.05000
05.39000
08.02000
07.82000
08.71000
08.03000
08.19000
09.53000
09.52000
08.10000
09.31000
09.26000
05.17000
05.83000
05.91000
05.42000
09.85000
08.08000
06.18000
09.70000
07.18000
09.93000
08.02000
07.57000
09.25000
08.06000
09.33000
05.99000
07.10000
07.58000
09.28000
08.19000
08.00000
09.83000
08.27000
08.64000
05.49000
07.40000
07.96000
08.05000
09.36000
09.15000
06.27000
08.41000
05.65000
05.18000
07.35000
07.94000
06.63000
09.27000
05.02000
08.34000
09.59000
09.08000
07.37000
06.99000
05.29000
08.59000
07.56000
08.90000
08.18000
08.99000
08.37000
08.40000
09.14000
07.72000
08.78000
06.05000
05.31000
08.49000
09.05000
08.66000
05.06000
06.21000
05.69000
09.30000
08.03000
07.10000
06.45000
07.30000
05.08000
08.59000
05.33000
08.20000
06.85000
05.58000
05.86000
06.71000
06.31000
05.54000
07.71000
09.60000
08.71000
06.78000
09.58000
07.88000
09.76000
09.09000
05.31000
09.47000
06.44000
08.49000
05.00000
08.52000
06.98000
07.28000
05.01000
05.44000
05.85000
09.00000
07.91000
06.89000
08.76000
08.42000
07.58000
05.79000
07.70000
06.58000
09.09000
09.09000
05.26000
06.64000
05.07000
09.85000
09.42000
09.25000
05.94000
07.65000
05.74000
07.63000
05.97000
09.01000
07.28000
06.41000
06.34000
06.68000
08.35000
06.47000
09.50000
09.66000
09.52000
09.93000
09.14000
08.21000
07.62000
05.18000
05.20000
08.82000
05.69000
06.85000
08.88000
09.26000
08.07000
05.81000
