35
4
119.08000
169.98000
104.20000
107.54000
154.86000
160.06000
126.13000
195.10000
198.08000
105.24000
175.81000
108.07000
189.38000
146.16000
193.88000
187.08000
169.38000
123.42000
120.95000
172.76000
178.69000
177.67000
197.66000
105.72000
157.95000
149.51000
164.63000
126.61000
147.78000
179.58000
162.48000
176.03000
188.81000
108.51000
131.85000
186.17000
158.41000
171.22000
196.72000
108.58000
132.05000
193.94000
172.61000
148.00000
151.61000
116.48000
127.24000
170.07000
182.71000
104.47000
126.23000
140.40000
190.99000
123.55000
135.20000
124.63000
142.07000
139.33000
119.79000
188.37000
101.57000
117.44000
145.61000
197.25000
135.11000
123.50000
178.29000
116.90000
108.33000
123.15000
107.67000
185.31000
143.67000
131.81000
112.87000
114.05000
176.60000
105.86000
121.21000
106.08000
158.00000
138.54000
123.32000
152.05000
178.49000
120.46000
109.84000
142.58000
128.69000
142.25000
171.38000
168.29000
199.23000
194.53000
198.57000
119.80000
180.73000
167.93000
182.03000
187.74000
163.81000
153.07000
112.39000
162.74000
139.11000
110.53000
156.25000
169.03000
190.50000
188.90000
108.99000
122.11000
176.17000
145.61000
181.48000
161.36000
139.39000
196.30000
189.35000
102.39000
195.81000
156.58000
148.22000
160.82000
161.03000
142.07000
173.71000
152.29000
150.70000
168.42000
181.46000
192.41000
180.43000
151.23000
187.08000
196.82000
165.85000
106.13000
106.20000
181.13000
09.21000
08.54000
07.95000
07.07000
07.17000
08.67000
08.62000
08.20000
05.27000
06.78000
06.37000
06.78000
07.40000
06.79000
05.11000
06.69000
07.49000
07.59000
08.76000
06.86000
09.42000
08.10000
06.21000
06.18000
07.11000
07.22000
06.37000
08.57000
09.46000
08.85000
08.14000
07.92000
05.39000
06.90000
05.44000
06.60000
08.45000
07.42000
05.19000
08.21000
05.19000
09.61000
07.22000
08.52000
06.29000
08.08000
08.68000
07.68000
06.91000
07.97000
09.74000
05.85000
07.20000
09.46000
05.55000
08.19000
07.32000
07.69000
06.27000
09.85000
07.43000
07.82000
07.06000
05.99000
07.68000
05.00000
08.07000
06.76000
08.23000
09.40000
06.74000
09.28000
08.55000
09.68000
05.69000
05.02000
08.97000
09.24000
05.43000
07.51000
08.37000
06.26000
07.35000
08.17000
08.16000
07.15000
07.86000
08.39000
09.74000
08.31000
08.36000
09.58000
09.52000
06.14000
05.27000
08.15000
08.91000
07.05000
09.99000
05.51000
09.31000
07.45000
08.92000
08.06000
07.12000
07.80000
08.67000
08.93000
09.84000
08.67000
06.20000
09.22000
08.06000
09.04000
07.01000
07.84000
05.89000
06.56000
08.77000
07.43000
05.99000
08.90000
09.13000
05.67000
06.02000
08.70000
05.75000
05.20000
08.64000
08.63000
06.27000
08.68000
06.49000
06.33000
08.37000
08.78000
07.24000
09.47000
09.69000
08.13000
