35
10
121.50000
134.42000
196.17000
156.87000
123.74000
162.71000
124.95000
198.47000
184.63000
199.74000
101.64000
141.20000
138.93000
186.54000
173.50000
138.57000
146.41000
189.12000
112.79000
169.10000
191.84000
198.49000
116.79000
136.31000
184.98000
130.67000
107.76000
168.71000
160.59000
126.67000
132.97000
119.82000
178.45000
152.51000
164.67000
139.20000
117.03000
188.30000
166.45000
179.08000
181.99000
198.30000
182.45000
109.30000
188.18000
101.96000
171.11000
142.74000
104.72000
124.67000
114.07000
117.31000
125.76000
116.82000
117.97000
195.89000
170.44000
153.79000
114.46000
166.37000
182.90000
135.99000
160.18000
141.63000
132.28000
188.80000
136.76000
159.58000
112.72000
162.62000
166.20000
120.80000
101.57000
191.91000
102.66000
198.68000
150.37000
110.29000
114.67000
110.00000
104.59000
145.13000
118.23000
177.04000
192.75000
131.19000
154.37000
147.07000
168.37000
128.25000
189.10000
192.35000
109.97000
121.06000
113.44000
110.14000
121.05000
119.40000
143.39000
122.72000
130.13000
158.03000
119.99000
177.34000
190.74000
168.49000
147.30000
127.99000
123.69000
194.52000
186.62000
196.25000
158.81000
162.93000
189.52000
175.84000
104.58000
117.86000
156.38000
123.41000
173.89000
128.47000
112.61000
120.60000
104.63000
188.89000
108.59000
174.04000
159.70000
118.27000
119.72000
115.38000
126.98000
160.73000
146.37000
101.25000
119.36000
185.43000
113.96000
113.30000
172.88000
168.36000
178.35000
183.64000
187.74000
168.49000
154.61000
127.25000
146.59000
103.34000
195.37000
129.23000
146.71000
176.44000
110.41000
105.57000
110.36000
116.28000
134.49000
197.30000
184.80000
176.40000
127.37000
170.43000
142.31000
135.30000
173.82000
115.99000
180.15000
196.51000
183.61000
149.97000
120.58000
188.53000
191.50000
115.84000
150.71000
195.21000
138.73000
175.48000
168.50000
138.74000
179.13000
193.63000
161.30000
125.35000
107.24000
145.67000
160.74000
142.93000
167.18000
132.00000
123.47000
104.35000
128.11000
178.00000
131.13000
147.52000
184.16000
134.06000
190.36000
135.33000
154.47000
175.58000
132.79000
155.66000
183.19000
102.95000
115.08000
121.40000
183.39000
177.98000
169.31000
124.56000
154.00000
187.51000
176.17000
118.83000
113.63000
134.59000
133.19000
164.91000
140.79000
103.99000
131.38000
160.08000
139.01000
105.48000
186.75000
126.58000
136.79000
173.82000
140.33000
111.70000
187.65000
168.78000
158.11000
187.69000
170.11000
175.12000
131.13000
151.82000
187.69000
102.61000
175.39000
170.17000
147.93000
187.69000
156.69000
109.76000
178.40000
184.85000
181.10000
113.02000
109.37000
195.88000
134.34000
186.60000
103.72000
139.93000
191.77000
162.15000
149.34000
161.12000
153.81000
196.29000
159.13000
128.62000
145.83000
170.67000
170.98000
136.55000
118.22000
191.93000
147.77000
104.06000
146.39000
191.72000
177.40000
175.28000
110.72000
148.34000
166.56000
133.07000
103.91000
125.10000
159.14000
136.61000
132.70000
168.81000
139.08000
161.99000
156.86000
145.48000
178.65000
187.71000
161.15000
146.14000
175.11000
117.30000
155.34000
186.79000
150.72000
179.26000
174.19000
108.45000
152.75000
127.13000
177.47000
177.14000
153.48000
139.40000
149.95000
183.87000
150.15000
161.17000
139.44000
147.03000
155.56000
132.08000
153.12000
143.73000
141.56000
185.92000
131.85000
189.17000
186.54000
160.56000
169.76000
133.73000
197.16000
118.89000
185.99000
152.81000
105.05000
148.82000
124.70000
146.80000
166.85000
163.22000
155.01000
141.09000
164.21000
200.00000
171.07000
186.07000
103.76000
122.03000
192.02000
157.13000
05.25000
08.84000
09.66000
05.50000
05.59000
05.35000
07.42000
08.91000
09.93000
08.35000
05.80000
09.97000
08.08000
06.70000
07.72000
05.64000
06.07000
05.50000
07.34000
09.15000
06.17000
06.09000
05.07000
09.97000
06.93000
06.08000
07.56000
08.83000
08.13000
09.30000
07.73000
07.69000
05.81000
05.86000
09.74000
06.30000
06.89000
09.41000
09.67000
06.34000
08.87000
06.59000
09.15000
08.14000
09.97000
05.03000
08.05000
09.77000
09.84000
05.92000
09.11000
05.54000
09.35000
06.71000
06.34000
06.03000
05.62000
06.09000
09.99000
08.04000
07.04000
09.00000
06.58000
09.64000
08.23000
06.63000
08.85000
05.16000
05.07000
06.43000
06.86000
06.49000
05.80000
07.60000
05.58000
05.32000
06.57000
06.76000
05.78000
06.95000
09.34000
06.27000
05.05000
08.03000
09.83000
05.90000
07.25000
06.47000
05.02000
06.70000
07.48000
06.44000
08.12000
05.95000
07.07000
08.35000
08.61000
07.18000
08.64000
08.85000
07.21000
05.18000
06.02000
05.86000
05.90000
09.26000
05.26000
08.50000
09.82000
08.02000
08.98000
06.08000
06.82000
05.73000
08.47000
07.27000
07.54000
05.78000
08.68000
08.58000
05.04000
07.78000
05.80000
07.76000
08.64000
07.63000
07.26000
08.81000
08.90000
07.45000
06.77000
06.99000
07.64000
05.61000
09.26000
08.80000
07.93000
06.76000
05.93000
06.99000
09.51000
08.10000
07.19000
09.97000
06.23000
09.61000
06.11000
08.86000
09.17000
08.72000
08.16000
06.81000
08.72000
09.91000
06.89000
06.42000
06.56000
08.90000
07.07000
06.53000
05.60000
07.66000
09.74000
07.25000
09.98000
09.42000
07.19000
09.91000
05.13000
08.64000
07.96000
07.13000
07.71000
06.05000
06.82000
07.50000
05.97000
07.08000
05.23000
09.10000
07.05000
08.76000
08.08000
07.24000
07.20000
09.28000
08.09000
05.61000
06.67000
05.48000
08.63000
09.15000
06.95000
05.41000
09.34000
09.06000
05.80000
08.40000
06.09000
07.76000
07.24000
10.00000
06.02000
08.96000
06.50000
07.03000
07.50000
07.59000
05.10000
07.56000
08.48000
05.11000
08.97000
05.29000
07.85000
07.48000
06.81000
06.35000
06.69000
07.02000
09.94000
07.45000
08.20000
06.03000
09.71000
09.00000
06.87000
08.04000
08.72000
07.67000
08.42000
07.83000
05.80000
06.35000
09.82000
06.44000
06.07000
09.21000
09.29000
06.16000
05.86000
06.67000
06.31000
05.52000
07.78000
06.74000
09.96000
09.54000
08.19000
05.49000
09.54000
09.81000
06.32000
05.01000
09.35000
08.32000
05.45000
09.29000
09.97000
07.19000
09.27000
08.58000
08.21000
09.79000
07.70000
09.40000
07.14000
05.77000
06.95000
09.50000
06.07000
05.99000
09.45000
07.88000
05.57000
07.59000
08.91000
09.79000
07.46000
08.94000
08.38000
09.28000
08.89000
07.37000
06.63000
05.07000
08.64000
08.06000
07.36000
08.64000
08.10000
08.28000
06.59000
05.07000
06.43000
06.26000
06.61000
05.72000
09.04000
06.48000
05.97000
08.19000
07.58000
09.65000
09.43000
06.31000
09.98000
07.75000
08.05000
05.19000
05.38000
09.00000
09.10000
06.18000
09.20000
06.59000
06.24000
08.71000
06.06000
06.03000
09.98000
06.95000
09.10000
08.35000
09.27000
08.18000
08.61000
07.87000
09.99000
09.86000
08.58000
05.14000
09.28000
05.68000
09.28000
06.98000
05.51000
05.57000
07.20000
06.47000
08.31000
05.72000
05.10000
07.91000
08.57000
08.59000
06.99000
06.87000
08.40000
07.86000
