35
4
16.87000
8.61000
1.96000
98.89000
44.00000
66.10000
36.64000
14.27000
96.29000
72.18000
67.09000
96.35000
15.95000
67.06000
34.53000
88.35000
41.22000
90.98000
78.17000
30.49000
14.30000
85.15000
40.25000
61.98000
74.42000
89.78000
59.96000
25.05000
63.79000
46.09000
78.54000
58.91000
22.63000
93.31000
37.21000
11.52000
22.29000
38.38000
86.30000
45.66000
94.58000
66.25000
92.38000
58.75000
50.69000
6.55000
64.25000
16.76000
54.57000
23.25000
66.90000
83.65000
72.22000
82.33000
66.28000
27.40000
69.58000
50.74000
28.36000
11.97000
12.63000
92.46000
18.12000
3.33000
65.34000
74.46000
1.53000
66.45000
94.68000
61.70000
94.55000
67.10000
3.88000
44.73000
95.94000
77.68000
72.57000
78.14000
56.36000
82.09000
95.65000
51.24000
65.53000
71.06000
63.84000
53.76000
15.17000
35.31000
66.86000
76.41000
94.00000
64.54000
95.42000
10.92000
94.73000
50.49000
41.26000
45.99000
8.09000
82.87000
93.07000
73.36000
22.80000
53.40000
43.60000
92.29000
12.39000
46.78000
68.08000
24.72000
89.42000
15.68000
78.32000
33.95000
61.48000
19.60000
90.32000
36.43000
43.03000
74.01000
20.55000
47.64000
49.56000
95.38000
82.49000
83.04000
96.52000
99.18000
93.59000
59.11000
1.39000
1.88000
69.34000
90.31000
76.63000
16.94000
25.19000
93.10000
40.71000
60.84000
01.39000
04.15000
02.78000
02.91000
01.51000
04.84000
02.49000
01.33000
03.59000
04.77000
03.71000
04.55000
02.74000
03.06000
01.57000
03.68000
02.09000
02.82000
03.20000
01.86000
04.77000
03.19000
03.71000
02.21000
01.90000
03.29000
02.23000
03.85000
04.60000
02.25000
01.89000
01.91000
04.00000
03.19000
01.82000
01.24000
03.77000
02.22000
03.37000
03.82000
03.98000
02.07000
04.11000
01.96000
03.28000
01.53000
02.00000
03.78000
01.78000
04.73000
01.15000
01.40000
03.62000
03.80000
01.71000
02.94000
04.92000
02.85000
03.78000
04.54000
01.80000
02.02000
03.50000
02.31000
02.39000
01.43000
04.98000
04.39000
02.81000
01.20000
04.97000
02.84000
02.10000
03.82000
01.34000
02.34000
02.82000
01.06000
03.68000
03.60000
02.06000
02.61000
01.10000
03.72000
04.95000
01.59000
02.75000
03.85000
04.63000
03.13000
01.73000
01.09000
02.20000
04.36000
03.18000
04.58000
02.81000
02.40000
04.22000
03.45000
03.57000
02.37000
01.98000
02.81000
01.60000
02.42000
02.97000
03.24000
04.65000
03.46000
04.74000
04.36000
03.01000
04.19000
04.23000
02.23000
02.16000
02.74000
03.56000
02.99000
04.21000
01.24000
04.87000
04.75000
03.31000
01.80000
02.28000
01.64000
01.56000
02.55000
01.92000
03.79000
01.11000
01.62000
01.90000
01.31000
04.06000
01.13000
04.35000
04.34000
