35
10
107.94000
111.82000
176.53000
166.51000
195.54000
103.29000
156.84000
177.29000
191.31000
107.70000
118.94000
127.77000
198.76000
134.82000
178.85000
140.23000
146.39000
119.42000
177.59000
161.92000
187.74000
121.27000
181.17000
165.10000
101.30000
125.12000
180.60000
147.06000
190.61000
140.74000
191.91000
130.04000
184.16000
102.91000
156.10000
109.28000
136.29000
152.08000
199.27000
164.36000
166.72000
172.73000
134.78000
155.37000
176.16000
192.02000
190.12000
113.97000
152.49000
154.08000
165.68000
196.79000
108.62000
128.07000
186.85000
185.48000
182.43000
108.12000
104.02000
186.67000
136.81000
113.37000
192.58000
132.02000
159.66000
187.97000
152.93000
178.15000
163.86000
101.04000
126.22000
197.67000
140.76000
101.68000
121.27000
136.54000
107.27000
167.54000
102.31000
149.01000
124.03000
174.37000
154.11000
126.08000
188.31000
125.68000
186.44000
183.77000
122.37000
150.00000
134.05000
163.10000
173.48000
100.84000
156.72000
130.08000
113.90000
156.72000
139.21000
175.73000
140.90000
121.14000
191.28000
116.06000
176.74000
171.95000
170.30000
167.32000
141.28000
122.13000
105.52000
191.90000
150.57000
108.73000
165.55000
131.24000
191.12000
194.65000
169.53000
160.73000
194.57000
167.79000
161.60000
180.74000
117.55000
141.03000
110.91000
116.68000
141.72000
152.27000
111.59000
118.94000
173.70000
164.39000
182.78000
162.90000
145.14000
165.29000
168.63000
148.96000
173.12000
156.13000
112.32000
108.70000
177.19000
141.26000
167.40000
141.76000
171.66000
112.19000
117.75000
118.62000
122.53000
141.19000
141.89000
124.06000
120.81000
125.51000
143.33000
167.84000
182.53000
187.42000
150.58000
184.71000
148.70000
174.20000
117.17000
134.45000
185.34000
158.10000
121.61000
101.83000
183.45000
136.39000
167.40000
139.75000
167.93000
121.19000
164.99000
149.30000
147.62000
121.03000
107.27000
134.84000
161.98000
140.79000
106.30000
190.50000
161.40000
187.13000
124.97000
135.42000
121.28000
191.68000
151.16000
113.75000
142.00000
111.07000
197.77000
194.62000
148.96000
126.96000
102.68000
172.18000
192.55000
145.97000
128.79000
165.57000
148.16000
199.76000
195.04000
178.63000
185.48000
167.46000
136.68000
117.08000
120.95000
150.57000
124.67000
130.09000
198.28000
106.87000
106.27000
171.19000
177.22000
102.39000
153.75000
118.89000
142.55000
128.15000
164.36000
176.70000
104.02000
100.14000
160.39000
173.14000
196.41000
159.40000
189.08000
161.72000
179.48000
171.94000
122.72000
120.97000
137.99000
142.92000
164.62000
174.61000
102.13000
118.72000
102.28000
126.09000
172.93000
174.11000
173.53000
116.74000
165.04000
134.49000
160.02000
184.45000
172.58000
150.25000
168.39000
192.10000
114.69000
196.77000
130.29000
127.59000
135.53000
174.45000
102.34000
103.81000
104.22000
108.69000
166.20000
158.65000
114.91000
149.86000
128.50000
155.00000
176.77000
196.55000
121.01000
175.96000
167.73000
159.82000
174.40000
118.90000
137.55000
188.00000
142.79000
116.00000
114.76000
115.83000
167.18000
114.51000
152.85000
103.10000
113.61000
186.72000
130.36000
134.56000
173.08000
129.88000
150.79000
119.99000
161.60000
166.26000
142.66000
194.14000
120.20000
143.12000
159.50000
116.78000
114.89000
157.14000
155.28000
187.04000
147.01000
154.87000
144.47000
177.88000
184.45000
124.87000
180.26000
166.20000
171.80000
123.78000
175.52000
121.12000
134.45000
133.25000
168.16000
136.79000
122.79000
159.91000
121.05000
132.34000
112.21000
135.40000
122.09000
151.93000
103.10000
116.37000
184.18000
164.69000
120.85000
184.45000
145.19000
164.76000
07.14000
09.34000
05.39000
05.96000
09.28000
09.72000
07.53000
09.86000
08.01000
05.98000
05.21000
05.61000
07.79000
06.64000
06.04000
09.88000
09.36000
06.50000
08.85000
05.57000
09.69000
06.58000
08.74000
06.86000
07.00000
09.17000
07.08000
09.14000
05.75000
07.81000
06.44000
09.08000
06.69000
07.27000
05.68000
07.01000
05.43000
07.43000
09.42000
06.25000
07.82000
06.99000
08.71000
05.42000
08.68000
07.07000
05.33000
09.76000
09.81000
06.05000
09.24000
05.77000
09.28000
08.55000
06.62000
06.23000
06.42000
05.45000
09.90000
05.11000
06.78000
08.89000
07.80000
07.69000
07.19000
07.23000
05.23000
05.47000
05.71000
05.12000
06.29000
05.32000
05.66000
05.68000
09.58000
07.11000
09.63000
07.33000
07.78000
05.68000
08.88000
05.65000
08.18000
07.36000
08.81000
05.10000
09.31000
09.77000
06.09000
06.42000
05.96000
06.74000
08.63000
06.57000
09.17000
08.38000
05.57000
08.78000
06.21000
06.03000
07.35000
07.52000
05.63000
07.29000
05.61000
07.12000
07.60000
06.73000
05.59000
07.49000
05.91000
08.59000
07.95000
07.71000
05.82000
08.55000
05.93000
08.34000
09.45000
05.31000
09.79000
06.20000
05.17000
08.80000
06.04000
09.36000
07.62000
05.21000
07.42000
07.14000
07.68000
06.98000
07.94000
05.09000
07.48000
07.81000
07.85000
05.04000
05.39000
07.65000
07.42000
09.50000
06.72000
09.33000
07.87000
09.12000
08.42000
08.17000
07.57000
08.68000
08.65000
08.24000
06.62000
07.34000
05.62000
06.85000
06.38000
05.52000
08.80000
07.51000
09.43000
09.87000
08.93000
05.02000
09.63000
08.30000
07.97000
05.42000
07.06000
09.98000
09.15000
05.98000
08.09000
05.31000
06.93000
07.90000
06.96000
07.29000
06.86000
06.00000
06.50000
07.00000
09.66000
08.02000
06.15000
09.04000
09.27000
09.83000
08.35000
07.41000
06.24000
08.57000
06.79000
07.36000
07.39000
07.60000
06.42000
05.39000
05.80000
06.57000
08.43000
09.26000
05.77000
06.35000
05.26000
07.98000
07.87000
09.06000
05.59000
06.79000
05.12000
09.71000
05.99000
06.49000
09.70000
07.35000
07.90000
06.33000
05.14000
06.61000
06.35000
08.01000
09.35000
09.48000
07.36000
06.62000
06.49000
09.16000
08.23000
08.50000
06.97000
05.15000
07.49000
06.26000
07.46000
08.15000
09.93000
08.74000
05.85000
05.14000
06.58000
06.05000
06.32000
09.34000
09.72000
08.85000
07.27000
09.03000
07.55000
09.91000
07.25000
06.39000
07.71000
09.34000
07.51000
08.18000
09.99000
08.34000
05.79000
08.74000
05.27000
09.34000
06.10000
08.61000
05.68000
06.03000
08.69000
09.62000
09.59000
08.37000
05.08000
09.83000
06.64000
07.54000
08.00000
08.56000
07.69000
05.98000
06.48000
06.38000
08.25000
07.82000
05.93000
09.02000
06.45000
09.00000
08.67000
09.65000
05.63000
08.26000
06.97000
09.98000
06.51000
05.37000
09.69000
07.90000
06.08000
06.39000
06.91000
07.58000
07.54000
08.59000
09.98000
09.43000
05.38000
05.51000
06.51000
05.11000
05.31000
06.93000
05.35000
07.53000
09.32000
08.89000
06.58000
07.70000
08.35000
07.09000
07.56000
09.61000
05.99000
05.19000
05.62000
05.99000
06.95000
08.97000
06.50000
08.35000
09.31000
08.09000
06.41000
09.43000
07.37000
08.40000
07.77000
08.25000
06.71000
07.04000
09.29000
05.06000
09.13000
07.38000
05.89000
06.35000
07.72000
09.07000
08.78000
09.90000
06.77000
07.97000
