35
10
132.22000
114.94000
170.67000
160.55000
166.92000
119.85000
148.75000
158.90000
133.02000
157.83000
175.62000
160.82000
121.54000
126.14000
154.80000
176.08000
148.49000
147.04000
114.79000
139.44000
154.90000
167.80000
109.11000
110.67000
106.77000
160.68000
116.28000
174.53000
195.11000
122.96000
139.81000
140.79000
135.96000
176.89000
108.22000
182.01000
148.20000
187.91000
113.91000
129.66000
168.42000
157.29000
106.30000
122.43000
148.70000
128.24000
193.32000
179.46000
164.44000
132.39000
162.87000
144.90000
116.02000
126.40000
127.84000
187.88000
128.84000
191.89000
126.11000
102.55000
153.29000
135.52000
120.58000
108.04000
164.75000
188.92000
199.14000
148.50000
163.63000
108.73000
168.56000
159.79000
160.45000
147.78000
115.54000
125.55000
184.26000
144.32000
131.12000
194.38000
184.69000
155.07000
187.58000
144.81000
146.49000
171.06000
182.18000
180.35000
179.45000
108.29000
137.19000
129.53000
118.33000
107.79000
199.87000
145.85000
122.88000
135.56000
142.48000
107.83000
177.88000
182.62000
162.31000
118.98000
193.09000
143.13000
124.24000
119.05000
185.33000
129.38000
170.10000
128.06000
139.54000
195.62000
106.20000
189.13000
184.19000
192.23000
139.19000
165.14000
138.42000
194.62000
100.69000
143.99000
146.36000
103.16000
147.36000
138.57000
177.16000
143.25000
160.82000
186.77000
124.96000
165.28000
147.74000
151.48000
108.90000
144.64000
139.73000
120.59000
124.90000
195.02000
148.57000
167.96000
172.46000
194.68000
182.19000
124.05000
102.40000
169.00000
146.82000
156.55000
168.23000
177.75000
108.47000
137.74000
148.47000
105.70000
158.18000
164.89000
146.63000
162.61000
111.94000
160.25000
191.24000
183.24000
110.77000
171.10000
135.81000
127.37000
120.70000
169.70000
158.85000
179.76000
132.73000
106.91000
198.76000
182.86000
163.54000
176.52000
177.91000
158.28000
181.75000
150.05000
191.53000
175.31000
150.26000
109.12000
177.52000
128.09000
119.46000
160.39000
198.78000
135.76000
164.74000
135.49000
143.18000
142.45000
186.49000
191.07000
123.62000
117.32000
110.10000
108.76000
178.00000
154.50000
185.96000
195.21000
169.20000
173.13000
109.19000
182.95000
159.56000
140.67000
110.09000
135.29000
194.03000
125.85000
108.70000
160.44000
165.47000
126.22000
139.78000
199.41000
121.14000
195.30000
163.11000
118.22000
133.31000
111.60000
163.44000
107.89000
199.25000
178.64000
150.55000
184.43000
141.22000
124.93000
159.20000
188.86000
106.49000
103.99000
149.15000
187.18000
167.32000
157.34000
145.28000
112.70000
137.10000
135.13000
176.68000
123.90000
195.31000
154.83000
125.86000
130.32000
152.74000
129.32000
161.95000
157.35000
191.04000
196.49000
179.11000
155.38000
116.84000
119.23000
196.47000
199.80000
161.80000
185.43000
158.17000
191.01000
182.53000
107.99000
133.36000
154.39000
160.70000
124.80000
116.17000
140.34000
189.61000
197.74000
106.35000
175.40000
117.31000
123.49000
115.91000
123.69000
184.62000
171.75000
144.96000
127.50000
107.54000
164.80000
122.02000
121.59000
127.11000
149.89000
100.59000
165.75000
109.32000
199.29000
159.20000
144.72000
145.20000
110.27000
101.36000
168.28000
150.77000
105.10000
155.59000
171.19000
167.04000
131.04000
175.40000
120.65000
143.66000
137.38000
104.04000
117.79000
163.86000
102.54000
158.32000
133.88000
149.20000
105.60000
174.82000
113.06000
100.07000
103.19000
166.42000
124.48000
141.87000
176.96000
171.02000
162.27000
124.99000
133.55000
151.50000
145.57000
124.81000
104.60000
195.75000
118.52000
141.72000
146.75000
116.68000
150.28000
101.13000
141.64000
02.44000
01.20000
01.09000
03.03000
01.37000
04.77000
01.95000
04.51000
02.79000
02.63000
03.19000
03.82000
03.76000
03.09000
04.42000
03.77000
02.38000
03.49000
02.19000
04.20000
01.71000
02.16000
02.09000
01.94000
01.83000
02.42000
02.71000
02.81000
03.83000
04.61000
03.61000
01.65000
01.77000
02.05000
01.37000
01.63000
01.88000
02.33000
03.68000
03.79000
04.89000
02.00000
04.16000
04.78000
04.95000
01.74000
01.54000
02.32000
01.01000
01.75000
01.26000
03.09000
01.01000
03.22000
01.78000
02.82000
01.91000
04.37000
02.55000
02.18000
01.67000
04.39000
04.03000
02.90000
03.23000
03.48000
03.67000
03.68000
02.56000
02.86000
02.69000
03.50000
04.33000
04.15000
03.96000
04.59000
01.51000
04.66000
03.25000
03.55000
03.74000
01.72000
03.88000
02.97000
04.86000
04.40000
02.19000
02.43000
03.69000
02.78000
03.50000
02.50000
04.06000
03.94000
02.14000
04.76000
02.80000
03.95000
01.44000
03.80000
01.74000
03.90000
01.72000
03.18000
03.70000
01.75000
03.92000
02.70000
01.43000
01.59000
03.17000
01.94000
03.80000
04.08000
03.84000
03.18000
03.57000
03.18000
01.13000
02.87000
02.45000
01.84000
03.26000
02.48000
03.12000
04.00000
03.41000
04.44000
01.31000
02.63000
03.80000
04.23000
01.70000
03.68000
03.62000
02.28000
02.00000
02.10000
03.09000
04.05000
01.05000
01.73000
04.79000
04.59000
03.06000
04.55000
03.60000
01.77000
01.44000
04.67000
04.94000
04.03000
01.77000
02.90000
04.89000
02.69000
02.61000
01.09000
04.52000
02.10000
03.55000
02.04000
01.92000
03.56000
01.17000
01.60000
04.16000
01.42000
01.05000
04.59000
03.31000
03.00000
01.75000
04.84000
04.47000
02.19000
03.02000
04.30000
03.75000
03.34000
02.59000
04.88000
04.76000
04.28000
02.28000
04.71000
03.98000
03.19000
01.52000
04.51000
03.37000
03.29000
04.79000
01.97000
01.87000
04.78000
01.53000
03.79000
03.46000
04.87000
02.19000
01.69000
01.06000
01.75000
02.23000
04.36000
04.65000
02.63000
02.10000
01.50000
01.82000
01.64000
04.76000
03.23000
03.25000
04.96000
03.29000
01.73000
03.20000
01.79000
03.62000
04.66000
01.50000
03.21000
04.10000
01.60000
02.99000
01.30000
04.05000
03.11000
01.49000
01.14000
03.80000
04.79000
03.82000
04.80000
04.67000
03.21000
01.81000
03.37000
01.00000
03.94000
04.31000
04.91000
04.11000
04.13000
01.63000
02.37000
03.27000
04.61000
04.25000
04.96000
02.79000
04.32000
04.97000
04.38000
02.66000
01.69000
03.52000
01.58000
01.06000
04.20000
04.59000
02.51000
01.22000
04.29000
01.89000
02.12000
03.33000
03.41000
02.11000
04.37000
04.60000
04.02000
04.97000
02.20000
03.22000
01.57000
03.16000
01.58000
02.07000
03.60000
03.96000
04.20000
03.10000
01.92000
02.28000
04.94000
01.62000
03.79000
04.52000
01.27000
03.71000
02.53000
03.24000
01.01000
04.46000
04.48000
04.04000
01.00000
03.95000
04.96000
01.48000
03.06000
03.24000
04.30000
03.14000
02.02000
04.42000
03.84000
01.61000
01.70000
02.56000
01.88000
02.45000
03.66000
01.41000
04.69000
03.48000
03.14000
03.68000
04.12000
03.78000
04.59000
02.38000
03.26000
04.87000
02.71000
01.47000
03.30000
01.19000
01.22000
01.89000
02.46000
04.21000
04.82000
01.61000
03.92000
02.37000
03.20000
03.57000
03.90000
01.12000
03.07000
03.73000
03.59000
02.93000
04.14000
03.05000
01.21000
