35
7
40.43000
95.59000
1.73000
43.53000
7.32000
11.34000
46.27000
79.23000
25.04000
2.66000
31.89000
33.75000
32.25000
84.39000
83.64000
3.15000
80.52000
74.91000
18.75000
60.28000
86.86000
41.67000
89.11000
7.27000
81.19000
53.64000
40.80000
19.08000
57.86000
32.84000
54.56000
98.95000
25.12000
1.87000
3.30000
67.69000
53.15000
53.52000
73.79000
51.91000
4.84000
51.35000
60.83000
88.33000
8.61000
54.07000
25.78000
20.86000
99.03000
98.19000
41.11000
16.70000
27.59000
23.74000
69.43000
21.85000
5.19000
18.82000
13.07000
8.63000
58.66000
75.07000
60.49000
25.13000
80.26000
37.16000
42.85000
46.74000
75.14000
48.33000
88.90000
61.78000
97.02000
95.90000
11.77000
76.21000
13.97000
40.27000
23.87000
55.15000
39.95000
24.04000
7.40000
12.66000
8.43000
6.38000
81.24000
88.11000
63.81000
46.98000
56.41000
1.66000
17.89000
58.59000
79.64000
93.77000
92.41000
54.50000
88.80000
87.69000
77.52000
99.05000
60.45000
29.97000
74.32000
93.74000
40.50000
1.97000
71.86000
82.37000
55.81000
68.84000
21.17000
23.34000
64.16000
18.73000
93.14000
44.43000
93.15000
35.84000
19.16000
27.44000
11.06000
33.70000
39.51000
53.73000
71.34000
1.64000
61.91000
57.70000
71.09000
54.25000
8.01000
74.30000
93.61000
84.95000
60.88000
90.52000
62.87000
13.45000
96.00000
97.57000
63.93000
75.82000
1.27000
95.28000
74.81000
7.01000
37.66000
70.57000
38.23000
42.88000
68.03000
73.87000
28.18000
42.83000
18.67000
8.63000
58.36000
90.53000
27.78000
76.88000
32.61000
48.45000
98.98000
36.66000
91.46000
3.37000
51.82000
43.59000
67.59000
18.84000
66.28000
7.31000
30.39000
91.51000
26.99000
17.82000
65.22000
99.66000
32.58000
43.76000
61.43000
90.63000
99.40000
78.70000
25.35000
18.18000
87.21000
95.72000
77.40000
10.82000
18.19000
19.94000
79.66000
25.41000
27.47000
75.04000
81.39000
94.56000
16.56000
40.72000
71.51000
79.20000
98.93000
94.24000
28.14000
15.05000
55.44000
67.92000
75.18000
24.37000
59.69000
97.74000
74.16000
13.52000
40.89000
59.68000
33.08000
49.40000
69.11000
68.22000
30.57000
57.91000
1.01000
19.11000
35.45000
40.74000
53.69000
57.13000
55.23000
25.88000
62.16000
31.58000
86.57000
18.12000
23.86000
40.86000
65.79000
48.54000
49.16000
85.88000
17.41000
26.01000
14.84000
05.94000
08.44000
07.94000
05.34000
09.83000
05.65000
09.17000
05.66000
06.09000
05.86000
08.15000
06.48000
06.53000
09.32000
08.45000
05.75000
05.83000
06.06000
05.24000
09.94000
09.05000
08.35000
07.87000
06.51000
09.18000
08.24000
07.30000
06.47000
09.56000
05.05000
08.66000
06.81000
06.44000
07.86000
08.70000
05.46000
09.19000
05.43000
09.63000
07.72000
06.48000
07.54000
08.16000
07.78000
05.95000
08.36000
08.87000
06.78000
09.88000
09.87000
08.27000
06.89000
08.40000
08.79000
09.54000
08.79000
07.08000
09.14000
09.96000
09.18000
09.33000
09.67000
08.48000
08.27000
09.00000
06.41000
08.20000
07.29000
07.79000
05.18000
06.42000
07.98000
08.03000
07.43000
06.94000
05.51000
06.68000
09.98000
05.27000
09.12000
08.88000
06.02000
06.76000
09.18000
07.38000
09.24000
05.89000
07.07000
07.78000
08.07000
08.80000
07.70000
06.12000
08.25000
05.76000
06.97000
06.28000
05.27000
08.67000
09.32000
07.56000
06.86000
08.60000
05.21000
07.16000
09.47000
08.39000
06.48000
07.65000
05.71000
08.50000
05.91000
07.49000
06.13000
05.99000
08.76000
08.82000
08.86000
09.18000
09.64000
09.84000
09.31000
05.53000
09.13000
06.65000
07.66000
09.14000
06.36000
05.72000
06.34000
08.25000
06.46000
06.43000
07.57000
07.73000
08.08000
08.55000
05.80000
06.62000
05.90000
09.44000
05.59000
09.78000
07.55000
09.47000
07.80000
09.16000
07.37000
07.20000
05.36000
07.05000
07.04000
05.93000
08.13000
09.75000
05.36000
09.31000
08.24000
07.69000
07.14000
08.92000
07.57000
07.92000
05.73000
06.69000
05.30000
06.67000
05.48000
07.47000
05.33000
06.78000
09.26000
06.50000
08.86000
05.24000
09.19000
05.23000
07.19000
09.85000
09.00000
06.15000
07.47000
05.04000
09.61000
05.37000
08.34000
06.45000
05.54000
06.64000
06.37000
08.33000
09.80000
09.10000
05.42000
09.09000
06.45000
09.77000
09.09000
08.76000
08.03000
06.08000
08.26000
06.51000
08.12000
08.33000
08.58000
08.17000
08.80000
07.23000
07.94000
09.53000
07.39000
05.93000
07.41000
09.06000
09.92000
06.64000
09.73000
08.50000
08.58000
07.80000
06.94000
08.42000
07.08000
08.63000
07.34000
06.04000
07.68000
08.74000
06.49000
07.74000
08.63000
05.63000
09.72000
06.52000
06.71000
07.18000
09.63000
09.52000
09.70000
09.18000
08.58000
05.52000
08.92000
07.78000
