35
4
42.25000
59.27000
19.47000
66.56000
36.43000
1.63000
23.90000
5.65000
36.43000
46.50000
54.28000
17.85000
82.47000
36.09000
51.80000
44.38000
16.78000
10.62000
56.69000
26.46000
77.57000
10.31000
10.18000
4.32000
8.06000
75.39000
51.48000
18.16000
46.46000
48.06000
22.80000
9.22000
35.01000
67.54000
63.37000
20.55000
82.56000
19.89000
36.97000
42.77000
96.33000
60.20000
46.01000
67.92000
92.14000
86.42000
69.58000
61.96000
35.96000
64.52000
73.64000
89.86000
91.75000
59.46000
24.17000
18.59000
27.50000
37.22000
85.13000
12.12000
7.16000
62.77000
24.49000
36.42000
95.71000
3.07000
6.22000
57.45000
61.12000
22.08000
82.54000
18.09000
35.00000
92.13000
63.26000
83.60000
5.29000
40.86000
20.80000
36.99000
96.26000
70.83000
44.88000
66.97000
1.62000
73.75000
27.21000
65.27000
9.11000
40.35000
57.52000
22.59000
10.43000
60.33000
27.53000
28.67000
95.30000
25.43000
26.96000
74.21000
56.46000
25.36000
46.51000
50.95000
82.60000
35.58000
89.84000
25.54000
66.44000
66.60000
54.88000
86.45000
94.24000
37.51000
50.31000
94.98000
11.65000
62.78000
91.58000
66.60000
32.16000
58.88000
95.18000
16.79000
72.21000
41.27000
76.56000
60.00000
48.29000
25.42000
51.20000
13.72000
74.86000
26.81000
34.57000
91.40000
68.38000
60.90000
42.12000
11.51000
02.12000
03.01000
04.84000
04.20000
02.99000
02.41000
04.97000
04.50000
04.16000
02.38000
02.95000
04.94000
04.74000
02.06000
01.91000
04.64000
03.87000
04.56000
04.98000
02.72000
04.66000
01.01000
03.29000
02.32000
02.25000
02.54000
03.94000
02.55000
03.76000
04.26000
02.08000
02.55000
04.31000
01.32000
04.83000
02.44000
01.45000
02.13000
01.71000
01.22000
03.50000
03.22000
04.84000
04.65000
04.74000
03.02000
03.21000
04.85000
01.27000
01.65000
04.94000
01.94000
01.24000
03.24000
02.17000
04.06000
04.75000
03.91000
03.01000
03.32000
03.94000
03.79000
03.58000
03.85000
02.94000
03.00000
04.02000
01.78000
01.86000
01.68000
03.08000
01.62000
01.36000
01.29000
02.70000
03.22000
02.75000
01.54000
02.14000
03.41000
02.51000
04.95000
02.51000
03.31000
01.77000
04.63000
04.94000
04.06000
01.66000
01.72000
02.56000
02.77000
03.28000
01.34000
04.48000
04.57000
03.79000
04.61000
03.84000
02.59000
04.28000
04.66000
01.76000
01.95000
01.90000
03.18000
01.16000
01.07000
01.80000
03.02000
03.25000
01.79000
04.78000
03.15000
02.66000
01.86000
02.14000
01.69000
01.50000
03.40000
04.01000
04.76000
01.92000
04.54000
04.51000
02.50000
02.03000
03.41000
01.76000
01.02000
03.95000
02.12000
01.89000
02.46000
01.82000
02.80000
03.02000
04.92000
01.76000
03.59000
