35
7
18.47000
71.33000
56.64000
86.55000
44.26000
16.65000
43.70000
47.61000
37.77000
19.02000
45.74000
96.94000
66.08000
85.55000
43.97000
50.58000
61.63000
76.40000
58.25000
47.92000
69.82000
51.25000
97.62000
7.10000
1.47000
21.87000
11.79000
70.59000
78.32000
1.54000
35.65000
60.64000
90.50000
54.61000
46.74000
5.92000
10.16000
50.84000
15.96000
71.60000
2.08000
23.22000
45.97000
35.61000
77.46000
71.71000
93.77000
6.38000
3.25000
27.05000
87.96000
69.12000
5.84000
68.07000
94.81000
38.37000
28.51000
78.12000
70.78000
2.43000
77.98000
90.59000
10.98000
75.93000
75.91000
41.45000
97.70000
53.26000
7.34000
16.68000
62.49000
64.36000
56.38000
25.27000
47.13000
91.32000
13.47000
56.24000
23.21000
68.13000
27.43000
89.54000
75.57000
75.39000
60.13000
76.60000
80.22000
71.48000
37.84000
19.87000
50.84000
41.06000
98.77000
22.37000
89.29000
44.61000
48.54000
40.16000
39.08000
69.91000
3.70000
30.85000
29.91000
81.51000
45.23000
67.67000
5.47000
81.48000
19.86000
15.14000
56.16000
61.01000
27.77000
24.83000
67.07000
48.12000
22.66000
68.28000
70.43000
95.54000
62.29000
19.56000
87.67000
34.82000
69.84000
1.79000
79.88000
20.79000
81.44000
40.64000
96.30000
86.07000
97.60000
14.83000
26.87000
91.59000
33.79000
2.61000
47.70000
73.08000
83.03000
49.66000
34.40000
9.70000
85.04000
65.67000
72.83000
19.73000
19.07000
60.86000
95.94000
2.25000
24.85000
28.42000
83.38000
81.14000
58.07000
62.06000
3.96000
60.10000
38.82000
9.58000
63.18000
66.13000
99.11000
17.30000
59.71000
5.00000
38.39000
84.59000
28.88000
6.79000
66.01000
14.36000
94.20000
88.96000
21.69000
75.11000
18.19000
24.22000
65.16000
48.87000
52.68000
31.30000
85.20000
23.95000
52.99000
80.95000
20.48000
15.19000
45.19000
71.23000
21.57000
38.97000
44.49000
74.99000
5.48000
63.74000
5.80000
92.38000
2.13000
59.46000
71.18000
1.32000
5.87000
47.18000
25.39000
3.07000
24.95000
49.46000
89.87000
47.61000
17.41000
53.15000
48.49000
27.96000
95.16000
59.49000
74.97000
85.26000
51.75000
95.47000
5.12000
63.42000
20.75000
98.60000
10.39000
30.64000
50.63000
7.91000
53.41000
31.93000
55.30000
11.50000
36.49000
39.59000
61.59000
2.00000
49.11000
2.72000
60.75000
22.10000
21.41000
94.72000
57.96000
03.16000
01.18000
03.05000
01.38000
02.82000
01.55000
03.68000
01.88000
04.46000
04.56000
03.57000
04.23000
01.94000
03.36000
02.97000
04.75000
01.45000
04.90000
01.50000
04.53000
03.50000
03.94000
04.04000
03.50000
04.88000
01.05000
02.83000
02.39000
04.73000
04.63000
03.38000
04.74000
02.48000
04.88000
02.54000
01.62000
03.94000
02.78000
03.68000
02.75000
04.58000
01.74000
01.99000
02.76000
01.17000
01.04000
03.20000
02.51000
03.95000
03.19000
01.97000
01.67000
03.49000
04.52000
04.27000
04.74000
04.65000
01.17000
01.38000
02.99000
04.63000
03.09000
03.88000
04.54000
02.92000
04.03000
03.69000
04.31000
03.33000
03.59000
04.24000
04.47000
02.35000
03.24000
03.86000
02.16000
04.09000
04.98000
03.58000
04.49000
01.00000
03.99000
03.11000
03.69000
03.70000
04.18000
03.49000
02.82000
03.13000
03.23000
01.06000
01.71000
04.53000
02.67000
01.47000
03.05000
01.47000
01.81000
01.69000
02.32000
01.81000
03.81000
03.99000
01.81000
01.75000
01.91000
04.49000
02.57000
03.05000
04.08000
02.97000
01.88000
03.50000
02.27000
01.35000
02.84000
03.60000
01.93000
01.69000
01.05000
02.33000
04.33000
03.42000
02.93000
03.02000
04.53000
01.25000
03.72000
03.27000
01.44000
03.20000
01.45000
01.04000
03.75000
04.62000
02.99000
04.56000
03.97000
02.17000
02.01000
01.69000
04.08000
02.56000
01.69000
03.67000
03.82000
01.41000
01.19000
01.95000
01.64000
01.18000
02.58000
01.60000
04.38000
02.33000
04.85000
01.99000
02.66000
02.65000
01.80000
02.80000
04.95000
03.23000
04.02000
02.03000
03.51000
02.47000
04.96000
01.99000
04.40000
02.09000
02.82000
03.30000
01.53000
01.11000
04.74000
01.02000
03.23000
02.36000
04.61000
02.85000
01.97000
04.56000
04.34000
03.58000
04.10000
01.97000
01.46000
04.65000
01.84000
01.42000
02.35000
01.81000
03.20000
03.07000
04.17000
03.11000
02.00000
02.39000
04.89000
02.92000
03.89000
04.16000
01.33000
03.95000
04.30000
04.47000
03.07000
03.17000
02.52000
03.56000
04.80000
01.68000
02.38000
04.77000
03.08000
04.23000
03.04000
02.82000
04.60000
01.53000
03.67000
03.60000
02.26000
03.39000
01.85000
04.34000
01.82000
01.93000
02.95000
03.57000
03.81000
01.59000
02.20000
03.13000
01.59000
01.11000
02.59000
02.17000
03.33000
03.56000
04.96000
03.16000
02.02000
02.31000
