35
4
49.58000
59.43000
8.63000
36.28000
23.10000
37.01000
85.61000
66.66000
15.59000
56.00000
53.17000
59.55000
67.27000
57.61000
50.53000
55.18000
20.36000
82.05000
18.91000
93.76000
14.08000
70.56000
97.53000
17.50000
88.65000
63.35000
29.61000
64.63000
86.29000
1.63000
53.36000
77.37000
47.22000
24.63000
11.01000
29.74000
79.81000
69.82000
63.45000
76.41000
26.94000
82.37000
15.53000
46.33000
99.21000
50.66000
75.72000
4.48000
64.57000
39.66000
11.99000
15.83000
86.99000
15.35000
87.32000
46.35000
33.45000
42.69000
69.66000
62.00000
67.92000
87.65000
23.98000
28.76000
57.35000
17.20000
15.27000
11.59000
66.73000
94.30000
50.51000
54.90000
29.33000
51.75000
65.58000
28.11000
59.10000
94.20000
33.49000
87.97000
37.08000
70.15000
43.96000
27.20000
52.98000
69.34000
87.72000
34.52000
97.52000
82.46000
56.48000
1.64000
62.43000
1.26000
39.96000
18.28000
37.41000
14.43000
28.87000
75.17000
13.19000
13.71000
13.95000
64.02000
79.49000
1.42000
84.37000
36.81000
65.50000
56.98000
23.10000
51.49000
58.09000
34.64000
98.17000
45.50000
95.76000
48.87000
28.05000
34.32000
94.98000
16.14000
26.22000
33.40000
71.21000
50.92000
9.13000
58.23000
39.92000
69.66000
91.26000
25.27000
16.58000
87.86000
90.07000
48.99000
16.66000
21.96000
21.04000
45.85000
07.85000
05.44000
07.28000
09.83000
08.63000
05.91000
08.01000
07.93000
07.79000
06.37000
06.57000
07.96000
09.23000
05.70000
06.86000
08.83000
06.85000
07.83000
07.80000
09.44000
09.57000
06.65000
08.28000
08.70000
06.29000
06.07000
07.21000
05.51000
05.91000
05.00000
08.51000
08.79000
07.35000
07.35000
06.06000
08.45000
07.54000
06.43000
07.97000
07.29000
09.27000
06.06000
09.58000
09.01000
08.29000
08.65000
06.05000
08.75000
09.76000
09.35000
07.55000
06.69000
08.83000
08.31000
09.24000
07.98000
05.67000
05.70000
06.26000
07.76000
05.41000
06.68000
08.77000
06.21000
08.24000
06.38000
06.94000
08.47000
09.29000
09.98000
09.90000
09.28000
09.54000
06.35000
05.79000
06.83000
08.82000
09.03000
05.07000
07.49000
07.21000
08.03000
09.16000
07.69000
06.10000
09.77000
09.45000
08.82000
06.90000
05.64000
07.36000
07.28000
06.01000
07.05000
09.29000
09.50000
09.85000
05.42000
06.64000
06.86000
09.82000
07.14000
05.83000
05.79000
07.33000
09.90000
07.79000
07.41000
09.93000
05.04000
08.45000
09.38000
08.06000
08.24000
09.70000
05.72000
05.60000
07.15000
09.20000
09.11000
05.22000
09.42000
09.61000
07.19000
09.58000
07.72000
08.58000
07.61000
06.32000
09.69000
08.76000
08.05000
08.11000
08.00000
07.82000
06.14000
07.60000
05.30000
08.40000
09.56000
