35
4
130.88000
106.29000
179.44000
128.30000
169.90000
110.36000
194.84000
157.57000
171.84000
200.00000
143.47000
192.73000
177.31000
115.83000
165.95000
174.39000
126.95000
198.49000
102.91000
143.19000
161.38000
188.59000
194.97000
139.75000
121.23000
126.76000
182.75000
104.69000
147.12000
153.63000
106.89000
178.64000
179.67000
109.82000
108.01000
105.18000
119.94000
104.91000
161.89000
144.25000
106.93000
156.41000
100.75000
199.57000
114.05000
156.94000
142.55000
136.74000
106.94000
172.16000
152.94000
121.40000
151.23000
167.67000
197.52000
119.17000
112.53000
109.10000
141.94000
195.67000
156.47000
162.08000
151.81000
116.54000
148.68000
192.24000
192.76000
147.38000
154.78000
165.19000
193.90000
151.11000
155.78000
124.17000
136.61000
187.48000
135.22000
152.35000
175.44000
155.12000
106.09000
157.11000
101.01000
144.66000
159.02000
129.09000
103.95000
146.73000
184.63000
158.90000
174.88000
151.94000
173.54000
137.18000
104.43000
150.94000
116.39000
154.54000
183.23000
134.33000
103.79000
101.62000
101.89000
192.74000
126.37000
122.78000
156.51000
158.02000
173.65000
126.32000
165.47000
117.13000
133.89000
144.91000
105.89000
149.12000
133.42000
194.20000
193.42000
169.61000
187.85000
189.80000
143.66000
194.22000
112.81000
147.33000
172.25000
138.59000
123.93000
182.43000
194.81000
118.33000
136.83000
110.72000
126.96000
149.07000
167.14000
147.83000
184.33000
146.44000
07.75000
07.39000
07.44000
08.72000
06.16000
06.36000
05.03000
09.53000
06.39000
08.74000
08.87000
05.72000
07.34000
08.45000
07.89000
06.17000
07.91000
09.38000
05.99000
09.81000
07.01000
05.44000
07.08000
05.53000
08.55000
05.55000
05.05000
07.24000
06.44000
08.60000
08.82000
08.85000
09.57000
08.50000
07.30000
06.54000
07.87000
09.38000
08.29000
09.09000
06.05000
05.69000
09.30000
05.45000
07.45000
05.89000
06.13000
05.78000
07.24000
05.14000
08.92000
05.24000
05.56000
08.60000
07.82000
08.98000
07.59000
06.42000
08.01000
07.17000
08.47000
08.75000
09.62000
09.95000
08.36000
05.76000
07.83000
07.48000
07.41000
07.60000
08.92000
07.26000
09.82000
06.64000
08.19000
07.79000
09.20000
09.02000
09.28000
09.88000
06.12000
06.17000
08.62000
09.94000
06.98000
09.49000
07.61000
09.36000
08.18000
05.38000
07.64000
09.57000
06.15000
05.25000
05.13000
06.96000
07.27000
05.50000
06.49000
07.93000
07.96000
07.55000
08.11000
08.91000
09.62000
06.99000
09.27000
08.33000
09.73000
07.53000
06.80000
06.16000
05.20000
07.05000
05.87000
09.30000
06.02000
08.22000
09.11000
05.41000
09.86000
08.70000
09.21000
07.16000
09.37000
06.13000
08.79000
07.20000
07.20000
08.18000
05.54000
08.17000
06.02000
07.50000
07.09000
07.75000
08.47000
06.75000
06.11000
08.59000
