35
10
39.93000
91.06000
73.07000
24.74000
66.15000
4.24000
52.09000
87.99000
28.23000
26.62000
5.83000
5.41000
59.58000
99.81000
80.09000
27.97000
21.38000
91.17000
49.41000
35.40000
96.54000
90.81000
10.08000
31.20000
96.74000
15.57000
83.15000
43.58000
56.38000
5.06000
18.40000
26.52000
34.64000
25.64000
85.39000
72.59000
61.57000
75.87000
31.33000
80.58000
32.91000
85.99000
97.27000
68.17000
58.97000
29.50000
1.57000
48.14000
10.21000
30.54000
23.05000
57.98000
78.82000
40.00000
69.29000
60.96000
85.76000
33.52000
72.60000
45.10000
74.72000
11.47000
89.07000
23.16000
15.16000
98.00000
1.52000
32.64000
99.26000
46.00000
18.96000
35.27000
66.75000
11.90000
19.12000
18.03000
67.52000
35.53000
95.61000
60.20000
25.70000
52.26000
66.29000
84.83000
68.54000
96.49000
70.77000
39.72000
51.00000
29.41000
75.40000
95.39000
50.82000
33.92000
71.28000
51.16000
71.48000
20.70000
74.28000
28.05000
42.22000
24.16000
26.00000
72.87000
16.00000
21.91000
20.08000
22.52000
68.55000
70.71000
51.49000
8.72000
3.76000
76.39000
85.51000
69.56000
37.69000
82.66000
23.54000
63.12000
84.09000
58.96000
88.70000
70.22000
81.49000
98.50000
33.89000
97.43000
92.14000
22.22000
32.75000
77.09000
5.05000
71.82000
85.65000
65.25000
30.98000
18.76000
19.74000
43.76000
13.81000
45.54000
14.40000
39.03000
87.32000
27.52000
99.98000
27.70000
32.69000
94.92000
28.21000
75.70000
45.20000
53.23000
6.77000
99.87000
47.91000
29.67000
70.08000
41.82000
87.61000
77.22000
79.30000
65.91000
37.83000
75.61000
19.35000
64.23000
93.88000
28.34000
97.90000
52.66000
79.79000
62.61000
52.37000
74.27000
1.59000
35.20000
17.68000
19.07000
4.34000
20.51000
12.65000
60.46000
45.76000
37.64000
9.36000
75.07000
58.19000
74.59000
51.52000
63.30000
97.69000
45.13000
9.58000
50.28000
47.10000
85.76000
75.73000
85.89000
11.98000
60.76000
70.92000
46.77000
23.66000
57.13000
38.85000
32.31000
39.21000
87.63000
86.02000
68.64000
28.01000
94.07000
68.16000
92.79000
59.19000
29.64000
90.48000
31.92000
42.58000
42.81000
32.71000
68.94000
68.26000
31.85000
96.32000
15.52000
53.11000
18.83000
12.55000
5.08000
37.72000
50.52000
32.38000
96.80000
87.45000
99.48000
35.54000
77.57000
94.41000
64.00000
25.50000
56.09000
74.44000
3.72000
34.30000
45.15000
79.62000
94.56000
48.44000
14.32000
20.48000
14.86000
52.24000
11.15000
28.54000
68.20000
8.97000
54.58000
79.43000
87.91000
5.62000
89.32000
74.54000
31.04000
54.98000
84.82000
39.02000
77.44000
95.54000
35.27000
22.74000
35.68000
90.58000
58.61000
1.34000
36.07000
28.09000
99.57000
95.32000
73.84000
95.12000
17.35000
8.94000
55.11000
83.16000
13.53000
33.60000
5.20000
84.98000
82.38000
30.47000
88.48000
73.13000
4.62000
83.46000
98.05000
44.89000
80.72000
4.26000
49.76000
22.32000
41.94000
25.27000
83.22000
52.20000
40.23000
7.66000
65.78000
8.08000
54.34000
35.35000
87.55000
85.26000
45.35000
52.17000
51.76000
17.58000
42.29000
54.72000
56.45000
86.30000
11.50000
36.58000
49.05000
78.85000
89.48000
90.96000
79.47000
1.79000
41.49000
38.80000
24.33000
84.46000
53.55000
22.81000
82.02000
85.92000
39.41000
12.43000
79.68000
87.00000
36.58000
1.86000
67.19000
94.27000
8.34000
10.06000
20.19000
02.58000
03.05000
03.55000
03.61000
04.94000
03.18000
04.75000
04.67000
01.32000
04.31000
03.27000
01.65000
03.55000
01.54000
01.43000
04.14000
04.47000
02.93000
02.56000
02.71000
01.89000
01.57000
02.98000
04.94000
02.65000
03.54000
04.04000
03.41000
02.58000
03.91000
04.05000
03.70000
02.50000
02.76000
02.34000
01.71000
01.10000
02.19000
01.42000
02.56000
02.95000
04.90000
03.94000
02.13000
02.42000
03.94000
02.29000
02.87000
03.21000
04.26000
02.69000
04.25000
02.03000
03.80000
04.34000
02.70000
04.56000
01.53000
03.44000
03.69000
01.53000
01.39000
01.20000
01.67000
04.63000
04.35000
03.82000
04.08000
02.56000
04.34000
01.02000
03.55000
03.12000
04.30000
01.35000
03.05000
02.50000
03.98000
02.68000
01.60000
01.29000
02.73000
03.08000
04.52000
04.08000
04.41000
01.63000
02.15000
04.42000
01.82000
02.42000
01.81000
04.92000
04.81000
02.52000
03.83000
01.14000
04.20000
04.00000
01.54000
01.66000
03.81000
01.95000
01.27000
04.06000
04.98000
03.71000
03.94000
03.15000
02.20000
04.60000
04.87000
01.82000
04.89000
01.42000
05.00000
04.78000
03.76000
02.12000
01.53000
02.47000
02.51000
03.66000
04.68000
02.35000
01.84000
04.00000
01.63000
04.88000
03.47000
02.08000
04.60000
03.50000
02.09000
01.86000
02.79000
04.67000
01.40000
04.29000
02.40000
01.82000
02.55000
01.04000
03.17000
01.07000
02.96000
03.96000
01.89000
02.10000
03.26000
04.19000
03.67000
01.24000
03.04000
04.57000
02.59000
03.82000
02.86000
04.94000
01.72000
04.17000
04.32000
02.10000
01.15000
01.62000
01.99000
01.91000
01.95000
04.48000
03.44000
03.17000
02.20000
02.10000
01.26000
01.72000
02.16000
02.18000
04.58000
02.70000
02.29000
01.85000
01.93000
03.44000
02.96000
01.08000
03.67000
04.21000
03.13000
04.08000
03.26000
03.73000
02.75000
04.05000
03.14000
01.70000
02.77000
03.18000
02.79000
02.81000
01.15000
04.69000
02.63000
04.77000
04.83000
04.78000
04.14000
02.29000
01.77000
04.65000
01.76000
02.75000
03.76000
04.99000
02.92000
01.89000
04.87000
01.30000
03.89000
02.40000
02.53000
01.67000
01.70000
02.88000
02.58000
03.15000
04.69000
02.89000
03.84000
03.83000
02.18000
03.02000
02.14000
02.80000
04.50000
04.84000
02.31000
04.12000
02.97000
02.93000
02.18000
04.87000
01.93000
04.87000
04.57000
03.14000
03.87000
04.33000
03.69000
02.96000
01.61000
02.93000
04.31000
04.57000
04.28000
03.04000
01.82000
02.29000
03.07000
01.10000
01.94000
03.06000
02.18000
02.57000
03.35000
02.84000
02.83000
01.90000
01.78000
02.59000
03.21000
02.55000
01.92000
04.26000
02.52000
04.97000
01.46000
02.79000
04.98000
02.61000
03.13000
02.07000
04.16000
01.71000
04.15000
03.33000
01.28000
03.07000
02.59000
01.37000
04.43000
01.01000
02.46000
01.04000
01.68000
02.85000
02.36000
04.15000
02.12000
04.94000
01.86000
01.54000
03.82000
04.58000
01.53000
01.02000
01.86000
04.12000
02.96000
03.44000
04.32000
02.88000
04.73000
02.62000
04.28000
01.18000
04.88000
01.42000
04.60000
03.89000
02.31000
02.74000
03.22000
01.32000
03.36000
02.81000
03.56000
04.22000
03.48000
02.35000
03.57000
03.82000
03.11000
03.05000
02.19000
04.30000
03.71000
03.62000
03.39000
02.88000
03.74000
03.76000
04.12000
01.75000
02.65000
04.17000
02.32000
04.12000
04.89000
02.55000
04.96000
