35
7
85.31000
92.12000
14.92000
27.44000
92.41000
27.65000
39.68000
14.04000
34.23000
71.92000
82.76000
84.11000
13.39000
81.98000
86.70000
27.42000
47.45000
15.43000
82.17000
6.54000
19.36000
78.93000
39.55000
12.33000
24.03000
84.68000
17.38000
12.46000
21.76000
93.92000
13.88000
99.88000
85.79000
70.45000
16.42000
25.21000
3.94000
25.80000
87.33000
31.01000
40.89000
99.29000
34.68000
33.99000
32.37000
80.91000
55.74000
66.78000
77.93000
47.36000
40.46000
89.32000
93.01000
76.91000
65.92000
38.33000
56.48000
1.86000
49.91000
74.81000
60.15000
52.08000
97.38000
39.60000
61.24000
13.46000
54.93000
96.81000
30.89000
69.46000
44.37000
51.02000
15.19000
59.02000
68.59000
96.50000
25.33000
97.80000
82.96000
20.54000
65.52000
48.29000
84.12000
25.93000
34.18000
8.84000
8.43000
44.74000
41.69000
79.37000
78.39000
84.86000
63.83000
14.86000
60.18000
81.47000
90.29000
66.82000
6.15000
45.53000
75.20000
42.79000
7.33000
14.31000
85.62000
60.10000
71.15000
81.34000
93.16000
26.65000
75.09000
52.61000
7.47000
43.68000
90.54000
87.01000
83.01000
81.17000
61.56000
62.47000
17.13000
61.15000
69.91000
81.23000
16.11000
6.19000
87.49000
24.33000
52.62000
88.92000
25.89000
96.10000
14.28000
87.50000
82.87000
81.67000
50.12000
29.16000
98.86000
89.46000
28.92000
35.23000
2.31000
80.96000
38.69000
85.31000
49.98000
49.77000
72.75000
81.16000
87.20000
74.45000
58.93000
14.43000
5.46000
5.09000
87.48000
26.79000
31.90000
15.10000
64.58000
63.48000
85.86000
56.67000
58.82000
21.78000
26.31000
9.28000
53.71000
97.52000
97.43000
26.21000
96.19000
42.55000
87.04000
25.11000
85.27000
3.74000
16.15000
39.46000
73.35000
20.36000
60.16000
65.16000
34.39000
82.25000
28.47000
46.66000
91.13000
4.68000
56.96000
4.23000
33.70000
50.01000
23.20000
83.41000
62.21000
86.12000
90.90000
10.55000
44.14000
31.95000
66.47000
33.30000
58.92000
5.97000
42.48000
79.09000
51.39000
78.71000
56.68000
83.87000
44.94000
85.13000
18.68000
70.13000
47.51000
37.95000
98.29000
1.71000
27.37000
42.69000
92.63000
92.22000
5.19000
35.31000
84.98000
37.07000
65.01000
2.81000
98.32000
52.97000
7.83000
32.73000
45.78000
36.42000
94.05000
65.66000
77.15000
9.23000
4.00000
43.74000
34.42000
68.99000
75.43000
07.06000
09.12000
05.51000
06.44000
06.89000
09.11000
09.27000
07.48000
06.69000
07.08000
09.07000
09.08000
08.41000
07.18000
06.14000
05.59000
06.89000
08.34000
08.32000
09.87000
07.36000
06.76000
07.60000
05.82000
07.95000
08.38000
07.60000
05.82000
07.17000
06.42000
06.11000
08.31000
06.42000
08.87000
07.53000
08.22000
08.01000
05.71000
05.58000
05.50000
09.41000
07.14000
09.66000
08.90000
07.78000
06.95000
06.40000
05.99000
05.53000
06.00000
09.97000
05.33000
07.98000
09.95000
06.20000
09.03000
05.82000
06.70000
05.04000
05.16000
07.66000
08.92000
08.09000
05.37000
07.46000
06.56000
06.09000
07.28000
07.11000
09.31000
05.08000
06.87000
05.23000
05.04000
09.77000
07.98000
06.79000
09.07000
07.29000
08.19000
08.87000
05.94000
05.64000
09.27000
09.37000
08.23000
06.96000
09.03000
09.06000
08.31000
05.03000
08.76000
09.11000
05.81000
07.80000
05.78000
08.59000
05.11000
09.82000
05.94000
06.93000
07.88000
09.81000
06.09000
06.49000
06.75000
09.09000
07.66000
07.66000
07.12000
05.45000
09.85000
09.83000
06.79000
06.40000
08.18000
07.65000
07.82000
07.91000
08.64000
09.48000
09.51000
05.09000
08.25000
06.55000
05.95000
09.70000
07.52000
05.52000
08.48000
07.63000
08.00000
05.91000
08.22000
06.43000
09.75000
07.63000
08.53000
07.76000
08.83000
09.25000
08.16000
07.90000
05.90000
05.47000
08.22000
06.24000
08.31000
05.59000
08.44000
07.48000
07.96000
08.04000
07.60000
05.57000
05.06000
06.65000
06.73000
08.60000
05.83000
08.14000
06.63000
06.30000
05.03000
09.61000
05.36000
07.51000
08.41000
06.05000
05.75000
07.76000
05.24000
07.86000
07.89000
06.69000
06.04000
09.49000
08.38000
09.50000
08.19000
05.09000
05.85000
06.98000
06.82000
07.36000
08.42000
07.26000
07.86000
05.22000
06.56000
07.25000
05.72000
07.95000
08.04000
07.99000
05.86000
07.74000
05.37000
07.20000
07.24000
07.17000
08.33000
06.69000
09.83000
06.69000
06.48000
09.94000
07.14000
07.18000
06.62000
08.46000
06.11000
09.68000
09.32000
08.13000
07.36000
09.18000
08.80000
08.81000
05.10000
09.70000
07.37000
08.74000
09.46000
05.61000
07.22000
07.79000
09.09000
06.67000
07.84000
10.00000
08.66000
05.54000
08.45000
06.01000
06.35000
05.25000
05.56000
05.64000
06.36000
06.76000
05.43000
05.33000
06.39000
06.37000
