35
10
38.24000
44.94000
38.87000
14.64000
46.60000
67.65000
68.81000
26.51000
52.59000
74.17000
33.16000
11.55000
84.45000
98.93000
71.53000
16.56000
96.16000
3.08000
51.26000
14.08000
66.44000
68.55000
62.47000
1.41000
97.79000
8.01000
22.01000
99.59000
20.43000
53.86000
69.49000
58.42000
85.33000
67.29000
72.26000
27.35000
58.06000
64.44000
59.69000
81.85000
84.01000
47.16000
18.93000
77.97000
26.14000
95.43000
95.64000
71.76000
95.22000
79.71000
17.96000
45.07000
31.75000
93.19000
33.78000
4.47000
96.01000
55.83000
19.72000
80.27000
78.00000
11.32000
75.19000
31.55000
89.48000
28.10000
27.31000
38.14000
68.96000
1.39000
34.63000
45.20000
57.20000
53.34000
41.94000
58.48000
92.92000
41.71000
80.63000
72.30000
87.50000
60.20000
61.37000
3.52000
62.99000
38.04000
18.57000
90.73000
66.19000
28.21000
11.40000
3.29000
69.64000
9.45000
24.78000
29.32000
70.63000
84.23000
68.39000
85.66000
91.20000
82.78000
77.62000
14.92000
79.15000
8.43000
87.16000
83.68000
3.17000
81.38000
6.57000
47.19000
26.27000
3.61000
91.70000
98.40000
85.35000
60.14000
89.24000
39.69000
38.47000
65.72000
67.65000
94.20000
65.46000
57.87000
21.12000
14.81000
73.89000
98.85000
67.60000
74.16000
95.10000
77.67000
52.79000
74.64000
86.14000
7.10000
45.14000
41.39000
85.56000
52.69000
7.70000
59.07000
14.51000
1.26000
22.14000
31.31000
34.88000
18.15000
95.70000
92.16000
38.76000
1.64000
33.87000
53.30000
42.03000
72.77000
62.88000
48.13000
85.27000
80.35000
37.71000
36.83000
35.86000
95.90000
36.08000
4.31000
82.89000
17.73000
61.48000
59.25000
44.22000
65.88000
43.14000
82.09000
42.86000
9.81000
31.14000
22.12000
1.75000
57.20000
35.95000
54.77000
43.31000
5.59000
9.16000
99.99000
44.17000
84.32000
37.77000
3.49000
4.72000
52.45000
35.55000
31.71000
49.10000
89.81000
40.00000
79.85000
29.19000
4.97000
14.40000
67.86000
19.64000
27.26000
45.74000
39.45000
20.82000
14.75000
57.95000
34.57000
15.00000
98.94000
80.64000
94.03000
94.43000
58.17000
8.84000
68.37000
37.79000
91.80000
13.09000
35.32000
27.99000
91.94000
90.67000
97.36000
74.71000
74.45000
65.63000
84.73000
14.37000
79.91000
83.77000
50.39000
5.12000
74.71000
18.62000
72.09000
31.89000
49.93000
65.48000
54.30000
5.35000
52.85000
37.97000
86.05000
67.11000
72.47000
82.18000
53.17000
32.20000
95.49000
16.19000
45.54000
35.77000
72.78000
44.57000
26.41000
96.78000
78.98000
99.63000
82.80000
60.91000
15.48000
39.46000
29.45000
95.64000
6.42000
43.87000
2.90000
96.14000
2.68000
20.45000
65.39000
81.37000
78.91000
99.52000
6.94000
85.61000
28.47000
3.55000
90.90000
85.30000
66.97000
7.22000
91.68000
78.36000
66.47000
2.93000
5.69000
18.79000
86.13000
56.02000
3.48000
83.32000
11.87000
58.60000
82.35000
77.42000
51.37000
26.52000
66.32000
29.33000
41.03000
99.40000
2.21000
91.02000
40.02000
45.59000
60.55000
43.22000
33.27000
54.19000
48.58000
27.60000
40.61000
77.99000
37.42000
10.02000
96.30000
48.82000
28.59000
99.28000
43.14000
92.64000
3.90000
35.89000
73.33000
61.35000
68.94000
80.11000
7.80000
29.58000
57.03000
21.95000
88.27000
96.72000
24.24000
72.18000
86.19000
89.91000
51.40000
70.30000
94.74000
59.03000
46.08000
78.58000
33.88000
08.11000
08.38000
09.83000
08.58000
08.68000
05.61000
06.04000
08.86000
07.43000
08.10000
05.00000
06.01000
05.07000
05.65000
05.56000
07.95000
08.57000
09.27000
07.82000
08.84000
06.16000
06.27000
08.11000
09.09000
07.32000
05.18000
09.05000
05.35000
07.75000
05.78000
09.48000
05.54000
09.45000
09.10000
09.50000
08.14000
07.60000
08.89000
07.83000
06.45000
09.69000
08.23000
07.68000
08.92000
09.79000
07.96000
05.04000
07.05000
05.97000
07.69000
06.12000
08.60000
07.54000
08.30000
08.33000
07.57000
05.08000
06.94000
05.39000
09.22000
05.39000
06.97000
07.22000
05.04000
06.55000
08.02000
05.03000
07.80000
07.86000
05.98000
08.75000
06.66000
07.65000
09.67000
06.75000
08.83000
07.76000
09.52000
07.80000
08.73000
06.90000
07.62000
05.45000
08.97000
06.75000
09.70000
09.48000
08.37000
05.22000
07.71000
05.93000
07.06000
06.46000
09.90000
07.07000
06.36000
05.88000
05.72000
06.44000
08.88000
05.16000
05.90000
08.84000
08.47000
07.18000
09.35000
05.54000
08.89000
06.43000
05.26000
05.41000
09.03000
05.75000
09.31000
05.49000
06.20000
09.93000
08.33000
09.15000
05.34000
05.48000
05.38000
06.02000
07.63000
05.14000
09.78000
06.98000
05.52000
07.93000
07.09000
09.16000
07.71000
09.10000
09.13000
05.94000
09.12000
05.15000
08.97000
06.95000
05.96000
08.64000
09.17000
08.90000
06.71000
07.03000
05.92000
08.24000
06.27000
09.38000
05.12000
06.44000
05.22000
07.04000
07.20000
07.96000
07.09000
07.60000
08.81000
08.53000
06.66000
09.92000
07.86000
05.12000
09.98000
09.10000
08.51000
05.96000
09.33000
06.47000
06.18000
05.51000
08.24000
09.64000
07.53000
09.51000
09.21000
07.59000
06.30000
05.85000
06.90000
09.37000
07.88000
08.33000
05.86000
08.94000
09.76000
05.91000
08.24000
09.99000
07.21000
05.41000
07.39000
07.45000
06.74000
09.89000
07.97000
07.53000
06.08000
08.68000
05.83000
07.66000
09.25000
07.33000
08.12000
06.54000
06.50000
07.66000
08.22000
09.10000
09.34000
09.52000
07.46000
06.25000
06.09000
08.47000
08.42000
08.01000
06.14000
09.55000
05.08000
08.20000
07.73000
06.92000
05.68000
09.10000
07.20000
05.99000
09.69000
09.25000
07.16000
08.42000
07.82000
08.44000
06.46000
07.13000
07.05000
07.70000
05.18000
06.26000
05.60000
09.31000
09.68000
06.23000
07.95000
06.81000
06.41000
05.72000
08.33000
06.74000
09.92000
08.72000
07.46000
06.88000
08.24000
08.72000
08.07000
06.50000
08.79000
09.74000
05.74000
07.73000
05.28000
07.02000
07.28000
08.95000
07.64000
07.08000
05.76000
09.78000
07.06000
07.67000
05.49000
06.12000
05.99000
07.79000
07.04000
05.08000
08.12000
07.69000
07.23000
07.67000
07.39000
07.71000
06.82000
06.12000
08.78000
09.46000
05.34000
08.39000
08.90000
05.23000
09.81000
06.44000
08.78000
05.12000
09.41000
08.51000
05.70000
05.48000
09.54000
09.06000
08.20000
08.90000
06.85000
08.81000
06.06000
09.23000
09.27000
09.74000
05.32000
06.57000
05.94000
05.07000
08.26000
07.26000
05.61000
05.80000
05.22000
08.16000
07.93000
08.54000
07.57000
05.32000
05.22000
05.41000
06.72000
06.73000
05.21000
05.73000
08.56000
09.84000
06.92000
05.05000
05.21000
08.33000
05.61000
05.19000
05.06000
07.15000
07.77000
09.23000
07.72000
07.48000
06.16000
06.47000
09.09000
06.77000
09.78000
07.49000
06.28000
