35
10
151.59000
112.62000
139.18000
142.99000
191.35000
183.68000
153.09000
192.94000
108.42000
193.08000
130.43000
120.48000
131.30000
175.58000
112.23000
172.88000
113.51000
190.95000
164.49000
122.41000
133.57000
123.95000
178.23000
166.33000
194.99000
184.35000
169.46000
126.90000
126.29000
106.91000
179.21000
151.39000
180.99000
151.41000
173.49000
145.33000
152.25000
140.35000
177.66000
132.30000
161.54000
125.90000
128.16000
177.47000
178.36000
144.85000
139.51000
137.49000
115.59000
166.35000
137.10000
194.00000
111.13000
184.54000
171.31000
153.64000
127.86000
118.55000
117.54000
148.05000
153.69000
112.52000
176.18000
133.88000
101.49000
135.61000
172.62000
192.76000
109.16000
181.94000
139.15000
120.40000
154.95000
117.53000
183.71000
131.54000
168.05000
180.85000
114.66000
172.92000
144.30000
154.29000
141.76000
160.54000
105.94000
166.35000
199.78000
135.43000
100.26000
170.56000
148.47000
163.59000
199.52000
145.43000
172.61000
136.05000
100.98000
194.48000
181.96000
168.81000
126.91000
146.21000
111.29000
102.90000
124.58000
184.56000
186.77000
172.63000
177.06000
142.89000
134.93000
179.01000
126.06000
141.17000
117.67000
116.16000
128.58000
167.29000
179.13000
184.46000
141.26000
134.14000
188.45000
109.32000
145.74000
179.60000
139.76000
141.12000
148.67000
166.58000
152.21000
155.24000
181.68000
182.95000
169.94000
152.09000
101.42000
141.62000
162.10000
157.05000
153.19000
111.55000
157.97000
169.20000
193.21000
175.70000
111.69000
122.10000
155.26000
113.53000
104.82000
119.18000
130.35000
122.31000
140.88000
170.23000
134.50000
124.32000
148.38000
110.01000
108.73000
166.81000
180.83000
198.28000
119.04000
122.05000
116.76000
119.80000
156.46000
187.30000
159.68000
184.35000
137.01000
184.84000
138.10000
159.80000
131.81000
112.70000
155.84000
155.34000
185.08000
162.79000
139.10000
111.64000
164.05000
130.07000
182.62000
147.82000
144.09000
146.19000
174.29000
108.04000
125.61000
167.78000
127.00000
161.42000
133.98000
176.49000
178.64000
102.11000
119.61000
178.96000
192.11000
149.26000
157.89000
106.82000
155.28000
146.99000
149.19000
116.71000
170.21000
138.84000
135.07000
101.75000
148.28000
102.11000
185.29000
116.12000
135.60000
159.07000
152.76000
135.32000
104.41000
188.26000
122.24000
150.38000
151.99000
193.19000
103.49000
177.31000
100.60000
102.38000
131.27000
157.12000
197.51000
169.33000
165.37000
155.84000
114.98000
172.57000
190.53000
164.48000
150.28000
115.61000
116.53000
172.00000
174.76000
154.69000
160.19000
138.18000
198.21000
101.44000
174.80000
149.98000
127.52000
165.88000
195.48000
157.78000
169.34000
110.88000
141.35000
136.97000
155.31000
124.36000
156.57000
187.94000
142.06000
119.18000
110.27000
136.09000
111.24000
133.25000
196.59000
131.80000
169.49000
129.45000
134.68000
150.47000
148.45000
195.68000
111.33000
101.23000
145.85000
143.24000
178.27000
199.18000
119.17000
142.93000
118.21000
112.42000
114.12000
159.66000
184.68000
100.71000
196.73000
165.70000
156.18000
148.83000
158.00000
158.33000
136.23000
166.53000
113.96000
159.80000
153.35000
188.58000
105.62000
117.37000
161.05000
174.75000
198.99000
103.32000
137.85000
109.80000
185.09000
123.79000
118.73000
147.51000
155.11000
167.86000
182.49000
180.21000
165.75000
131.47000
146.36000
170.14000
192.32000
196.26000
148.22000
111.44000
185.20000
168.86000
150.97000
123.26000
119.79000
180.93000
142.49000
149.73000
196.47000
189.09000
135.68000
160.00000
140.63000
175.00000
168.42000
148.20000
102.68000
145.29000
103.61000
133.48000
06.07000
06.64000
06.63000
09.57000
05.70000
05.40000
09.04000
07.90000
06.54000
06.22000
09.74000
07.41000
09.32000
08.89000
07.60000
06.00000
06.02000
09.44000
07.69000
07.83000
09.85000
05.16000
06.38000
08.32000
05.29000
09.58000
06.25000
09.12000
08.06000
07.49000
06.16000
08.15000
05.14000
09.93000
06.21000
05.86000
09.87000
09.85000
08.41000
08.13000
08.25000
07.49000
08.26000
06.99000
05.81000
05.44000
09.30000
08.93000
05.62000
08.31000
07.71000
06.71000
07.00000
07.00000
05.94000
09.33000
05.51000
08.62000
07.68000
07.05000
07.97000
06.56000
07.88000
06.36000
07.44000
05.44000
07.71000
05.04000
08.25000
06.15000
07.72000
08.48000
09.55000
05.03000
08.89000
09.74000
06.85000
07.37000
09.92000
09.28000
07.48000
06.01000
09.33000
09.70000
08.13000
06.66000
06.92000
09.84000
06.68000
06.31000
08.73000
09.80000
07.30000
08.17000
07.02000
05.93000
05.41000
06.72000
05.35000
05.82000
07.66000
07.67000
08.50000
08.33000
06.96000
05.51000
09.23000
05.12000
05.73000
07.47000
08.42000
07.52000
09.95000
08.75000
07.73000
05.63000
06.45000
06.16000
05.55000
09.37000
06.74000
07.78000
06.50000
09.94000
08.57000
07.92000
06.47000
09.79000
05.95000
07.14000
07.57000
07.60000
09.13000
07.27000
08.20000
08.31000
09.61000
06.37000
07.97000
08.12000
07.91000
08.14000
07.53000
09.87000
08.28000
06.22000
09.75000
06.04000
08.16000
06.06000
08.87000
08.40000
08.89000
08.07000
09.37000
05.47000
08.08000
08.90000
06.96000
07.05000
09.57000
06.48000
08.62000
09.17000
08.45000
09.96000
07.57000
09.11000
06.09000
09.75000
08.28000
05.40000
05.07000
07.50000
06.49000
07.43000
05.00000
07.51000
09.76000
05.45000
06.31000
07.50000
09.23000
09.67000
09.08000
05.23000
09.97000
07.21000
07.00000
05.94000
08.80000
06.47000
05.02000
06.14000
08.79000
07.06000
09.31000
08.59000
09.26000
09.87000
07.33000
07.29000
05.76000
07.02000
07.77000
07.49000
05.11000
06.89000
05.56000
05.70000
06.74000
09.28000
09.11000
05.10000
06.17000
08.51000
09.12000
05.57000
07.02000
06.49000
09.35000
08.12000
08.46000
06.45000
07.10000
09.11000
05.90000
07.87000
05.89000
06.13000
06.00000
06.45000
05.52000
08.03000
06.66000
09.19000
07.01000
09.91000
07.05000
09.29000
07.66000
08.11000
07.58000
06.24000
05.99000
05.55000
08.14000
06.98000
07.63000
05.86000
08.06000
07.86000
09.04000
09.65000
07.42000
06.40000
09.85000
09.34000
05.21000
08.17000
07.19000
08.64000
06.70000
09.99000
09.44000
07.48000
08.38000
09.91000
06.24000
07.06000
08.01000
07.26000
08.45000
09.82000
09.59000
07.60000
08.21000
09.45000
08.37000
07.74000
07.60000
08.61000
06.90000
08.07000
09.71000
09.90000
06.96000
05.51000
08.69000
06.71000
06.59000
08.20000
06.50000
05.07000
05.88000
05.30000
06.36000
07.27000
06.19000
07.24000
07.76000
06.85000
05.11000
05.65000
06.41000
08.58000
06.48000
08.47000
09.28000
08.52000
05.41000
09.84000
09.60000
08.93000
08.24000
08.53000
07.23000
05.25000
08.65000
06.30000
06.50000
09.88000
08.54000
06.45000
06.07000
06.24000
06.36000
06.74000
05.24000
05.21000
09.54000
06.16000
09.60000
08.91000
06.78000
09.98000
05.96000
05.72000
08.02000
09.70000
07.37000
05.28000
09.45000
08.07000
08.17000
08.46000
08.50000
09.10000
08.91000
07.39000
