35
7
189.01000
152.11000
181.78000
104.37000
152.74000
163.45000
102.52000
141.53000
131.02000
143.05000
179.68000
169.47000
198.61000
148.86000
138.81000
190.68000
169.33000
165.40000
119.49000
109.22000
146.05000
153.76000
125.40000
180.71000
170.73000
101.57000
174.25000
162.32000
174.36000
173.06000
147.83000
162.79000
127.02000
158.99000
142.00000
171.05000
178.60000
158.21000
139.19000
171.86000
102.51000
104.95000
165.66000
144.27000
156.30000
150.13000
174.83000
161.07000
161.61000
123.56000
189.11000
146.64000
179.12000
181.65000
144.96000
126.90000
158.60000
157.35000
142.93000
179.34000
188.87000
110.20000
197.61000
183.01000
147.79000
176.26000
187.67000
168.54000
152.32000
118.20000
170.87000
146.32000
125.92000
103.23000
123.36000
157.48000
187.15000
170.34000
185.85000
178.22000
149.85000
172.29000
113.54000
103.22000
182.52000
110.81000
125.74000
178.73000
192.73000
114.16000
155.78000
152.54000
177.12000
187.18000
101.09000
124.02000
171.36000
161.26000
173.12000
194.09000
100.23000
144.36000
147.43000
115.26000
127.54000
172.22000
168.75000
103.57000
186.03000
151.63000
133.13000
119.41000
149.23000
111.56000
149.40000
189.08000
141.74000
149.01000
169.64000
129.12000
178.93000
137.57000
110.03000
107.65000
115.23000
177.39000
100.79000
194.34000
194.17000
145.18000
136.20000
110.45000
198.30000
144.21000
124.62000
178.77000
199.26000
154.32000
138.46000
173.66000
161.87000
137.72000
167.02000
138.51000
139.02000
192.86000
192.32000
140.88000
156.35000
105.57000
167.64000
147.55000
187.06000
144.72000
141.96000
196.96000
193.40000
155.79000
128.32000
179.10000
176.71000
110.80000
153.82000
185.52000
127.34000
158.32000
109.61000
159.34000
174.76000
173.51000
100.93000
145.23000
137.46000
108.07000
197.06000
115.94000
112.50000
169.29000
127.03000
171.85000
189.96000
141.37000
149.75000
130.07000
101.06000
154.32000
176.90000
149.34000
165.87000
148.89000
154.32000
189.96000
193.53000
142.43000
191.92000
163.79000
132.23000
178.83000
113.68000
184.28000
119.21000
178.55000
107.63000
116.39000
130.81000
188.60000
175.88000
126.69000
132.40000
132.59000
177.30000
121.80000
120.27000
118.88000
135.08000
149.29000
168.94000
136.62000
179.27000
120.20000
100.96000
184.77000
138.52000
115.15000
183.27000
175.97000
155.56000
116.31000
171.89000
199.43000
137.17000
157.43000
161.87000
170.94000
104.22000
173.81000
137.36000
182.81000
141.60000
152.31000
121.54000
153.95000
148.29000
181.36000
126.66000
09.09000
09.19000
05.37000
09.56000
05.55000
06.89000
05.50000
07.80000
06.16000
05.06000
07.26000
06.88000
07.20000
07.49000
09.29000
08.92000
09.10000
09.02000
08.17000
05.81000
08.93000
07.98000
05.85000
06.72000
07.89000
08.73000
07.16000
05.56000
08.84000
09.13000
07.34000
08.52000
08.76000
08.06000
09.51000
07.21000
05.91000
08.34000
08.18000
06.29000
06.94000
05.57000
08.56000
06.59000
09.82000
08.75000
06.60000
09.69000
08.79000
05.88000
06.46000
09.42000
07.27000
06.02000
05.16000
09.40000
05.28000
06.73000
05.12000
05.50000
06.99000
06.56000
06.65000
08.38000
08.24000
07.62000
05.46000
05.93000
08.97000
07.99000
07.32000
08.25000
09.38000
09.46000
07.30000
08.13000
08.41000
08.49000
08.37000
08.52000
08.54000
07.98000
09.73000
07.72000
07.01000
05.20000
05.99000
06.31000
05.17000
08.40000
09.65000
09.60000
06.04000
09.35000
08.61000
05.19000
06.75000
05.84000
08.63000
05.45000
06.10000
09.18000
05.89000
10.00000
07.01000
09.07000
08.60000
09.80000
06.25000
07.89000
07.89000
06.32000
08.58000
07.83000
06.98000
06.72000
07.83000
06.85000
05.55000
06.01000
09.21000
06.41000
08.68000
06.49000
07.06000
08.98000
09.33000
05.19000
07.33000
05.55000
05.87000
06.43000
05.16000
08.15000
09.52000
09.30000
07.29000
07.28000
06.95000
05.13000
09.50000
07.90000
05.13000
07.52000
09.50000
05.21000
06.38000
08.40000
07.30000
07.08000
07.71000
05.59000
09.42000
05.68000
09.26000
05.82000
09.02000
06.71000
06.59000
08.10000
08.41000
06.84000
08.12000
06.18000
06.52000
06.30000
07.69000
06.12000
06.45000
06.32000
07.01000
08.69000
07.91000
06.63000
08.18000
07.54000
09.82000
09.64000
07.72000
08.28000
08.37000
09.24000
05.45000
08.13000
05.69000
05.92000
05.09000
05.77000
06.29000
06.06000
07.28000
09.67000
06.29000
09.56000
08.01000
05.53000
05.96000
07.33000
06.20000
08.86000
07.22000
08.80000
06.14000
07.39000
06.11000
09.43000
05.01000
08.64000
05.33000
08.17000
09.92000
07.90000
06.89000
06.48000
08.41000
05.24000
08.34000
09.08000
09.01000
05.53000
06.12000
05.32000
09.94000
09.17000
07.69000
05.81000
07.27000
06.33000
07.14000
09.66000
07.50000
09.44000
07.71000
07.01000
09.99000
05.72000
09.29000
06.51000
09.50000
09.64000
05.89000
07.82000
08.70000
05.43000
08.17000
