35
4
123.61000
117.48000
187.21000
110.77000
105.21000
176.62000
170.19000
120.12000
199.72000
171.34000
136.39000
185.36000
147.77000
142.25000
126.45000
147.10000
189.99000
129.98000
180.99000
145.98000
167.00000
175.16000
140.62000
122.61000
119.43000
118.41000
145.99000
117.64000
187.89000
100.36000
137.71000
171.66000
113.02000
161.63000
156.40000
120.98000
101.86000
156.06000
185.41000
143.26000
184.54000
115.76000
144.96000
131.77000
137.37000
174.50000
157.47000
152.15000
125.97000
197.92000
188.56000
170.01000
115.95000
151.63000
103.85000
150.98000
172.96000
101.27000
168.97000
160.69000
162.60000
112.45000
149.55000
164.76000
150.51000
150.81000
111.20000
128.81000
102.31000
181.96000
167.34000
119.57000
147.38000
167.05000
158.88000
117.26000
100.65000
181.55000
196.53000
196.24000
195.35000
122.64000
170.93000
147.11000
122.11000
180.95000
172.70000
160.50000
171.54000
147.09000
192.46000
127.05000
134.29000
111.69000
120.84000
137.36000
100.96000
165.38000
148.46000
182.08000
162.19000
198.79000
165.96000
151.83000
108.60000
165.00000
153.90000
163.71000
140.77000
107.98000
114.81000
187.27000
177.97000
116.03000
157.19000
133.72000
104.44000
104.77000
196.67000
118.66000
135.83000
189.82000
148.87000
157.73000
187.74000
186.81000
129.41000
166.54000
175.81000
111.37000
153.92000
160.74000
115.67000
179.11000
138.02000
155.94000
122.93000
105.67000
197.35000
167.76000
04.20000
01.69000
02.15000
02.20000
01.82000
02.26000
04.10000
01.25000
02.89000
03.56000
01.07000
02.58000
02.54000
04.71000
04.18000
01.34000
03.89000
04.85000
04.55000
04.64000
02.06000
03.09000
01.31000
03.60000
04.18000
02.56000
01.58000
01.36000
01.38000
02.40000
04.49000
01.05000
04.78000
01.71000
01.16000
01.46000
02.59000
03.49000
01.93000
01.52000
01.65000
03.55000
04.26000
02.62000
01.29000
04.73000
01.24000
04.90000
01.63000
03.15000
04.98000
04.48000
02.81000
02.93000
03.63000
01.49000
04.95000
04.20000
01.29000
04.06000
04.16000
03.08000
02.09000
04.29000
04.59000
03.71000
02.17000
02.34000
02.35000
02.19000
01.45000
04.72000
03.99000
03.29000
03.00000
01.79000
02.63000
02.84000
04.02000
02.10000
01.31000
04.20000
01.63000
02.78000
01.14000
04.49000
04.96000
04.96000
03.24000
04.84000
03.13000
01.77000
04.75000
02.38000
01.26000
02.32000
02.79000
02.23000
04.48000
03.74000
02.48000
01.51000
01.92000
03.16000
04.95000
04.65000
03.85000
02.11000
03.86000
04.35000
03.65000
04.63000
02.99000
01.23000
02.66000
01.41000
04.42000
01.44000
03.03000
02.57000
02.25000
03.08000
02.86000
02.23000
02.63000
04.29000
04.30000
02.53000
03.66000
03.20000
01.46000
01.57000
03.48000
01.92000
04.47000
01.50000
04.21000
02.59000
03.45000
04.44000
