35
7
46.07000
23.77000
94.59000
33.28000
69.41000
94.19000
71.09000
88.04000
97.44000
9.38000
35.73000
19.93000
75.78000
32.46000
58.65000
12.41000
38.21000
7.33000
75.40000
2.97000
57.21000
2.20000
35.48000
29.65000
95.40000
62.08000
50.78000
82.54000
55.08000
60.27000
49.15000
54.29000
25.74000
44.86000
21.82000
5.89000
3.05000
38.01000
6.22000
97.52000
92.25000
87.11000
73.58000
73.58000
86.85000
20.14000
90.11000
38.63000
77.87000
72.36000
23.86000
98.78000
46.52000
59.84000
5.30000
15.18000
12.65000
22.95000
79.81000
45.53000
84.31000
77.85000
59.22000
3.58000
12.21000
69.99000
66.26000
1.62000
31.23000
19.63000
4.42000
27.26000
18.52000
7.06000
60.17000
86.69000
33.40000
50.89000
31.79000
27.94000
9.07000
23.99000
68.31000
76.23000
82.97000
34.78000
35.67000
62.32000
84.70000
69.49000
61.27000
66.02000
80.53000
41.64000
88.38000
69.69000
26.92000
39.54000
24.74000
7.72000
17.97000
78.81000
88.99000
14.07000
37.98000
15.14000
12.87000
42.98000
85.15000
31.86000
94.41000
95.54000
71.13000
74.09000
68.32000
33.50000
30.01000
97.12000
80.54000
4.74000
46.60000
82.53000
92.93000
59.66000
95.91000
87.70000
31.78000
2.74000
92.64000
97.31000
35.28000
35.99000
39.63000
72.82000
8.06000
16.46000
77.40000
2.02000
66.67000
99.76000
79.24000
20.22000
32.35000
85.92000
22.32000
40.08000
70.64000
45.57000
12.49000
72.01000
33.51000
98.39000
43.31000
43.46000
63.78000
17.89000
48.03000
7.16000
21.23000
74.17000
48.06000
91.65000
27.04000
93.33000
4.50000
55.77000
18.34000
2.05000
65.59000
31.14000
94.63000
75.04000
22.26000
76.69000
72.39000
18.37000
80.31000
87.43000
61.69000
15.71000
70.20000
83.16000
74.34000
81.02000
85.24000
83.71000
99.44000
57.46000
66.39000
87.69000
78.73000
37.19000
92.30000
20.99000
66.90000
14.96000
32.80000
83.29000
83.03000
36.54000
93.38000
5.59000
61.15000
50.25000
72.70000
89.67000
97.69000
55.47000
6.10000
69.62000
17.06000
21.98000
9.35000
8.31000
25.50000
13.70000
97.69000
39.28000
17.72000
73.90000
46.91000
74.01000
66.95000
67.34000
42.39000
83.25000
12.87000
8.89000
11.19000
64.06000
6.04000
13.91000
67.53000
89.29000
62.46000
50.86000
67.32000
60.07000
14.06000
89.71000
53.62000
52.35000
53.18000
52.48000
9.17000
04.99000
01.61000
03.67000
04.18000
03.29000
02.41000
04.43000
01.41000
04.09000
04.58000
04.69000
03.09000
03.97000
02.25000
01.95000
04.99000
04.84000
04.31000
02.01000
04.69000
03.92000
04.52000
01.02000
03.57000
03.73000
03.41000
03.39000
04.84000
02.12000
02.34000
03.87000
03.50000
02.25000
01.48000
01.53000
02.18000
02.79000
01.31000
01.90000
01.26000
03.98000
04.57000
04.52000
01.90000
03.70000
04.46000
03.36000
01.44000
04.92000
02.46000
04.31000
01.01000
03.92000
02.87000
01.53000
03.57000
04.28000
02.80000
03.54000
03.88000
02.91000
02.17000
03.13000
02.52000
04.03000
01.71000
03.44000
03.87000
01.17000
04.96000
02.28000
04.83000
01.74000
04.74000
03.13000
01.68000
02.82000
04.51000
02.23000
04.42000
03.71000
03.41000
03.53000
03.74000
01.76000
02.32000
01.27000
02.17000
03.62000
04.88000
02.02000
04.02000
03.25000
03.59000
02.64000
01.44000
03.95000
01.74000
04.33000
04.38000
04.29000
03.44000
02.58000
02.60000
04.18000
01.29000
04.40000
02.41000
02.75000
03.66000
03.00000
01.97000
02.20000
03.50000
02.70000
02.98000
04.01000
04.23000
03.81000
01.52000
03.88000
02.08000
04.97000
01.48000
02.84000
04.10000
01.11000
04.56000
01.24000
02.14000
01.47000
04.27000
04.74000
02.88000
03.62000
03.94000
02.29000
01.80000
03.43000
02.70000
01.23000
04.97000
01.44000
02.95000
03.70000
02.84000
02.15000
03.64000
01.52000
03.80000
04.06000
04.60000
01.48000
02.66000
03.86000
03.29000
01.66000
03.02000
04.56000
04.96000
01.47000
03.29000
01.45000
04.69000
03.64000
02.73000
04.17000
01.37000
04.17000
03.36000
02.65000
03.70000
02.43000
04.05000
01.13000
03.01000
03.81000
03.38000
01.53000
03.45000
03.47000
04.04000
02.22000
01.21000
01.16000
04.68000
01.46000
01.30000
02.01000
03.47000
04.32000
02.56000
02.50000
03.39000
02.17000
03.62000
04.41000
02.23000
02.69000
04.94000
04.82000
02.61000
03.88000
02.76000
02.14000
01.94000
04.05000
03.18000
02.10000
02.46000
01.79000
02.94000
03.36000
01.77000
01.81000
01.93000
01.97000
02.03000
01.85000
02.18000
02.51000
02.41000
03.04000
02.09000
04.50000
04.43000
02.82000
01.86000
02.79000
02.47000
04.94000
01.49000
01.53000
01.68000
01.45000
02.81000
04.19000
04.06000
02.73000
03.47000
03.54000
02.39000
03.46000
02.91000
03.68000
