35
10
39.77000
2.76000
10.28000
30.94000
55.83000
50.65000
31.44000
66.19000
4.07000
21.54000
5.09000
47.84000
79.79000
17.91000
39.90000
90.74000
8.04000
68.00000
71.27000
37.50000
33.59000
26.77000
59.39000
52.48000
30.01000
70.97000
88.17000
27.77000
93.57000
6.07000
68.28000
78.24000
48.33000
58.31000
34.13000
81.31000
21.04000
43.77000
27.64000
53.54000
72.49000
92.87000
95.29000
71.31000
86.82000
73.23000
39.39000
11.26000
95.36000
71.87000
2.63000
71.78000
55.17000
2.55000
53.48000
80.00000
47.09000
1.78000
87.12000
85.81000
77.69000
32.83000
23.50000
64.85000
79.29000
83.70000
5.33000
17.50000
8.97000
68.16000
89.76000
23.26000
20.81000
37.56000
71.30000
40.23000
81.56000
82.75000
29.59000
82.01000
80.58000
67.85000
42.37000
34.51000
8.98000
89.16000
14.11000
6.40000
80.62000
69.73000
72.05000
32.10000
39.11000
56.35000
71.17000
71.77000
48.79000
21.56000
89.19000
11.34000
1.77000
61.65000
30.60000
58.47000
12.92000
95.41000
18.05000
13.66000
37.44000
32.31000
17.08000
1.37000
24.30000
19.88000
4.23000
89.44000
27.30000
64.69000
41.75000
98.82000
22.10000
99.07000
18.66000
73.21000
9.07000
80.08000
46.72000
81.05000
13.35000
88.55000
64.45000
17.55000
84.83000
32.07000
35.09000
99.66000
1.14000
40.94000
45.67000
74.07000
56.64000
90.74000
12.05000
73.20000
20.31000
84.56000
18.44000
37.84000
6.86000
33.27000
98.93000
11.73000
75.44000
2.25000
28.08000
72.58000
12.98000
81.60000
1.17000
25.88000
27.14000
89.16000
40.26000
97.86000
53.34000
65.56000
93.13000
44.50000
51.76000
76.13000
33.32000
42.54000
7.31000
13.00000
56.13000
39.85000
89.06000
18.02000
83.26000
41.80000
56.00000
39.31000
16.61000
14.46000
74.97000
96.47000
94.99000
94.35000
41.15000
41.40000
27.96000
46.72000
72.50000
47.72000
44.86000
57.59000
14.72000
16.83000
3.76000
40.72000
35.25000
72.86000
84.48000
33.62000
29.30000
67.70000
95.60000
98.56000
15.81000
75.98000
56.27000
60.89000
8.01000
90.41000
63.97000
65.99000
72.21000
71.60000
67.96000
7.14000
26.14000
33.90000
9.84000
30.13000
21.80000
36.48000
53.96000
8.51000
37.91000
64.24000
92.43000
38.58000
77.96000
27.87000
42.11000
43.37000
71.17000
60.77000
42.60000
69.67000
70.53000
24.11000
60.26000
90.04000
54.76000
78.66000
36.64000
87.28000
47.53000
59.26000
33.97000
13.21000
58.69000
68.28000
12.65000
97.69000
60.67000
75.18000
96.82000
25.56000
90.98000
74.16000
39.35000
1.39000
13.89000
84.17000
13.89000
56.50000
15.41000
49.91000
20.82000
48.97000
9.30000
39.82000
85.29000
59.62000
33.06000
48.10000
59.17000
95.03000
92.44000
50.15000
96.99000
33.34000
10.01000
84.34000
97.98000
74.42000
47.32000
12.53000
3.88000
94.77000
28.42000
60.94000
47.13000
36.00000
99.10000
84.57000
88.88000
62.45000
33.91000
62.13000
15.06000
66.24000
28.13000
96.11000
33.33000
63.22000
4.81000
16.74000
79.11000
94.00000
10.74000
75.00000
13.58000
60.45000
30.06000
38.52000
33.95000
49.67000
69.60000
17.40000
67.45000
89.47000
8.99000
93.46000
75.24000
81.23000
3.29000
81.45000
26.77000
50.08000
34.34000
18.88000
15.24000
45.90000
9.71000
67.01000
59.59000
44.35000
59.73000
15.86000
5.53000
45.80000
42.45000
76.19000
20.50000
75.38000
38.73000
87.51000
01.53000
02.35000
03.90000
02.26000
02.74000
01.76000
01.62000
02.33000
02.43000
04.76000
03.35000
03.16000
04.91000
02.93000
03.92000
02.80000
03.52000
04.83000
03.15000
04.35000
04.58000
04.05000
01.88000
03.89000
03.42000
03.16000
01.92000
02.48000
04.38000
01.75000
02.12000
02.21000
04.77000
04.39000
02.29000
03.04000
03.31000
04.78000
04.48000
02.85000
04.07000
01.39000
03.40000
01.38000
01.59000
02.59000
01.56000
01.60000
04.06000
01.82000
01.64000
03.46000
04.68000
01.54000
03.36000
03.90000
01.67000
01.20000
03.41000
04.89000
02.21000
01.25000
03.50000
01.37000
02.52000
03.15000
02.33000
01.30000
03.80000
01.35000
01.90000
04.62000
04.97000
04.63000
04.12000
01.60000
04.70000
03.31000
03.39000
01.82000
02.17000
03.52000
02.32000
03.11000
02.44000
01.60000
04.46000
04.31000
03.61000
02.87000
02.41000
01.23000
04.74000
01.65000
01.74000
02.70000
01.91000
01.28000
01.03000
02.56000
04.21000
02.08000
03.86000
03.64000
01.71000
01.24000
04.53000
03.49000
01.81000
04.64000
03.97000
04.86000
04.84000
02.15000
01.09000
02.32000
02.17000
04.98000
04.36000
01.56000
04.74000
01.31000
03.22000
01.29000
04.51000
04.37000
04.14000
01.22000
02.44000
04.34000
02.56000
02.05000
04.46000
04.45000
02.93000
01.47000
01.55000
04.87000
02.72000
02.20000
03.12000
02.22000
03.64000
04.99000
01.31000
04.82000
01.77000
02.25000
02.97000
03.13000
01.18000
04.64000
04.95000
01.24000
01.17000
02.73000
01.05000
04.22000
02.09000
04.12000
02.12000
02.15000
01.27000
01.36000
03.98000
02.11000
01.02000
04.05000
03.46000
04.18000
04.68000
02.77000
02.38000
01.43000
04.57000
04.78000
01.93000
03.42000
04.42000
04.61000
02.57000
03.04000
01.25000
04.24000
01.15000
02.55000
04.75000
03.12000
02.37000
03.91000
02.13000
01.71000
03.95000
02.09000
01.59000
01.46000
04.59000
01.03000
04.32000
04.82000
03.98000
01.68000
04.54000
03.25000
02.83000
01.99000
01.45000
01.19000
02.84000
04.93000
04.38000
01.88000
02.25000
02.35000
04.04000
02.93000
02.19000
03.42000
02.41000
01.97000
01.75000
01.02000
02.55000
01.34000
02.49000
04.00000
04.55000
04.37000
03.01000
02.17000
01.49000
03.39000
02.88000
02.36000
03.43000
03.72000
02.68000
04.41000
01.47000
03.69000
03.98000
01.14000
03.68000
02.63000
01.36000
01.01000
02.68000
04.13000
01.80000
04.75000
01.94000
02.61000
01.51000
01.28000
03.72000
02.12000
02.59000
02.32000
04.96000
04.87000
04.48000
04.58000
03.62000
02.05000
03.64000
01.74000
02.64000
01.88000
01.52000
04.52000
01.99000
01.55000
04.58000
04.63000
02.62000
03.26000
04.27000
02.75000
02.48000
02.22000
02.48000
02.75000
03.35000
04.74000
04.88000
01.07000
04.77000
01.36000
03.02000
02.50000
03.96000
02.74000
02.22000
03.60000
04.75000
03.96000
04.81000
01.96000
03.97000
01.10000
02.12000
04.16000
03.46000
03.24000
02.48000
01.76000
02.03000
04.45000
03.22000
03.35000
03.51000
03.82000
02.66000
02.51000
04.74000
03.56000
01.51000
03.03000
04.64000
04.55000
02.97000
03.40000
02.96000
03.67000
04.83000
04.25000
04.64000
04.86000
04.27000
04.02000
01.39000
01.08000
03.51000
02.17000
01.92000
02.27000
01.75000
03.16000
03.92000
03.40000
03.19000
04.42000
02.11000
04.42000
01.04000
04.43000
04.17000
02.28000
01.49000
02.62000
