35
10
161.33000
135.49000
171.37000
139.19000
113.17000
123.11000
130.91000
132.21000
182.85000
150.52000
191.29000
151.15000
192.62000
146.25000
187.27000
137.05000
189.74000
163.82000
178.61000
155.91000
146.50000
181.73000
150.09000
198.75000
160.14000
103.50000
111.46000
181.59000
152.94000
157.66000
197.50000
145.44000
172.16000
197.71000
167.98000
110.45000
106.70000
187.30000
146.74000
115.54000
124.33000
192.88000
144.20000
143.58000
162.66000
168.48000
137.57000
194.97000
178.35000
127.00000
195.98000
195.10000
153.02000
106.33000
113.58000
194.35000
193.33000
169.36000
109.50000
168.12000
130.91000
103.97000
127.90000
116.80000
122.40000
123.06000
137.89000
165.78000
149.44000
164.52000
122.64000
147.71000
192.09000
168.69000
114.71000
168.25000
169.84000
189.02000
175.89000
137.68000
140.32000
134.99000
109.67000
165.75000
119.54000
128.86000
144.59000
187.24000
148.53000
117.91000
134.15000
161.91000
193.29000
174.39000
156.87000
174.53000
144.85000
195.58000
116.27000
134.85000
119.22000
103.74000
140.86000
177.66000
157.41000
112.68000
167.85000
138.27000
102.50000
157.96000
109.97000
185.85000
173.92000
187.62000
154.54000
130.50000
138.61000
133.30000
189.45000
116.38000
196.96000
151.65000
127.58000
112.61000
174.35000
124.30000
106.84000
113.33000
121.19000
157.89000
190.10000
137.70000
112.85000
184.07000
165.27000
129.85000
149.74000
159.47000
145.22000
158.91000
196.61000
159.06000
131.34000
183.08000
153.54000
153.19000
190.21000
122.15000
132.41000
131.84000
185.27000
163.14000
117.98000
186.03000
113.78000
109.55000
120.00000
131.78000
198.01000
189.90000
173.26000
110.11000
185.23000
157.70000
137.50000
187.03000
147.70000
191.49000
197.50000
153.55000
182.68000
194.75000
163.03000
125.69000
112.44000
163.99000
118.92000
116.17000
144.96000
121.17000
101.38000
121.99000
163.22000
138.21000
107.09000
115.99000
161.17000
178.02000
155.19000
173.57000
170.45000
128.48000
189.81000
195.13000
147.71000
102.48000
180.11000
106.05000
174.58000
137.91000
120.22000
156.71000
157.71000
197.66000
129.28000
122.53000
128.73000
169.63000
151.43000
103.87000
128.77000
158.55000
154.39000
181.71000
145.91000
118.86000
190.50000
145.42000
164.37000
150.90000
182.82000
188.86000
150.18000
126.94000
109.86000
196.81000
194.34000
144.24000
175.14000
179.04000
112.87000
125.08000
107.18000
170.30000
146.79000
116.71000
159.48000
130.37000
162.11000
191.41000
110.57000
144.01000
149.85000
146.44000
163.96000
186.73000
173.36000
120.89000
180.75000
163.84000
179.58000
100.00000
148.80000
115.37000
193.92000
147.48000
197.02000
135.46000
166.75000
169.97000
188.32000
143.25000
173.48000
199.10000
110.58000
182.88000
114.49000
191.52000
176.69000
123.49000
115.18000
128.86000
124.55000
159.23000
125.93000
117.78000
117.04000
109.23000
122.14000
189.90000
132.74000
179.80000
172.68000
136.69000
132.37000
107.09000
171.61000
101.61000
164.28000
169.89000
148.32000
150.66000
175.74000
121.71000
162.59000
149.87000
139.01000
141.06000
199.18000
190.25000
151.36000
131.46000
167.86000
187.80000
135.05000
121.43000
103.39000
183.56000
137.36000
164.48000
165.53000
143.54000
130.54000
139.13000
139.06000
115.85000
146.29000
168.03000
171.28000
163.50000
133.53000
140.59000
128.39000
164.18000
102.80000
175.74000
105.24000
143.29000
135.75000
111.39000
195.95000
151.21000
139.02000
110.43000
119.69000
163.33000
144.25000
160.74000
120.57000
180.05000
108.08000
175.22000
167.75000
126.76000
112.15000
191.75000
155.37000
153.84000
163.10000
173.23000
09.59000
06.77000
08.61000
09.90000
09.82000
09.21000
09.10000
05.45000
05.20000
08.51000
07.27000
09.92000
07.37000
05.36000
07.92000
07.15000
09.25000
06.76000
07.08000
07.26000
05.00000
05.91000
07.02000
06.58000
05.03000
07.30000
06.30000
07.72000
06.00000
06.64000
09.69000
09.51000
05.81000
05.91000
08.22000
08.41000
06.19000
06.65000
08.43000
09.76000
08.86000
05.58000
09.28000
07.98000
08.74000
09.32000
06.06000
08.01000
07.33000
05.94000
08.40000
06.04000
07.38000
09.75000
07.17000
09.52000
07.91000
06.32000
09.50000
07.13000
09.15000
07.46000
08.78000
08.82000
07.62000
06.24000
09.63000
05.77000
06.07000
06.98000
08.51000
07.21000
06.01000
08.27000
08.73000
06.99000
07.28000
09.48000
06.40000
07.24000
07.46000
09.66000
05.98000
06.51000
09.13000
05.47000
08.21000
09.59000
06.16000
09.81000
05.05000
07.49000
08.63000
06.85000
09.74000
07.52000
07.89000
07.00000
06.73000
08.20000
06.54000
06.91000
06.76000
09.32000
08.44000
08.66000
05.05000
06.04000
07.67000
08.13000
09.44000
05.31000
05.32000
05.25000
08.77000
05.34000
09.29000
05.27000
09.87000
09.49000
09.53000
09.71000
05.80000
07.41000
07.22000
06.32000
05.87000
09.96000
09.81000
09.10000
05.65000
09.28000
05.99000
08.30000
06.95000
08.74000
05.69000
05.44000
07.86000
07.98000
05.25000
05.31000
05.96000
07.04000
08.00000
07.57000
09.83000
06.46000
05.28000
09.95000
06.08000
08.40000
09.36000
08.82000
05.13000
07.35000
08.79000
06.77000
08.63000
09.01000
08.34000
07.64000
09.50000
05.37000
09.06000
06.54000
06.89000
09.64000
08.23000
09.81000
06.22000
06.30000
09.38000
05.04000
09.14000
08.92000
08.10000
09.38000
07.20000
06.99000
08.08000
07.81000
06.97000
06.39000
09.88000
08.32000
05.09000
07.69000
05.64000
09.61000
06.83000
07.71000
08.73000
06.62000
08.68000
09.50000
08.79000
05.53000
08.41000
07.40000
06.68000
08.80000
05.01000
06.95000
09.55000
05.10000
08.73000
09.99000
05.76000
09.39000
09.52000
09.27000
05.23000
07.89000
06.76000
06.36000
08.53000
05.88000
06.61000
05.51000
06.21000
09.72000
09.17000
05.87000
06.49000
06.69000
05.80000
07.84000
08.86000
05.34000
09.08000
08.11000
09.02000
05.45000
07.86000
09.56000
08.95000
08.04000
07.25000
06.37000
06.88000
05.42000
08.58000
08.94000
07.27000
09.89000
07.38000
05.75000
05.10000
06.61000
06.68000
07.32000
07.79000
07.48000
05.09000
08.96000
08.76000
08.38000
05.03000
09.65000
08.59000
06.44000
05.19000
09.66000
09.08000
05.03000
05.53000
05.49000
08.31000
08.78000
07.23000
09.89000
05.59000
08.58000
07.73000
06.87000
06.49000
06.56000
05.73000
06.69000
05.85000
05.61000
08.67000
06.55000
05.48000
08.67000
09.82000
07.88000
08.09000
09.22000
07.10000
09.39000
06.57000
09.22000
06.57000
06.19000
05.09000
06.91000
05.50000
09.63000
09.06000
06.75000
07.43000
07.31000
05.15000
09.48000
07.14000
08.07000
06.25000
07.05000
05.68000
07.01000
06.54000
07.69000
05.32000
05.39000
09.69000
06.87000
06.22000
09.42000
05.98000
09.82000
07.18000
05.81000
05.28000
08.69000
05.51000
05.75000
05.35000
07.80000
07.06000
06.67000
05.17000
07.71000
08.97000
07.28000
05.02000
05.25000
09.63000
07.51000
06.39000
08.47000
08.65000
08.56000
07.03000
06.70000
06.92000
07.86000
05.96000
05.50000
