35
10
160.52000
111.83000
183.18000
187.37000
172.45000
173.30000
188.16000
180.22000
104.17000
157.78000
158.43000
144.70000
102.93000
118.77000
153.75000
146.84000
141.01000
134.81000
158.90000
177.64000
115.66000
109.39000
183.63000
153.13000
149.16000
171.04000
162.71000
114.32000
188.77000
173.27000
155.91000
127.23000
106.75000
194.60000
147.99000
184.63000
153.29000
181.24000
146.15000
143.01000
148.15000
108.28000
154.63000
141.94000
112.54000
185.43000
170.35000
106.78000
128.11000
150.57000
187.43000
187.95000
101.49000
166.60000
125.03000
160.81000
164.34000
121.41000
127.28000
125.78000
173.29000
127.88000
163.33000
108.23000
109.97000
123.90000
127.32000
158.55000
181.04000
172.38000
123.19000
103.16000
126.79000
155.80000
107.48000
131.25000
110.23000
187.78000
119.07000
147.68000
107.11000
147.35000
186.48000
187.21000
158.43000
181.78000
163.23000
109.61000
130.22000
163.34000
127.82000
199.65000
113.49000
189.29000
183.77000
167.08000
124.26000
181.89000
159.61000
146.67000
103.54000
188.42000
108.84000
198.20000
117.35000
114.68000
192.11000
153.84000
117.91000
102.43000
114.68000
165.17000
106.69000
198.38000
194.78000
159.91000
106.32000
159.18000
145.29000
107.18000
142.19000
166.47000
104.11000
101.15000
164.68000
126.89000
134.12000
160.94000
149.20000
172.09000
123.23000
130.70000
196.12000
158.70000
184.31000
179.57000
130.84000
168.36000
155.27000
101.68000
188.28000
104.10000
101.35000
104.75000
139.88000
134.78000
146.49000
112.60000
127.86000
145.69000
104.76000
180.57000
161.99000
152.84000
198.44000
137.16000
177.04000
197.26000
174.79000
135.90000
132.76000
144.95000
106.08000
155.31000
113.93000
186.94000
189.57000
198.88000
130.31000
139.23000
147.53000
195.15000
116.67000
142.85000
127.23000
151.76000
165.10000
115.22000
187.03000
173.37000
189.05000
109.88000
136.81000
184.94000
197.57000
185.31000
190.11000
174.33000
134.81000
141.90000
103.57000
154.46000
169.90000
105.04000
158.84000
163.21000
197.00000
125.11000
162.55000
163.46000
135.23000
177.52000
146.34000
143.12000
128.75000
162.65000
166.86000
115.07000
146.68000
105.89000
182.98000
141.54000
166.28000
183.96000
192.54000
187.72000
114.53000
143.88000
174.12000
157.58000
152.20000
198.00000
118.74000
148.40000
182.79000
156.08000
142.42000
182.44000
134.82000
152.89000
186.18000
106.96000
161.80000
148.19000
116.03000
194.23000
142.26000
126.75000
122.98000
141.51000
179.71000
198.33000
123.05000
171.08000
102.67000
152.98000
126.74000
112.51000
113.67000
174.30000
118.30000
113.39000
160.21000
106.38000
185.54000
181.45000
117.01000
168.34000
103.87000
148.35000
171.96000
104.34000
173.67000
170.72000
137.95000
183.50000
120.32000
130.21000
152.87000
199.98000
194.24000
133.46000
179.62000
172.90000
170.79000
112.10000
106.08000
146.42000
150.38000
122.78000
133.79000
118.25000
158.42000
147.18000
143.90000
126.04000
165.68000
131.07000
113.25000
177.54000
140.18000
169.80000
114.09000
151.26000
166.68000
154.39000
143.70000
150.73000
154.96000
100.85000
124.34000
104.44000
139.78000
150.20000
103.28000
165.93000
180.91000
168.45000
152.79000
113.70000
163.10000
146.62000
170.12000
151.27000
196.14000
169.28000
114.42000
189.86000
193.99000
123.74000
138.65000
149.89000
134.38000
173.82000
118.74000
177.61000
130.84000
169.90000
161.35000
135.90000
102.50000
187.37000
198.09000
112.65000
193.50000
126.63000
185.63000
120.75000
172.98000
113.05000
105.59000
198.10000
135.08000
197.05000
164.62000
107.59000
198.95000
154.00000
194.36000
137.10000
02.22000
03.52000
02.55000
02.04000
04.45000
01.87000
02.74000
03.74000
02.56000
03.70000
01.34000
03.10000
02.87000
02.61000
03.19000
04.19000
04.71000
01.16000
02.11000
04.09000
04.41000
02.93000
04.93000
04.88000
03.30000
04.50000
03.47000
01.64000
03.71000
03.46000
02.57000
02.44000
04.96000
02.37000
04.06000
03.94000
04.78000
03.78000
01.86000
01.87000
04.91000
03.60000
04.47000
03.19000
04.93000
01.66000
02.47000
04.85000
03.07000
01.41000
04.55000
04.81000
02.52000
03.31000
04.41000
02.00000
03.48000
04.80000
04.77000
04.40000
03.16000
04.34000
01.32000
04.95000
03.76000
01.38000
02.77000
01.60000
04.49000
04.38000
01.76000
03.95000
04.29000
03.62000
04.12000
04.11000
01.87000
04.44000
01.45000
03.93000
04.09000
04.20000
02.34000
03.22000
02.03000
01.23000
04.35000
02.82000
03.77000
02.86000
02.07000
04.55000
02.37000
01.40000
03.08000
03.24000
03.93000
02.20000
03.95000
02.72000
03.51000
03.58000
02.27000
03.83000
01.20000
01.87000
04.62000
03.76000
03.40000
03.59000
01.72000
02.78000
02.68000
04.58000
04.18000
04.04000
04.92000
02.04000
02.43000
03.25000
03.06000
02.17000
03.94000
01.10000
03.05000
04.17000
01.16000
03.31000
03.85000
04.25000
03.53000
04.56000
01.41000
03.61000
01.52000
04.58000
04.69000
04.46000
02.57000
04.05000
01.78000
02.24000
03.57000
03.05000
01.87000
04.91000
01.57000
03.59000
03.85000
04.20000
04.23000
03.15000
02.54000
02.18000
04.90000
02.33000
01.77000
01.95000
01.90000
02.71000
02.37000
03.58000
02.55000
02.85000
02.16000
04.14000
03.20000
02.34000
03.98000
01.71000
01.15000
01.77000
03.65000
03.37000
02.75000
01.84000
03.49000
04.48000
04.89000
03.82000
01.74000
03.81000
04.17000
03.25000
02.10000
01.70000
03.28000
01.59000
03.26000
02.10000
03.41000
01.29000
04.93000
01.97000
02.79000
01.80000
03.80000
03.25000
04.60000
03.59000
01.59000
04.90000
01.04000
04.10000
01.00000
02.88000
01.34000
01.78000
01.73000
02.13000
04.25000
04.42000
02.53000
03.62000
04.21000
01.03000
04.96000
03.72000
01.76000
01.06000
02.91000
02.76000
02.01000
04.82000
03.96000
03.58000
03.01000
01.65000
04.69000
01.99000
03.86000
01.87000
02.68000
02.84000
04.63000
04.80000
04.49000
03.95000
02.39000
02.79000
01.72000
04.15000
03.23000
01.15000
02.94000
04.27000
02.11000
03.53000
02.37000
03.59000
02.57000
01.43000
02.35000
01.87000
02.19000
03.52000
01.35000
04.81000
03.93000
01.99000
04.82000
03.12000
03.75000
02.06000
03.22000
04.50000
02.59000
01.93000
04.00000
01.65000
02.41000
04.79000
03.60000
04.28000
02.16000
02.86000
03.49000
03.08000
01.81000
01.33000
03.26000
03.40000
01.98000
04.13000
02.96000
01.43000
03.15000
04.16000
01.80000
04.48000
02.49000
03.86000
03.11000
03.10000
01.85000
04.31000
03.22000
04.89000
04.04000
03.58000
03.45000
02.42000
04.89000
04.75000
02.14000
01.26000
01.24000
03.91000
02.61000
04.00000
02.92000
02.13000
01.19000
02.21000
04.74000
02.27000
03.25000
02.86000
03.55000
03.92000
03.10000
01.98000
01.58000
02.36000
04.49000
01.22000
01.13000
03.52000
02.63000
01.04000
03.91000
02.36000
01.73000
02.89000
04.62000
02.84000
02.97000
01.24000
02.96000
01.91000
04.58000
03.52000
03.64000
01.53000
01.75000
02.20000
04.35000
04.63000
02.69000
02.72000
