35
7
165.12000
174.19000
100.67000
105.83000
120.25000
101.14000
137.06000
171.62000
143.32000
163.22000
177.41000
186.08000
116.12000
169.16000
191.79000
139.98000
134.51000
129.26000
139.32000
100.65000
158.39000
105.39000
118.20000
162.00000
161.73000
160.98000
115.68000
194.48000
182.59000
111.02000
158.09000
195.12000
173.05000
172.05000
160.80000
142.32000
179.65000
168.43000
177.28000
160.99000
176.84000
126.33000
169.26000
181.81000
155.74000
160.48000
114.91000
140.84000
195.02000
101.47000
131.16000
100.74000
187.40000
181.49000
124.02000
100.72000
189.67000
184.28000
138.57000
106.55000
172.68000
195.14000
108.92000
160.56000
171.34000
150.93000
108.29000
131.65000
134.63000
190.09000
188.75000
176.39000
179.54000
170.63000
159.85000
142.38000
174.06000
197.58000
165.82000
134.43000
120.32000
148.12000
131.41000
160.50000
193.85000
174.76000
120.44000
155.12000
184.25000
131.53000
185.78000
129.36000
145.18000
124.06000
119.39000
120.88000
144.37000
159.53000
102.27000
143.88000
113.61000
196.67000
154.49000
139.14000
198.75000
121.83000
125.32000
141.19000
113.61000
189.00000
140.97000
151.95000
148.24000
110.57000
106.82000
118.94000
160.88000
109.36000
194.50000
122.02000
123.93000
159.72000
114.70000
167.56000
123.87000
137.59000
167.18000
138.53000
111.24000
170.45000
190.75000
144.45000
150.64000
187.35000
113.30000
171.40000
170.73000
168.92000
101.77000
132.04000
105.98000
119.85000
100.85000
176.15000
155.69000
156.74000
138.21000
116.65000
160.71000
186.02000
197.34000
149.80000
126.25000
152.39000
196.76000
127.33000
121.60000
152.06000
194.03000
127.51000
130.11000
182.85000
135.79000
105.17000
199.19000
194.13000
107.72000
141.70000
190.32000
136.81000
184.59000
195.07000
129.03000
113.40000
180.21000
191.38000
108.65000
131.10000
170.43000
145.75000
104.62000
132.05000
194.14000
188.43000
197.79000
169.64000
167.46000
166.46000
190.26000
110.41000
155.76000
103.41000
148.18000
172.48000
163.51000
149.44000
151.78000
175.54000
184.19000
131.24000
145.34000
190.82000
150.39000
102.09000
187.23000
191.12000
183.72000
191.84000
199.84000
100.80000
162.44000
199.95000
192.96000
151.30000
114.15000
139.42000
184.22000
198.15000
176.35000
144.26000
170.82000
132.11000
172.24000
133.37000
151.73000
141.63000
114.09000
102.20000
190.00000
166.69000
153.20000
172.78000
162.71000
148.85000
129.96000
143.69000
111.03000
181.21000
123.81000
140.08000
190.20000
158.46000
103.26000
163.66000
119.48000
03.06000
02.85000
02.59000
02.14000
03.30000
04.92000
04.35000
04.58000
03.44000
02.34000
04.71000
03.74000
03.68000
04.05000
01.24000
02.73000
02.51000
02.83000
04.85000
03.47000
02.75000
01.25000
01.77000
04.69000
01.51000
01.69000
03.51000
03.94000
04.23000
04.37000
04.93000
03.57000
02.66000
01.28000
02.17000
03.54000
01.96000
04.53000
03.98000
02.94000
02.03000
04.76000
01.95000
02.66000
04.35000
03.41000
04.54000
04.34000
01.48000
02.79000
03.72000
02.49000
04.31000
01.05000
04.77000
02.39000
04.01000
02.15000
04.28000
02.15000
02.09000
01.83000
04.15000
02.69000
04.35000
01.69000
01.61000
01.74000
02.91000
03.11000
02.62000
01.25000
02.87000
03.51000
04.90000
02.85000
04.13000
01.33000
04.07000
01.89000
03.24000
03.88000
03.14000
03.41000
01.14000
02.86000
04.46000
01.26000
01.08000
01.79000
03.69000
04.13000
02.62000
01.98000
03.79000
01.48000
03.63000
04.59000
01.03000
01.61000
02.29000
04.56000
03.02000
01.64000
03.11000
01.49000
02.44000
01.53000
03.93000
02.79000
02.25000
01.63000
01.25000
03.13000
01.10000
03.55000
01.27000
01.77000
04.40000
03.70000
01.30000
03.78000
04.86000
03.32000
04.97000
02.05000
04.50000
02.45000
04.21000
03.28000
04.68000
01.95000
01.27000
01.99000
04.04000
01.49000
02.71000
02.51000
04.56000
01.55000
01.95000
03.59000
01.83000
03.63000
04.27000
02.40000
01.91000
04.04000
02.02000
03.69000
04.45000
01.90000
04.57000
04.09000
01.21000
04.99000
01.60000
02.06000
03.29000
01.93000
01.12000
03.85000
03.10000
04.13000
03.43000
01.55000
04.35000
03.83000
03.15000
03.05000
04.07000
04.07000
03.23000
02.03000
02.60000
03.77000
02.40000
02.35000
02.19000
03.83000
04.05000
03.35000
02.78000
03.86000
04.09000
01.52000
02.49000
04.20000
04.28000
02.87000
03.46000
04.04000
02.68000
03.22000
03.16000
03.35000
03.66000
02.22000
04.38000
04.93000
03.91000
01.31000
01.19000
04.39000
02.42000
01.77000
01.01000
04.14000
02.51000
02.66000
04.85000
01.67000
01.30000
02.29000
01.90000
03.39000
04.39000
03.66000
04.75000
03.83000
02.10000
04.14000
04.62000
02.72000
04.55000
03.11000
02.05000
02.61000
02.18000
01.78000
04.86000
02.85000
03.74000
01.16000
02.22000
01.61000
02.29000
04.08000
02.58000
01.88000
01.21000
01.18000
03.74000
01.45000
04.17000
