35
10
160.13000
107.48000
100.30000
116.03000
126.76000
100.75000
129.02000
176.91000
160.63000
148.86000
189.24000
160.01000
146.52000
142.82000
178.22000
168.84000
194.17000
198.66000
118.24000
131.93000
138.37000
157.38000
156.55000
102.79000
138.87000
185.01000
165.43000
159.94000
180.44000
172.55000
142.14000
106.88000
172.84000
136.03000
108.94000
105.24000
136.71000
131.31000
148.56000
199.65000
161.48000
115.76000
113.03000
161.74000
142.31000
146.22000
140.01000
154.40000
198.35000
198.06000
161.13000
165.53000
173.72000
171.69000
133.04000
108.01000
137.58000
192.50000
137.38000
119.74000
184.06000
110.87000
180.79000
163.60000
132.30000
102.19000
194.90000
127.48000
126.45000
166.86000
125.80000
156.98000
141.42000
177.37000
128.02000
148.07000
135.27000
107.01000
101.88000
106.21000
105.64000
161.71000
113.39000
103.66000
131.05000
126.23000
153.57000
137.69000
115.00000
110.34000
138.44000
130.56000
186.03000
148.79000
109.00000
129.54000
197.63000
101.37000
131.28000
106.90000
128.34000
152.83000
196.29000
159.90000
181.66000
192.00000
103.71000
161.18000
111.16000
184.86000
137.01000
109.95000
122.69000
184.94000
136.23000
109.89000
122.21000
186.40000
151.76000
167.66000
172.61000
108.38000
159.01000
114.88000
161.79000
195.01000
158.34000
108.20000
102.63000
115.43000
175.17000
129.26000
133.03000
163.79000
159.87000
184.70000
115.88000
159.23000
187.84000
106.17000
168.44000
153.72000
148.59000
136.16000
159.80000
174.69000
124.39000
142.41000
178.74000
151.47000
123.30000
103.11000
172.55000
137.59000
105.07000
184.27000
113.48000
111.56000
154.48000
176.92000
198.81000
176.89000
181.29000
197.06000
150.79000
162.10000
120.26000
185.72000
116.69000
120.70000
131.16000
108.90000
168.78000
131.22000
198.75000
131.72000
118.59000
170.68000
198.52000
154.88000
198.91000
185.16000
177.63000
188.89000
144.09000
170.04000
109.28000
159.13000
135.76000
163.24000
187.62000
116.00000
180.56000
127.63000
131.79000
134.89000
110.13000
151.11000
185.92000
116.19000
181.11000
146.57000
119.17000
185.28000
175.14000
151.90000
125.66000
192.57000
198.87000
129.99000
129.11000
185.34000
138.83000
146.63000
146.34000
132.69000
159.11000
164.28000
123.68000
126.20000
175.64000
117.33000
189.65000
100.62000
129.43000
153.06000
197.77000
115.72000
186.50000
143.72000
126.55000
156.26000
137.87000
186.59000
179.50000
132.02000
199.54000
103.93000
185.14000
177.75000
112.53000
143.00000
196.99000
153.23000
142.87000
106.32000
182.51000
125.52000
111.20000
140.47000
128.44000
118.42000
121.00000
178.15000
152.21000
140.03000
111.97000
175.99000
166.72000
159.50000
109.48000
115.63000
109.84000
170.97000
163.93000
103.71000
144.47000
193.58000
150.72000
171.88000
158.50000
171.47000
170.22000
176.77000
164.82000
173.78000
147.83000
100.03000
101.33000
194.65000
157.55000
174.72000
115.99000
126.40000
176.84000
165.67000
145.23000
173.44000
190.34000
119.67000
195.42000
113.40000
107.79000
152.73000
188.83000
174.81000
163.98000
105.86000
172.73000
111.17000
118.65000
145.08000
119.37000
101.00000
156.58000
161.41000
126.03000
147.83000
187.54000
170.86000
114.98000
180.16000
146.29000
114.44000
133.47000
175.92000
113.90000
172.74000
120.17000
156.84000
130.35000
174.36000
172.61000
148.01000
176.69000
127.06000
123.89000
137.34000
197.06000
131.23000
130.64000
137.71000
160.60000
112.27000
174.50000
187.00000
161.45000
120.55000
162.12000
148.12000
118.75000
131.48000
125.14000
108.96000
176.65000
145.44000
120.19000
182.40000
104.27000
187.83000
08.47000
07.37000
06.49000
09.54000
06.02000
06.00000
06.13000
06.94000
06.30000
09.22000
08.86000
08.82000
06.58000
08.37000
05.09000
09.64000
05.42000
06.05000
06.48000
05.15000
07.58000
06.12000
05.93000
07.30000
09.11000
08.66000
07.61000
09.31000
07.30000
05.02000
06.93000
05.68000
05.67000
07.81000
05.55000
07.52000
09.28000
05.02000
08.63000
06.26000
09.16000
07.90000
07.72000
05.15000
05.95000
09.20000
07.74000
09.77000
06.76000
07.60000
08.95000
06.93000
09.99000
08.04000
07.86000
09.71000
05.26000
06.72000
07.21000
07.41000
08.45000
06.08000
06.02000
05.60000
06.69000
09.81000
09.53000
06.10000
08.35000
07.85000
08.03000
09.14000
08.37000
06.30000
08.76000
07.86000
09.26000
05.64000
06.55000
09.34000
06.48000
09.04000
06.51000
07.74000
08.26000
08.79000
09.98000
08.46000
09.07000
08.40000
09.56000
08.16000
09.63000
07.68000
09.10000
09.77000
06.92000
07.65000
08.69000
07.43000
09.15000
05.60000
09.68000
06.55000
05.81000
06.70000
09.49000
05.43000
05.32000
07.31000
05.98000
07.80000
07.74000
07.14000
07.90000
07.82000
07.27000
07.09000
07.68000
09.47000
09.48000
09.26000
09.02000
08.02000
06.19000
07.06000
06.86000
09.96000
05.46000
05.09000
07.39000
08.06000
06.60000
09.25000
08.05000
06.31000
05.20000
06.66000
07.53000
09.97000
08.88000
09.47000
08.79000
09.70000
06.00000
09.72000
09.65000
06.07000
06.80000
09.42000
09.86000
07.09000
09.17000
05.53000
05.45000
07.85000
07.30000
06.28000
08.71000
09.70000
06.57000
06.13000
08.17000
05.24000
08.66000
05.82000
08.62000
08.31000
06.48000
07.30000
06.09000
09.02000
09.18000
08.82000
07.87000
08.42000
08.32000
05.00000
09.73000
07.38000
06.90000
07.92000
08.65000
05.01000
06.06000
05.58000
10.00000
07.53000
08.57000
07.31000
09.66000
07.36000
08.41000
08.67000
09.76000
08.21000
05.86000
06.48000
08.67000
05.00000
07.40000
08.81000
06.03000
08.94000
05.80000
09.97000
07.72000
07.46000
05.06000
05.52000
06.41000
06.77000
06.77000
08.18000
05.67000
05.34000
09.48000
07.61000
08.72000
09.79000
05.56000
09.54000
06.29000
09.92000
08.86000
06.88000
05.35000
06.76000
09.49000
08.80000
09.13000
07.60000
08.78000
05.69000
07.09000
05.97000
09.34000
09.23000
09.96000
06.65000
05.01000
07.32000
09.71000
05.69000
05.90000
09.47000
09.65000
07.96000
05.82000
05.91000
08.78000
05.75000
08.03000
07.14000
06.55000
09.54000
08.37000
09.66000
06.02000
08.97000
08.04000
06.22000
06.51000
09.91000
09.49000
05.82000
08.58000
09.49000
06.40000
08.72000
09.06000
06.09000
08.71000
06.43000
06.01000
09.35000
07.62000
06.70000
08.74000
05.13000
09.74000
09.18000
08.30000
05.67000
05.95000
09.72000
09.43000
06.70000
05.85000
08.62000
05.23000
06.61000
07.96000
08.47000
07.35000
06.12000
07.08000
08.12000
08.72000
07.19000
09.23000
07.67000
08.48000
08.06000
06.71000
08.47000
07.06000
08.19000
08.05000
08.11000
06.11000
08.30000
08.03000
05.45000
08.53000
09.87000
09.79000
06.29000
07.02000
09.69000
09.99000
05.66000
06.97000
08.29000
06.01000
07.68000
07.41000
07.47000
06.24000
07.30000
09.84000
05.31000
05.31000
05.69000
07.01000
06.13000
09.09000
05.31000
07.94000
05.48000
09.72000
09.85000
07.87000
05.19000
05.57000
09.25000
08.30000
08.32000
06.28000
09.69000
