35
10
146.12000
125.21000
111.83000
150.72000
145.31000
184.26000
193.08000
110.64000
190.74000
128.72000
112.96000
101.46000
123.44000
105.86000
124.98000
182.97000
109.42000
187.93000
107.66000
139.92000
139.68000
172.20000
164.52000
182.08000
130.26000
180.94000
124.07000
144.22000
122.16000
161.42000
139.83000
186.10000
181.40000
185.90000
190.31000
116.11000
143.39000
154.89000
115.71000
119.16000
125.85000
127.72000
137.14000
100.93000
139.47000
110.72000
199.30000
130.56000
109.64000
185.51000
140.07000
102.19000
186.75000
158.75000
122.36000
134.95000
146.19000
162.08000
134.05000
173.00000
188.35000
152.13000
188.03000
185.46000
138.62000
110.54000
122.19000
166.49000
147.39000
143.97000
156.29000
141.11000
131.59000
176.08000
176.93000
142.05000
161.49000
108.99000
168.53000
185.92000
145.35000
170.95000
153.35000
101.23000
117.94000
102.99000
178.65000
141.50000
139.02000
171.12000
116.70000
185.24000
193.36000
166.35000
164.77000
135.97000
190.73000
104.71000
145.12000
122.21000
165.88000
127.20000
105.01000
197.46000
178.58000
160.40000
177.56000
174.58000
149.07000
184.68000
115.15000
113.41000
105.56000
110.03000
101.59000
100.39000
186.09000
136.86000
193.49000
148.41000
159.78000
190.55000
172.51000
195.37000
120.79000
121.49000
145.29000
104.14000
188.25000
105.08000
143.46000
162.63000
106.30000
141.70000
123.67000
183.73000
144.08000
156.74000
167.56000
105.31000
129.96000
168.23000
185.38000
122.44000
194.74000
168.51000
162.39000
174.06000
131.75000
170.80000
135.27000
104.46000
144.49000
184.86000
120.01000
135.88000
161.48000
145.46000
157.64000
115.60000
136.25000
112.37000
114.17000
115.88000
147.30000
170.34000
180.62000
133.99000
198.15000
129.16000
173.00000
192.20000
117.32000
123.57000
132.34000
198.92000
197.85000
148.17000
181.55000
198.54000
157.60000
189.15000
134.66000
110.67000
197.92000
155.34000
159.16000
166.95000
106.70000
190.87000
155.45000
124.02000
196.84000
164.88000
148.91000
163.51000
106.22000
171.52000
189.93000
192.08000
197.74000
129.92000
153.91000
141.35000
159.28000
184.22000
141.24000
167.97000
103.74000
103.57000
155.55000
136.87000
153.21000
152.32000
101.60000
189.64000
152.75000
126.60000
122.71000
130.05000
141.61000
105.91000
103.64000
149.14000
117.04000
193.78000
154.15000
162.91000
101.32000
118.71000
109.01000
112.38000
141.71000
134.22000
127.99000
163.57000
110.48000
118.83000
195.86000
107.48000
104.88000
176.05000
122.37000
160.14000
147.19000
139.84000
189.51000
108.26000
188.43000
199.02000
199.75000
180.14000
123.53000
196.19000
161.37000
118.33000
166.45000
194.25000
193.50000
198.23000
148.82000
181.09000
140.28000
120.22000
127.30000
169.59000
170.86000
109.70000
183.52000
197.65000
179.38000
117.06000
124.12000
128.15000
184.97000
117.69000
180.74000
148.99000
131.78000
111.97000
119.23000
126.66000
140.96000
155.70000
154.38000
137.01000
171.65000
171.02000
193.99000
172.22000
161.68000
119.20000
104.06000
104.56000
189.55000
185.01000
175.61000
131.29000
158.79000
178.22000
124.66000
174.68000
197.90000
133.60000
192.22000
181.99000
160.41000
110.90000
144.31000
125.48000
124.83000
194.91000
171.94000
102.43000
194.68000
171.14000
181.61000
120.36000
191.96000
110.41000
138.27000
150.70000
124.50000
152.22000
181.17000
177.52000
115.35000
190.71000
160.69000
107.47000
127.40000
145.04000
152.24000
172.20000
148.54000
159.33000
156.19000
128.34000
191.65000
102.72000
197.94000
157.53000
194.64000
169.37000
127.88000
166.42000
120.38000
178.40000
121.40000
186.63000
08.81000
09.52000
08.97000
05.76000
09.68000
07.74000
06.44000
05.25000
06.42000
05.96000
05.92000
07.92000
07.89000
07.09000
09.40000
09.80000
09.18000
05.29000
05.09000
08.18000
06.63000
05.98000
07.46000
06.59000
07.86000
05.80000
07.24000
09.81000
06.69000
07.68000
06.41000
08.88000
08.24000
05.77000
08.18000
07.49000
09.12000
06.87000
08.82000
08.76000
05.42000
07.83000
06.94000
08.53000
07.37000
07.57000
09.26000
06.43000
06.15000
08.86000
05.10000
08.35000
09.19000
05.69000
05.03000
06.41000
05.20000
08.32000
05.86000
08.99000
09.12000
08.26000
05.65000
05.72000
07.13000
08.25000
08.74000
07.48000
06.68000
07.30000
05.38000
06.59000
05.87000
06.28000
07.80000
09.54000
08.30000
08.35000
07.39000
08.86000
05.45000
08.86000
05.80000
05.28000
07.11000
06.68000
05.96000
05.77000
09.30000
06.89000
07.01000
08.55000
09.32000
05.85000
09.38000
08.09000
05.70000
06.16000
09.71000
05.12000
08.22000
06.66000
05.93000
06.61000
07.92000
06.27000
06.54000
05.16000
05.30000
07.24000
08.71000
06.60000
09.80000
08.36000
08.88000
06.14000
06.01000
09.58000
08.54000
06.83000
08.55000
07.08000
05.44000
08.00000
08.32000
08.30000
08.59000
05.20000
07.42000
06.94000
08.24000
05.26000
09.25000
07.93000
05.90000
06.24000
08.43000
07.48000
09.32000
07.46000
05.58000
07.93000
06.43000
05.25000
07.39000
08.24000
05.31000
09.26000
06.18000
06.07000
07.63000
09.28000
06.42000
09.94000
05.98000
06.96000
08.84000
09.64000
09.20000
05.20000
05.40000
06.21000
07.41000
08.17000
09.34000
06.93000
06.94000
06.28000
05.11000
05.34000
05.39000
06.18000
08.45000
06.23000
06.61000
09.21000
09.65000
09.28000
06.16000
08.02000
08.90000
07.04000
09.06000
05.26000
06.37000
06.34000
06.56000
06.20000
08.88000
05.55000
08.61000
07.33000
09.51000
09.29000
06.39000
06.42000
07.56000
08.46000
07.35000
07.45000
08.60000
05.17000
05.18000
05.69000
09.45000
07.81000
09.82000
07.64000
08.18000
06.01000
07.69000
05.56000
05.22000
09.82000
09.58000
06.51000
05.48000
06.46000
08.02000
07.13000
05.17000
05.15000
05.30000
08.77000
09.68000
05.38000
09.95000
09.01000
05.67000
07.85000
06.77000
06.71000
06.07000
09.55000
06.78000
06.97000
05.01000
08.70000
07.27000
06.13000
07.93000
09.77000
06.77000
06.79000
06.47000
09.15000
09.74000
08.42000
09.16000
09.42000
08.05000
09.44000
08.90000
09.30000
08.97000
05.82000
07.78000
09.36000
09.62000
06.27000
06.05000
06.42000
08.39000
05.71000
05.22000
08.54000
09.90000
05.34000
08.04000
05.04000
05.03000
07.60000
08.52000
06.48000
05.92000
06.18000
06.91000
09.69000
05.93000
06.03000
05.37000
09.10000
07.91000
08.08000
07.40000
06.18000
09.52000
05.83000
06.58000
07.35000
05.04000
06.46000
08.01000
06.76000
07.70000
07.25000
08.02000
09.83000
06.97000
06.75000
09.22000
08.21000
08.57000
09.74000
05.46000
09.81000
09.47000
07.25000
06.83000
08.80000
07.90000
06.57000
09.68000
05.58000
08.33000
06.96000
06.49000
06.80000
05.02000
06.85000
05.73000
08.20000
05.54000
06.68000
07.35000
05.43000
07.62000
07.32000
08.79000
07.50000
06.83000
05.89000
08.73000
09.67000
09.99000
05.79000
07.13000
08.44000
05.17000
06.63000
05.17000
06.57000
06.68000
09.29000
05.29000
08.06000
05.09000
05.91000
06.19000
08.15000
