35
7
178.31000
187.30000
122.86000
139.18000
111.77000
115.99000
183.94000
161.93000
115.06000
151.01000
159.84000
191.68000
119.18000
156.58000
132.35000
137.17000
194.20000
123.47000
197.32000
108.70000
199.25000
119.01000
114.66000
168.13000
132.52000
137.10000
158.34000
178.90000
181.28000
148.19000
166.40000
155.98000
171.83000
149.31000
190.95000
146.22000
144.94000
130.69000
183.29000
137.12000
187.41000
102.98000
142.68000
197.08000
102.53000
199.28000
130.66000
105.15000
168.20000
155.68000
125.90000
191.95000
101.34000
134.82000
121.11000
189.64000
107.98000
175.91000
173.09000
181.98000
133.17000
144.73000
152.68000
154.27000
111.05000
183.61000
194.80000
143.36000
114.80000
161.43000
190.73000
189.83000
102.89000
177.85000
116.57000
130.54000
156.51000
103.70000
129.55000
165.79000
141.87000
177.49000
141.14000
196.51000
183.73000
107.18000
126.88000
175.19000
145.90000
127.28000
176.36000
155.90000
181.26000
148.89000
143.25000
144.23000
181.77000
109.65000
195.27000
147.37000
128.42000
123.76000
164.22000
124.06000
141.28000
141.21000
178.73000
117.77000
157.22000
143.24000
171.54000
127.62000
111.65000
120.11000
180.88000
163.74000
113.14000
175.09000
115.10000
148.95000
133.34000
188.03000
146.61000
157.62000
182.94000
165.31000
161.88000
165.66000
161.68000
189.89000
111.46000
100.57000
108.40000
171.30000
159.94000
191.40000
150.97000
195.62000
135.99000
118.77000
194.87000
192.83000
188.23000
175.75000
138.03000
166.29000
122.02000
161.57000
170.41000
179.14000
158.00000
111.66000
121.44000
106.54000
101.37000
170.69000
109.62000
100.18000
121.42000
134.92000
192.54000
138.35000
101.51000
102.14000
116.82000
175.87000
189.05000
121.71000
168.15000
194.14000
145.52000
144.58000
121.28000
151.12000
196.44000
121.86000
195.58000
100.36000
130.54000
134.47000
100.39000
111.47000
166.85000
190.60000
175.36000
132.77000
147.23000
155.23000
196.82000
111.28000
173.77000
194.93000
130.15000
170.60000
112.65000
127.80000
179.79000
160.86000
144.08000
173.54000
139.24000
108.77000
112.36000
103.36000
141.08000
167.62000
175.82000
190.09000
106.93000
167.22000
111.46000
153.49000
162.02000
165.76000
142.00000
189.63000
124.37000
168.22000
129.85000
197.90000
194.09000
157.93000
159.90000
165.17000
194.39000
153.77000
131.15000
179.86000
137.50000
151.22000
106.62000
181.97000
174.76000
172.29000
163.41000
113.05000
146.54000
115.56000
142.70000
166.22000
132.28000
106.19000
199.69000
136.14000
100.50000
01.08000
04.47000
03.01000
02.93000
02.13000
02.79000
02.53000
01.50000
03.87000
04.93000
04.33000
02.80000
04.57000
01.15000
04.61000
03.77000
01.82000
02.59000
01.85000
01.17000
02.53000
03.14000
02.87000
01.59000
04.92000
01.56000
04.79000
03.42000
04.51000
03.37000
01.05000
02.85000
04.15000
02.95000
03.39000
01.46000
04.79000
02.81000
04.40000
04.17000
03.64000
03.78000
01.00000
04.15000
02.83000
02.43000
02.23000
01.92000
03.02000
04.44000
04.65000
03.81000
04.17000
04.27000
03.14000
03.95000
03.57000
03.24000
04.88000
02.30000
01.80000
03.44000
03.36000
02.61000
04.77000
01.80000
04.41000
02.47000
01.70000
04.04000
01.87000
01.59000
01.80000
02.95000
01.30000
04.19000
02.18000
01.37000
04.35000
01.02000
03.82000
02.60000
03.62000
01.95000
01.74000
03.68000
04.05000
02.68000
02.28000
02.48000
04.90000
02.74000
01.11000
03.66000
01.73000
03.44000
01.18000
04.70000
04.39000
01.93000
02.77000
01.90000
03.10000
01.15000
01.48000
04.57000
03.58000
01.85000
03.48000
03.16000
03.85000
02.03000
02.64000
03.33000
04.21000
04.63000
01.22000
02.69000
01.64000
04.89000
04.61000
01.66000
01.46000
03.90000
01.54000
01.47000
03.28000
02.55000
02.04000
02.16000
03.06000
03.54000
03.44000
04.60000
03.03000
01.38000
04.40000
04.46000
01.75000
04.40000
01.92000
04.80000
02.96000
04.75000
02.24000
02.69000
03.19000
01.70000
02.93000
02.42000
01.22000
04.49000
02.43000
04.97000
02.43000
01.77000
04.54000
02.12000
04.50000
03.99000
04.35000
02.50000
03.42000
01.41000
02.25000
01.52000
03.52000
02.12000
01.98000
03.41000
03.40000
01.99000
04.54000
03.22000
02.02000
01.78000
03.66000
04.57000
02.65000
01.82000
03.47000
01.82000
03.45000
04.20000
01.91000
04.41000
01.03000
03.12000
03.84000
04.70000
01.14000
04.60000
03.41000
01.85000
01.82000
04.46000
02.09000
03.85000
03.46000
02.34000
02.65000
01.50000
02.74000
03.68000
03.18000
02.40000
02.66000
01.77000
03.10000
04.97000
03.98000
02.47000
01.77000
03.65000
02.29000
01.57000
01.54000
01.81000
01.79000
03.56000
03.50000
04.07000
02.28000
04.04000
02.84000
02.15000
01.89000
02.40000
04.11000
02.60000
03.06000
03.82000
03.15000
04.78000
02.53000
01.33000
01.10000
02.86000
01.37000
01.75000
02.44000
03.82000
02.94000
03.73000
04.95000
