35
4
106.67000
114.95000
181.32000
189.99000
164.27000
116.50000
198.11000
149.56000
150.41000
169.25000
113.75000
180.64000
105.71000
113.82000
168.87000
123.86000
170.81000
190.83000
104.10000
119.83000
186.32000
140.92000
160.05000
109.19000
192.87000
104.70000
177.35000
132.55000
131.08000
122.81000
196.64000
130.55000
141.59000
135.86000
158.52000
115.80000
188.87000
175.32000
133.18000
172.09000
103.23000
189.33000
194.71000
135.24000
128.34000
143.02000
149.82000
170.88000
129.85000
102.01000
164.14000
144.62000
173.38000
131.92000
103.28000
122.10000
124.55000
198.37000
132.88000
168.94000
148.98000
167.01000
118.56000
150.77000
112.31000
103.43000
125.94000
133.20000
180.15000
173.28000
146.16000
190.63000
171.04000
109.89000
193.77000
123.31000
163.20000
192.20000
153.13000
102.89000
162.41000
166.71000
114.86000
120.00000
159.31000
124.07000
169.59000
165.25000
144.51000
154.88000
107.93000
129.28000
108.65000
149.78000
120.51000
102.71000
142.34000
199.40000
197.96000
176.17000
136.21000
194.35000
130.91000
140.27000
180.88000
102.87000
184.45000
130.11000
142.43000
100.57000
110.23000
153.70000
139.80000
153.95000
108.11000
190.79000
117.09000
178.65000
193.70000
157.00000
189.90000
190.29000
182.64000
167.97000
173.87000
104.49000
190.55000
139.31000
184.63000
136.88000
133.05000
186.66000
137.79000
103.09000
125.78000
125.63000
148.98000
118.73000
184.35000
171.85000
09.48000
07.00000
05.88000
06.00000
06.35000
07.59000
09.51000
08.52000
05.20000
06.76000
09.55000
06.56000
09.92000
08.41000
09.93000
09.03000
09.43000
06.43000
09.53000
09.84000
07.62000
09.75000
07.28000
07.90000
08.40000
07.26000
07.08000
07.10000
05.69000
07.88000
07.83000
06.35000
08.38000
05.50000
08.44000
07.81000
05.71000
07.31000
06.39000
09.02000
06.03000
05.49000
05.26000
05.46000
05.98000
08.97000
06.34000
07.27000
05.72000
07.90000
09.78000
09.62000
05.42000
07.45000
05.76000
07.66000
05.21000
07.76000
09.41000
06.54000
05.27000
09.00000
05.91000
06.42000
05.74000
06.32000
05.40000
07.46000
06.78000
09.88000
06.83000
09.90000
08.90000
07.97000
06.61000
07.23000
07.63000
08.49000
05.88000
08.78000
06.55000
06.42000
06.05000
05.95000
07.06000
08.18000
08.51000
05.15000
05.58000
05.17000
09.68000
07.78000
08.51000
08.79000
05.97000
05.25000
07.25000
05.46000
08.78000
08.97000
08.22000
06.58000
09.51000
05.34000
07.82000
06.75000
07.16000
09.91000
07.12000
09.41000
08.42000
09.31000
08.27000
09.96000
05.11000
07.94000
08.68000
06.07000
09.90000
08.45000
06.00000
05.39000
05.44000
08.49000
07.91000
05.58000
09.38000
05.73000
07.05000
09.28000
09.38000
07.82000
06.08000
09.17000
08.10000
07.41000
07.65000
07.88000
08.19000
07.17000
