35
4
62.83000
86.52000
83.70000
35.66000
61.36000
70.94000
13.20000
24.14000
80.40000
48.80000
32.84000
26.18000
61.18000
60.33000
83.82000
82.00000
43.91000
46.74000
8.37000
33.82000
68.83000
48.27000
44.70000
20.86000
77.14000
6.12000
35.04000
83.32000
10.06000
59.51000
19.60000
63.45000
6.82000
50.66000
38.61000
57.21000
40.02000
71.94000
83.59000
56.65000
73.36000
68.98000
79.33000
92.28000
97.25000
35.69000
48.61000
31.06000
77.65000
37.03000
56.39000
36.96000
79.55000
38.98000
68.64000
75.95000
68.90000
7.50000
51.33000
15.00000
11.67000
7.56000
69.43000
18.07000
71.84000
5.14000
88.90000
51.14000
17.37000
65.19000
65.07000
14.90000
26.12000
68.43000
75.94000
95.68000
40.10000
33.60000
65.96000
41.90000
28.59000
8.06000
25.83000
42.29000
81.29000
81.56000
45.29000
87.57000
89.92000
46.79000
16.04000
69.45000
45.22000
92.49000
27.81000
77.64000
36.89000
11.37000
71.31000
3.88000
55.66000
91.14000
38.27000
36.88000
92.24000
18.94000
13.03000
5.87000
21.69000
61.51000
53.62000
2.14000
36.49000
64.85000
21.73000
16.42000
85.53000
44.43000
31.82000
64.17000
85.28000
15.72000
99.36000
61.87000
51.23000
93.19000
41.82000
24.98000
97.83000
94.31000
72.67000
67.97000
42.55000
34.54000
9.38000
8.32000
98.86000
28.36000
65.42000
59.48000
02.96000
01.97000
04.26000
02.10000
03.05000
04.03000
01.22000
04.16000
01.66000
03.88000
04.26000
01.57000
01.90000
04.64000
04.49000
01.47000
02.91000
01.45000
01.05000
02.98000
03.80000
01.43000
01.06000
01.21000
03.71000
03.70000
03.65000
03.30000
01.76000
03.40000
03.93000
04.38000
01.06000
03.63000
01.04000
04.00000
03.04000
04.70000
03.38000
03.29000
04.48000
04.79000
01.87000
03.20000
04.06000
01.55000
04.57000
03.85000
01.91000
03.11000
03.60000
01.36000
02.16000
01.60000
03.10000
03.86000
04.93000
01.14000
03.17000
03.47000
02.34000
01.86000
03.95000
04.33000
02.52000
03.88000
01.57000
02.55000
01.60000
03.33000
03.25000
02.00000
02.36000
02.03000
02.97000
01.49000
02.21000
04.04000
02.22000
02.30000
02.14000
01.92000
02.12000
01.54000
03.30000
04.80000
03.80000
04.34000
02.79000
01.81000
04.39000
03.83000
01.75000
02.06000
01.00000
01.13000
01.29000
02.68000
02.77000
01.36000
02.56000
04.80000
02.81000
01.65000
02.66000
03.67000
02.38000
02.81000
04.01000
03.87000
01.07000
01.11000
02.32000
01.81000
01.53000
02.23000
01.48000
03.64000
01.91000
04.30000
03.61000
03.47000
04.33000
01.43000
02.84000
03.43000
02.90000
03.75000
01.29000
01.65000
03.76000
01.39000
01.09000
04.24000
01.04000
04.47000
04.37000
01.34000
04.85000
03.12000
