35
10
101.74000
110.60000
170.63000
133.29000
154.07000
144.01000
146.28000
137.73000
155.49000
148.48000
154.02000
199.35000
128.24000
152.51000
128.61000
159.17000
119.61000
109.63000
129.81000
183.21000
101.85000
198.34000
142.41000
162.48000
172.23000
122.16000
176.14000
112.99000
153.02000
109.62000
165.80000
175.77000
191.48000
114.22000
171.13000
127.30000
185.77000
133.68000
196.76000
136.78000
115.61000
184.28000
197.05000
150.46000
147.40000
186.16000
174.50000
168.75000
137.79000
152.20000
198.25000
117.02000
168.42000
120.29000
162.43000
145.66000
145.94000
153.34000
186.18000
130.08000
101.97000
139.22000
113.66000
170.65000
193.17000
190.83000
113.99000
192.77000
101.17000
146.06000
152.33000
187.49000
187.66000
146.99000
183.96000
117.89000
170.58000
192.81000
115.93000
128.43000
177.48000
195.52000
151.77000
128.87000
124.38000
177.38000
119.99000
153.97000
152.30000
185.66000
174.10000
163.51000
127.24000
192.64000
192.62000
142.24000
140.22000
195.56000
179.07000
199.93000
107.26000
116.71000
161.96000
171.34000
169.38000
183.06000
178.98000
101.47000
160.36000
184.30000
109.87000
195.64000
161.17000
151.17000
124.46000
168.12000
136.50000
115.31000
110.64000
163.08000
186.75000
133.36000
181.29000
149.64000
137.29000
186.96000
174.31000
121.95000
138.52000
182.76000
152.60000
199.15000
165.83000
152.40000
104.03000
125.38000
119.61000
152.51000
141.51000
169.77000
158.16000
137.34000
128.30000
181.92000
118.71000
130.39000
106.41000
185.54000
132.45000
139.22000
151.95000
122.32000
184.12000
154.84000
162.20000
195.78000
183.51000
193.26000
159.42000
134.44000
165.38000
195.52000
190.88000
191.79000
189.49000
127.61000
128.83000
146.38000
140.60000
180.56000
170.55000
101.70000
128.49000
170.38000
138.30000
171.11000
126.56000
141.90000
137.61000
160.81000
199.35000
120.86000
136.82000
191.63000
176.64000
169.26000
196.98000
126.45000
177.57000
162.49000
149.72000
153.18000
146.28000
100.94000
151.68000
184.70000
151.91000
110.00000
184.51000
158.90000
188.60000
140.06000
154.84000
138.67000
175.49000
166.51000
194.33000
111.91000
156.72000
189.75000
171.02000
155.41000
164.06000
143.66000
180.83000
128.70000
158.48000
135.98000
123.22000
104.98000
140.35000
139.28000
164.20000
156.51000
188.19000
138.35000
194.79000
180.55000
105.52000
142.94000
130.99000
199.38000
120.86000
187.82000
113.84000
160.25000
187.71000
132.75000
109.33000
135.44000
184.60000
162.50000
108.50000
122.20000
115.05000
170.05000
198.21000
111.10000
191.39000
181.24000
121.33000
114.92000
116.96000
148.10000
133.80000
168.35000
103.95000
164.77000
186.04000
178.04000
115.27000
150.40000
153.41000
175.63000
138.79000
149.11000
136.32000
117.76000
187.43000
130.06000
160.15000
186.06000
199.06000
187.38000
175.29000
187.18000
136.57000
140.21000
157.14000
152.76000
110.75000
181.57000
112.66000
110.57000
117.12000
160.91000
133.95000
193.17000
187.02000
107.01000
164.27000
191.15000
167.71000
173.37000
163.41000
170.53000
131.47000
138.53000
116.11000
122.33000
175.56000
105.98000
132.15000
162.57000
122.24000
104.25000
146.29000
132.25000
118.79000
186.85000
118.30000
197.40000
137.45000
132.31000
132.94000
171.07000
165.30000
180.92000
139.36000
179.37000
121.00000
154.74000
155.56000
121.94000
139.98000
172.42000
172.74000
124.19000
103.89000
171.84000
185.04000
136.50000
119.36000
115.89000
111.60000
134.27000
118.05000
192.47000
196.57000
117.89000
156.58000
114.47000
109.08000
112.74000
116.61000
119.78000
143.28000
169.22000
104.77000
171.28000
04.13000
02.71000
02.29000
04.94000
04.26000
03.18000
04.75000
04.01000
04.75000
01.36000
01.60000
02.46000
02.93000
01.85000
04.69000
03.38000
01.13000
02.22000
02.83000
02.84000
02.67000
01.05000
01.85000
01.93000
03.89000
01.91000
04.59000
02.72000
02.10000
01.39000
02.87000
04.28000
03.65000
01.06000
01.51000
04.52000
04.27000
01.56000
03.55000
01.07000
04.95000
03.31000
03.89000
01.37000
01.64000
03.15000
03.23000
01.37000
03.54000
03.54000
01.26000
02.02000
04.87000
03.94000
02.69000
01.27000
04.82000
04.79000
01.21000
02.08000
03.60000
03.55000
03.55000
04.40000
02.41000
02.67000
01.39000
01.19000
03.46000
01.61000
01.56000
04.31000
01.65000
02.53000
04.99000
02.95000
02.05000
04.44000
02.62000
02.22000
01.82000
01.78000
02.05000
04.95000
03.04000
03.87000
03.83000
02.97000
04.78000
01.03000
01.56000
01.11000
03.14000
04.61000
01.81000
01.20000
03.18000
02.91000
04.16000
02.06000
02.98000
01.29000
01.19000
03.53000
01.63000
03.30000
04.52000
04.06000
03.00000
04.15000
01.38000
01.89000
01.60000
01.38000
04.44000
02.57000
03.50000
03.19000
03.17000
04.80000
04.66000
02.78000
04.00000
04.30000
02.04000
02.35000
02.41000
01.75000
01.58000
01.11000
02.83000
02.86000
02.24000
03.26000
02.72000
02.34000
03.98000
02.00000
04.54000
03.89000
04.12000
03.17000
02.44000
04.09000
01.89000
01.10000
03.23000
03.88000
03.53000
03.39000
02.17000
01.93000
02.86000
03.11000
03.60000
01.84000
02.72000
02.35000
04.85000
04.18000
02.93000
04.18000
04.23000
02.52000
04.32000
04.67000
01.09000
03.44000
04.73000
04.92000
03.74000
02.52000
02.96000
02.99000
01.52000
04.10000
04.37000
04.23000
03.46000
02.65000
01.52000
02.20000
01.55000
04.52000
02.37000
04.08000
04.59000
02.15000
04.64000
04.83000
04.76000
01.01000
03.02000
04.41000
03.28000
03.55000
01.23000
03.76000
02.35000
01.21000
03.95000
04.85000
01.16000
02.45000
04.90000
02.62000
03.93000
04.73000
02.79000
01.02000
02.86000
01.11000
01.34000
02.19000
01.53000
01.22000
04.98000
01.15000
02.54000
03.23000
04.38000
01.04000
01.97000
02.46000
02.11000
03.68000
04.90000
03.23000
01.75000
03.92000
01.40000
02.88000
03.88000
01.57000
02.56000
03.74000
02.08000
01.46000
04.44000
01.13000
02.93000
01.43000
04.14000
03.37000
02.00000
04.73000
02.73000
02.59000
04.62000
02.01000
04.15000
04.88000
03.86000
04.87000
03.10000
01.47000
03.99000
02.00000
01.52000
03.56000
01.45000
03.10000
02.38000
03.36000
01.69000
02.89000
01.62000
02.06000
03.17000
01.05000
04.20000
01.86000
01.35000
02.30000
04.07000
01.98000
04.66000
04.34000
04.19000
02.62000
04.63000
02.59000
01.45000
04.69000
03.53000
02.79000
03.68000
03.63000
01.05000
01.23000
03.08000
02.97000
03.53000
03.49000
04.47000
02.79000
02.29000
04.15000
01.68000
04.17000
01.66000
02.77000
01.54000
01.19000
02.97000
03.95000
03.88000
04.92000
04.54000
01.26000
01.52000
03.45000
01.71000
01.28000
04.30000
01.50000
02.28000
01.76000
03.61000
01.45000
03.10000
03.97000
01.30000
01.53000
04.58000
01.16000
03.12000
02.70000
04.91000
04.80000
01.77000
02.92000
03.31000
03.33000
02.96000
01.12000
03.97000
02.21000
01.39000
01.28000
04.10000
03.88000
04.77000
04.34000
01.90000
03.81000
01.80000
04.26000
04.58000
02.45000
