35
4
80.38000
62.95000
65.28000
8.32000
99.21000
88.75000
13.93000
49.40000
61.98000
56.18000
25.64000
2.72000
8.93000
5.45000
41.63000
7.50000
79.27000
75.79000
3.12000
4.96000
16.21000
10.42000
49.32000
35.31000
57.98000
47.55000
22.46000
39.78000
46.79000
29.41000
61.74000
58.58000
22.86000
95.20000
9.41000
40.37000
39.90000
9.88000
31.00000
86.47000
12.58000
43.14000
67.02000
73.62000
4.43000
99.43000
55.68000
66.79000
80.41000
45.72000
61.97000
31.95000
8.49000
45.98000
51.84000
34.06000
51.65000
66.18000
90.28000
39.10000
76.85000
72.29000
44.24000
13.02000
50.06000
30.28000
77.69000
20.82000
36.25000
5.12000
24.27000
41.00000
5.29000
49.25000
21.90000
33.71000
11.06000
42.74000
33.48000
50.43000
75.64000
55.60000
49.73000
81.86000
90.73000
78.54000
61.36000
19.73000
47.07000
3.27000
59.09000
52.75000
34.38000
18.52000
33.64000
72.65000
43.36000
16.00000
74.74000
70.15000
64.74000
85.44000
74.09000
35.96000
89.24000
54.03000
96.48000
4.11000
74.96000
39.33000
99.32000
87.35000
10.62000
1.63000
70.67000
56.34000
71.03000
55.42000
26.00000
25.55000
73.65000
18.16000
79.77000
10.44000
33.94000
4.33000
49.46000
26.49000
66.38000
29.38000
49.52000
89.16000
87.44000
9.79000
95.44000
15.93000
13.58000
60.02000
4.67000
20.25000
06.68000
06.75000
06.41000
05.13000
09.03000
08.36000
05.02000
05.05000
06.13000
05.07000
05.33000
09.52000
06.87000
05.77000
06.24000
07.44000
05.17000
09.38000
06.65000
07.71000
09.93000
09.80000
05.48000
09.26000
05.05000
05.94000
06.63000
05.97000
09.46000
06.71000
09.01000
06.77000
07.04000
06.01000
06.52000
08.28000
05.26000
09.92000
07.53000
08.14000
09.06000
07.35000
07.36000
08.19000
06.20000
07.54000
05.61000
08.57000
06.85000
05.65000
07.44000
09.44000
06.15000
06.83000
08.01000
05.97000
09.27000
06.24000
07.47000
08.30000
06.36000
09.04000
05.98000
06.60000
07.58000
05.37000
08.69000
06.01000
08.08000
05.41000
06.86000
06.48000
07.88000
08.54000
08.83000
09.51000
09.24000
07.07000
09.93000
05.15000
07.95000
08.92000
06.58000
09.81000
05.40000
05.50000
05.18000
09.90000
08.00000
08.20000
07.14000
06.82000
07.16000
08.44000
08.85000
06.98000
09.28000
07.62000
06.74000
06.78000
05.78000
07.15000
07.20000
07.64000
08.05000
08.80000
06.81000
09.71000
09.82000
05.53000
08.70000
07.22000
07.51000
06.99000
06.60000
08.30000
07.55000
05.84000
08.18000
05.59000
07.59000
09.74000
06.10000
06.76000
05.30000
06.34000
08.01000
09.45000
08.32000
08.30000
06.56000
06.33000
09.32000
08.27000
09.42000
05.06000
05.95000
08.91000
09.24000
08.28000
