35
4
185.19000
151.14000
109.25000
121.89000
190.46000
105.44000
196.37000
181.86000
119.58000
156.24000
177.65000
158.66000
113.18000
144.18000
193.72000
192.90000
111.88000
109.88000
185.21000
125.21000
156.30000
193.97000
192.74000
196.22000
187.09000
137.06000
156.93000
146.55000
144.84000
179.78000
118.41000
116.83000
170.21000
162.77000
117.81000
175.78000
149.12000
142.58000
117.31000
186.09000
163.20000
114.51000
107.47000
161.06000
195.85000
183.94000
199.02000
166.34000
112.70000
116.47000
157.59000
167.54000
179.38000
177.74000
148.79000
130.29000
161.52000
133.37000
138.27000
120.20000
124.74000
148.99000
191.63000
102.92000
134.66000
190.21000
174.52000
144.06000
156.91000
122.67000
165.85000
144.01000
118.76000
140.73000
124.61000
199.17000
157.23000
105.66000
115.43000
171.54000
123.06000
133.12000
128.93000
151.74000
106.88000
113.73000
155.73000
130.41000
199.32000
138.11000
186.47000
198.16000
191.01000
196.89000
111.76000
145.63000
172.56000
180.70000
122.23000
163.43000
134.61000
180.15000
108.51000
142.19000
167.77000
199.05000
165.14000
141.09000
182.64000
122.06000
118.17000
106.40000
148.68000
183.56000
176.12000
168.01000
127.44000
199.19000
154.60000
141.56000
134.55000
184.57000
169.24000
142.68000
185.62000
155.33000
135.65000
186.98000
196.29000
127.09000
169.48000
190.10000
182.18000
115.47000
186.34000
167.66000
158.91000
136.11000
101.85000
135.28000
09.75000
08.78000
09.06000
08.74000
05.11000
07.09000
07.76000
06.82000
08.13000
07.17000
08.58000
08.63000
07.73000
07.94000
05.44000
08.08000
07.82000
08.29000
07.24000
09.06000
07.30000
07.13000
07.87000
05.49000
05.08000
08.37000
06.26000
06.27000
05.05000
05.92000
06.31000
05.31000
06.14000
08.68000
06.92000
07.31000
06.58000
08.53000
06.49000
06.05000
07.56000
08.65000
06.69000
06.34000
07.01000
05.39000
07.93000
08.33000
05.08000
08.92000
05.36000
07.18000
06.92000
09.39000
09.15000
08.05000
07.70000
06.95000
09.45000
06.10000
07.56000
06.77000
06.42000
06.47000
06.67000
08.99000
05.21000
09.34000
05.18000
08.78000
05.39000
06.06000
08.57000
07.82000
09.12000
05.64000
05.97000
06.57000
09.30000
08.90000
05.52000
07.19000
07.32000
07.23000
08.62000
06.08000
09.60000
07.04000
06.68000
09.66000
07.54000
09.74000
06.10000
09.33000
07.54000
06.73000
08.29000
06.50000
06.02000
09.42000
09.66000
07.56000
09.38000
09.22000
06.61000
05.90000
07.54000
09.66000
06.39000
05.39000
05.34000
08.43000
07.86000
05.35000
08.65000
09.00000
08.67000
08.45000
05.13000
09.03000
06.48000
07.33000
07.43000
06.18000
08.95000
09.65000
08.22000
08.10000
08.72000
08.08000
05.15000
07.44000
08.47000
05.26000
05.88000
06.87000
05.83000
08.86000
08.05000
09.04000
