35
10
42.70000
66.45000
29.92000
16.44000
49.90000
22.03000
40.43000
9.41000
27.48000
17.69000
75.66000
50.39000
40.78000
25.97000
15.32000
25.29000
80.93000
44.16000
60.91000
42.79000
64.76000
94.32000
42.64000
38.30000
32.88000
25.23000
13.50000
70.99000
50.66000
7.43000
51.22000
26.78000
10.20000
38.22000
60.28000
54.19000
38.90000
41.75000
82.72000
42.65000
97.94000
90.97000
14.24000
24.34000
84.58000
28.43000
43.71000
92.47000
48.70000
58.72000
35.39000
67.99000
64.93000
15.14000
76.28000
93.59000
34.67000
52.79000
80.14000
39.73000
82.04000
54.47000
84.50000
98.60000
58.94000
26.77000
52.61000
91.16000
40.01000
1.01000
58.01000
36.61000
77.20000
25.40000
58.71000
44.58000
12.23000
55.15000
60.42000
56.77000
92.34000
38.27000
10.96000
27.15000
79.69000
40.09000
80.85000
33.45000
58.19000
51.74000
69.39000
79.15000
37.53000
89.05000
97.62000
93.49000
52.11000
93.65000
14.34000
30.44000
62.10000
31.89000
89.09000
66.73000
52.42000
36.98000
98.70000
4.48000
10.66000
93.72000
13.65000
95.16000
53.57000
23.53000
28.38000
68.38000
35.58000
49.54000
25.71000
60.65000
49.88000
23.64000
12.23000
35.23000
16.43000
20.46000
19.24000
79.14000
77.93000
40.40000
3.83000
7.14000
5.82000
9.59000
46.82000
54.74000
91.30000
76.91000
55.79000
86.20000
91.84000
65.18000
31.07000
81.56000
66.72000
66.40000
94.82000
27.86000
50.07000
37.52000
54.32000
81.90000
70.11000
12.94000
49.15000
92.50000
80.82000
51.84000
45.68000
32.18000
60.95000
40.14000
35.02000
96.25000
13.96000
86.50000
33.01000
9.75000
67.09000
27.33000
80.27000
17.47000
75.32000
20.82000
44.15000
60.38000
25.97000
15.08000
27.00000
61.10000
7.03000
54.63000
39.58000
1.89000
75.98000
9.68000
93.84000
37.82000
47.58000
47.69000
16.91000
51.71000
58.34000
63.85000
56.68000
50.14000
71.53000
77.12000
89.79000
64.42000
75.15000
32.20000
17.61000
51.65000
81.96000
96.53000
63.30000
92.63000
30.49000
66.31000
49.58000
6.19000
97.95000
83.26000
18.38000
61.02000
1.58000
7.21000
4.65000
77.72000
97.65000
71.11000
18.04000
72.14000
12.21000
6.20000
92.97000
84.88000
89.05000
63.44000
90.61000
82.31000
3.72000
23.58000
94.89000
55.52000
50.51000
88.08000
16.45000
20.38000
53.47000
87.19000
87.74000
17.49000
59.37000
77.20000
4.48000
62.91000
21.02000
51.12000
50.32000
75.13000
8.91000
46.03000
12.84000
99.24000
31.22000
49.94000
34.72000
36.64000
45.03000
75.61000
85.41000
11.46000
32.17000
61.55000
60.13000
73.58000
98.20000
70.02000
76.81000
99.65000
76.45000
89.04000
80.15000
90.05000
22.99000
32.36000
39.61000
69.92000
13.81000
40.96000
95.35000
36.41000
91.04000
87.93000
3.61000
38.21000
23.01000
40.79000
80.83000
15.70000
97.84000
94.83000
33.48000
77.55000
34.37000
74.10000
87.79000
60.17000
71.21000
25.38000
98.75000
22.75000
75.72000
20.22000
45.08000
49.18000
39.00000
55.92000
29.28000
50.15000
75.91000
55.51000
79.55000
51.16000
94.34000
2.84000
58.43000
88.22000
97.29000
35.12000
81.79000
67.87000
8.11000
65.86000
47.24000
9.04000
99.44000
27.39000
41.79000
54.44000
74.66000
74.77000
78.22000
74.51000
57.92000
90.84000
95.02000
63.46000
99.09000
82.16000
55.47000
40.24000
74.81000
80.06000
46.57000
48.54000
84.48000
41.62000
04.70000
04.20000
03.89000
01.93000
03.68000
02.49000
01.59000
04.82000
04.49000
02.18000
02.54000
04.14000
03.23000
02.59000
01.33000
01.72000
04.96000
04.04000
01.53000
04.38000
03.77000
03.87000
03.71000
03.96000
02.73000
04.41000
01.47000
01.28000
01.92000
04.97000
01.37000
02.18000
02.42000
01.90000
02.99000
04.06000
01.30000
04.35000
01.05000
04.09000
02.33000
01.14000
03.67000
01.19000
04.40000
03.73000
02.66000
04.06000
01.44000
03.31000
02.49000
02.41000
04.41000
04.09000
04.60000
02.93000
01.27000
03.29000
03.45000
01.34000
04.97000
03.09000
02.49000
02.33000
01.46000
02.70000
02.17000
03.61000
01.70000
02.32000
03.39000
02.44000
02.11000
01.38000
02.96000
03.19000
02.77000
02.62000
04.67000
01.69000
04.10000
03.76000
02.82000
03.50000
02.92000
04.89000
04.76000
03.21000
01.06000
03.07000
02.81000
04.39000
01.35000
04.40000
02.30000
03.63000
03.61000
03.94000
01.55000
02.49000
04.69000
01.77000
03.90000
03.57000
02.40000
01.04000
03.65000
02.42000
04.54000
03.11000
01.46000
02.50000
02.97000
04.81000
03.43000
01.06000
01.03000
03.10000
03.76000
01.56000
03.42000
03.93000
01.65000
04.46000
03.86000
02.25000
01.30000
03.20000
01.03000
02.03000
03.92000
04.25000
02.65000
04.20000
03.72000
03.05000
01.42000
02.74000
03.88000
04.05000
03.35000
03.36000
03.67000
01.36000
02.87000
02.75000
03.54000
04.53000
03.61000
04.04000
02.30000
04.89000
02.15000
03.05000
03.02000
04.77000
04.07000
04.62000
01.79000
03.49000
03.96000
02.57000
03.68000
01.38000
01.37000
03.74000
02.77000
03.78000
04.91000
03.95000
02.14000
01.00000
04.13000
04.02000
01.86000
04.74000
01.96000
02.83000
01.71000
04.91000
04.07000
02.42000
02.12000
04.59000
03.78000
04.49000
01.74000
04.99000
03.53000
04.77000
01.50000
04.31000
02.80000
03.93000
03.37000
01.76000
02.01000
03.70000
02.30000
01.53000
02.64000
02.78000
02.24000
04.83000
03.13000
04.86000
04.15000
01.87000
02.94000
02.65000
01.30000
01.92000
04.79000
03.47000
03.36000
01.62000
03.89000
02.16000
01.56000
04.19000
01.90000
02.13000
02.72000
03.71000
04.17000
03.98000
02.68000
03.27000
01.01000
01.26000
02.25000
02.93000
03.77000
04.56000
03.27000
03.77000
04.75000
01.47000
04.56000
03.88000
01.31000
04.55000
01.95000
02.33000
03.75000
04.13000
01.19000
02.12000
01.22000
03.86000
04.76000
03.33000
03.94000
01.29000
02.68000
03.35000
02.74000
01.88000
01.66000
02.12000
02.82000
04.09000
01.40000
04.62000
02.38000
03.36000
02.59000
04.78000
04.63000
04.15000
02.95000
01.56000
01.77000
03.91000
01.17000
02.92000
03.01000
01.10000
04.96000
01.80000
04.47000
01.37000
04.86000
04.22000
04.21000
01.84000
04.20000
03.29000
03.80000
03.96000
01.31000
03.55000
04.33000
04.07000
03.77000
03.84000
03.87000
03.49000
04.16000
03.98000
01.50000
04.56000
04.06000
04.80000
01.30000
02.59000
02.04000
04.13000
04.35000
01.93000
01.67000
04.80000
04.73000
03.89000
03.55000
02.86000
01.32000
01.12000
02.36000
04.24000
04.40000
03.21000
01.10000
04.84000
02.90000
01.74000
03.10000
02.35000
03.77000
04.91000
01.83000
03.47000
02.97000
01.92000
03.73000
03.92000
01.44000
02.97000
04.26000
04.39000
01.14000
03.28000
03.87000
02.58000
01.03000
03.04000
04.01000
01.21000
01.05000
03.45000
