35
7
121.50000
122.48000
153.22000
116.67000
153.16000
140.70000
198.88000
118.08000
161.00000
108.33000
145.40000
111.73000
160.39000
198.95000
108.93000
165.75000
105.78000
112.69000
119.71000
149.81000
140.68000
126.28000
172.02000
185.15000
147.64000
142.99000
174.20000
194.58000
198.31000
142.64000
198.68000
152.47000
103.37000
131.64000
131.93000
126.50000
195.38000
142.42000
186.43000
144.97000
137.42000
119.67000
147.40000
189.64000
139.71000
195.26000
104.24000
198.91000
164.52000
114.63000
169.99000
162.79000
113.15000
149.81000
171.76000
172.82000
176.00000
149.38000
100.70000
172.13000
182.49000
188.50000
162.04000
105.39000
151.15000
118.86000
125.06000
168.83000
139.54000
118.74000
137.64000
147.92000
154.73000
157.14000
105.39000
128.51000
146.79000
140.89000
174.43000
192.01000
139.43000
178.14000
190.62000
198.74000
141.80000
186.23000
163.87000
160.57000
102.07000
109.05000
118.15000
190.91000
157.52000
167.07000
141.49000
154.77000
184.45000
107.30000
136.01000
118.68000
148.24000
153.34000
167.85000
100.78000
153.35000
183.19000
138.47000
100.95000
129.60000
106.10000
183.93000
100.47000
198.83000
131.30000
141.32000
145.91000
165.23000
171.42000
153.38000
119.43000
184.80000
115.69000
126.89000
154.79000
152.62000
179.87000
182.70000
187.28000
152.81000
156.29000
105.73000
103.77000
108.57000
163.86000
194.94000
192.68000
132.15000
198.02000
113.38000
194.01000
150.23000
162.72000
186.18000
156.27000
175.09000
153.74000
120.87000
119.07000
136.14000
142.85000
134.39000
197.02000
147.18000
114.57000
166.34000
194.18000
111.11000
129.97000
120.39000
166.16000
169.87000
176.72000
114.26000
170.13000
154.46000
119.01000
129.74000
114.83000
134.95000
147.61000
162.68000
110.58000
170.47000
129.87000
172.98000
117.95000
114.64000
126.68000
117.10000
109.60000
171.27000
189.53000
140.04000
167.51000
126.28000
152.51000
164.96000
116.07000
140.38000
172.03000
128.33000
181.19000
163.31000
181.03000
130.69000
140.37000
183.91000
139.05000
186.64000
172.66000
180.04000
182.17000
174.85000
108.67000
168.65000
173.03000
188.03000
180.59000
155.76000
150.84000
156.93000
135.40000
101.43000
102.02000
192.56000
181.63000
123.21000
127.91000
190.27000
154.00000
161.84000
162.22000
169.36000
198.74000
124.88000
133.25000
163.18000
163.67000
108.97000
145.82000
169.12000
148.13000
149.80000
131.33000
198.68000
153.08000
172.13000
197.73000
127.39000
130.98000
139.77000
179.55000
144.84000
135.90000
105.60000
04.62000
02.69000
01.78000
04.26000
02.26000
03.64000
01.52000
04.77000
03.83000
03.24000
01.23000
01.77000
01.47000
02.64000
04.95000
01.09000
02.65000
03.82000
03.07000
04.37000
04.16000
03.59000
02.27000
03.06000
02.08000
03.54000
03.54000
04.41000
01.82000
04.10000
04.21000
01.52000
04.09000
02.51000
03.88000
02.33000
04.71000
03.09000
03.69000
01.10000
03.98000
04.84000
02.47000
02.30000
01.09000
03.36000
01.81000
03.30000
02.56000
03.18000
02.15000
03.31000
02.23000
01.67000
02.22000
01.35000
03.25000
02.99000
01.10000
02.23000
04.11000
04.13000
04.15000
02.61000
04.56000
04.88000
01.06000
04.92000
03.71000
01.86000
02.77000
04.37000
02.80000
02.38000
03.56000
01.57000
02.94000
03.22000
02.25000
02.37000
04.08000
02.21000
03.34000
01.56000
03.12000
03.26000
03.65000
03.69000
04.26000
03.11000
02.30000
01.16000
01.05000
01.29000
02.72000
04.18000
02.33000
02.17000
02.67000
02.75000
02.24000
04.92000
04.20000
04.70000
02.26000
02.34000
04.19000
04.87000
03.27000
03.80000
04.53000
01.67000
01.03000
03.55000
01.49000
02.52000
04.19000
02.07000
03.95000
03.56000
04.04000
02.65000
01.11000
02.75000
03.16000
01.41000
04.45000
01.84000
01.45000
01.26000
01.78000
04.41000
02.14000
01.94000
03.24000
01.86000
01.75000
01.99000
03.25000
03.38000
04.62000
02.48000
04.24000
03.35000
03.52000
03.64000
02.74000
02.43000
01.14000
03.59000
01.84000
01.25000
01.82000
02.19000
02.79000
01.33000
03.21000
02.12000
03.16000
02.00000
02.29000
02.84000
02.80000
02.38000
01.33000
02.66000
01.92000
03.45000
01.93000
04.69000
03.01000
01.95000
02.99000
02.84000
04.87000
02.38000
03.97000
02.73000
02.55000
04.31000
01.93000
03.14000
03.33000
01.85000
03.15000
02.11000
01.94000
02.08000
02.34000
02.85000
04.00000
03.88000
03.53000
03.41000
03.44000
03.95000
02.06000
02.66000
04.51000
02.82000
02.60000
02.26000
03.78000
02.80000
01.09000
04.69000
04.11000
02.04000
02.84000
03.25000
03.69000
04.02000
04.89000
03.86000
03.76000
01.28000
01.91000
04.59000
04.45000
02.96000
03.96000
02.87000
01.43000
01.52000
04.16000
01.30000
04.71000
01.22000
04.88000
01.32000
04.60000
04.14000
03.86000
01.14000
01.71000
04.16000
04.13000
01.82000
04.99000
04.99000
04.02000
01.21000
01.69000
02.14000
03.19000
