35
7
76.07000
99.74000
19.72000
20.02000
18.47000
56.55000
2.67000
51.01000
57.47000
36.18000
6.68000
79.75000
11.45000
53.85000
5.61000
23.25000
46.85000
64.46000
98.59000
10.43000
34.65000
12.09000
64.58000
35.63000
94.87000
77.48000
5.80000
8.11000
52.10000
34.54000
1.30000
98.57000
78.95000
91.85000
57.41000
55.31000
99.45000
82.21000
6.01000
14.80000
40.88000
5.97000
53.59000
17.63000
29.89000
35.79000
71.66000
13.29000
5.53000
35.31000
6.25000
14.67000
56.87000
5.82000
27.64000
48.62000
76.57000
36.81000
84.93000
7.37000
8.31000
58.42000
54.53000
94.10000
94.31000
88.98000
86.62000
80.41000
33.85000
86.47000
97.34000
13.78000
96.49000
37.89000
73.76000
82.11000
6.59000
66.87000
34.95000
49.62000
20.45000
43.83000
21.26000
60.72000
98.75000
76.82000
49.86000
26.21000
55.26000
15.54000
65.21000
68.82000
2.25000
94.89000
87.55000
77.72000
4.07000
93.42000
64.44000
54.99000
27.61000
75.85000
19.24000
66.11000
90.81000
10.86000
30.03000
94.07000
13.44000
95.59000
64.03000
97.02000
47.48000
58.64000
72.44000
9.69000
49.64000
65.31000
67.79000
72.38000
2.25000
72.02000
39.39000
93.82000
37.74000
73.90000
2.87000
94.64000
92.04000
55.24000
49.62000
59.92000
53.16000
38.99000
99.36000
87.62000
8.64000
37.30000
48.59000
42.16000
49.60000
84.39000
32.01000
10.40000
19.29000
12.81000
40.62000
58.37000
23.17000
23.45000
19.49000
82.29000
63.70000
31.01000
52.30000
22.37000
45.90000
38.32000
1.52000
80.23000
24.82000
86.92000
52.92000
75.42000
57.08000
9.50000
72.07000
88.91000
52.32000
73.42000
49.83000
17.58000
20.75000
40.23000
52.86000
79.38000
92.83000
51.29000
6.19000
95.73000
10.79000
66.84000
92.09000
88.76000
16.02000
28.20000
51.29000
80.65000
33.63000
94.46000
38.61000
8.52000
89.30000
17.87000
86.68000
70.90000
61.75000
84.38000
56.43000
84.24000
29.23000
74.07000
82.59000
27.41000
22.05000
3.73000
29.16000
91.22000
72.08000
77.30000
1.59000
49.41000
30.24000
27.96000
78.27000
14.78000
8.43000
64.70000
34.76000
38.52000
34.15000
65.53000
70.77000
40.74000
54.18000
37.93000
16.27000
54.43000
16.85000
77.58000
74.06000
77.04000
20.52000
21.81000
77.21000
20.94000
66.11000
93.12000
33.60000
59.89000
7.59000
57.70000
76.42000
84.62000
96.48000
03.92000
02.11000
02.99000
02.73000
02.02000
04.78000
04.20000
04.20000
01.97000
01.76000
03.42000
02.00000
03.79000
01.19000
01.83000
04.20000
01.30000
02.53000
01.39000
01.17000
04.14000
02.57000
02.91000
03.59000
03.77000
01.40000
03.99000
04.46000
03.45000
04.43000
01.06000
01.10000
04.24000
04.36000
03.34000
04.31000
03.45000
01.19000
03.45000
01.26000
03.54000
02.75000
04.71000
03.02000
03.42000
04.51000
02.10000
01.71000
04.49000
01.02000
04.17000
01.76000
01.95000
02.10000
04.29000
01.94000
02.80000
02.91000
02.62000
01.28000
03.88000
01.92000
04.14000
01.18000
01.82000
02.91000
04.64000
03.32000
03.07000
04.97000
01.10000
02.62000
04.42000
03.77000
04.29000
03.25000
02.18000
03.45000
03.89000
02.16000
04.93000
02.50000
01.01000
03.85000
03.43000
01.82000
03.56000
01.13000
02.26000
01.62000
04.29000
01.13000
01.80000
03.45000
02.73000
03.28000
04.25000
04.13000
03.24000
01.32000
03.64000
01.83000
04.99000
01.32000
03.78000
01.50000
04.68000
02.40000
01.35000
02.23000
04.77000
03.83000
01.97000
04.78000
02.52000
02.27000
04.01000
03.10000
02.42000
02.58000
03.62000
04.48000
03.76000
01.96000
02.74000
03.51000
02.64000
03.89000
03.15000
04.09000
02.00000
04.20000
04.42000
01.44000
01.55000
01.01000
01.93000
04.09000
03.86000
04.74000
03.03000
03.41000
02.12000
02.32000
01.76000
01.97000
01.16000
03.16000
03.90000
01.62000
02.37000
04.99000
03.17000
02.71000
01.60000
01.04000
01.06000
02.90000
01.52000
04.87000
04.92000
03.14000
01.63000
04.37000
01.88000
01.71000
04.20000
03.71000
04.88000
04.22000
04.36000
01.39000
02.70000
01.56000
04.01000
04.50000
03.28000
02.51000
01.17000
01.99000
02.15000
01.38000
02.72000
02.37000
02.01000
01.88000
02.19000
04.96000
01.92000
02.73000
02.81000
03.36000
04.79000
03.96000
02.63000
03.53000
03.31000
04.90000
04.50000
01.70000
01.99000
02.22000
02.11000
02.43000
03.16000
03.88000
01.91000
04.61000
04.97000
03.15000
04.64000
01.53000
02.60000
04.67000
02.61000
02.07000
04.05000
03.85000
03.72000
03.61000
03.30000
02.44000
01.75000
01.81000
04.80000
01.54000
03.32000
02.69000
04.81000
03.55000
01.83000
04.55000
01.42000
02.19000
03.54000
04.01000
04.51000
04.49000
01.47000
02.02000
01.78000
04.79000
01.49000
01.81000
04.75000
