35
4
71.47000
14.21000
93.01000
2.98000
22.42000
72.29000
62.72000
41.54000
45.71000
51.88000
25.89000
71.22000
82.55000
92.22000
22.72000
33.26000
74.18000
35.51000
93.45000
66.86000
60.80000
20.98000
80.27000
14.25000
82.64000
88.84000
23.43000
14.65000
80.91000
81.32000
62.12000
9.26000
95.84000
38.63000
38.58000
21.89000
77.47000
61.25000
1.32000
26.31000
18.91000
61.33000
88.85000
38.30000
95.53000
51.96000
47.05000
23.81000
75.30000
98.11000
39.89000
47.84000
23.19000
66.74000
33.33000
76.33000
4.17000
22.84000
92.34000
75.26000
83.21000
31.35000
83.90000
10.60000
28.27000
58.26000
72.96000
46.32000
3.33000
69.53000
17.06000
12.28000
69.82000
46.43000
10.82000
95.09000
49.28000
82.84000
23.16000
58.03000
92.18000
93.75000
44.81000
89.84000
90.25000
69.88000
66.48000
82.22000
34.21000
1.95000
78.90000
25.91000
13.76000
78.68000
72.77000
10.60000
19.64000
92.78000
38.83000
27.04000
42.56000
34.97000
66.79000
65.93000
73.23000
35.41000
1.78000
74.18000
52.53000
60.03000
97.72000
93.89000
52.67000
4.44000
55.43000
41.12000
70.81000
82.10000
88.38000
30.32000
23.43000
11.47000
14.03000
76.98000
24.99000
6.04000
45.87000
97.56000
90.97000
81.25000
1.36000
8.53000
38.83000
54.59000
93.96000
23.36000
82.04000
40.52000
42.14000
58.52000
02.34000
01.10000
01.44000
02.30000
03.95000
01.98000
01.27000
02.04000
01.79000
01.37000
02.90000
03.85000
02.99000
02.39000
01.45000
02.87000
02.67000
04.18000
04.04000
02.21000
03.96000
01.85000
01.80000
01.00000
01.97000
02.54000
01.86000
02.37000
03.85000
01.37000
03.33000
01.43000
04.70000
01.46000
01.35000
04.13000
03.79000
02.72000
03.51000
04.57000
02.12000
04.19000
04.63000
01.09000
01.06000
03.80000
02.42000
01.83000
04.74000
01.68000
01.02000
02.89000
01.28000
01.96000
04.54000
04.41000
02.81000
04.76000
01.11000
02.52000
01.46000
02.20000
02.86000
01.33000
01.34000
02.42000
01.91000
04.98000
02.59000
01.53000
03.71000
01.90000
03.59000
04.15000
01.26000
04.90000
03.37000
01.28000
01.55000
03.43000
04.46000
02.50000
01.72000
02.61000
03.98000
04.93000
02.88000
03.58000
03.06000
01.70000
02.17000
03.44000
02.83000
01.94000
04.70000
03.34000
04.41000
02.77000
03.60000
04.38000
04.92000
01.32000
04.00000
03.71000
01.49000
01.50000
04.00000
01.22000
03.40000
01.61000
01.73000
02.43000
01.24000
04.45000
01.20000
01.43000
01.89000
04.14000
04.56000
04.34000
03.48000
02.80000
01.92000
01.29000
04.15000
02.56000
03.42000
02.40000
02.00000
01.55000
03.16000
01.79000
03.17000
01.88000
03.29000
01.59000
01.79000
01.69000
01.92000
03.93000
