35
7
58.82000
7.91000
24.95000
71.88000
10.68000
61.98000
26.53000
87.97000
1.11000
28.44000
82.79000
92.32000
75.10000
19.19000
84.83000
86.23000
6.96000
61.06000
24.29000
60.18000
42.80000
46.30000
42.84000
43.31000
58.99000
79.08000
85.72000
53.95000
7.75000
30.01000
50.21000
50.09000
65.54000
80.58000
33.13000
5.77000
98.34000
25.33000
92.37000
64.32000
25.69000
6.96000
81.67000
89.43000
46.22000
50.73000
5.48000
90.13000
78.11000
67.46000
73.55000
15.13000
65.81000
80.88000
2.17000
99.31000
29.56000
79.14000
53.69000
22.23000
15.93000
64.34000
95.99000
46.62000
48.26000
2.95000
48.00000
77.88000
77.19000
73.42000
8.91000
7.38000
35.62000
64.60000
12.21000
61.90000
72.07000
53.26000
51.68000
79.59000
64.52000
12.51000
10.68000
16.88000
2.29000
48.06000
21.61000
66.91000
98.99000
81.56000
20.42000
15.95000
50.02000
98.07000
93.11000
84.98000
72.11000
96.58000
30.22000
88.12000
61.75000
40.49000
69.34000
76.18000
40.75000
56.29000
5.09000
41.78000
33.48000
25.57000
40.10000
7.76000
3.27000
88.35000
80.83000
88.21000
95.05000
85.86000
32.28000
87.98000
72.31000
21.71000
48.53000
48.60000
21.81000
12.45000
87.17000
99.76000
7.12000
40.05000
57.85000
13.84000
19.10000
1.41000
69.79000
47.36000
25.42000
54.83000
85.22000
99.54000
10.85000
54.61000
61.18000
89.24000
81.48000
30.82000
60.41000
67.81000
93.46000
24.45000
41.09000
70.84000
3.63000
71.62000
28.90000
48.59000
42.61000
73.87000
1.54000
88.99000
71.34000
45.63000
37.27000
71.14000
26.53000
64.80000
67.41000
11.82000
69.21000
25.16000
24.82000
15.97000
40.18000
81.93000
91.39000
57.51000
91.82000
59.90000
98.65000
55.78000
94.92000
29.70000
81.25000
36.69000
47.58000
95.52000
27.23000
7.74000
76.81000
92.39000
82.90000
64.59000
88.38000
17.75000
49.64000
44.59000
14.38000
80.95000
27.36000
71.24000
60.69000
59.77000
68.04000
9.72000
63.48000
42.92000
27.18000
11.37000
33.73000
83.52000
74.08000
67.16000
99.37000
58.62000
63.77000
70.18000
13.86000
95.29000
36.51000
30.81000
90.32000
65.28000
59.72000
2.94000
31.90000
97.51000
4.40000
29.66000
13.55000
87.32000
89.57000
93.69000
38.50000
42.98000
40.80000
67.96000
86.79000
36.18000
30.72000
62.05000
65.74000
53.53000
35.49000
75.71000
57.50000
01.80000
04.85000
02.22000
01.51000
02.66000
04.39000
04.58000
04.94000
03.40000
02.62000
03.88000
04.86000
04.58000
03.97000
03.31000
03.10000
03.55000
03.18000
01.89000
02.83000
04.47000
03.32000
04.44000
02.50000
04.35000
01.75000
03.61000
01.90000
02.95000
04.18000
01.84000
04.13000
04.91000
02.58000
01.40000
02.41000
02.06000
04.88000
04.54000
02.51000
01.76000
02.08000
02.26000
03.72000
02.73000
03.81000
03.49000
02.95000
04.89000
02.88000
04.79000
04.42000
04.97000
02.42000
02.56000
01.66000
02.50000
01.85000
02.99000
03.51000
01.87000
02.94000
04.10000
04.12000
02.22000
03.73000
01.72000
04.97000
03.55000
04.60000
02.65000
03.67000
04.96000
02.51000
02.99000
03.13000
03.32000
03.74000
04.51000
04.12000
03.57000
04.59000
03.35000
01.91000
01.01000
02.25000
01.45000
03.11000
03.74000
04.23000
04.58000
03.60000
02.70000
02.33000
04.32000
02.61000
01.61000
02.67000
04.06000
04.68000
03.01000
03.70000
05.00000
01.63000
02.26000
03.50000
04.23000
01.21000
02.77000
01.89000
02.60000
02.28000
01.08000
03.00000
01.84000
02.53000
01.17000
04.09000
03.47000
03.63000
01.69000
02.72000
02.80000
02.53000
02.15000
02.75000
02.98000
01.52000
04.83000
04.38000
04.96000
02.19000
04.83000
02.10000
01.51000
03.45000
04.09000
02.73000
03.19000
03.51000
01.36000
01.73000
04.79000
01.41000
04.76000
04.15000
01.38000
03.83000
01.83000
02.52000
01.77000
04.34000
03.80000
02.46000
04.86000
02.98000
04.72000
01.92000
03.36000
03.09000
03.45000
01.12000
01.77000
01.32000
01.65000
04.65000
02.42000
01.65000
01.81000
03.37000
03.44000
01.34000
01.23000
04.46000
04.80000
03.84000
01.72000
03.35000
01.86000
03.68000
01.18000
03.43000
02.34000
04.68000
01.31000
01.92000
04.81000
03.95000
04.73000
04.84000
01.56000
03.88000
04.85000
02.49000
02.64000
02.18000
03.90000
03.49000
01.96000
01.90000
02.93000
04.78000
03.20000
01.36000
03.81000
01.61000
01.90000
04.23000
03.18000
01.54000
04.03000
02.25000
01.23000
02.03000
01.96000
04.39000
03.31000
02.87000
01.50000
02.73000
04.31000
01.86000
04.49000
04.74000
02.22000
01.36000
04.56000
03.19000
01.84000
04.07000
01.16000
02.19000
04.78000
02.99000
01.57000
03.12000
03.45000
03.41000
02.84000
02.72000
03.08000
04.97000
01.88000
03.01000
03.73000
