35
10
47.90000
86.30000
24.27000
47.07000
54.64000
34.40000
62.85000
34.80000
11.45000
98.19000
50.14000
90.45000
70.31000
39.83000
51.51000
87.56000
11.96000
42.24000
58.05000
23.43000
37.87000
16.09000
85.63000
19.11000
77.27000
94.79000
75.85000
22.38000
84.14000
40.52000
94.06000
5.79000
37.22000
36.19000
32.38000
21.61000
19.02000
44.62000
45.49000
73.97000
78.89000
18.43000
96.84000
35.84000
53.77000
87.57000
29.39000
87.05000
80.20000
48.24000
91.01000
36.17000
22.42000
18.39000
59.33000
13.53000
66.45000
41.72000
33.76000
75.19000
27.05000
87.69000
39.42000
5.00000
40.74000
51.47000
27.20000
7.51000
70.77000
51.04000
40.41000
51.38000
90.98000
41.75000
40.79000
85.29000
58.86000
79.55000
80.67000
10.29000
55.60000
99.91000
95.46000
64.99000
29.00000
56.80000
45.35000
17.75000
50.59000
27.96000
14.23000
57.68000
18.69000
16.86000
11.79000
2.62000
54.31000
51.74000
72.44000
91.18000
6.27000
86.58000
57.34000
91.73000
45.10000
82.26000
93.49000
19.73000
53.72000
6.21000
12.89000
78.07000
39.10000
50.53000
4.02000
62.07000
28.36000
29.98000
36.35000
95.86000
3.31000
81.08000
5.07000
31.34000
69.53000
68.09000
28.13000
42.13000
60.35000
78.02000
50.23000
29.63000
31.84000
24.63000
40.82000
18.98000
64.83000
44.43000
93.09000
60.05000
55.68000
61.91000
80.50000
26.97000
41.99000
22.69000
69.74000
68.08000
84.52000
97.04000
45.78000
7.92000
1.14000
9.98000
36.87000
78.91000
30.44000
6.31000
95.97000
43.22000
39.78000
58.58000
3.83000
83.77000
20.27000
65.08000
60.92000
12.23000
86.76000
47.85000
97.47000
61.01000
81.86000
53.68000
67.46000
97.94000
91.97000
65.04000
11.60000
71.59000
74.15000
95.98000
54.59000
19.15000
51.20000
70.07000
40.05000
83.30000
23.52000
43.40000
79.77000
35.51000
16.25000
96.79000
13.23000
67.96000
79.27000
38.80000
1.72000
1.62000
89.22000
98.77000
33.23000
78.17000
46.48000
35.77000
21.53000
69.07000
75.20000
29.62000
90.94000
73.04000
62.18000
70.24000
32.65000
57.41000
5.90000
88.38000
98.36000
57.60000
93.92000
46.73000
87.36000
77.08000
38.90000
60.14000
21.69000
45.08000
73.28000
70.23000
47.15000
14.59000
58.21000
43.34000
37.28000
63.33000
77.61000
69.58000
88.37000
95.79000
42.15000
65.81000
24.47000
41.19000
85.25000
56.08000
19.38000
25.07000
44.11000
52.19000
93.16000
70.21000
56.75000
38.16000
74.14000
89.92000
88.15000
88.62000
92.64000
72.22000
83.01000
5.96000
6.72000
29.87000
10.78000
13.31000
95.23000
99.39000
63.66000
61.56000
67.72000
46.04000
62.60000
27.35000
54.53000
55.82000
51.29000
10.06000
12.72000
42.50000
45.29000
42.38000
35.07000
21.83000
43.74000
62.35000
60.14000
66.91000
12.77000
1.93000
17.30000
45.73000
30.09000
44.05000
95.66000
54.57000
99.19000
99.38000
14.06000
16.48000
50.30000
4.32000
11.12000
77.26000
35.40000
16.06000
53.19000
11.43000
33.21000
20.50000
32.37000
14.30000
47.23000
27.31000
63.53000
50.92000
1.38000
2.77000
4.10000
41.10000
27.39000
65.41000
89.08000
26.25000
84.82000
73.72000
35.53000
12.95000
37.94000
46.65000
17.08000
32.54000
72.77000
27.90000
34.12000
42.07000
4.05000
85.92000
12.78000
23.38000
67.31000
16.91000
2.95000
82.04000
27.80000
37.82000
79.27000
51.37000
71.55000
93.35000
09.09000
05.58000
07.77000
07.91000
06.47000
05.67000
09.23000
08.41000
09.23000
06.05000
06.28000
06.43000
09.34000
07.75000
09.01000
06.13000
05.02000
08.05000
08.76000
07.92000
05.75000
05.50000
08.15000
08.46000
07.25000
09.87000
06.00000
05.67000
06.48000
07.20000
07.42000
08.69000
06.68000
09.77000
08.77000
06.03000
09.67000
08.44000
08.17000
08.72000
05.69000
08.20000
08.12000
05.44000
09.89000
08.82000
06.40000
08.94000
06.59000
06.19000
05.42000
08.22000
06.37000
07.44000
08.90000
08.53000
06.03000
05.94000
06.76000
06.38000
08.64000
06.32000
05.21000
09.52000
08.53000
09.47000
06.67000
06.95000
06.25000
07.51000
06.02000
06.14000
06.47000
05.12000
06.63000
06.75000
08.41000
09.05000
09.07000
06.67000
08.79000
08.43000
08.12000
09.75000
05.52000
05.24000
09.82000
06.10000
07.76000
07.70000
06.46000
07.04000
05.92000
05.28000
06.56000
05.20000
06.66000
08.71000
09.91000
09.40000
07.89000
09.96000
07.56000
09.75000
08.77000
06.51000
08.32000
08.96000
07.04000
09.06000
07.25000
08.80000
06.14000
08.67000
05.63000
05.21000
09.96000
08.43000
08.08000
09.39000
06.26000
07.65000
05.48000
08.78000
09.04000
06.89000
09.96000
07.07000
08.56000
07.97000
09.90000
09.21000
06.32000
08.95000
09.93000
06.37000
05.08000
09.16000
05.92000
06.01000
08.27000
06.40000
06.25000
05.97000
09.53000
07.85000
05.98000
06.66000
05.09000
09.91000
05.51000
05.51000
07.53000
09.24000
05.58000
07.29000
05.71000
08.74000
08.15000
08.06000
09.73000
07.59000
06.45000
05.08000
05.94000
06.18000
09.95000
06.90000
06.92000
06.18000
09.38000
08.31000
06.53000
05.49000
06.71000
07.74000
07.71000
08.39000
08.41000
09.39000
05.03000
06.52000
09.17000
05.31000
08.43000
08.57000
08.95000
08.88000
07.87000
06.06000
05.83000
09.72000
09.52000
06.72000
09.12000
08.71000
05.84000
09.58000
09.39000
07.99000
05.50000
09.87000
08.44000
05.92000
08.47000
09.11000
09.36000
07.15000
05.92000
05.04000
07.83000
09.70000
08.19000
06.79000
05.61000
08.60000
07.07000
09.48000
07.42000
07.91000
06.90000
09.04000
08.66000
07.12000
06.22000
08.06000
06.00000
06.93000
09.81000
05.41000
07.34000
09.33000
08.70000
06.16000
06.85000
07.53000
05.18000
06.69000
09.93000
06.02000
07.78000
09.57000
08.25000
05.51000
06.29000
05.67000
06.18000
09.35000
07.40000
06.81000
08.76000
05.72000
09.39000
09.80000
05.71000
06.26000
08.86000
08.33000
07.28000
07.77000
09.17000
07.34000
09.99000
08.33000
09.97000
08.03000
06.59000
07.26000
07.12000
07.84000
06.07000
05.11000
07.75000
05.45000
08.70000
08.71000
05.25000
05.80000
05.98000
06.13000
06.54000
09.05000
08.97000
06.84000
06.74000
09.82000
09.04000
05.21000
09.21000
05.58000
07.22000
06.43000
07.18000
08.62000
09.84000
05.91000
05.11000
07.47000
09.52000
05.32000
08.74000
06.91000
05.09000
07.57000
05.02000
07.99000
06.65000
06.80000
07.19000
07.99000
05.55000
08.44000
09.72000
05.44000
09.39000
05.09000
08.74000
05.32000
05.36000
06.27000
08.94000
05.67000
09.28000
08.52000
09.70000
09.58000
09.51000
05.85000
06.57000
09.15000
09.74000
08.52000
06.38000
07.78000
09.89000
08.02000
07.19000
05.08000
06.18000
07.10000
08.31000
06.95000
06.03000
09.78000
05.32000
05.51000
08.14000
06.31000
05.02000
09.13000
