35
7
8.44000
19.75000
2.79000
64.47000
78.29000
28.82000
81.31000
51.41000
54.05000
76.04000
3.94000
79.10000
94.03000
24.67000
65.89000
42.47000
73.46000
36.48000
56.53000
11.31000
30.01000
27.33000
1.94000
81.64000
15.25000
13.61000
16.32000
29.33000
45.18000
62.73000
54.58000
52.51000
50.73000
45.70000
60.80000
53.77000
1.98000
74.08000
61.37000
92.20000
69.58000
99.29000
73.69000
66.52000
50.53000
48.67000
72.14000
15.55000
1.06000
5.12000
2.33000
4.40000
90.29000
53.09000
96.06000
74.98000
55.81000
31.08000
29.78000
97.51000
45.08000
76.13000
63.14000
17.97000
71.02000
79.33000
98.43000
6.69000
61.46000
32.32000
53.48000
36.06000
84.28000
57.01000
37.30000
23.30000
18.72000
49.45000
53.60000
13.42000
28.65000
56.25000
55.75000
17.41000
68.19000
82.99000
35.75000
72.54000
6.39000
37.76000
73.81000
93.86000
72.71000
77.71000
90.80000
22.74000
15.55000
64.56000
95.75000
74.35000
42.72000
10.04000
37.38000
94.15000
78.96000
89.16000
59.85000
87.05000
80.93000
50.93000
96.48000
32.96000
35.94000
48.29000
75.58000
54.94000
86.25000
57.41000
95.92000
37.12000
83.90000
6.51000
96.92000
87.94000
92.84000
23.34000
7.19000
94.61000
42.44000
88.72000
91.01000
69.66000
74.01000
86.01000
7.81000
2.40000
95.25000
48.60000
49.71000
7.44000
11.64000
53.83000
53.36000
23.05000
40.26000
63.94000
33.55000
24.11000
58.19000
91.56000
20.89000
81.61000
48.92000
35.52000
61.55000
51.85000
59.40000
43.68000
42.37000
15.42000
51.49000
67.47000
37.36000
29.67000
50.47000
10.36000
60.19000
79.31000
95.54000
74.35000
14.71000
26.79000
91.33000
17.51000
41.46000
33.16000
48.15000
63.71000
63.80000
81.11000
35.38000
29.93000
63.93000
23.43000
47.18000
1.76000
92.57000
8.76000
63.99000
97.69000
44.31000
63.55000
30.65000
91.26000
50.38000
42.53000
4.92000
54.52000
33.21000
74.23000
9.00000
11.62000
52.87000
16.50000
78.98000
87.21000
59.62000
99.96000
17.42000
61.01000
17.40000
86.69000
58.38000
89.80000
46.69000
28.05000
65.11000
6.50000
31.76000
82.37000
88.39000
22.13000
23.39000
73.45000
6.56000
78.81000
61.59000
98.89000
58.36000
70.72000
26.98000
84.58000
1.48000
91.61000
86.39000
32.22000
53.00000
88.24000
49.32000
68.80000
47.93000
8.95000
11.43000
1.09000
82.73000
03.11000
04.03000
03.15000
04.75000
03.62000
01.36000
03.89000
03.79000
03.60000
01.62000
02.59000
04.46000
01.85000
03.40000
01.46000
01.48000
03.51000
01.08000
04.04000
04.41000
02.00000
02.87000
01.16000
03.59000
01.07000
04.78000
04.99000
04.20000
04.79000
04.62000
02.98000
04.23000
03.53000
04.05000
03.92000
04.45000
02.29000
02.18000
04.38000
04.57000
03.95000
03.43000
04.02000
01.01000
04.17000
01.43000
04.40000
03.09000
02.14000
04.13000
02.12000
04.90000
03.36000
03.31000
03.08000
03.36000
01.64000
04.53000
04.49000
04.22000
01.10000
01.19000
04.89000
04.00000
02.18000
04.47000
02.12000
04.08000
03.63000
01.41000
02.98000
04.15000
02.96000
03.24000
03.88000
02.34000
01.63000
02.33000
01.91000
04.75000
03.21000
03.25000
04.72000
04.04000
03.27000
03.31000
03.28000
01.69000
03.67000
03.66000
01.86000
02.00000
02.61000
03.24000
04.05000
02.08000
04.58000
04.83000
02.77000
01.85000
02.38000
04.99000
02.23000
02.03000
03.15000
02.09000
04.16000
01.77000
02.26000
01.21000
01.54000
04.85000
03.31000
01.59000
02.96000
03.27000
04.88000
04.10000
02.44000
01.07000
02.89000
03.44000
01.32000
03.12000
03.59000
02.14000
02.26000
01.09000
01.55000
04.52000
03.24000
03.44000
01.63000
02.71000
03.51000
01.49000
01.03000
02.68000
01.69000
03.34000
03.39000
03.98000
03.16000
03.58000
02.33000
03.12000
02.25000
03.85000
04.64000
01.70000
01.54000
01.83000
02.30000
01.99000
01.43000
04.96000
03.63000
04.05000
01.64000
01.46000
03.25000
03.78000
03.19000
02.38000
04.10000
02.88000
02.43000
03.57000
03.42000
02.87000
01.01000
03.71000
02.78000
03.06000
03.90000
04.94000
01.49000
02.65000
04.35000
04.84000
02.32000
04.99000
03.90000
04.10000
02.24000
04.20000
01.06000
02.72000
01.61000
03.94000
02.60000
03.47000
01.13000
01.65000
02.62000
01.98000
03.79000
02.59000
04.52000
04.66000
04.89000
01.84000
03.02000
02.74000
02.07000
02.30000
02.15000
02.27000
01.26000
04.65000
01.30000
01.13000
03.01000
01.60000
01.13000
01.82000
02.36000
03.81000
01.38000
03.39000
01.76000
03.60000
01.90000
01.18000
01.97000
01.97000
03.84000
01.36000
04.04000
01.75000
03.67000
02.93000
03.35000
01.58000
03.16000
03.67000
03.58000
01.92000
03.41000
02.20000
02.73000
03.02000
02.82000
03.93000
03.11000
