35
4
143.22000
143.93000
136.75000
163.73000
155.98000
183.64000
105.97000
121.24000
116.80000
119.09000
143.57000
144.78000
166.33000
190.88000
190.17000
174.99000
145.18000
139.66000
186.41000
152.48000
193.97000
106.04000
172.91000
117.90000
153.33000
130.64000
190.30000
111.85000
163.89000
154.10000
179.19000
174.97000
166.27000
117.03000
180.22000
116.32000
199.36000
102.07000
102.82000
181.53000
169.70000
100.40000
158.23000
129.38000
151.59000
164.17000
158.00000
125.49000
110.65000
159.03000
167.75000
135.50000
112.51000
150.59000
153.12000
125.02000
122.79000
104.48000
179.72000
159.68000
107.12000
186.33000
113.18000
105.11000
131.12000
161.75000
119.13000
126.94000
160.42000
196.38000
195.07000
132.39000
162.33000
190.22000
135.45000
181.46000
125.76000
129.93000
169.59000
184.46000
128.28000
118.88000
188.14000
132.01000
160.51000
147.70000
181.71000
114.75000
113.08000
107.01000
140.93000
123.29000
176.61000
187.44000
156.43000
148.27000
141.72000
179.61000
118.82000
180.30000
199.05000
174.15000
118.74000
110.01000
139.22000
141.28000
186.56000
106.13000
147.88000
186.27000
172.33000
183.65000
174.38000
125.23000
193.48000
162.96000
194.08000
173.79000
165.63000
159.68000
122.59000
147.57000
104.41000
189.43000
175.54000
162.20000
125.43000
167.83000
168.55000
133.29000
144.33000
110.52000
117.25000
176.48000
176.74000
133.11000
137.26000
107.38000
138.27000
151.24000
03.38000
01.12000
01.87000
02.58000
01.52000
04.27000
01.73000
04.09000
02.88000
04.93000
02.38000
02.68000
02.60000
02.23000
02.95000
01.47000
03.81000
03.29000
02.56000
03.58000
01.62000
03.24000
04.35000
04.15000
03.16000
01.20000
03.43000
02.29000
03.55000
04.30000
02.92000
01.13000
01.93000
03.66000
01.96000
03.89000
02.33000
04.96000
04.40000
01.04000
01.11000
02.64000
01.48000
01.28000
03.51000
01.46000
02.23000
04.72000
01.65000
01.56000
02.79000
03.50000
03.65000
03.05000
03.27000
01.73000
01.65000
02.06000
03.80000
03.55000
03.75000
02.71000
04.51000
01.07000
02.10000
01.14000
01.53000
02.43000
04.81000
01.46000
02.94000
02.07000
01.14000
01.52000
02.88000
01.22000
02.82000
02.30000
04.58000
02.90000
04.80000
02.16000
01.14000
04.23000
04.22000
02.24000
01.70000
02.34000
02.21000
03.66000
03.38000
02.35000
03.87000
03.55000
03.31000
01.40000
02.35000
03.03000
02.61000
04.59000
02.76000
03.22000
02.41000
01.06000
02.23000
02.90000
01.90000
03.54000
04.09000
04.60000
04.96000
01.84000
02.76000
04.03000
04.77000
04.93000
03.25000
03.30000
03.46000
02.92000
03.68000
04.55000
03.16000
01.95000
02.18000
01.90000
01.99000
04.15000
04.87000
01.47000
02.07000
03.63000
01.88000
01.39000
01.54000
02.52000
03.33000
03.78000
02.51000
02.94000
