35
10
147.08000
109.02000
197.25000
188.42000
141.33000
198.47000
112.58000
198.21000
108.30000
135.73000
139.87000
198.19000
182.74000
161.81000
126.41000
141.87000
124.43000
142.73000
144.44000
107.78000
118.12000
169.51000
191.24000
199.43000
173.59000
158.15000
189.07000
145.33000
125.60000
149.69000
185.19000
199.01000
133.91000
110.13000
151.88000
135.80000
117.39000
189.41000
104.33000
153.83000
182.78000
128.34000
184.02000
188.76000
140.94000
137.49000
137.94000
153.48000
161.02000
142.25000
147.72000
185.88000
137.16000
193.02000
120.01000
148.86000
188.51000
165.18000
186.45000
130.30000
159.19000
159.12000
103.67000
143.09000
118.36000
100.24000
153.32000
125.13000
160.16000
138.92000
133.26000
184.26000
134.18000
117.98000
123.07000
115.87000
193.35000
159.62000
127.48000
144.99000
147.01000
131.79000
162.52000
193.89000
123.67000
169.24000
169.19000
109.84000
176.85000
131.75000
113.51000
165.11000
185.07000
104.09000
186.51000
156.95000
151.84000
196.01000
104.18000
107.63000
105.68000
142.28000
107.56000
164.43000
100.10000
150.97000
159.81000
125.32000
124.68000
107.09000
132.75000
136.96000
119.20000
157.16000
145.82000
161.50000
150.93000
145.33000
199.43000
155.58000
132.77000
140.73000
118.97000
100.84000
102.60000
137.50000
154.82000
103.91000
123.32000
154.79000
182.37000
196.44000
182.81000
136.73000
102.02000
135.08000
193.97000
152.47000
139.16000
101.45000
125.28000
153.57000
189.45000
190.25000
161.06000
106.27000
106.16000
118.46000
104.89000
182.75000
101.44000
144.09000
154.06000
186.53000
185.06000
183.16000
130.82000
146.13000
191.78000
176.67000
182.44000
115.06000
181.37000
190.65000
181.19000
171.84000
138.59000
116.10000
124.32000
119.98000
173.20000
169.06000
134.11000
188.00000
119.99000
178.81000
171.55000
111.51000
177.16000
176.76000
112.41000
169.13000
128.91000
109.78000
129.84000
196.39000
119.93000
153.25000
155.48000
181.18000
194.35000
107.57000
145.97000
136.38000
121.32000
198.12000
182.95000
199.88000
194.97000
175.30000
173.06000
134.59000
134.45000
114.50000
147.94000
128.38000
183.90000
116.11000
164.24000
194.15000
172.78000
150.68000
163.69000
180.57000
138.14000
117.85000
147.34000
127.01000
181.58000
136.63000
120.20000
189.33000
181.62000
191.80000
173.30000
164.79000
141.77000
193.12000
122.64000
175.66000
190.56000
175.35000
109.24000
169.20000
181.49000
198.26000
199.13000
117.67000
193.07000
146.62000
183.30000
118.35000
128.84000
130.19000
177.78000
178.58000
168.61000
166.04000
152.18000
120.93000
167.85000
104.24000
196.15000
128.51000
194.15000
107.87000
145.50000
107.98000
110.40000
196.08000
175.62000
190.97000
104.48000
113.00000
186.89000
134.12000
189.30000
127.79000
104.72000
119.07000
102.73000
134.57000
179.48000
152.47000
107.68000
152.49000
186.58000
165.95000
192.02000
125.69000
121.58000
132.06000
131.83000
115.13000
189.60000
177.78000
143.77000
144.68000
107.28000
129.52000
107.13000
185.12000
134.39000
153.29000
194.18000
114.97000
155.69000
140.10000
102.18000
137.74000
180.96000
105.97000
153.41000
181.96000
144.96000
191.92000
195.11000
101.13000
107.44000
163.95000
199.57000
173.78000
153.19000
113.09000
164.05000
175.27000
171.77000
175.79000
198.05000
169.65000
156.17000
196.74000
168.06000
173.51000
157.19000
142.98000
198.62000
124.73000
168.95000
164.91000
196.37000
186.22000
110.60000
137.93000
192.95000
145.86000
126.28000
162.41000
145.02000
116.54000
185.14000
163.76000
134.19000
136.15000
181.30000
192.36000
167.13000
167.58000
133.91000
123.60000
01.02000
02.26000
03.99000
01.25000
03.25000
01.13000
04.81000
04.80000
03.00000
04.50000
02.44000
03.78000
04.10000
03.47000
03.22000
03.76000
03.38000
02.11000
02.47000
03.32000
02.67000
01.49000
04.51000
02.04000
04.80000
03.70000
02.68000
04.51000
01.60000
03.82000
03.31000
04.29000
01.88000
01.91000
01.71000
04.47000
02.73000
02.91000
04.96000
04.12000
01.26000
02.18000
01.90000
01.99000
04.91000
01.27000
02.18000
04.54000
01.38000
01.14000
04.01000
03.22000
03.37000
03.74000
02.59000
02.48000
04.59000
04.03000
02.12000
03.78000
03.74000
01.94000
03.81000
01.56000
04.52000
02.45000
01.86000
03.28000
03.63000
03.50000
04.58000
04.97000
04.37000
02.84000
02.16000
02.58000
04.74000
04.38000
04.22000
02.75000
04.02000
04.51000
04.87000
02.79000
02.80000
03.05000
03.16000
01.04000
02.64000
04.83000
03.19000
04.81000
02.12000
03.69000
02.03000
02.45000
04.83000
02.44000
01.76000
03.28000
03.35000
04.92000
01.45000
01.63000
03.24000
01.78000
01.22000
03.89000
02.75000
02.17000
01.16000
01.74000
02.23000
03.54000
04.54000
02.30000
01.49000
04.59000
03.29000
02.77000
02.98000
01.02000
02.39000
01.34000
02.17000
01.54000
03.78000
01.23000
03.50000
03.84000
02.42000
02.63000
04.43000
02.64000
02.25000
02.74000
03.41000
01.63000
04.23000
03.78000
03.71000
02.90000
03.31000
02.32000
03.58000
02.79000
02.59000
04.29000
04.73000
02.09000
02.69000
04.81000
03.49000
04.36000
02.44000
01.97000
01.19000
02.18000
01.67000
02.84000
04.15000
01.13000
01.21000
03.51000
03.71000
03.79000
02.87000
01.06000
04.20000
01.73000
01.51000
01.55000
02.93000
03.54000
04.93000
03.96000
02.04000
01.72000
03.84000
01.64000
01.14000
02.37000
01.76000
03.37000
03.30000
02.92000
03.21000
04.10000
04.73000
04.81000
02.91000
03.77000
02.62000
02.50000
04.55000
03.35000
03.19000
03.45000
04.84000
04.78000
01.63000
04.10000
01.49000
03.01000
02.15000
01.91000
01.18000
02.01000
01.95000
03.34000
01.70000
01.26000
01.99000
03.90000
02.83000
01.23000
04.05000
03.49000
04.84000
01.26000
01.66000
03.42000
02.30000
03.18000
03.88000
04.03000
02.81000
01.80000
04.81000
02.63000
02.93000
04.97000
03.51000
01.57000
04.24000
01.51000
04.08000
04.16000
01.32000
01.24000
03.57000
02.74000
01.75000
03.00000
04.08000
03.14000
02.51000
01.50000
04.61000
02.82000
02.91000
01.79000
01.77000
02.91000
04.32000
02.48000
02.54000
02.63000
03.19000
01.28000
01.87000
02.17000
04.97000
04.88000
03.70000
02.75000
04.11000
04.98000
01.01000
02.56000
04.06000
02.29000
03.73000
04.81000
01.28000
02.52000
02.82000
01.69000
01.23000
04.37000
02.29000
02.52000
04.67000
01.69000
04.91000
03.88000
03.15000
04.12000
03.83000
02.77000
01.71000
03.49000
03.86000
03.26000
03.67000
02.38000
02.84000
02.44000
01.37000
04.37000
03.59000
02.39000
04.13000
02.04000
01.95000
02.17000
02.29000
04.96000
02.73000
01.87000
03.16000
03.71000
03.78000
02.57000
03.09000
03.59000
03.38000
04.03000
02.51000
01.33000
02.88000
04.71000
03.86000
02.19000
04.64000
02.60000
02.20000
01.61000
01.36000
03.66000
04.73000
04.05000
02.74000
02.84000
03.64000
02.96000
03.48000
04.10000
04.15000
04.79000
03.30000
04.38000
04.45000
01.00000
02.89000
01.64000
03.75000
04.05000
03.96000
02.83000
