35
4
140.89000
118.59000
141.14000
188.08000
128.02000
168.61000
106.60000
177.76000
106.96000
158.11000
184.18000
177.23000
118.35000
127.71000
114.53000
127.12000
102.81000
118.03000
138.26000
168.04000
100.97000
169.71000
196.00000
140.63000
153.45000
123.37000
128.38000
185.51000
100.87000
119.63000
176.01000
143.31000
183.87000
199.12000
179.53000
172.73000
123.68000
168.91000
124.28000
107.23000
186.75000
133.39000
169.29000
118.11000
155.11000
157.08000
152.41000
171.01000
194.39000
105.60000
139.26000
131.56000
170.23000
144.58000
195.48000
165.37000
148.23000
139.63000
186.68000
138.07000
194.03000
156.39000
178.49000
115.29000
173.26000
160.47000
136.54000
162.65000
151.53000
117.51000
198.87000
122.35000
109.95000
104.48000
162.83000
105.94000
168.84000
150.58000
164.31000
187.22000
110.57000
189.68000
193.94000
156.79000
125.76000
112.39000
142.34000
105.30000
105.03000
109.35000
100.15000
123.37000
139.02000
171.18000
157.98000
101.61000
118.35000
188.50000
106.45000
130.66000
133.63000
151.94000
136.21000
101.14000
175.51000
140.28000
136.09000
149.55000
166.04000
197.53000
132.56000
186.20000
150.11000
142.50000
158.15000
118.39000
121.13000
190.82000
128.49000
161.74000
194.70000
158.10000
159.21000
131.87000
186.47000
159.98000
165.93000
144.40000
112.05000
112.08000
164.28000
114.97000
187.07000
130.03000
169.87000
159.20000
127.15000
129.44000
198.35000
192.70000
03.15000
01.15000
03.83000
03.64000
02.36000
01.06000
02.13000
03.29000
03.55000
01.23000
03.99000
02.77000
01.85000
04.79000
04.51000
01.20000
04.37000
02.87000
02.83000
01.70000
02.26000
02.58000
02.06000
03.40000
02.63000
03.06000
01.34000
01.43000
04.60000
03.42000
03.79000
02.91000
03.30000
02.80000
04.53000
04.48000
04.27000
03.30000
01.68000
03.32000
01.93000
03.04000
02.01000
01.99000
03.95000
04.67000
02.76000
04.62000
02.46000
04.33000
04.06000
03.33000
01.59000
02.13000
02.05000
02.25000
01.45000
02.20000
04.83000
01.50000
02.18000
04.66000
04.54000
01.21000
03.90000
01.65000
01.30000
01.50000
02.74000
01.28000
04.72000
03.00000
04.66000
02.54000
03.83000
04.01000
04.88000
04.55000
03.44000
02.30000
04.16000
04.40000
04.68000
02.99000
03.63000
03.21000
04.66000
03.21000
04.41000
02.12000
04.51000
04.08000
03.62000
02.24000
01.36000
02.73000
02.39000
04.70000
04.33000
04.28000
01.84000
02.62000
02.55000
01.86000
03.10000
03.13000
01.56000
01.44000
02.52000
01.36000
01.34000
02.65000
04.28000
02.07000
02.62000
01.38000
04.61000
03.37000
03.53000
03.78000
01.64000
03.40000
02.20000
03.97000
01.48000
04.27000
04.74000
04.07000
02.26000
04.12000
01.29000
02.20000
02.11000
01.07000
01.97000
04.50000
03.15000
01.24000
04.91000
01.08000
