35
7
126.22000
165.01000
188.38000
182.11000
198.12000
193.44000
113.41000
115.82000
157.97000
193.51000
150.89000
190.38000
161.39000
107.14000
188.46000
123.51000
165.56000
165.37000
190.32000
196.99000
179.21000
138.24000
147.24000
106.69000
112.65000
184.89000
126.57000
112.50000
127.75000
103.51000
122.20000
188.41000
187.92000
181.37000
104.58000
191.87000
114.90000
123.51000
169.52000
162.29000
119.90000
117.49000
104.86000
189.92000
110.21000
139.06000
198.43000
175.29000
163.34000
177.04000
109.77000
133.00000
158.32000
109.31000
174.96000
141.71000
125.78000
152.80000
156.64000
194.15000
197.89000
113.54000
194.02000
147.11000
158.39000
136.58000
152.88000
171.43000
192.59000
156.06000
181.83000
104.21000
116.61000
102.43000
125.72000
191.31000
180.30000
107.86000
175.07000
111.88000
132.92000
153.08000
134.70000
163.33000
173.84000
173.80000
136.03000
157.15000
103.97000
194.76000
187.01000
168.86000
175.82000
179.78000
122.15000
188.07000
143.44000
181.75000
152.55000
168.44000
112.43000
192.60000
115.84000
177.69000
189.99000
133.82000
121.24000
196.44000
164.58000
119.35000
183.92000
130.48000
100.04000
169.62000
138.49000
130.52000
134.30000
128.14000
161.65000
190.83000
188.59000
177.49000
156.68000
119.78000
185.72000
189.29000
103.40000
189.76000
100.04000
174.24000
108.22000
187.27000
107.50000
132.09000
154.09000
162.82000
135.57000
101.66000
150.54000
181.03000
132.53000
143.40000
142.15000
167.39000
117.00000
116.83000
196.09000
166.15000
124.82000
132.85000
134.59000
119.68000
147.55000
181.83000
106.24000
119.12000
128.30000
193.21000
186.17000
169.72000
111.75000
185.50000
126.10000
140.75000
194.14000
116.27000
104.31000
115.57000
173.27000
132.14000
175.62000
141.59000
198.51000
118.82000
121.43000
147.94000
112.64000
148.97000
134.01000
140.88000
157.06000
162.47000
139.17000
109.64000
125.33000
152.63000
127.82000
178.17000
130.87000
156.70000
120.41000
134.53000
138.67000
151.02000
163.96000
180.80000
115.28000
100.95000
182.06000
183.15000
178.82000
110.93000
124.87000
121.81000
148.97000
174.49000
119.07000
141.06000
196.96000
124.18000
180.34000
114.44000
119.26000
155.63000
111.28000
165.75000
192.99000
148.83000
115.12000
197.27000
197.29000
109.03000
107.62000
129.84000
167.47000
120.36000
181.11000
148.37000
190.41000
106.00000
154.50000
151.85000
154.52000
178.22000
123.24000
103.29000
199.79000
188.32000
109.34000
179.81000
167.78000
176.71000
111.41000
122.57000
151.61000
06.65000
09.28000
07.35000
07.33000
06.08000
07.52000
07.60000
08.26000
06.78000
08.84000
09.20000
05.63000
07.90000
09.46000
06.48000
09.31000
08.35000
07.22000
07.32000
09.50000
09.34000
09.11000
05.60000
09.34000
06.81000
08.76000
08.73000
07.35000
08.99000
08.94000
05.12000
09.91000
08.86000
09.07000
06.69000
08.58000
09.89000
06.54000
09.77000
05.01000
06.71000
08.54000
08.32000
07.95000
05.18000
05.24000
06.35000
09.80000
06.18000
05.80000
07.41000
05.87000
05.36000
06.04000
08.59000
06.88000
05.62000
05.93000
08.01000
06.40000
09.64000
07.06000
07.27000
08.43000
07.35000
05.18000
09.02000
09.83000
08.45000
07.65000
07.34000
05.66000
09.00000
06.05000
08.75000
05.69000
09.35000
09.94000
05.04000
05.77000
05.82000
06.67000
08.00000
08.80000
06.00000
08.42000
05.41000
05.56000
07.25000
08.95000
08.57000
07.21000
09.19000
06.21000
09.81000
07.81000
06.23000
09.75000
09.96000
06.82000
05.01000
08.28000
05.89000
06.57000
06.95000
06.05000
06.80000
06.07000
08.97000
05.18000
05.24000
05.15000
05.91000
05.93000
05.59000
09.41000
07.48000
09.27000
08.86000
07.20000
07.99000
05.31000
07.06000
09.78000
06.54000
05.81000
05.70000
08.78000
09.45000
06.67000
06.34000
08.74000
07.85000
05.42000
09.01000
09.56000
05.11000
08.75000
09.81000
09.06000
06.12000
08.00000
06.85000
09.98000
06.10000
07.54000
06.44000
05.45000
09.52000
07.02000
09.05000
07.78000
05.16000
05.38000
09.90000
05.80000
09.05000
05.71000
05.20000
06.22000
06.99000
07.74000
09.71000
06.16000
07.04000
05.31000
09.17000
05.61000
07.04000
08.96000
07.88000
09.96000
07.07000
08.31000
06.11000
08.97000
09.56000
05.86000
09.07000
08.82000
07.88000
07.98000
05.83000
09.88000
09.59000
09.93000
05.76000
06.06000
05.15000
08.63000
08.30000
06.63000
07.33000
05.11000
08.91000
08.80000
08.63000
07.08000
06.53000
05.14000
08.86000
06.37000
06.15000
06.10000
07.54000
06.46000
06.27000
07.56000
06.50000
09.95000
06.77000
08.08000
06.83000
08.87000
06.30000
05.27000
08.11000
07.63000
08.09000
08.01000
06.75000
07.67000
07.29000
05.67000
09.96000
08.87000
07.54000
08.02000
07.21000
05.25000
08.51000
07.70000
07.73000
07.47000
08.39000
07.76000
08.04000
05.34000
06.36000
09.15000
09.39000
05.29000
05.14000
08.17000
05.32000
