35
7
124.26000
131.78000
140.51000
193.56000
143.21000
132.92000
179.70000
103.70000
177.09000
188.73000
146.97000
167.03000
115.10000
105.99000
176.08000
178.60000
173.03000
105.56000
102.32000
122.54000
143.21000
172.33000
112.56000
122.05000
144.52000
105.29000
195.22000
189.38000
172.44000
167.48000
190.30000
175.86000
148.97000
136.00000
139.35000
138.57000
184.41000
181.22000
171.61000
143.36000
167.27000
138.49000
143.31000
198.16000
132.73000
114.19000
134.22000
105.84000
141.89000
111.99000
199.95000
108.35000
182.38000
149.61000
197.67000
136.69000
118.42000
108.84000
136.12000
160.92000
140.78000
185.53000
125.62000
140.19000
116.79000
139.58000
128.02000
172.69000
140.34000
144.98000
180.89000
147.24000
132.69000
112.89000
132.55000
146.01000
189.42000
181.56000
174.86000
103.85000
102.69000
188.68000
133.73000
170.54000
105.45000
134.79000
186.66000
134.88000
157.22000
134.50000
112.70000
174.77000
194.08000
166.45000
142.46000
107.13000
178.69000
123.38000
108.13000
137.98000
150.26000
162.08000
193.43000
112.39000
174.54000
134.16000
165.42000
111.69000
183.57000
175.63000
131.54000
194.06000
111.64000
198.47000
170.03000
100.86000
176.41000
136.03000
128.71000
128.70000
182.73000
185.73000
106.92000
113.28000
161.99000
159.03000
105.62000
179.36000
122.14000
131.49000
177.27000
190.75000
197.72000
192.69000
175.94000
100.33000
199.79000
196.30000
107.24000
100.05000
115.12000
152.98000
114.37000
161.98000
176.50000
143.25000
101.77000
105.12000
160.86000
150.53000
149.54000
194.26000
168.36000
105.06000
127.35000
172.90000
175.70000
101.12000
156.44000
123.62000
186.15000
147.06000
159.62000
118.03000
179.56000
115.28000
111.26000
166.85000
162.30000
192.28000
187.27000
169.81000
117.36000
128.58000
115.15000
107.15000
106.59000
114.00000
198.43000
153.19000
175.92000
114.59000
101.45000
121.75000
189.04000
124.09000
159.08000
114.13000
117.97000
169.61000
162.86000
120.72000
111.30000
142.30000
155.92000
170.97000
144.16000
147.39000
182.92000
183.38000
168.27000
154.16000
140.12000
115.52000
161.91000
145.97000
125.31000
114.01000
179.90000
170.23000
156.04000
129.01000
140.30000
153.54000
113.30000
165.41000
171.30000
113.47000
113.78000
111.52000
173.14000
130.47000
169.36000
115.55000
189.71000
128.50000
193.45000
114.74000
141.48000
195.59000
151.06000
185.42000
175.47000
133.86000
108.72000
192.97000
115.25000
109.45000
184.57000
141.82000
110.98000
102.60000
198.27000
125.50000
189.37000
05.78000
07.23000
09.83000
05.83000
06.40000
06.87000
06.83000
08.22000
05.49000
08.39000
09.07000
06.46000
07.16000
08.27000
08.99000
08.80000
06.54000
05.88000
08.79000
05.10000
07.29000
05.99000
07.95000
09.40000
09.07000
06.25000
05.69000
07.36000
05.07000
09.70000
08.53000
08.77000
09.48000
07.28000
07.72000
08.63000
08.70000
08.12000
08.90000
09.08000
09.58000
05.43000
08.37000
08.37000
08.77000
05.06000
09.41000
08.56000
09.61000
08.96000
06.18000
05.84000
06.45000
06.95000
07.60000
08.08000
07.17000
09.29000
09.87000
07.27000
05.64000
09.08000
08.93000
07.03000
09.26000
09.85000
08.01000
05.13000
06.46000
07.99000
08.44000
09.77000
06.20000
06.99000
06.31000
09.73000
05.85000
08.69000
07.53000
07.15000
07.71000
09.70000
05.72000
07.08000
09.36000
07.43000
06.75000
08.68000
09.35000
07.21000
06.27000
07.79000
09.79000
09.73000
07.18000
09.35000
08.76000
08.58000
07.16000
09.96000
07.90000
07.75000
06.15000
05.37000
09.83000
07.21000
07.78000
07.86000
06.14000
06.51000
05.82000
08.87000
09.92000
06.17000
09.96000
07.55000
08.90000
08.71000
05.52000
06.89000
09.86000
07.01000
05.10000
09.06000
05.57000
06.84000
06.07000
07.83000
07.36000
09.38000
08.04000
06.13000
07.53000
08.68000
05.41000
08.52000
06.94000
09.20000
09.85000
08.73000
07.14000
07.54000
05.27000
08.39000
07.57000
05.61000
07.46000
08.88000
07.76000
08.70000
07.55000
08.80000
05.18000
09.79000
07.58000
09.12000
05.82000
07.22000
06.88000
09.95000
06.70000
07.25000
09.51000
08.06000
08.34000
06.52000
06.83000
09.34000
07.29000
09.55000
09.95000
06.33000
08.59000
06.26000
07.24000
08.27000
06.77000
06.85000
05.30000
08.09000
05.85000
09.46000
07.49000
08.36000
06.56000
08.32000
08.44000
06.39000
05.61000
06.85000
06.93000
06.11000
08.20000
08.88000
08.97000
05.61000
05.56000
06.13000
05.38000
09.62000
07.44000
05.71000
09.21000
06.99000
09.60000
07.61000
08.29000
08.24000
06.30000
07.22000
06.58000
05.09000
07.87000
09.69000
08.52000
09.96000
07.54000
09.50000
08.44000
07.19000
09.79000
08.32000
07.04000
07.06000
05.54000
05.07000
09.82000
06.48000
09.21000
09.04000
09.53000
06.51000
06.24000
07.41000
08.68000
09.84000
05.62000
07.75000
07.06000
08.30000
07.30000
05.55000
09.21000
05.37000
09.79000
