35
10
112.32000
118.35000
193.79000
172.52000
161.21000
190.80000
193.14000
102.52000
182.22000
176.09000
185.13000
168.99000
172.62000
177.75000
179.51000
187.96000
154.68000
124.29000
111.06000
100.44000
175.66000
169.22000
139.54000
172.45000
107.82000
191.06000
149.71000
195.01000
148.45000
193.33000
151.35000
184.12000
119.79000
104.54000
179.21000
103.57000
158.48000
116.95000
146.52000
169.52000
127.10000
168.35000
164.32000
147.09000
173.85000
115.94000
172.94000
111.68000
130.37000
147.63000
116.52000
163.68000
153.31000
176.29000
164.22000
128.48000
124.30000
139.82000
110.16000
156.46000
149.98000
101.11000
173.49000
123.03000
161.99000
148.05000
198.35000
128.57000
116.99000
193.54000
168.29000
168.17000
110.29000
164.97000
195.59000
135.17000
187.91000
155.78000
190.04000
167.85000
193.81000
126.52000
130.14000
150.97000
119.00000
174.46000
119.42000
194.31000
179.50000
121.88000
186.39000
132.62000
116.32000
116.03000
184.57000
125.67000
195.49000
129.18000
192.47000
158.23000
108.00000
158.59000
113.61000
140.07000
169.89000
192.14000
142.48000
164.38000
153.21000
141.94000
190.18000
198.30000
146.42000
158.53000
191.51000
149.23000
121.58000
148.57000
109.34000
136.29000
154.07000
143.69000
131.58000
103.63000
144.27000
100.54000
171.11000
120.39000
117.59000
100.75000
165.81000
180.71000
124.41000
150.97000
178.59000
103.74000
140.13000
182.83000
197.34000
133.60000
128.80000
144.55000
127.04000
197.07000
113.83000
176.44000
150.53000
119.81000
162.59000
153.40000
189.51000
142.50000
134.84000
141.45000
116.23000
143.66000
115.35000
131.61000
127.97000
126.81000
113.89000
139.88000
146.99000
120.47000
165.21000
107.30000
120.56000
178.15000
129.09000
199.86000
120.94000
178.36000
190.29000
108.60000
145.40000
106.64000
113.15000
124.16000
189.45000
104.17000
122.97000
199.04000
148.15000
137.74000
100.96000
175.78000
168.97000
145.24000
141.27000
104.76000
158.54000
189.56000
163.02000
161.40000
148.51000
158.60000
110.37000
146.06000
195.52000
165.24000
152.45000
184.15000
181.20000
147.37000
183.40000
126.05000
112.21000
167.89000
122.37000
147.16000
188.98000
129.84000
146.41000
149.04000
156.77000
123.91000
191.58000
164.27000
111.43000
194.00000
115.99000
101.04000
193.98000
187.40000
173.18000
119.12000
170.44000
176.35000
141.66000
103.27000
131.81000
158.13000
124.93000
163.26000
194.11000
155.01000
151.52000
133.84000
198.37000
114.25000
174.94000
174.80000
110.59000
108.11000
173.71000
115.88000
124.18000
130.17000
189.59000
136.37000
121.73000
178.25000
108.92000
101.19000
166.06000
102.11000
184.60000
179.50000
182.57000
183.41000
154.53000
165.43000
121.64000
128.76000
181.59000
178.13000
158.67000
169.83000
153.68000
161.73000
194.04000
163.25000
183.69000
185.38000
153.15000
190.66000
109.50000
143.21000
186.39000
158.70000
180.80000
119.78000
185.72000
142.57000
158.33000
156.52000
192.81000
156.58000
197.43000
176.80000
144.50000
140.27000
120.38000
109.15000
175.53000
134.67000
174.45000
107.09000
145.69000
105.77000
131.88000
149.12000
139.72000
144.61000
189.96000
138.77000
167.41000
167.19000
170.94000
104.54000
163.51000
114.54000
122.10000
199.96000
187.79000
120.05000
149.67000
150.75000
161.53000
156.29000
109.38000
184.36000
147.96000
109.23000
183.56000
181.74000
124.04000
179.27000
128.83000
155.79000
158.92000
191.80000
126.85000
144.39000
146.73000
197.21000
184.24000
110.44000
106.62000
170.88000
132.66000
141.84000
182.73000
113.21000
128.74000
151.45000
144.19000
149.59000
154.13000
177.19000
05.82000
08.45000
08.35000
05.74000
09.94000
06.61000
06.30000
09.18000
06.05000
05.66000
08.17000
09.95000
09.56000
05.07000
07.50000
05.67000
07.14000
05.55000
09.06000
05.16000
06.70000
09.09000
08.89000
08.55000
07.38000
08.90000
09.29000
07.16000
09.62000
09.47000
08.77000
08.60000
05.05000
06.50000
07.14000
09.38000
05.47000
05.11000
05.97000
07.54000
06.43000
08.10000
09.72000
09.26000
05.98000
06.99000
05.15000
08.25000
09.38000
08.57000
05.64000
09.44000
08.14000
05.91000
05.84000
09.02000
09.99000
08.34000
06.61000
09.44000
08.96000
06.42000
05.08000
09.38000
05.29000
06.96000
09.64000
08.79000
05.48000
08.03000
06.09000
07.56000
09.42000
06.46000
09.46000
08.80000
09.15000
05.54000
05.58000
08.01000
07.45000
05.44000
07.65000
07.46000
05.67000
06.57000
05.16000
05.69000
06.41000
05.60000
08.83000
07.49000
08.51000
05.43000
05.63000
08.88000
07.07000
05.22000
08.79000
07.17000
08.44000
05.38000
07.77000
05.88000
05.21000
06.60000
09.57000
07.45000
08.75000
06.33000
09.06000
09.71000
09.07000
06.34000
05.82000
09.73000
07.41000
05.65000
05.42000
09.65000
07.46000
09.52000
09.66000
07.83000
09.17000
09.43000
06.63000
08.92000
08.72000
08.15000
05.63000
08.78000
08.56000
09.69000
07.24000
09.55000
07.38000
09.29000
08.26000
09.61000
09.14000
08.95000
09.55000
08.12000
06.12000
08.98000
07.16000
08.43000
06.35000
05.05000
05.26000
06.55000
05.87000
07.28000
08.02000
05.72000
06.96000
07.00000
05.83000
05.40000
08.16000
06.82000
05.37000
06.32000
09.26000
05.58000
09.53000
05.45000
06.28000
08.38000
07.49000
06.00000
06.52000
06.57000
09.64000
06.06000
07.10000
09.68000
09.14000
09.01000
08.92000
08.69000
08.77000
06.87000
05.82000
07.73000
09.41000
08.95000
08.68000
09.25000
05.04000
05.83000
09.64000
06.93000
05.92000
09.30000
07.08000
05.72000
08.56000
07.45000
05.61000
06.81000
05.72000
09.59000
06.13000
07.63000
06.38000
06.28000
05.76000
06.89000
07.26000
06.84000
09.92000
05.27000
05.34000
07.30000
05.30000
08.96000
08.20000
09.17000
06.60000
07.24000
09.69000
05.37000
05.80000
06.14000
09.91000
05.04000
06.12000
07.93000
05.20000
08.59000
07.03000
06.17000
08.16000
07.70000
09.26000
05.62000
07.64000
05.26000
09.77000
07.34000
08.75000
05.45000
06.80000
06.47000
09.07000
05.78000
06.06000
07.62000
05.61000
07.95000
06.99000
07.44000
05.45000
09.06000
09.78000
05.54000
09.78000
06.87000
08.75000
07.81000
06.03000
05.38000
09.46000
06.38000
07.90000
09.85000
08.73000
09.62000
05.34000
06.78000
09.63000
07.18000
09.52000
08.93000
06.46000
09.91000
07.90000
05.29000
07.21000
08.42000
09.51000
06.19000
08.60000
08.50000
07.86000
08.59000
08.56000
08.86000
07.34000
08.35000
08.75000
05.22000
07.73000
09.31000
07.09000
09.56000
05.06000
06.58000
07.74000
05.10000
06.63000
06.50000
06.10000
06.30000
05.95000
06.67000
08.84000
08.90000
07.83000
05.94000
08.87000
09.87000
08.30000
06.89000
08.41000
09.55000
07.38000
08.57000
09.77000
09.28000
09.89000
08.05000
09.28000
09.76000
09.26000
05.29000
08.43000
09.05000
05.13000
06.46000
09.98000
06.46000
08.37000
09.01000
07.94000
07.58000
06.11000
06.64000
07.56000
09.20000
06.73000
09.28000
05.34000
09.40000
09.86000
08.12000
09.03000
07.50000
