35
4
129.07000
169.08000
107.76000
109.00000
125.80000
150.19000
163.29000
185.24000
125.29000
131.72000
141.89000
132.21000
168.16000
154.29000
184.19000
190.53000
195.04000
158.52000
130.81000
100.83000
146.56000
185.04000
122.37000
103.73000
163.33000
174.47000
199.51000
139.85000
185.99000
167.45000
102.84000
149.83000
155.15000
104.59000
173.00000
141.93000
197.45000
131.53000
119.41000
137.89000
115.34000
181.70000
118.46000
108.67000
186.96000
189.51000
104.05000
119.91000
177.94000
120.58000
141.82000
137.23000
153.91000
140.55000
197.39000
126.25000
180.49000
115.03000
136.39000
152.60000
123.30000
109.66000
124.43000
181.91000
147.97000
190.05000
127.14000
179.79000
120.13000
121.83000
101.91000
160.31000
141.33000
122.14000
194.03000
112.30000
146.35000
129.61000
109.61000
197.91000
120.14000
166.01000
139.28000
107.76000
153.34000
121.97000
173.65000
132.47000
136.56000
188.10000
103.37000
162.68000
160.42000
155.04000
119.05000
189.01000
115.57000
113.42000
111.31000
102.08000
192.61000
153.84000
170.79000
192.52000
182.18000
190.10000
143.95000
141.91000
178.75000
175.80000
130.98000
168.74000
190.11000
122.67000
170.57000
164.54000
111.84000
146.31000
178.36000
144.93000
159.57000
162.36000
169.95000
125.55000
148.94000
186.45000
160.98000
122.01000
195.55000
134.19000
167.08000
149.94000
115.04000
121.21000
103.87000
124.96000
123.02000
163.14000
186.96000
162.71000
02.06000
02.96000
02.08000
01.75000
01.62000
04.64000
03.08000
04.52000
01.84000
03.27000
02.31000
03.79000
01.86000
01.98000
02.90000
02.71000
04.80000
03.88000
03.97000
04.39000
01.78000
04.11000
04.64000
03.95000
03.94000
01.80000
04.05000
04.53000
02.38000
04.05000
01.32000
01.25000
04.25000
02.01000
03.56000
01.64000
02.25000
04.00000
03.86000
02.60000
02.83000
02.96000
03.20000
03.59000
01.97000
04.00000
01.15000
04.71000
03.78000
03.25000
01.85000
02.11000
04.39000
04.83000
01.41000
03.91000
03.92000
04.87000
03.95000
02.22000
02.51000
03.49000
01.62000
01.18000
04.28000
04.82000
02.52000
04.91000
01.35000
04.98000
01.54000
04.01000
02.83000
02.73000
02.77000
02.31000
03.01000
02.88000
02.19000
01.58000
03.95000
04.55000
04.92000
02.93000
02.75000
04.87000
04.08000
03.51000
04.56000
04.97000
04.81000
04.42000
02.48000
01.98000
04.22000
02.80000
01.65000
01.01000
03.43000
03.77000
03.20000
03.20000
03.59000
04.46000
04.24000
03.80000
02.65000
03.76000
01.77000
04.12000
01.06000
03.64000
01.76000
02.10000
02.16000
04.25000
01.51000
03.86000
04.07000
03.70000
03.13000
03.54000
04.93000
04.13000
04.76000
03.25000
02.86000
03.66000
04.51000
01.12000
03.98000
04.41000
04.53000
03.28000
02.42000
04.51000
02.92000
03.85000
04.30000
02.08000
