35
10
116.82000
159.88000
114.48000
176.91000
127.17000
155.48000
113.91000
192.90000
122.82000
100.55000
141.04000
153.87000
144.80000
142.36000
149.38000
119.58000
159.12000
153.16000
117.44000
174.80000
156.80000
130.23000
148.73000
129.29000
153.84000
195.84000
171.78000
117.82000
191.28000
197.24000
140.10000
100.16000
135.11000
106.70000
132.21000
181.32000
146.84000
132.61000
167.80000
134.79000
108.23000
119.14000
143.94000
118.53000
177.34000
117.39000
187.38000
101.70000
179.57000
109.01000
135.99000
178.43000
165.29000
100.64000
152.68000
167.86000
109.91000
123.91000
125.33000
114.13000
113.82000
135.47000
166.83000
186.39000
102.39000
116.95000
115.08000
178.77000
126.04000
175.01000
103.34000
194.80000
116.25000
192.58000
127.72000
156.12000
119.42000
167.90000
187.11000
149.43000
190.61000
111.33000
103.79000
103.25000
164.59000
163.90000
125.01000
171.08000
101.12000
191.62000
123.05000
131.45000
184.98000
185.51000
195.17000
187.86000
125.92000
161.59000
163.63000
168.85000
158.72000
160.86000
175.69000
127.92000
143.13000
125.25000
164.73000
102.92000
126.48000
133.15000
195.71000
151.15000
114.64000
118.68000
177.09000
174.09000
178.40000
182.25000
165.50000
184.64000
186.88000
149.25000
142.59000
120.68000
134.24000
170.06000
115.00000
145.10000
139.61000
120.07000
114.37000
145.81000
147.14000
199.69000
197.34000
135.67000
125.96000
134.28000
145.55000
152.60000
186.27000
187.92000
138.09000
179.35000
153.61000
178.66000
149.70000
165.96000
182.24000
185.46000
196.22000
195.40000
175.67000
118.10000
193.69000
189.94000
162.42000
111.34000
183.10000
196.83000
196.00000
124.95000
130.47000
188.35000
154.93000
143.70000
126.83000
161.76000
142.72000
177.34000
188.18000
139.32000
187.89000
160.65000
155.55000
159.60000
191.50000
101.44000
135.17000
132.29000
115.33000
103.78000
153.15000
119.06000
146.30000
182.88000
119.08000
151.54000
172.30000
182.89000
133.36000
186.36000
106.21000
172.94000
121.37000
105.18000
185.93000
147.18000
133.52000
114.62000
174.34000
124.74000
145.18000
146.34000
159.35000
149.78000
156.75000
156.97000
153.83000
191.42000
186.84000
127.35000
142.81000
107.56000
140.54000
106.89000
144.53000
115.65000
183.35000
113.16000
199.62000
117.84000
100.04000
137.15000
105.35000
117.64000
100.38000
194.89000
183.99000
143.57000
119.13000
127.39000
182.81000
149.15000
116.07000
100.67000
174.06000
112.88000
175.95000
105.75000
155.01000
138.30000
108.54000
158.63000
147.93000
187.86000
132.70000
106.09000
139.44000
165.81000
133.98000
147.53000
128.86000
108.32000
138.20000
131.84000
127.67000
178.28000
164.50000
134.42000
167.49000
163.58000
157.01000
155.65000
104.98000
177.10000
184.88000
120.94000
121.76000
156.75000
142.25000
180.67000
124.50000
165.40000
148.25000
110.22000
144.82000
190.96000
147.04000
110.00000
149.03000
175.51000
144.12000
199.98000
103.16000
155.23000
150.81000
154.19000
100.80000
123.86000
105.90000
155.32000
107.96000
153.69000
187.90000
188.15000
115.67000
141.96000
100.32000
162.44000
139.94000
110.96000
171.69000
112.96000
121.79000
107.94000
155.51000
199.47000
127.22000
105.17000
130.31000
106.74000
147.26000
199.92000
199.59000
118.31000
162.72000
152.70000
156.87000
178.30000
193.62000
117.04000
189.44000
192.40000
187.33000
179.44000
106.87000
154.75000
194.22000
146.52000
172.07000
184.49000
189.69000
149.95000
172.92000
125.76000
174.14000
146.34000
122.31000
147.69000
172.95000
117.36000
158.13000
144.44000
136.51000
169.63000
143.27000
135.14000
140.21000
134.79000
02.70000
03.85000
03.50000
02.35000
03.06000
03.04000
04.29000
04.22000
03.43000
02.54000
04.01000
02.94000
02.89000
04.68000
04.23000
03.34000
01.52000
04.79000
03.54000
03.25000
04.39000
03.21000
01.50000
01.49000
01.60000
01.24000
02.71000
01.91000
04.20000
01.24000
04.73000
01.31000
04.29000
02.51000
02.15000
03.44000
02.39000
01.94000
04.82000
03.40000
02.97000
02.06000
01.75000
03.98000
02.87000
01.02000
02.85000
04.88000
03.04000
01.03000
03.58000
02.80000
01.45000
01.29000
04.40000
03.44000
01.03000
02.00000
02.75000
01.52000
01.76000
04.37000
01.08000
04.73000
04.57000
02.59000
02.86000
01.77000
03.42000
03.88000
02.05000
02.47000
02.43000
03.19000
04.54000
02.58000
04.58000
04.75000
01.07000
01.11000
04.82000
04.38000
04.98000
02.62000
02.98000
01.17000
02.59000
04.70000
03.88000
03.19000
01.24000
01.93000
01.35000
03.53000
01.24000
01.89000
02.23000
04.24000
03.94000
01.14000
02.33000
04.43000
03.65000
01.27000
02.48000
03.75000
03.53000
03.74000
04.22000
03.49000
03.07000
04.77000
01.02000
02.17000
04.81000
01.08000
05.00000
03.73000
01.95000
03.13000
03.86000
01.13000
04.71000
02.38000
02.30000
04.33000
04.27000
03.26000
02.04000
04.27000
04.85000
03.24000
01.76000
04.90000
03.65000
04.78000
01.18000
03.19000
02.87000
03.31000
04.35000
02.87000
01.96000
04.76000
02.49000
01.27000
01.91000
04.77000
03.52000
03.98000
03.93000
01.90000
03.04000
01.85000
02.08000
01.47000
01.60000
02.70000
03.45000
01.80000
04.79000
03.35000
04.11000
02.23000
03.19000
01.64000
01.15000
03.08000
04.38000
04.38000
04.63000
01.68000
04.93000
03.42000
01.64000
03.85000
02.50000
01.30000
01.01000
03.13000
03.20000
01.15000
04.54000
04.97000
03.30000
04.03000
02.57000
01.58000
04.25000
04.66000
03.05000
02.15000
04.50000
02.73000
02.93000
04.90000
03.50000
02.95000
04.16000
01.02000
01.70000
03.02000
01.71000
02.72000
04.57000
01.65000
03.51000
03.19000
02.55000
02.53000
04.29000
03.73000
03.81000
03.87000
01.88000
02.28000
04.76000
02.12000
03.03000
03.88000
01.56000
03.33000
01.56000
01.59000
02.54000
03.08000
04.31000
01.51000
01.01000
01.94000
03.09000
02.71000
03.31000
01.49000
02.74000
01.26000
04.77000
04.32000
01.09000
02.25000
01.72000
01.99000
04.97000
03.76000
03.48000
02.57000
01.87000
04.51000
04.97000
01.53000
02.60000
01.98000
03.24000
05.00000
03.22000
02.55000
04.64000
01.42000
01.44000
01.19000
01.37000
04.25000
03.97000
01.83000
02.62000
03.94000
02.50000
01.44000
02.61000
03.95000
01.75000
01.96000
04.54000
04.73000
03.41000
02.35000
04.60000
03.73000
02.18000
02.57000
01.86000
02.80000
03.59000
03.04000
02.21000
01.15000
04.76000
01.57000
03.59000
03.07000
02.37000
04.72000
02.08000
03.90000
03.00000
02.32000
02.75000
03.97000
02.23000
01.19000
03.69000
04.60000
04.64000
01.16000
03.96000
04.12000
03.81000
03.06000
03.66000
01.87000
02.30000
04.73000
03.85000
02.16000
03.71000
02.17000
03.98000
04.33000
01.24000
04.60000
03.46000
02.36000
02.65000
04.79000
03.66000
04.88000
02.13000
03.44000
02.52000
03.08000
04.12000
02.25000
03.01000
01.17000
02.08000
03.92000
01.06000
04.36000
02.47000
04.17000
01.65000
02.84000
04.74000
03.69000
02.71000
03.82000
01.34000
04.18000
03.21000
03.51000
