35
4
104.38000
163.58000
114.21000
113.93000
109.49000
186.66000
120.30000
124.33000
101.72000
194.53000
133.84000
189.83000
121.72000
127.81000
195.45000
151.05000
110.10000
127.13000
145.75000
148.63000
107.49000
133.12000
125.38000
123.19000
154.51000
186.40000
174.96000
115.34000
191.79000
127.59000
135.10000
165.73000
159.96000
197.33000
146.44000
122.47000
188.14000
167.33000
179.03000
143.79000
133.74000
122.55000
135.48000
199.32000
192.45000
194.79000
137.85000
154.67000
129.89000
149.67000
151.77000
175.48000
111.69000
152.82000
142.86000
127.37000
103.48000
169.85000
176.75000
175.96000
170.87000
166.41000
119.06000
186.89000
179.51000
108.10000
135.42000
125.76000
195.00000
160.57000
151.39000
138.64000
163.16000
195.87000
121.80000
190.02000
163.66000
169.92000
150.05000
109.39000
167.31000
107.27000
126.77000
187.38000
164.74000
198.55000
142.57000
114.61000
146.57000
134.39000
188.08000
181.71000
103.42000
105.41000
153.93000
179.30000
125.92000
102.23000
130.74000
198.02000
104.70000
115.49000
109.14000
128.47000
130.37000
156.89000
107.91000
134.86000
176.28000
197.26000
139.44000
171.04000
136.84000
108.16000
132.92000
185.57000
117.14000
105.22000
103.96000
194.06000
132.82000
104.06000
168.18000
112.15000
199.50000
120.31000
141.22000
155.46000
132.81000
169.58000
138.70000
139.62000
148.36000
167.52000
176.24000
180.24000
161.80000
129.74000
169.47000
192.96000
05.84000
06.27000
05.56000
07.57000
07.78000
05.83000
07.98000
09.65000
07.90000
08.92000
05.53000
09.72000
05.11000
09.44000
07.12000
06.68000
08.31000
06.31000
06.65000
09.44000
06.40000
08.43000
08.04000
06.90000
08.30000
09.70000
05.18000
07.97000
07.92000
09.04000
06.99000
06.55000
09.15000
05.35000
07.37000
06.02000
09.95000
05.05000
05.99000
07.16000
05.27000
06.74000
05.30000
09.43000
09.87000
07.13000
08.98000
07.97000
08.91000
06.36000
07.18000
07.95000
07.55000
09.61000
05.04000
09.51000
05.94000
07.03000
07.74000
07.82000
09.24000
08.77000
05.43000
08.02000
07.60000
09.98000
08.26000
05.29000
06.18000
05.83000
08.91000
09.85000
09.04000
08.32000
07.45000
06.57000
08.70000
07.27000
08.58000
09.34000
09.14000
07.96000
08.68000
09.56000
06.76000
06.82000
09.17000
08.65000
07.97000
05.24000
06.46000
08.01000
09.18000
09.64000
06.94000
09.05000
06.79000
06.41000
07.03000
08.16000
07.21000
06.97000
08.13000
06.77000
06.85000
09.37000
08.04000
09.77000
06.29000
05.32000
08.13000
06.97000
07.64000
06.94000
05.17000
08.67000
07.29000
06.88000
06.83000
07.52000
07.88000
07.81000
05.76000
06.19000
07.06000
07.37000
09.62000
07.32000
07.51000
08.23000
06.06000
08.57000
06.86000
08.04000
07.74000
07.60000
07.79000
09.46000
07.32000
07.07000
