35
10
14.33000
26.34000
40.63000
68.91000
68.06000
40.71000
61.48000
31.10000
49.15000
19.64000
73.29000
24.56000
41.51000
53.26000
73.36000
52.79000
54.80000
58.41000
83.73000
45.01000
24.45000
75.69000
52.19000
54.21000
9.62000
71.48000
50.30000
59.11000
94.23000
36.86000
75.33000
63.19000
89.95000
86.70000
50.35000
71.48000
61.10000
25.63000
33.26000
54.87000
76.87000
40.93000
6.36000
40.30000
33.68000
36.81000
25.86000
90.03000
49.46000
87.89000
24.10000
93.07000
68.93000
95.57000
57.15000
62.18000
61.52000
84.99000
7.84000
34.88000
21.44000
7.03000
80.73000
73.42000
66.64000
35.32000
10.16000
66.81000
42.82000
71.26000
92.86000
22.16000
7.85000
32.75000
94.44000
33.59000
80.03000
37.49000
77.21000
71.18000
39.24000
26.82000
7.54000
8.48000
62.22000
84.65000
74.53000
40.76000
53.44000
22.66000
96.05000
91.09000
41.14000
73.25000
13.68000
8.24000
78.30000
97.60000
90.80000
61.77000
44.65000
80.63000
21.50000
50.96000
42.66000
56.33000
20.00000
62.05000
89.53000
43.60000
37.26000
22.69000
77.49000
22.56000
54.81000
18.52000
87.60000
86.42000
23.54000
56.13000
83.11000
56.11000
18.09000
67.83000
52.05000
74.34000
38.85000
10.71000
7.17000
11.56000
11.95000
64.57000
84.98000
59.97000
86.29000
38.01000
50.74000
40.51000
39.48000
61.34000
91.95000
17.37000
51.87000
14.75000
32.49000
94.74000
31.16000
7.94000
59.13000
38.64000
92.09000
64.31000
20.66000
1.07000
95.85000
51.22000
87.62000
59.75000
27.35000
58.78000
59.32000
20.15000
94.25000
3.85000
56.78000
9.52000
33.97000
26.02000
27.81000
80.83000
4.69000
91.65000
43.95000
14.82000
90.32000
78.73000
94.95000
81.98000
59.50000
39.54000
89.93000
26.46000
20.78000
45.12000
34.64000
74.68000
18.62000
21.60000
9.91000
66.15000
47.21000
18.88000
22.30000
63.14000
26.50000
12.59000
4.16000
53.66000
99.19000
3.11000
11.54000
50.47000
36.72000
15.59000
26.28000
91.08000
31.30000
99.90000
54.94000
39.76000
73.89000
70.90000
13.20000
40.77000
26.89000
49.87000
97.62000
93.97000
48.69000
34.30000
88.60000
43.00000
68.51000
58.62000
26.76000
33.65000
40.34000
82.99000
76.44000
38.48000
41.90000
92.34000
30.75000
54.76000
76.68000
96.33000
4.56000
5.56000
73.91000
30.37000
38.45000
36.65000
86.56000
52.65000
98.79000
18.66000
36.50000
48.38000
89.15000
70.02000
64.72000
26.41000
24.36000
10.40000
6.03000
17.40000
73.96000
93.87000
71.19000
89.80000
65.07000
5.25000
99.72000
39.81000
47.58000
48.13000
54.87000
84.39000
96.12000
55.82000
23.66000
69.21000
13.10000
84.40000
18.85000
62.75000
21.63000
16.69000
77.95000
59.19000
60.06000
29.05000
65.79000
50.90000
39.09000
62.78000
59.30000
21.04000
71.16000
69.20000
33.34000
92.46000
66.93000
64.17000
9.95000
95.39000
60.82000
88.30000
35.91000
82.80000
13.00000
8.94000
83.78000
33.44000
7.39000
15.20000
51.85000
49.78000
53.65000
23.92000
61.16000
61.05000
87.20000
75.73000
59.50000
81.08000
57.81000
54.22000
47.65000
97.52000
62.25000
33.92000
5.74000
59.15000
80.81000
98.23000
46.20000
52.98000
58.20000
49.53000
27.12000
91.78000
62.85000
11.95000
29.31000
15.04000
88.97000
35.37000
59.35000
83.04000
56.52000
95.45000
49.57000
85.79000
9.18000
93.56000
56.03000
36.05000
15.40000
54.85000
01.47000
02.31000
04.52000
02.92000
02.99000
04.67000
03.15000
02.73000
03.57000
01.57000
01.13000
04.99000
01.03000
02.09000
02.78000
01.29000
02.21000
04.32000
01.44000
04.21000
02.92000
03.32000
03.42000
03.32000
04.00000
03.18000
04.06000
01.19000
03.28000
04.97000
03.68000
01.42000
03.59000
02.78000
03.62000
03.95000
03.88000
01.63000
03.17000
02.28000
02.85000
02.22000
03.43000
04.61000
01.22000
01.41000
02.32000
03.40000
04.68000
02.16000
04.04000
04.09000
03.95000
04.42000
01.79000
01.16000
02.73000
01.14000
01.77000
02.03000
01.72000
02.28000
03.19000
03.18000
02.62000
02.80000
02.25000
02.04000
04.13000
02.63000
02.98000
01.68000
02.43000
03.57000
01.64000
04.20000
03.65000
04.03000
04.82000
01.80000
04.82000
04.61000
04.62000
01.82000
04.51000
03.13000
02.09000
04.56000
02.29000
02.43000
03.33000
03.37000
02.76000
02.33000
03.41000
04.57000
03.47000
03.67000
02.41000
03.50000
03.03000
04.26000
01.41000
04.47000
04.99000
03.04000
04.57000
04.63000
04.71000
02.21000
01.67000
03.15000
03.49000
02.64000
02.99000
01.66000
03.83000
01.03000
02.47000
03.36000
02.19000
03.08000
03.07000
04.44000
04.02000
03.50000
04.75000
02.12000
03.78000
01.99000
04.45000
02.59000
04.91000
03.25000
04.13000
01.07000
03.88000
04.99000
02.74000
01.74000
04.38000
01.63000
01.79000
03.03000
02.25000
04.97000
04.09000
03.70000
03.93000
02.75000
02.74000
02.96000
03.76000
04.52000
02.57000
04.90000
01.05000
04.88000
01.40000
02.58000
04.14000
03.40000
02.08000
02.09000
02.36000
04.67000
04.42000
02.50000
02.03000
02.24000
01.26000
03.89000
02.48000
02.72000
02.41000
01.97000
03.84000
02.51000
01.86000
02.66000
02.95000
03.31000
01.18000
02.18000
04.41000
03.78000
04.32000
01.47000
02.41000
03.38000
03.98000
02.49000
04.16000
02.56000
01.87000
04.19000
01.86000
02.78000
04.69000
02.53000
04.72000
02.48000
04.14000
02.46000
02.94000
01.12000
04.93000
01.93000
03.72000
03.16000
03.38000
04.28000
03.20000
03.42000
04.55000
01.36000
03.56000
04.63000
03.63000
04.03000
01.50000
04.72000
01.20000
04.12000
04.09000
02.01000
02.84000
02.45000
03.42000
03.84000
03.12000
04.85000
04.56000
02.52000
01.63000
02.16000
01.58000
03.40000
02.94000
02.19000
01.57000
04.79000
04.63000
01.77000
04.60000
02.54000
03.16000
03.03000
04.16000
03.56000
02.56000
01.07000
04.95000
02.29000
04.74000
01.79000
04.13000
03.93000
04.16000
04.89000
02.65000
02.68000
04.27000
03.08000
02.46000
01.73000
01.52000
02.06000
02.52000
01.30000
01.37000
04.53000
02.77000
02.59000
02.27000
02.19000
04.18000
03.81000
03.67000
03.75000
02.63000
01.50000
02.80000
01.25000
02.46000
02.76000
02.00000
01.34000
02.11000
01.58000
01.81000
03.41000
04.41000
04.04000
03.55000
04.02000
01.18000
01.21000
01.56000
04.77000
01.26000
01.18000
03.17000
04.23000
02.48000
01.02000
04.70000
01.97000
03.66000
02.81000
03.48000
02.58000
04.63000
01.63000
01.85000
03.15000
03.96000
02.15000
02.72000
04.72000
03.55000
02.31000
04.06000
01.19000
01.68000
04.45000
03.66000
02.00000
01.05000
04.55000
02.72000
01.62000
01.36000
03.54000
03.46000
03.48000
03.33000
03.40000
01.08000
04.06000
04.64000
03.05000
03.77000
04.79000
04.01000
02.47000
04.74000
04.14000
01.13000
02.61000
