35
7
52.71000
17.24000
67.82000
42.69000
80.30000
17.54000
93.83000
87.22000
71.90000
71.63000
66.31000
51.43000
73.27000
88.03000
13.26000
67.35000
32.74000
63.38000
38.47000
33.41000
48.69000
33.04000
74.01000
59.96000
23.03000
21.49000
28.76000
23.80000
7.73000
91.94000
35.90000
13.62000
56.30000
98.72000
7.41000
79.92000
27.21000
18.19000
62.02000
60.55000
35.17000
29.43000
55.11000
79.14000
72.59000
69.43000
9.08000
52.71000
8.89000
93.10000
23.08000
11.17000
12.06000
44.50000
74.04000
47.87000
4.13000
5.37000
66.22000
72.08000
7.66000
46.64000
78.64000
56.48000
96.29000
79.88000
18.63000
86.69000
48.18000
5.86000
56.38000
50.16000
97.77000
1.83000
46.62000
70.68000
74.31000
32.33000
72.33000
25.24000
52.94000
23.24000
79.52000
25.76000
23.75000
74.87000
40.49000
99.05000
77.39000
78.69000
3.33000
38.37000
58.52000
63.85000
42.44000
46.89000
11.40000
48.68000
11.01000
94.20000
31.28000
90.16000
85.53000
64.82000
17.00000
51.83000
2.11000
55.78000
74.50000
59.83000
23.53000
10.05000
94.45000
6.53000
36.05000
48.12000
95.31000
98.97000
56.82000
80.80000
88.84000
87.88000
30.30000
32.83000
88.33000
10.12000
75.75000
90.36000
59.12000
40.26000
41.72000
57.47000
67.10000
45.02000
50.55000
98.66000
31.20000
28.81000
52.90000
95.36000
46.06000
1.43000
31.24000
70.88000
89.29000
11.58000
19.45000
38.37000
17.09000
56.04000
59.56000
97.10000
9.83000
91.27000
41.90000
55.79000
1.91000
13.39000
81.07000
34.09000
28.28000
4.69000
70.49000
17.05000
75.92000
88.12000
28.87000
3.67000
34.40000
77.82000
50.71000
56.34000
42.29000
24.60000
58.80000
62.67000
69.12000
70.44000
9.58000
94.30000
1.74000
97.24000
85.81000
43.10000
85.49000
12.65000
82.94000
47.28000
27.37000
17.55000
61.46000
11.46000
80.45000
54.45000
9.12000
52.18000
4.33000
55.05000
88.50000
52.42000
5.67000
88.71000
92.45000
8.07000
94.66000
15.98000
87.65000
77.45000
35.54000
33.07000
86.81000
5.88000
40.70000
41.13000
25.67000
50.63000
92.24000
86.70000
1.78000
35.47000
72.63000
29.89000
70.99000
95.50000
7.55000
18.95000
67.92000
33.26000
72.71000
42.82000
51.49000
61.19000
49.38000
79.60000
57.44000
59.19000
66.85000
47.06000
48.78000
20.03000
58.00000
50.14000
64.32000
98.94000
6.72000
08.13000
09.49000
05.63000
07.89000
07.45000
08.98000
06.48000
06.66000
06.68000
09.15000
08.65000
05.18000
06.39000
06.37000
05.38000
05.94000
06.89000
08.62000
08.47000
06.83000
05.79000
08.07000
05.69000
08.63000
05.45000
08.50000
08.35000
07.52000
05.49000
07.83000
08.78000
07.55000
05.30000
05.64000
07.81000
08.87000
09.48000
08.83000
07.04000
08.34000
09.12000
05.25000
07.72000
07.13000
08.75000
06.15000
07.54000
05.32000
05.66000
05.86000
08.96000
05.88000
06.88000
05.34000
07.98000
07.16000
06.74000
09.71000
06.62000
05.42000
09.32000
05.73000
05.39000
07.28000
05.96000
09.29000
05.83000
07.28000
07.77000
07.94000
07.46000
05.75000
09.09000
06.09000
07.72000
05.26000
05.83000
08.20000
08.30000
09.85000
06.71000
05.13000
09.90000
05.05000
05.73000
09.19000
09.20000
09.31000
06.66000
09.32000
06.42000
06.44000
05.52000
08.61000
07.78000
08.16000
08.12000
06.77000
08.04000
06.59000
07.51000
07.68000
07.95000
06.71000
06.54000
09.63000
07.00000
07.58000
05.72000
07.41000
07.37000
08.23000
08.24000
05.80000
09.80000
06.25000
08.09000
05.95000
09.18000
07.68000
06.01000
08.10000
06.43000
06.40000
07.48000
09.19000
05.98000
06.71000
05.26000
05.25000
08.27000
05.80000
06.85000
08.99000
07.27000
06.25000
07.04000
07.24000
07.96000
08.51000
05.03000
09.09000
06.71000
08.28000
09.41000
05.13000
06.96000
08.02000
08.22000
07.31000
05.05000
09.01000
06.65000
09.71000
05.10000
07.74000
07.14000
05.58000
07.24000
08.57000
06.88000
09.80000
05.12000
06.28000
05.35000
06.39000
08.40000
08.51000
06.79000
06.00000
05.28000
08.31000
07.69000
08.45000
09.94000
09.51000
07.93000
05.76000
06.93000
08.04000
06.41000
07.88000
08.69000
06.70000
08.94000
08.21000
08.14000
07.05000
07.42000
08.80000
08.61000
06.04000
06.01000
05.87000
09.45000
08.51000
08.62000
07.27000
08.55000
09.70000
06.45000
09.99000
09.77000
07.71000
05.46000
07.66000
05.53000
06.08000
08.85000
08.05000
05.03000
05.63000
06.44000
07.65000
09.25000
08.28000
09.24000
05.52000
06.02000
07.57000
09.78000
05.23000
09.39000
05.55000
06.66000
06.81000
06.91000
09.64000
05.76000
09.46000
07.16000
05.14000
07.72000
08.97000
07.22000
07.76000
05.45000
05.31000
05.20000
06.08000
06.62000
05.09000
07.72000
09.09000
06.18000
