35
4
1.00000
72.61000
28.37000
10.45000
1.70000
73.12000
37.39000
92.38000
78.60000
23.76000
93.23000
45.55000
73.93000
63.77000
38.11000
9.19000
27.91000
35.34000
11.24000
23.51000
79.75000
77.71000
52.84000
29.73000
71.67000
33.10000
5.14000
68.08000
43.89000
40.71000
7.34000
79.77000
36.64000
41.78000
99.68000
42.90000
85.71000
66.64000
77.19000
61.92000
65.92000
86.35000
22.90000
24.31000
42.87000
81.92000
47.33000
94.05000
81.53000
19.31000
17.46000
39.09000
48.86000
62.49000
97.24000
23.40000
9.84000
78.44000
54.65000
12.96000
29.42000
33.11000
53.65000
72.74000
73.59000
90.48000
60.22000
69.70000
9.30000
18.51000
63.88000
83.48000
56.58000
14.74000
52.95000
82.13000
76.60000
24.62000
76.86000
1.92000
27.81000
99.49000
27.31000
31.55000
98.93000
32.07000
93.02000
62.76000
82.67000
11.08000
66.72000
86.26000
68.76000
27.24000
38.13000
92.76000
47.91000
71.27000
96.96000
72.99000
10.85000
34.89000
35.92000
17.67000
47.28000
67.84000
21.57000
92.02000
68.26000
13.19000
16.00000
43.67000
89.48000
24.51000
43.13000
19.52000
52.14000
18.26000
19.43000
35.03000
70.70000
9.90000
59.37000
6.67000
61.64000
14.91000
79.42000
48.91000
40.41000
48.75000
95.05000
78.23000
22.50000
27.90000
22.72000
11.07000
23.37000
66.82000
75.90000
60.93000
01.47000
01.18000
02.99000
03.67000
03.30000
03.28000
04.31000
04.40000
04.89000
04.43000
04.95000
01.74000
01.37000
03.74000
04.05000
02.81000
03.87000
04.35000
04.72000
02.74000
03.50000
01.38000
02.09000
04.65000
03.39000
01.95000
03.29000
03.67000
02.67000
01.19000
03.43000
02.91000
04.46000
02.23000
01.65000
04.87000
03.15000
01.48000
02.79000
03.79000
01.02000
04.82000
01.35000
02.58000
04.29000
04.09000
03.37000
01.35000
01.08000
03.40000
04.96000
04.24000
03.52000
02.89000
02.27000
03.37000
03.73000
02.69000
03.41000
02.86000
01.83000
02.91000
04.51000
02.84000
01.95000
03.68000
01.69000
03.44000
04.22000
01.13000
03.66000
04.45000
03.94000
04.30000
04.02000
03.90000
01.05000
02.89000
01.16000
01.91000
03.50000
02.61000
04.21000
03.61000
04.42000
04.57000
02.28000
02.12000
04.93000
01.90000
04.51000
02.56000
02.16000
03.73000
04.01000
02.06000
01.22000
03.18000
01.92000
01.74000
03.26000
01.38000
03.36000
02.74000
01.38000
04.14000
02.24000
03.76000
04.26000
02.11000
04.52000
01.47000
03.78000
01.09000
03.83000
01.25000
03.41000
03.20000
02.30000
01.22000
01.26000
02.57000
02.06000
03.51000
03.46000
01.31000
01.23000
02.24000
04.14000
01.56000
01.94000
03.54000
01.41000
01.44000
02.31000
01.53000
01.41000
03.07000
04.47000
02.34000
