35
7
176.66000
111.53000
154.66000
151.55000
142.37000
122.75000
173.94000
158.74000
105.50000
126.81000
144.82000
120.14000
106.05000
175.00000
189.33000
112.88000
185.56000
107.72000
106.04000
178.10000
137.16000
104.40000
120.11000
171.03000
155.53000
133.56000
133.24000
110.96000
186.89000
102.75000
173.70000
131.23000
179.06000
108.62000
146.32000
168.68000
148.57000
189.74000
181.43000
127.13000
192.50000
175.69000
171.76000
128.03000
112.46000
141.68000
140.74000
131.31000
170.33000
185.89000
182.26000
110.93000
129.53000
195.58000
166.79000
104.93000
105.06000
197.07000
191.35000
165.41000
113.45000
105.74000
129.53000
108.53000
122.84000
176.04000
181.46000
164.52000
102.90000
151.46000
178.82000
142.63000
140.16000
191.88000
108.66000
123.80000
125.39000
135.96000
111.24000
154.95000
171.53000
103.53000
125.77000
192.87000
162.30000
139.66000
118.02000
108.40000
183.03000
178.48000
130.33000
136.45000
170.56000
193.17000
131.60000
126.01000
163.33000
146.00000
167.28000
190.10000
151.33000
138.29000
109.39000
155.83000
126.11000
157.74000
185.16000
156.23000
109.64000
160.53000
188.28000
127.90000
186.77000
133.64000
131.82000
113.32000
115.91000
129.95000
126.87000
166.15000
102.67000
141.39000
111.06000
154.11000
154.25000
148.97000
198.62000
109.00000
129.38000
172.77000
130.30000
176.65000
188.36000
121.91000
123.45000
166.98000
143.05000
144.59000
121.95000
103.98000
106.56000
182.14000
110.88000
133.31000
140.21000
163.27000
197.26000
150.76000
147.31000
123.81000
197.97000
101.97000
103.79000
163.49000
195.99000
137.49000
137.14000
121.15000
100.84000
121.91000
176.41000
124.65000
198.60000
183.89000
102.22000
140.95000
101.91000
166.16000
196.74000
126.05000
199.98000
175.52000
193.72000
175.02000
108.59000
143.40000
132.60000
143.55000
170.45000
122.70000
140.08000
192.68000
137.54000
128.70000
102.74000
186.54000
199.14000
144.73000
118.40000
171.75000
110.10000
118.20000
136.41000
134.02000
151.80000
110.60000
107.71000
148.09000
182.22000
147.46000
134.78000
127.79000
185.87000
168.38000
121.69000
176.00000
123.84000
177.02000
124.03000
134.66000
101.37000
135.75000
154.30000
172.07000
103.32000
198.24000
142.44000
166.33000
136.07000
123.05000
173.75000
126.91000
149.77000
190.42000
167.92000
147.30000
171.13000
144.63000
196.18000
160.07000
153.41000
144.04000
131.35000
186.87000
126.45000
111.04000
197.77000
188.36000
146.65000
182.13000
121.39000
114.33000
146.97000
157.83000
179.69000
04.11000
03.40000
02.46000
01.28000
04.78000
01.44000
01.73000
04.58000
01.32000
03.40000
01.37000
03.44000
02.93000
01.12000
04.74000
02.60000
02.63000
03.76000
02.00000
03.12000
03.24000
03.79000
04.15000
04.38000
03.40000
02.98000
04.97000
02.07000
03.57000
02.44000
03.07000
02.17000
04.00000
04.55000
03.88000
01.27000
01.97000
02.10000
04.17000
03.23000
03.13000
02.04000
02.79000
04.16000
02.72000
03.44000
02.54000
02.87000
03.33000
04.52000
02.14000
04.48000
03.34000
04.80000
03.14000
02.42000
02.96000
03.13000
03.90000
04.45000
02.19000
03.65000
01.59000
02.63000
02.87000
01.85000
02.19000
03.32000
02.62000
02.49000
02.89000
02.79000
03.72000
02.18000
04.08000
02.90000
01.79000
02.02000
01.10000
01.08000
04.12000
02.10000
03.26000
04.50000
02.66000
03.02000
04.65000
02.68000
01.16000
02.68000
02.19000
01.41000
01.21000
02.30000
01.62000
04.82000
04.19000
04.40000
03.49000
01.36000
01.31000
02.84000
01.14000
01.76000
03.58000
03.91000
03.68000
03.81000
02.37000
02.52000
03.95000
01.93000
03.29000
01.75000
03.94000
02.47000
01.54000
01.26000
04.30000
04.98000
02.43000
04.02000
02.53000
03.33000
03.10000
02.31000
02.92000
03.72000
02.51000
03.71000
02.58000
02.64000
03.43000
01.13000
01.42000
04.90000
02.42000
02.79000
04.19000
01.62000
01.49000
02.94000
04.39000
01.45000
03.94000
03.02000
02.55000
02.96000
03.14000
02.64000
03.55000
04.47000
03.98000
03.82000
03.43000
01.94000
01.15000
03.91000
03.06000
01.59000
01.18000
01.56000
02.10000
02.01000
04.39000
02.73000
01.04000
04.04000
02.91000
02.71000
03.16000
04.90000
02.70000
04.09000
04.59000
04.97000
03.98000
01.78000
03.30000
01.87000
03.44000
04.58000
03.64000
01.62000
01.85000
03.07000
01.21000
04.24000
01.46000
01.66000
03.42000
02.02000
02.35000
04.07000
02.49000
01.59000
04.41000
03.33000
01.49000
01.90000
01.34000
03.77000
04.26000
04.17000
02.65000
03.05000
01.48000
01.99000
03.68000
02.14000
02.18000
04.41000
01.23000
04.81000
03.65000
04.20000
04.90000
01.07000
03.99000
02.57000
04.94000
02.43000
03.18000
03.90000
01.01000
03.68000
04.02000
04.87000
02.54000
02.90000
02.10000
04.48000
02.82000
03.50000
03.86000
02.04000
04.90000
04.21000
04.52000
03.17000
03.68000
01.03000
02.13000
01.81000
03.86000
