35
10
38.36000
68.02000
23.24000
7.56000
79.00000
4.08000
26.64000
77.36000
97.08000
87.83000
89.65000
83.11000
15.63000
50.49000
48.69000
65.43000
79.44000
44.05000
61.92000
89.66000
63.07000
47.23000
15.27000
47.91000
62.80000
63.52000
17.39000
55.04000
1.68000
22.14000
3.72000
52.66000
25.49000
75.08000
33.41000
34.71000
8.40000
33.71000
15.44000
42.59000
55.78000
34.35000
10.36000
8.24000
9.18000
39.34000
84.77000
31.03000
23.69000
61.46000
10.09000
37.10000
81.14000
39.21000
77.55000
76.34000
89.09000
34.84000
9.08000
25.38000
78.87000
36.38000
46.38000
82.61000
7.56000
56.59000
59.90000
75.17000
54.97000
33.97000
58.82000
53.61000
77.38000
28.44000
76.64000
46.25000
11.41000
25.50000
73.16000
47.07000
46.53000
7.73000
51.84000
65.72000
99.58000
96.17000
40.92000
37.64000
13.18000
40.62000
93.37000
21.99000
50.68000
11.60000
88.94000
3.69000
5.19000
6.43000
31.10000
91.40000
90.55000
47.13000
47.08000
22.55000
50.39000
46.08000
3.67000
65.11000
69.95000
24.92000
93.09000
13.74000
32.13000
71.84000
20.95000
43.02000
21.68000
20.14000
72.28000
97.62000
38.99000
24.91000
61.84000
48.02000
10.18000
67.98000
27.14000
86.39000
84.15000
56.91000
30.44000
33.70000
38.53000
23.02000
59.75000
32.65000
71.71000
22.41000
28.84000
52.67000
90.85000
46.66000
18.97000
11.73000
48.37000
74.25000
82.04000
63.71000
86.37000
95.80000
41.71000
27.86000
90.79000
3.41000
93.28000
6.66000
71.28000
10.96000
60.80000
28.34000
62.27000
60.03000
90.06000
46.89000
23.93000
17.98000
54.59000
41.03000
40.16000
73.93000
50.69000
14.25000
21.65000
45.73000
1.41000
97.35000
63.79000
34.04000
6.69000
56.26000
50.05000
82.86000
45.41000
9.47000
43.86000
55.03000
48.55000
19.25000
64.16000
25.17000
47.44000
73.60000
55.66000
92.67000
98.16000
86.29000
86.81000
84.68000
83.53000
94.83000
52.80000
51.06000
10.12000
62.48000
71.58000
66.48000
8.27000
76.25000
87.85000
32.30000
3.19000
8.44000
33.26000
27.96000
31.90000
1.77000
60.65000
78.80000
71.21000
25.90000
53.97000
69.36000
87.47000
53.37000
90.94000
83.57000
71.77000
81.48000
76.05000
32.08000
39.99000
33.26000
37.52000
48.33000
32.72000
54.52000
28.35000
92.48000
16.33000
18.78000
27.25000
50.44000
80.90000
22.36000
37.72000
9.54000
50.48000
36.28000
76.63000
92.60000
53.30000
39.33000
33.92000
35.86000
98.19000
94.60000
5.62000
31.53000
37.03000
10.66000
54.00000
98.56000
43.45000
16.83000
68.06000
82.64000
18.84000
70.18000
60.57000
52.22000
87.34000
53.55000
69.03000
1.51000
1.84000
72.49000
56.72000
48.45000
34.96000
59.35000
78.45000
92.89000
4.76000
71.16000
39.56000
89.89000
19.31000
35.80000
91.41000
32.32000
70.66000
93.02000
82.79000
72.16000
19.96000
11.17000
85.24000
89.14000
50.14000
78.36000
96.07000
86.75000
71.87000
13.44000
38.30000
93.21000
20.56000
55.02000
57.75000
62.50000
54.39000
70.45000
27.93000
72.35000
59.26000
61.66000
74.62000
34.69000
40.46000
59.09000
88.81000
49.04000
91.34000
44.05000
69.75000
60.40000
47.29000
41.69000
98.26000
7.28000
1.51000
2.88000
81.92000
50.95000
71.94000
2.27000
52.05000
80.40000
5.29000
40.23000
64.73000
9.42000
68.00000
42.92000
2.78000
73.50000
56.27000
60.21000
70.76000
37.91000
04.60000
01.14000
01.85000
02.43000
04.08000
03.36000
02.97000
03.56000
04.55000
01.94000
03.12000
02.71000
03.33000
01.43000
02.12000
02.95000
02.76000
03.44000
04.80000
04.36000
02.15000
02.53000
04.99000
04.02000
01.84000
02.27000
01.52000
04.01000
03.16000
03.26000
02.21000
03.39000
04.44000
03.07000
03.90000
02.74000
01.20000
01.67000
01.94000
01.47000
01.71000
03.41000
04.94000
01.58000
01.86000
04.87000
02.55000
03.01000
02.86000
04.51000
02.48000
02.71000
02.90000
01.77000
01.43000
02.65000
01.19000
01.12000
01.11000
01.77000
01.93000
04.00000
04.22000
04.02000
02.33000
04.86000
02.46000
02.36000
04.59000
03.17000
04.11000
04.21000
03.19000
01.63000
03.17000
01.39000
03.54000
03.39000
03.07000
03.83000
01.88000
01.21000
03.38000
02.35000
04.29000
04.40000
04.67000
04.79000
01.87000
03.29000
04.54000
03.97000
02.67000
01.22000
01.55000
01.73000
03.78000
02.51000
03.28000
04.88000
03.28000
04.48000
02.32000
01.26000
04.25000
01.33000
03.70000
03.00000
04.92000
02.90000
03.43000
04.35000
02.19000
04.47000
02.99000
04.18000
04.40000
02.24000
03.83000
01.19000
03.50000
01.41000
04.42000
03.08000
04.43000
04.20000
04.19000
02.56000
01.16000
01.79000
03.60000
01.33000
04.63000
02.40000
04.12000
02.08000
02.80000
03.23000
04.18000
04.54000
01.99000
04.40000
02.44000
03.90000
02.18000
04.15000
02.96000
03.82000
02.86000
02.89000
02.26000
04.64000
01.86000
01.68000
04.66000
01.93000
02.00000
02.62000
03.51000
04.28000
03.13000
04.76000
01.13000
01.25000
02.07000
04.21000
04.83000
03.43000
04.63000
02.02000
02.97000
02.40000
01.66000
04.29000
04.85000
04.98000
04.48000
02.28000
04.81000
01.28000
02.03000
01.81000
04.12000
02.52000
02.90000
02.87000
03.99000
01.15000
04.82000
04.43000
04.63000
02.63000
02.48000
02.44000
03.24000
01.40000
03.59000
01.85000
02.02000
04.94000
04.84000
04.62000
04.17000
01.67000
03.94000
01.69000
01.90000
01.07000
03.60000
01.03000
03.40000
03.64000
02.39000
01.94000
01.76000
03.35000
04.05000
03.82000
01.10000
01.59000
04.08000
03.25000
01.47000
01.67000
01.07000
02.06000
03.97000
03.92000
02.60000
03.08000
02.67000
01.68000
01.24000
02.15000
04.65000
01.26000
02.58000
04.08000
01.99000
02.00000
01.18000
02.72000
03.76000
04.23000
04.64000
02.63000
03.55000
03.17000
02.45000
01.19000
01.40000
03.56000
03.94000
04.95000
02.40000
01.86000
03.94000
02.60000
04.51000
01.29000
02.89000
03.86000
02.67000
02.05000
02.25000
03.42000
04.84000
01.33000
04.48000
04.98000
03.98000
01.35000
01.02000
01.26000
02.04000
01.31000
04.33000
01.95000
01.96000
01.41000
03.32000
04.52000
02.30000
01.74000
01.69000
04.61000
03.32000
04.87000
03.32000
01.56000
02.13000
03.03000
02.52000
04.95000
03.56000
04.30000
02.63000
01.37000
01.44000
01.75000
03.98000
02.38000
02.59000
01.47000
03.89000
04.57000
02.84000
02.53000
04.70000
01.51000
03.03000
01.01000
01.72000
03.79000
04.97000
03.71000
02.73000
01.42000
02.09000
02.96000
02.51000
04.74000
01.55000
03.98000
02.57000
04.68000
04.77000
03.70000
01.12000
04.69000
04.44000
04.10000
01.36000
01.21000
02.29000
04.12000
03.48000
03.71000
04.99000
03.70000
04.70000
02.63000
04.27000
03.82000
03.21000
01.43000
04.82000
02.42000
02.22000
04.56000
