35
10
161.58000
106.22000
124.06000
118.22000
109.90000
114.94000
145.35000
135.90000
195.68000
184.66000
115.24000
178.84000
197.43000
100.13000
124.73000
144.29000
118.67000
171.12000
189.84000
154.52000
187.91000
132.41000
151.59000
156.80000
158.67000
143.75000
176.00000
123.39000
109.47000
189.91000
154.07000
151.56000
143.82000
180.65000
101.82000
113.80000
179.44000
195.27000
151.95000
102.77000
152.66000
172.29000
137.09000
191.36000
137.31000
149.11000
111.98000
186.21000
196.28000
144.89000
152.01000
118.95000
117.47000
103.76000
157.57000
146.23000
113.76000
194.86000
154.06000
149.69000
123.04000
112.34000
191.86000
135.97000
108.21000
175.33000
146.37000
136.71000
157.15000
127.97000
161.94000
128.02000
168.35000
161.56000
149.63000
139.52000
129.66000
161.56000
196.37000
116.40000
151.76000
131.83000
161.90000
124.69000
106.93000
150.89000
131.01000
155.40000
192.42000
122.25000
113.46000
124.54000
130.51000
174.43000
144.01000
173.13000
168.46000
160.94000
182.42000
167.19000
178.53000
160.30000
113.47000
197.73000
157.99000
149.44000
121.36000
165.46000
151.82000
120.92000
197.71000
130.69000
155.96000
186.25000
125.04000
105.60000
155.02000
183.32000
197.50000
140.57000
155.65000
175.04000
134.22000
110.99000
189.50000
149.27000
179.34000
117.27000
113.19000
118.93000
102.02000
184.77000
108.37000
121.89000
196.37000
163.91000
181.69000
121.04000
181.55000
130.06000
174.95000
117.03000
143.88000
148.68000
158.30000
159.84000
152.25000
122.83000
148.83000
124.01000
110.19000
113.82000
187.56000
156.78000
171.21000
181.44000
140.50000
130.43000
113.83000
110.44000
198.67000
142.21000
141.56000
110.58000
178.09000
114.41000
182.92000
116.64000
119.77000
194.28000
191.43000
188.38000
189.73000
154.08000
145.59000
196.72000
128.34000
139.40000
130.92000
107.17000
114.69000
106.35000
130.45000
144.78000
155.62000
181.89000
144.15000
178.68000
176.55000
147.68000
109.90000
103.02000
127.85000
110.35000
190.61000
136.93000
184.93000
101.54000
174.14000
124.56000
148.15000
177.90000
173.41000
135.05000
142.93000
121.05000
126.30000
162.53000
119.65000
137.65000
171.66000
133.04000
157.02000
115.37000
108.89000
118.92000
183.96000
101.18000
153.00000
158.67000
150.81000
176.98000
126.27000
180.79000
192.32000
183.80000
175.96000
138.81000
168.26000
187.65000
174.34000
111.24000
163.39000
179.54000
118.67000
101.59000
187.49000
175.49000
131.22000
138.39000
175.31000
116.51000
159.26000
175.14000
186.63000
107.39000
151.06000
186.98000
123.72000
130.86000
103.08000
149.23000
106.37000
178.85000
102.38000
133.06000
161.48000
151.75000
105.59000
151.37000
158.20000
174.94000
194.35000
142.05000
190.66000
198.83000
175.31000
167.99000
178.02000
198.80000
180.09000
117.08000
164.40000
175.23000
165.36000
102.21000
118.96000
153.53000
112.74000
161.28000
130.22000
144.56000
149.40000
184.20000
137.75000
124.69000
187.13000
121.16000
128.44000
192.78000
181.66000
172.81000
105.81000
158.57000
148.99000
161.44000
198.36000
156.85000
130.15000
134.30000
159.63000
147.36000
191.15000
163.66000
168.12000
114.88000
123.00000
146.78000
127.34000
169.18000
141.73000
105.94000
165.82000
145.01000
188.34000
197.34000
118.39000
195.41000
146.02000
131.71000
146.86000
132.85000
117.07000
177.02000
129.35000
143.94000
182.96000
164.91000
153.73000
172.80000
144.06000
152.03000
132.91000
188.59000
125.78000
120.02000
104.76000
185.44000
178.50000
175.51000
132.19000
182.48000
177.61000
150.15000
103.08000
123.87000
123.51000
100.58000
130.33000
178.74000
04.13000
01.18000
02.84000
04.98000
01.31000
02.17000
02.38000
02.02000
04.24000
02.09000
02.34000
02.28000
03.50000
02.77000
03.80000
02.08000
02.67000
03.04000
04.84000
02.77000
02.34000
02.72000
04.53000
02.65000
04.07000
02.64000
02.94000
01.07000
02.45000
04.64000
01.17000
02.35000
01.05000
03.53000
01.29000
04.76000
04.55000
02.83000
02.98000
04.84000
02.08000
04.47000
01.20000
01.21000
02.49000
02.38000
04.91000
01.08000
02.23000
02.26000
01.04000
04.66000
02.75000
02.83000
01.57000
01.14000
02.51000
03.77000
03.43000
04.73000
04.97000
01.81000
04.59000
02.63000
02.56000
02.63000
03.99000
03.04000
04.76000
04.94000
02.04000
01.10000
03.88000
01.21000
04.30000
04.56000
02.44000
01.19000
01.73000
02.44000
03.94000
02.98000
03.15000
02.79000
03.73000
01.16000
02.39000
02.70000
02.13000
03.32000
02.28000
04.25000
04.47000
02.03000
02.65000
02.52000
01.08000
02.87000
04.33000
01.58000
03.28000
04.42000
01.14000
02.51000
03.41000
04.04000
04.27000
01.62000
01.90000
02.53000
02.74000
02.98000
01.16000
02.00000
03.34000
03.43000
01.28000
01.92000
02.77000
04.93000
01.45000
02.73000
02.75000
02.42000
01.90000
01.89000
01.96000
03.86000
03.81000
01.85000
04.12000
02.20000
01.39000
02.06000
01.93000
03.39000
01.85000
02.98000
01.08000
02.40000
02.44000
03.21000
01.69000
02.96000
04.04000
02.73000
03.41000
03.85000
03.03000
01.94000
01.43000
04.96000
02.48000
03.17000
01.33000
03.13000
02.47000
01.74000
01.69000
04.19000
04.09000
01.99000
02.08000
02.96000
01.40000
01.23000
03.09000
03.27000
01.50000
01.81000
02.29000
01.94000
04.45000
03.04000
02.27000
02.06000
04.58000
04.59000
04.21000
01.18000
04.16000
01.06000
04.33000
01.30000
01.44000
04.75000
03.01000
02.11000
01.37000
01.86000
03.68000
04.32000
01.91000
03.59000
02.82000
01.63000
02.00000
02.15000
01.86000
04.74000
01.60000
02.75000
03.26000
01.36000
01.67000
03.57000
02.48000
04.19000
04.16000
03.83000
02.07000
01.60000
04.75000
03.17000
01.01000
04.76000
02.05000
01.47000
01.38000
03.72000
04.82000
03.22000
04.50000
03.04000
04.87000
03.50000
04.70000
04.30000
03.04000
02.39000
01.30000
02.08000
01.16000
04.96000
02.64000
03.96000
02.06000
01.29000
02.05000
02.51000
01.55000
02.47000
01.84000
03.33000
04.48000
03.86000
02.64000
02.62000
01.02000
03.73000
01.65000
03.97000
04.48000
04.92000
03.24000
02.98000
03.50000
03.36000
04.61000
02.09000
01.77000
04.02000
03.96000
04.78000
04.00000
04.84000
04.50000
03.48000
03.90000
04.79000
02.43000
03.66000
04.16000
03.81000
02.95000
03.76000
04.49000
02.85000
04.27000
03.24000
04.79000
01.29000
01.32000
04.39000
04.11000
02.96000
04.14000
04.37000
03.70000
04.32000
02.39000
04.83000
03.14000
04.21000
02.16000
03.11000
03.00000
02.46000
02.52000
01.52000
04.88000
03.88000
03.55000
03.41000
03.33000
02.31000
02.32000
01.10000
01.95000
04.58000
04.92000
03.91000
01.30000
02.52000
02.43000
02.79000
02.24000
04.49000
01.68000
04.67000
04.39000
02.13000
04.84000
01.48000
04.31000
03.17000
04.88000
01.44000
03.45000
02.34000
01.74000
01.74000
04.26000
03.32000
04.37000
04.59000
02.21000
02.83000
02.74000
01.18000
01.73000
02.57000
03.78000
03.73000
04.29000
01.23000
03.47000
01.43000
04.34000
02.52000
