35
7
145.43000
108.61000
188.57000
129.63000
169.30000
198.34000
196.30000
189.26000
101.75000
199.67000
146.09000
116.81000
147.62000
110.02000
137.29000
147.97000
138.31000
140.84000
170.85000
107.50000
181.76000
167.69000
199.24000
159.22000
112.51000
180.16000
176.52000
156.02000
141.64000
131.92000
108.31000
189.82000
106.79000
190.68000
101.78000
137.49000
142.07000
175.25000
190.63000
142.84000
128.48000
105.68000
113.89000
141.06000
109.91000
180.23000
189.06000
175.66000
163.05000
193.18000
137.40000
129.20000
191.18000
152.89000
181.69000
173.33000
174.13000
131.76000
196.31000
118.72000
118.31000
116.27000
157.18000
165.15000
106.66000
156.97000
191.80000
151.42000
148.71000
118.44000
146.76000
162.10000
132.71000
133.12000
109.65000
149.11000
154.13000
122.01000
149.02000
106.83000
163.23000
143.80000
156.41000
125.63000
108.61000
189.63000
174.96000
134.96000
165.40000
164.74000
149.33000
153.32000
185.31000
138.41000
175.76000
138.29000
146.62000
193.99000
152.06000
136.49000
104.16000
178.90000
127.59000
133.62000
139.33000
107.32000
162.22000
195.21000
106.80000
106.02000
128.82000
116.04000
123.19000
158.66000
172.38000
141.64000
126.18000
189.21000
106.34000
109.29000
136.25000
185.70000
195.68000
195.31000
100.41000
150.24000
106.96000
165.06000
142.25000
148.98000
158.29000
123.00000
111.90000
162.15000
169.36000
162.63000
136.09000
134.03000
111.39000
116.52000
195.99000
191.98000
116.70000
141.91000
178.79000
142.81000
156.34000
136.19000
137.61000
151.96000
179.69000
125.59000
188.21000
140.29000
122.04000
194.24000
122.94000
192.71000
170.27000
165.33000
160.68000
108.20000
112.79000
151.12000
196.90000
149.78000
189.61000
102.93000
153.61000
194.56000
142.27000
161.13000
129.40000
183.71000
163.90000
137.13000
167.51000
190.32000
155.91000
132.26000
188.15000
117.29000
125.43000
127.15000
124.36000
163.23000
191.64000
163.74000
163.78000
145.87000
111.73000
173.03000
170.62000
147.00000
194.42000
125.10000
135.65000
162.45000
150.03000
179.08000
126.21000
152.15000
140.42000
133.16000
136.19000
190.07000
129.02000
174.59000
136.05000
114.25000
145.25000
166.93000
124.63000
113.66000
150.54000
121.35000
199.32000
128.30000
194.27000
131.50000
135.38000
178.81000
153.94000
186.17000
192.32000
179.78000
108.59000
163.26000
106.24000
109.88000
188.84000
179.71000
139.77000
161.83000
126.87000
141.52000
132.14000
192.42000
106.42000
193.76000
149.10000
172.50000
112.78000
170.56000
132.99000
02.36000
03.12000
04.69000
02.70000
01.89000
02.83000
03.69000
03.31000
04.96000
01.21000
01.20000
02.82000
04.97000
04.57000
03.31000
02.96000
04.18000
01.53000
03.90000
02.76000
03.61000
01.03000
02.67000
04.56000
01.13000
02.32000
03.14000
04.01000
01.40000
04.96000
02.62000
04.09000
01.92000
02.82000
02.27000
01.53000
03.07000
02.52000
02.18000
02.45000
02.97000
02.22000
01.19000
01.30000
04.03000
04.68000
01.53000
02.84000
03.05000
04.61000
02.66000
03.17000
01.63000
02.98000
03.84000
03.69000
04.20000
01.11000
02.14000
01.12000
03.98000
02.63000
02.45000
01.50000
01.03000
03.47000
03.47000
02.15000
04.19000
01.88000
01.32000
01.28000
02.74000
03.22000
03.88000
03.28000
02.32000
04.78000
02.84000
01.86000
03.93000
02.45000
01.19000
04.17000
03.76000
03.30000
03.77000
04.68000
02.78000
04.70000
03.21000
03.17000
04.78000
04.33000
01.96000
02.73000
02.39000
02.20000
02.30000
03.77000
03.00000
02.61000
04.29000
01.99000
02.87000
03.17000
03.82000
04.26000
02.65000
02.37000
03.82000
01.08000
02.70000
01.15000
04.15000
02.39000
04.93000
02.65000
01.19000
01.72000
04.87000
02.29000
01.14000
03.90000
02.88000
01.83000
02.03000
03.10000
02.13000
03.34000
03.67000
04.78000
02.60000
03.17000
01.71000
03.71000
03.10000
02.02000
01.60000
02.00000
03.66000
04.28000
03.90000
01.87000
01.06000
02.10000
01.01000
04.75000
03.90000
02.97000
01.63000
01.27000
04.29000
02.41000
03.54000
03.35000
01.14000
04.22000
02.31000
02.20000
02.20000
02.52000
01.32000
02.35000
02.00000
03.76000
01.78000
03.64000
03.90000
04.67000
04.70000
03.23000
02.08000
02.32000
04.91000
03.89000
04.51000
04.00000
04.06000
02.48000
01.24000
01.55000
03.46000
04.16000
02.67000
02.89000
04.81000
01.90000
04.27000
03.89000
03.27000
01.98000
04.34000
04.73000
03.77000
01.99000
02.00000
03.91000
03.09000
04.83000
03.15000
04.24000
03.80000
04.72000
02.54000
02.85000
04.28000
01.19000
01.70000
01.18000
02.40000
01.15000
01.33000
04.97000
03.82000
03.50000
03.45000
04.88000
04.18000
02.22000
04.77000
02.54000
04.20000
04.67000
04.14000
02.21000
04.38000
03.49000
03.25000
04.45000
03.05000
02.64000
04.56000
04.13000
02.36000
03.42000
01.37000
04.43000
02.24000
02.41000
03.79000
02.86000
02.47000
01.51000
04.75000
