35
10
113.19000
163.84000
116.34000
145.60000
105.54000
180.62000
162.47000
151.38000
182.90000
179.40000
126.63000
175.28000
167.55000
188.68000
143.58000
158.32000
106.74000
161.98000
173.08000
166.51000
172.75000
177.82000
199.91000
190.87000
162.83000
139.71000
133.82000
147.42000
199.26000
176.16000
109.58000
177.16000
129.30000
140.70000
186.96000
188.91000
161.01000
178.68000
178.62000
108.52000
191.21000
113.63000
141.00000
155.78000
121.80000
173.30000
128.97000
131.07000
109.43000
170.56000
111.67000
159.78000
135.74000
143.32000
183.25000
192.31000
107.37000
154.47000
162.84000
104.05000
155.96000
191.89000
194.59000
195.38000
138.15000
168.47000
147.63000
191.69000
135.58000
122.12000
134.21000
129.41000
195.01000
123.58000
107.02000
113.12000
187.09000
178.16000
191.12000
162.89000
164.08000
125.57000
190.02000
188.50000
142.01000
188.07000
132.23000
124.71000
161.89000
112.93000
171.28000
131.29000
189.74000
172.42000
185.68000
193.00000
116.57000
163.80000
178.94000
119.61000
158.39000
109.33000
179.58000
145.89000
156.22000
166.03000
139.93000
188.73000
108.20000
187.95000
100.48000
115.29000
137.90000
173.93000
118.17000
168.61000
165.55000
155.63000
180.88000
192.84000
191.55000
189.67000
101.51000
157.11000
141.28000
157.70000
117.95000
155.57000
165.15000
166.37000
193.08000
107.35000
138.52000
147.31000
114.80000
156.60000
161.81000
157.16000
196.01000
172.46000
119.74000
138.17000
103.44000
139.87000
116.40000
148.19000
123.13000
153.43000
152.18000
134.92000
146.19000
111.08000
111.84000
189.38000
169.89000
116.36000
105.15000
127.59000
116.50000
197.76000
166.88000
190.56000
133.28000
108.80000
156.78000
144.31000
192.50000
128.01000
159.63000
179.85000
191.42000
158.89000
185.19000
113.21000
152.31000
158.94000
105.15000
126.78000
105.25000
123.61000
180.65000
129.94000
143.89000
102.84000
109.09000
125.97000
141.91000
159.52000
109.60000
190.26000
130.95000
181.53000
126.33000
123.22000
167.66000
181.78000
128.42000
150.22000
133.67000
198.14000
110.01000
121.67000
135.62000
193.51000
190.23000
112.94000
105.15000
155.79000
113.24000
124.44000
163.77000
102.55000
105.34000
167.25000
198.36000
150.23000
167.50000
164.43000
126.47000
136.84000
128.06000
158.53000
114.11000
134.63000
165.52000
134.33000
152.28000
140.88000
183.42000
101.59000
157.02000
177.84000
110.25000
195.08000
169.33000
192.79000
199.54000
174.56000
155.23000
157.99000
129.81000
124.79000
105.74000
170.71000
104.56000
125.91000
181.06000
178.66000
137.32000
110.13000
123.69000
142.22000
156.61000
198.44000
179.11000
153.84000
110.77000
185.01000
197.72000
120.14000
162.68000
188.97000
154.92000
172.79000
100.25000
154.46000
151.08000
168.40000
136.36000
150.61000
111.61000
188.63000
108.90000
171.58000
186.88000
140.12000
180.76000
136.50000
152.30000
154.51000
103.32000
154.60000
185.59000
126.27000
116.89000
159.51000
194.55000
102.40000
129.93000
142.10000
198.49000
154.85000
189.71000
155.91000
157.17000
149.64000
168.48000
179.44000
155.35000
177.78000
163.52000
116.20000
102.81000
155.30000
197.09000
194.72000
134.31000
123.20000
116.46000
168.51000
109.62000
147.50000
193.90000
116.08000
113.49000
112.84000
168.73000
120.92000
101.77000
135.95000
104.48000
133.78000
109.73000
116.78000
101.95000
163.93000
167.12000
180.73000
142.79000
149.26000
168.07000
178.17000
133.63000
152.67000
131.72000
184.51000
106.12000
162.04000
102.21000
100.13000
116.90000
190.26000
148.68000
150.43000
147.60000
175.23000
165.28000
185.79000
104.88000
179.83000
09.21000
05.85000
06.14000
09.16000
07.12000
07.68000
07.39000
06.54000
05.09000
05.01000
08.75000
09.01000
09.78000
08.59000
05.00000
05.43000
09.10000
05.37000
07.18000
05.88000
07.22000
08.59000
07.58000
06.73000
09.53000
07.71000
09.72000
05.56000
07.70000
08.45000
08.40000
06.22000
09.65000
07.80000
09.65000
08.26000
08.10000
06.44000
05.58000
06.18000
07.64000
09.71000
05.44000
05.27000
07.43000
09.60000
06.78000
05.47000
08.98000
09.15000
09.23000
07.96000
05.03000
07.70000
08.65000
05.20000
09.61000
05.80000
07.19000
05.86000
07.95000
05.27000
08.21000
09.90000
06.56000
09.17000
06.35000
08.51000
08.20000
06.84000
06.37000
05.49000
07.03000
07.44000
08.22000
09.54000
09.91000
07.26000
06.20000
06.49000
07.86000
05.98000
09.77000
09.88000
08.48000
05.24000
09.65000
09.49000
05.62000
07.96000
07.82000
06.36000
09.37000
08.30000
07.50000
07.77000
06.10000
06.67000
08.17000
07.26000
08.38000
09.73000
05.54000
09.62000
05.08000
06.97000
08.98000
06.65000
08.43000
08.69000
09.36000
07.83000
06.09000
06.11000
06.48000
05.31000
09.37000
09.48000
07.15000
07.46000
08.21000
05.32000
09.45000
08.92000
08.80000
06.37000
07.70000
05.56000
08.59000
06.64000
07.45000
09.52000
06.26000
06.38000
05.52000
09.16000
06.75000
07.09000
09.99000
09.13000
08.55000
06.16000
08.79000
08.12000
09.10000
09.78000
07.29000
05.11000
06.59000
09.71000
08.09000
08.30000
08.31000
07.28000
06.61000
07.17000
07.79000
05.11000
09.51000
07.42000
09.83000
07.04000
09.69000
06.04000
05.45000
08.16000
06.32000
06.25000
06.94000
09.83000
09.81000
07.52000
07.84000
09.63000
06.81000
05.68000
09.60000
05.66000
09.47000
06.37000
09.37000
08.24000
09.93000
05.20000
06.52000
07.20000
06.79000
07.71000
08.16000
06.23000
05.31000
05.75000
07.69000
05.28000
07.00000
07.35000
09.72000
05.53000
09.60000
06.86000
05.15000
09.42000
07.13000
09.82000
06.09000
05.66000
09.83000
08.06000
05.92000
09.17000
08.23000
07.57000
08.43000
06.84000
06.61000
05.31000
06.57000
08.55000
08.76000
05.02000
07.76000
08.55000
09.80000
05.86000
05.23000
09.09000
06.07000
08.25000
08.45000
08.74000
05.17000
08.84000
08.14000
07.26000
05.94000
05.55000
06.28000
05.69000
08.49000
07.53000
06.08000
06.33000
09.17000
05.20000
07.02000
09.70000
05.34000
09.64000
07.61000
09.10000
07.94000
07.30000
06.36000
08.20000
08.93000
08.06000
05.20000
07.88000
05.75000
05.93000
09.68000
05.26000
07.10000
06.17000
06.63000
08.72000
07.91000
05.27000
09.11000
07.90000
09.39000
05.99000
06.44000
08.67000
08.96000
07.33000
09.18000
08.15000
05.32000
09.55000
06.42000
06.48000
09.76000
07.08000
07.71000
06.65000
08.15000
05.47000
06.89000
07.98000
05.11000
05.23000
06.87000
07.43000
06.66000
06.44000
06.82000
08.25000
05.10000
05.47000
07.14000
09.88000
08.96000
09.90000
09.49000
08.07000
08.03000
08.59000
06.79000
09.78000
08.34000
06.63000
08.18000
08.24000
07.18000
06.22000
05.13000
06.18000
07.33000
07.68000
07.90000
06.83000
09.42000
05.79000
06.72000
05.21000
09.41000
06.75000
09.35000
05.62000
08.18000
08.00000
09.79000
08.62000
07.85000
08.23000
08.30000
06.05000
06.81000
07.37000
06.37000
05.96000
09.69000
06.63000
06.77000
07.68000
07.36000
08.44000
08.50000
06.76000
