35
10
59.05000
34.96000
48.99000
83.07000
33.38000
8.88000
60.62000
34.78000
44.50000
75.38000
11.78000
83.91000
52.59000
2.81000
73.01000
11.17000
42.55000
79.28000
43.62000
18.06000
24.06000
23.64000
44.64000
33.80000
31.53000
74.50000
23.86000
12.37000
25.14000
99.21000
52.83000
31.50000
88.80000
88.89000
29.84000
28.26000
11.60000
44.93000
27.47000
76.65000
47.01000
63.92000
91.94000
23.04000
86.50000
95.59000
5.98000
3.95000
25.25000
90.81000
73.17000
81.64000
80.21000
25.23000
27.84000
46.13000
97.09000
97.23000
25.04000
9.18000
45.33000
34.94000
46.62000
8.29000
18.13000
86.27000
99.14000
6.73000
34.45000
28.83000
48.70000
17.27000
74.61000
68.55000
28.78000
94.13000
68.64000
91.34000
43.81000
71.46000
40.58000
10.16000
35.41000
95.06000
43.42000
82.17000
68.92000
38.46000
55.88000
94.30000
36.45000
96.98000
81.45000
56.21000
52.87000
94.63000
49.36000
2.31000
59.76000
78.23000
12.58000
90.79000
23.50000
20.31000
48.85000
88.67000
81.02000
96.53000
15.54000
68.13000
80.70000
34.46000
54.57000
28.06000
38.52000
33.51000
11.72000
36.92000
78.62000
75.48000
23.50000
88.91000
52.89000
67.96000
53.16000
4.97000
35.96000
42.28000
88.74000
26.80000
28.23000
54.49000
43.97000
24.86000
54.82000
86.44000
55.39000
92.33000
66.62000
45.69000
93.55000
26.52000
17.00000
40.17000
50.40000
32.31000
76.60000
84.57000
91.41000
20.27000
55.04000
47.90000
40.63000
18.63000
85.74000
69.78000
43.85000
80.37000
29.87000
17.57000
73.62000
85.22000
70.35000
80.35000
28.23000
36.66000
18.84000
76.00000
28.71000
61.92000
8.77000
45.12000
22.87000
15.99000
99.30000
61.97000
68.77000
27.87000
74.60000
58.19000
1.21000
88.77000
88.41000
81.77000
33.05000
75.13000
28.55000
34.10000
22.35000
98.72000
62.47000
39.33000
49.95000
98.05000
85.38000
48.33000
23.41000
36.38000
17.22000
36.74000
73.06000
99.73000
99.70000
4.96000
56.97000
3.84000
5.25000
77.11000
55.97000
83.25000
38.95000
46.97000
81.35000
35.77000
1.21000
44.75000
13.18000
54.23000
73.64000
8.95000
29.08000
65.59000
61.72000
48.23000
45.91000
91.89000
92.68000
98.00000
5.26000
80.92000
21.51000
19.43000
71.50000
5.23000
24.94000
94.45000
37.73000
60.12000
7.44000
35.72000
18.80000
69.62000
96.24000
75.65000
55.33000
53.63000
43.64000
15.00000
62.51000
76.88000
30.89000
92.34000
68.71000
64.55000
74.70000
97.18000
72.88000
47.97000
64.08000
73.21000
75.42000
83.22000
11.80000
88.89000
2.45000
53.12000
54.37000
39.41000
2.87000
63.25000
56.05000
42.72000
52.31000
45.92000
4.85000
43.52000
52.16000
57.22000
12.54000
11.27000
54.41000
17.35000
82.35000
75.49000
65.02000
65.94000
66.27000
78.09000
15.36000
91.48000
53.52000
25.34000
88.35000
85.07000
41.41000
19.73000
95.65000
62.57000
51.97000
89.49000
71.68000
64.58000
33.01000
89.60000
75.61000
57.46000
56.05000
97.78000
92.35000
32.32000
19.41000
18.53000
32.58000
5.01000
44.11000
17.61000
60.65000
85.55000
73.90000
8.93000
87.44000
65.46000
14.70000
14.66000
67.64000
38.33000
14.29000
97.07000
20.20000
78.78000
4.98000
46.16000
87.81000
88.21000
42.87000
72.70000
41.92000
91.74000
10.76000
16.20000
74.74000
40.27000
14.24000
37.92000
7.21000
8.42000
84.63000
26.86000
81.03000
95.60000
05.90000
08.91000
06.94000
08.04000
08.27000
06.42000
05.06000
07.83000
07.88000
07.71000
05.16000
05.66000
05.76000
07.89000
06.40000
09.77000
09.20000
08.30000
09.18000
09.63000
06.73000
06.54000
05.16000
05.96000
08.14000
06.46000
07.26000
05.74000
09.47000
08.15000
09.63000
07.18000
07.99000
07.96000
07.69000
09.00000
08.23000
07.10000
08.68000
08.00000
09.90000
08.21000
06.10000
07.77000
06.27000
07.71000
06.63000
07.62000
08.21000
08.05000
09.27000
08.11000
07.85000
07.92000
09.27000
06.08000
08.58000
07.25000
08.13000
09.57000
05.02000
07.23000
08.62000
07.92000
08.06000
05.32000
09.73000
06.67000
09.81000
05.20000
08.05000
05.70000
09.77000
08.62000
08.06000
07.38000
06.58000
09.90000
05.60000
06.95000
09.54000
09.74000
09.49000
07.33000
05.64000
09.19000
09.85000
07.67000
08.10000
05.52000
08.01000
08.38000
06.37000
07.27000
06.59000
06.12000
06.20000
09.23000
09.41000
08.80000
09.55000
07.43000
06.59000
05.59000
09.65000
07.58000
07.27000
07.22000
08.36000
08.67000
07.24000
09.75000
05.03000
08.03000
08.87000
08.34000
09.42000
05.28000
08.35000
05.73000
05.85000
06.32000
08.11000
05.94000
09.87000
08.26000
06.85000
09.21000
08.31000
09.49000
09.52000
07.05000
09.24000
09.63000
07.29000
07.22000
06.97000
09.57000
07.62000
08.71000
08.42000
07.81000
07.42000
06.31000
06.72000
06.28000
06.56000
07.83000
05.08000
05.25000
05.81000
09.45000
05.16000
05.47000
09.95000
05.00000
09.87000
08.89000
05.02000
09.60000
08.37000
08.75000
08.31000
09.59000
06.08000
09.51000
08.34000
07.55000
09.64000
06.90000
09.91000
07.35000
06.98000
07.89000
09.05000
08.61000
08.23000
05.42000
07.47000
05.04000
07.54000
09.71000
09.60000
07.65000
07.09000
05.61000
08.21000
06.36000
08.41000
06.18000
07.92000
07.37000
09.23000
05.74000
09.61000
08.12000
08.57000
09.86000
05.41000
07.30000
06.68000
05.34000
08.70000
09.86000
05.06000
05.26000
09.10000
06.98000
06.46000
08.94000
07.00000
09.18000
05.36000
06.96000
05.50000
06.13000
07.37000
07.17000
05.11000
05.97000
09.46000
06.28000
05.32000
07.25000
09.22000
05.93000
06.85000
09.75000
05.50000
09.04000
06.66000
09.51000
08.40000
09.77000
07.98000
08.82000
09.27000
08.53000
05.28000
06.20000
05.69000
06.98000
09.29000
06.44000
06.53000
05.15000
09.76000
09.09000
06.59000
06.63000
06.15000
07.53000
07.77000
08.82000
09.28000
07.28000
09.56000
06.96000
05.98000
06.69000
06.92000
07.56000
09.29000
05.42000
06.02000
08.38000
08.55000
09.33000
09.33000
08.41000
09.32000
05.55000
05.51000
07.92000
08.41000
07.46000
09.52000
08.40000
08.89000
09.70000
09.67000
05.66000
08.23000
09.06000
08.11000
08.42000
07.12000
07.69000
08.49000
07.48000
08.32000
07.53000
08.10000
09.20000
07.23000
08.03000
05.47000
06.17000
05.51000
09.93000
05.40000
07.24000
06.09000
05.19000
08.91000
07.50000
08.11000
07.04000
08.29000
08.31000
06.98000
09.95000
07.08000
07.26000
09.38000
08.25000
07.58000
08.12000
05.46000
09.96000
09.62000
09.21000
05.68000
09.80000
09.03000
06.69000
07.31000
08.34000
07.94000
09.23000
05.60000
07.38000
09.74000
06.80000
07.05000
05.01000
09.04000
05.56000
09.42000
05.53000
06.73000
07.98000
06.71000
09.51000
09.93000
07.73000
09.18000
08.76000
07.03000
09.76000
