35
7
167.76000
112.70000
132.00000
133.06000
184.62000
149.99000
161.17000
155.94000
124.67000
138.78000
157.75000
136.46000
179.86000
116.73000
189.46000
181.79000
131.20000
198.03000
188.10000
150.67000
198.75000
123.46000
199.50000
103.40000
191.64000
110.36000
133.59000
151.84000
158.07000
102.62000
114.33000
109.43000
135.29000
120.70000
129.76000
105.25000
183.00000
134.17000
167.36000
106.10000
187.28000
128.64000
162.32000
156.33000
170.72000
120.41000
141.59000
183.43000
172.12000
119.00000
169.76000
116.45000
119.38000
110.51000
175.49000
136.01000
179.43000
107.57000
101.52000
124.28000
108.28000
199.40000
154.62000
115.01000
101.00000
101.76000
155.64000
143.50000
141.72000
106.99000
108.06000
117.62000
124.91000
186.95000
157.80000
174.03000
162.51000
142.30000
117.58000
183.44000
191.48000
147.01000
134.81000
195.20000
197.49000
182.47000
170.96000
160.25000
155.32000
106.64000
151.57000
181.07000
178.77000
104.04000
116.23000
161.73000
170.72000
135.75000
168.62000
157.82000
173.13000
189.43000
126.46000
126.54000
117.00000
171.49000
196.09000
132.48000
111.06000
197.99000
164.65000
157.54000
115.38000
105.44000
175.77000
145.46000
179.53000
120.54000
173.73000
167.47000
136.05000
196.57000
116.89000
196.39000
106.59000
163.37000
127.64000
156.56000
151.84000
177.32000
142.48000
173.93000
121.55000
171.38000
161.93000
125.98000
104.55000
105.08000
100.60000
191.77000
136.23000
154.60000
169.09000
108.04000
184.03000
119.24000
174.25000
102.34000
175.98000
157.49000
110.73000
175.60000
152.44000
167.96000
119.70000
120.95000
192.88000
175.77000
156.38000
133.07000
165.78000
182.65000
140.06000
158.18000
178.73000
116.86000
104.09000
144.10000
128.35000
183.24000
145.87000
190.19000
150.33000
113.18000
176.90000
113.78000
101.67000
164.92000
150.88000
127.50000
111.41000
127.65000
197.91000
179.12000
199.37000
162.93000
121.28000
132.07000
152.81000
141.21000
159.03000
101.34000
198.05000
159.52000
163.26000
103.49000
150.47000
191.44000
150.13000
106.63000
164.51000
137.12000
149.88000
180.44000
183.68000
173.27000
156.77000
146.16000
190.55000
103.16000
115.40000
159.18000
174.44000
116.90000
190.30000
199.07000
185.76000
125.18000
171.97000
183.59000
165.64000
111.19000
131.25000
198.07000
148.20000
117.25000
103.05000
179.35000
106.65000
112.26000
136.36000
165.87000
103.23000
141.69000
144.20000
147.62000
139.27000
177.56000
153.68000
116.15000
105.14000
168.44000
155.96000
114.58000
130.29000
05.82000
05.03000
05.55000
05.92000
08.29000
05.94000
09.66000
09.66000
06.12000
07.34000
06.23000
06.71000
08.01000
06.07000
07.62000
08.50000
09.30000
07.49000
06.54000
08.70000
09.49000
08.00000
08.62000
05.78000
09.70000
07.49000
09.89000
05.45000
05.21000
06.88000
09.23000
08.21000
07.93000
05.60000
05.94000
08.92000
09.57000
06.40000
09.96000
08.86000
07.53000
08.59000
05.29000
05.84000
07.44000
09.38000
05.56000
08.25000
05.99000
09.85000
08.56000
09.22000
06.49000
09.59000
07.52000
09.17000
06.39000
09.20000
08.50000
08.26000
09.81000
07.79000
08.01000
08.93000
09.97000
05.51000
05.40000
08.40000
06.76000
06.00000
08.28000
06.42000
09.64000
05.89000
06.42000
05.37000
06.19000
08.79000
08.12000
05.82000
07.87000
07.48000
08.78000
07.87000
09.32000
07.27000
06.69000
06.39000
06.82000
06.95000
05.50000
08.48000
05.81000
06.35000
06.79000
06.06000
08.35000
08.81000
07.49000
08.28000
05.66000
08.68000
07.46000
09.05000
05.57000
08.09000
09.32000
06.37000
08.38000
09.45000
05.72000
07.36000
08.52000
09.38000
05.82000
08.38000
08.51000
06.36000
05.47000
06.24000
05.98000
09.90000
08.42000
07.51000
05.17000
08.04000
08.80000
06.05000
09.49000
09.80000
08.66000
05.47000
08.96000
07.75000
05.39000
06.63000
07.77000
05.45000
09.33000
05.19000
08.53000
08.81000
07.93000
05.02000
09.41000
09.30000
09.93000
07.97000
05.00000
09.45000
07.32000
08.53000
06.74000
06.97000
06.41000
05.23000
05.21000
05.59000
06.43000
06.37000
07.65000
07.55000
06.97000
07.51000
05.40000
06.12000
05.53000
08.99000
06.48000
08.06000
05.02000
08.39000
08.03000
06.18000
06.19000
09.47000
07.41000
08.26000
05.53000
09.90000
07.59000
08.88000
07.35000
06.60000
07.38000
09.32000
07.79000
07.55000
06.16000
06.51000
08.66000
08.00000
07.51000
08.40000
09.64000
07.98000
06.61000
06.45000
05.79000
09.76000
07.79000
08.14000
05.10000
05.40000
07.03000
09.47000
05.90000
09.20000
09.45000
07.43000
08.64000
05.92000
05.50000
09.28000
09.79000
09.77000
09.04000
07.91000
07.51000
08.88000
08.63000
05.58000
08.67000
07.95000
06.64000
08.45000
05.52000
08.94000
09.60000
08.68000
08.23000
08.61000
05.67000
06.95000
07.33000
05.94000
07.15000
09.95000
06.27000
09.72000
07.98000
07.91000
08.86000
05.95000
06.24000
