35
7
76.04000
2.78000
45.96000
23.64000
90.32000
55.53000
51.59000
23.15000
89.46000
93.41000
41.96000
98.38000
98.36000
72.10000
11.80000
20.12000
19.70000
10.70000
6.89000
92.88000
79.48000
41.22000
74.55000
16.32000
84.48000
62.09000
16.15000
23.77000
65.78000
84.68000
30.61000
40.75000
31.26000
84.77000
70.90000
45.95000
1.61000
11.51000
26.84000
19.72000
87.19000
26.52000
86.61000
70.70000
29.72000
68.15000
75.92000
26.93000
24.26000
88.97000
11.14000
2.64000
44.65000
5.98000
58.72000
51.73000
91.03000
47.10000
89.64000
19.28000
41.36000
8.68000
25.92000
86.02000
96.86000
96.99000
88.14000
25.87000
39.57000
86.71000
30.74000
67.74000
64.90000
20.63000
84.64000
8.76000
76.96000
46.45000
81.57000
63.82000
22.25000
97.04000
58.01000
8.37000
67.97000
22.89000
52.01000
3.05000
61.14000
34.91000
53.67000
49.17000
73.06000
60.92000
54.61000
38.20000
52.82000
92.18000
97.52000
98.29000
74.81000
34.86000
28.64000
49.76000
91.24000
65.25000
16.66000
4.94000
94.61000
90.86000
41.85000
94.77000
73.94000
64.64000
44.57000
94.16000
68.96000
18.04000
82.98000
22.98000
21.05000
95.46000
18.78000
88.26000
46.36000
9.70000
61.72000
40.71000
89.36000
81.52000
27.08000
16.23000
71.29000
2.05000
78.21000
90.36000
38.71000
70.39000
82.99000
30.83000
87.27000
26.94000
95.16000
97.71000
43.16000
10.67000
42.71000
10.54000
18.18000
55.18000
8.50000
80.14000
97.56000
89.86000
72.34000
75.78000
95.81000
58.01000
18.57000
52.91000
2.25000
65.33000
78.62000
6.64000
30.50000
33.48000
89.42000
20.27000
73.96000
46.51000
37.97000
17.75000
52.35000
4.41000
11.81000
14.95000
42.80000
91.70000
51.61000
16.94000
85.74000
88.26000
58.23000
8.58000
72.50000
16.92000
30.98000
63.90000
60.47000
1.98000
71.32000
97.55000
34.30000
82.63000
84.26000
13.41000
54.49000
64.50000
25.87000
50.98000
9.79000
64.14000
51.75000
42.98000
62.77000
63.51000
71.55000
58.76000
6.30000
58.51000
47.25000
40.22000
96.79000
10.86000
92.13000
52.29000
26.28000
62.60000
84.15000
69.19000
28.46000
72.45000
95.37000
13.34000
33.87000
62.60000
50.92000
43.83000
98.34000
69.17000
75.46000
11.91000
56.50000
92.68000
47.71000
5.52000
66.28000
48.59000
45.94000
2.75000
64.39000
14.78000
1.44000
20.39000
13.87000
02.15000
02.14000
02.71000
03.87000
01.13000
02.03000
03.27000
02.50000
04.51000
01.79000
03.24000
01.01000
03.26000
04.79000
01.26000
01.19000
03.19000
02.70000
01.78000
04.13000
02.91000
01.54000
01.07000
04.23000
03.82000
03.61000
01.20000
03.21000
04.17000
01.54000
04.06000
04.09000
01.00000
04.25000
01.36000
03.50000
03.85000
01.85000
01.14000
01.06000
02.06000
03.19000
01.01000
04.32000
04.17000
03.37000
02.98000
04.13000
04.54000
02.14000
03.07000
04.64000
04.34000
03.55000
03.11000
01.32000
01.56000
01.97000
04.73000
02.95000
04.97000
04.11000
03.38000
01.62000
04.21000
02.94000
02.33000
02.73000
03.67000
03.78000
01.60000
02.94000
03.10000
01.77000
04.50000
03.34000
02.10000
02.67000
01.86000
04.99000
03.76000
02.64000
03.27000
01.09000
01.80000
01.79000
02.11000
02.18000
04.77000
04.56000
01.59000
02.09000
02.04000
01.69000
04.71000
03.99000
01.76000
04.25000
04.31000
02.34000
04.93000
01.61000
01.03000
04.91000
03.33000
04.78000
02.05000
04.88000
04.68000
02.52000
02.30000
02.12000
03.52000
02.61000
04.83000
01.39000
03.02000
03.24000
04.60000
02.27000
04.28000
04.89000
04.38000
01.68000
03.24000
04.38000
04.72000
03.82000
04.61000
04.84000
02.04000
02.24000
03.95000
01.70000
02.52000
01.76000
01.61000
04.70000
04.18000
04.54000
01.35000
02.07000
01.52000
04.22000
02.34000
01.76000
01.05000
01.79000
01.58000
02.15000
01.94000
03.42000
02.73000
01.80000
04.51000
03.08000
02.27000
01.57000
04.89000
04.05000
03.51000
02.66000
01.04000
04.91000
02.55000
04.56000
02.72000
01.58000
02.30000
03.08000
01.51000
01.26000
02.50000
04.34000
04.79000
04.26000
04.54000
03.11000
02.04000
04.84000
02.86000
02.13000
04.29000
03.73000
04.54000
01.44000
02.21000
01.97000
04.65000
03.97000
01.49000
03.90000
03.03000
02.98000
03.66000
03.17000
02.35000
04.03000
04.05000
04.74000
02.11000
02.99000
01.77000
02.91000
04.58000
04.04000
01.80000
03.25000
04.88000
01.68000
04.69000
01.41000
02.05000
02.05000
02.61000
03.64000
01.99000
03.26000
04.51000
02.34000
01.68000
01.60000
03.64000
04.93000
03.55000
04.39000
03.08000
02.12000
02.82000
01.26000
01.72000
01.93000
01.54000
02.13000
04.26000
03.71000
02.56000
03.27000
03.22000
04.11000
03.56000
01.21000
04.91000
03.11000
03.02000
