35
4
96.34000
95.64000
70.75000
77.21000
11.24000
55.21000
34.19000
59.41000
82.77000
45.35000
25.88000
92.30000
54.18000
7.28000
86.05000
18.08000
64.66000
80.23000
56.91000
74.99000
55.45000
7.40000
77.68000
6.24000
66.75000
27.03000
89.58000
50.05000
39.80000
80.33000
33.82000
48.64000
14.80000
9.51000
49.64000
84.98000
95.81000
77.62000
35.30000
24.78000
4.53000
83.07000
73.48000
37.88000
39.92000
95.32000
23.33000
90.26000
68.95000
80.32000
48.80000
48.88000
57.60000
4.05000
16.87000
77.72000
70.83000
30.49000
91.50000
43.74000
74.61000
26.59000
40.67000
11.91000
34.91000
57.32000
28.34000
47.20000
16.69000
88.66000
28.86000
82.30000
88.09000
90.16000
96.87000
31.50000
78.77000
41.30000
82.15000
81.27000
81.08000
38.88000
74.41000
24.33000
85.73000
73.60000
64.38000
49.40000
83.44000
37.19000
42.77000
48.20000
64.94000
19.37000
99.30000
11.44000
20.94000
10.86000
26.69000
28.84000
41.15000
2.36000
13.66000
91.13000
17.31000
87.50000
73.63000
67.04000
67.17000
50.31000
19.00000
51.61000
54.80000
11.01000
28.00000
91.31000
14.79000
84.08000
17.11000
3.62000
61.64000
86.99000
1.80000
1.99000
12.79000
35.20000
96.53000
2.91000
81.72000
43.18000
19.78000
21.82000
85.90000
27.40000
84.01000
74.22000
40.80000
3.33000
7.69000
76.56000
09.68000
05.89000
05.85000
08.63000
07.47000
07.22000
06.90000
07.16000
07.77000
05.17000
09.93000
09.25000
09.50000
08.64000
08.83000
08.83000
06.55000
06.55000
07.51000
09.79000
07.84000
07.79000
09.88000
06.03000
07.27000
06.27000
09.85000
06.48000
08.74000
05.90000
06.31000
05.02000
06.17000
05.58000
08.19000
05.28000
08.60000
07.01000
07.28000
08.44000
09.27000
05.84000
08.97000
06.74000
07.01000
09.89000
05.29000
05.33000
06.95000
09.32000
06.40000
09.39000
09.27000
09.29000
07.46000
09.05000
09.11000
09.94000
08.62000
09.48000
06.63000
06.44000
05.04000
05.84000
06.99000
08.94000
06.88000
08.27000
05.35000
07.60000
09.98000
06.46000
06.50000
05.92000
05.97000
05.77000
09.83000
05.56000
05.75000
06.09000
07.66000
09.41000
05.72000
08.83000
06.38000
08.89000
07.29000
05.39000
07.40000
05.39000
06.86000
07.19000
07.12000
05.33000
05.85000
05.62000
06.96000
05.11000
05.65000
07.09000
08.33000
06.13000
07.67000
08.02000
07.61000
08.07000
06.41000
05.61000
08.24000
05.40000
09.19000
05.26000
05.24000
09.29000
08.58000
07.81000
07.68000
07.41000
07.23000
05.91000
08.21000
07.41000
07.81000
07.22000
09.49000
06.94000
07.95000
09.40000
09.17000
08.67000
05.34000
05.10000
09.91000
05.25000
07.61000
06.97000
09.37000
09.34000
07.42000
07.68000
