35
10
144.21000
170.32000
169.75000
175.03000
144.57000
164.20000
173.79000
118.75000
126.61000
108.63000
186.29000
142.89000
100.12000
119.62000
129.50000
175.97000
199.86000
138.18000
150.70000
171.52000
185.59000
130.33000
122.15000
108.03000
142.08000
187.09000
141.12000
189.04000
179.09000
124.47000
129.87000
143.04000
131.39000
183.48000
135.66000
174.68000
193.07000
175.30000
176.59000
185.08000
135.89000
150.16000
199.15000
193.25000
196.10000
163.61000
108.04000
187.07000
117.83000
116.02000
159.91000
179.43000
170.24000
132.80000
136.39000
108.22000
147.46000
164.32000
144.13000
136.33000
168.63000
186.00000
114.76000
151.65000
177.89000
198.20000
104.93000
167.08000
144.38000
126.33000
165.00000
181.59000
107.83000
103.27000
123.69000
147.62000
127.88000
168.20000
124.73000
132.64000
157.66000
172.64000
159.13000
133.93000
100.67000
126.35000
142.89000
173.76000
185.44000
164.10000
117.05000
199.37000
165.48000
145.65000
147.60000
183.06000
119.31000
155.78000
125.57000
122.07000
150.43000
104.24000
166.98000
138.67000
187.38000
173.11000
181.72000
193.46000
106.99000
186.75000
101.92000
190.54000
148.58000
143.95000
155.61000
137.64000
108.23000
163.85000
118.20000
166.38000
173.85000
190.59000
190.07000
133.40000
158.32000
193.31000
196.62000
120.36000
199.54000
166.16000
188.23000
133.88000
160.39000
128.27000
140.30000
105.62000
128.77000
123.78000
153.21000
192.20000
153.31000
163.87000
150.17000
162.88000
144.21000
179.41000
173.37000
152.17000
189.65000
158.96000
109.12000
166.61000
161.91000
181.04000
142.19000
197.22000
158.24000
149.18000
182.35000
160.02000
100.92000
191.88000
164.37000
196.01000
137.21000
162.67000
148.00000
171.22000
139.37000
140.06000
118.01000
176.66000
104.67000
127.55000
184.17000
189.47000
182.05000
185.11000
117.35000
121.01000
125.94000
138.63000
156.30000
105.98000
108.50000
167.64000
184.13000
194.75000
136.38000
135.03000
119.97000
162.74000
141.22000
128.70000
107.97000
110.32000
179.65000
161.54000
117.26000
162.89000
133.33000
171.43000
141.99000
170.83000
108.89000
121.28000
101.29000
109.54000
137.98000
198.95000
194.34000
105.17000
170.43000
120.98000
199.49000
137.03000
154.61000
189.73000
147.96000
179.50000
180.74000
120.84000
193.25000
192.33000
114.84000
186.58000
113.90000
160.29000
147.91000
184.21000
113.41000
193.15000
195.99000
135.99000
120.30000
125.67000
100.07000
189.20000
188.08000
117.63000
126.18000
116.09000
195.28000
153.78000
165.34000
102.93000
198.73000
125.74000
124.24000
140.88000
117.70000
106.22000
106.49000
131.17000
194.58000
126.74000
112.47000
155.46000
167.26000
181.44000
192.59000
120.37000
198.65000
189.48000
122.22000
157.56000
176.62000
194.98000
101.75000
123.66000
114.07000
167.09000
156.59000
100.31000
148.89000
199.94000
137.12000
194.16000
143.97000
112.69000
113.22000
160.02000
160.35000
139.31000
179.13000
120.73000
190.30000
150.83000
178.69000
165.19000
143.16000
138.48000
146.66000
134.41000
166.19000
155.77000
142.82000
194.41000
131.66000
181.23000
151.91000
136.20000
136.83000
118.36000
183.73000
175.80000
103.97000
195.68000
173.01000
154.23000
180.35000
166.72000
179.54000
137.49000
138.22000
152.16000
134.96000
153.41000
195.91000
165.08000
191.73000
173.95000
141.21000
143.35000
164.71000
163.16000
134.16000
199.84000
123.05000
146.42000
156.42000
172.46000
160.89000
174.11000
114.62000
124.08000
197.36000
121.64000
140.41000
142.60000
176.62000
189.38000
190.42000
140.92000
167.79000
102.74000
146.30000
156.92000
165.03000
112.10000
02.27000
02.75000
01.07000
01.57000
01.51000
02.83000
04.99000
02.80000
01.20000
03.09000
02.15000
04.63000
04.17000
01.62000
01.88000
03.63000
02.23000
01.49000
02.49000
01.39000
04.23000
02.78000
03.33000
04.48000
03.99000
02.57000
04.71000
04.48000
04.33000
02.93000
03.97000
01.97000
01.09000
02.95000
03.44000
03.92000
04.21000
04.60000
04.72000
04.24000
01.20000
03.31000
04.27000
01.08000
04.35000
01.64000
01.70000
03.89000
04.37000
03.54000
02.23000
03.12000
04.96000
01.97000
04.06000
02.23000
02.83000
02.87000
02.38000
01.67000
03.67000
01.21000
01.41000
02.90000
02.18000
04.94000
02.35000
04.37000
02.08000
03.01000
01.87000
04.31000
03.49000
04.51000
04.92000
03.55000
02.31000
01.00000
01.14000
02.76000
02.21000
03.01000
03.61000
02.26000
02.77000
01.35000
02.41000
03.39000
04.57000
03.85000
04.61000
04.48000
01.19000
03.35000
02.29000
04.85000
03.20000
01.67000
04.53000
04.83000
02.19000
01.64000
01.41000
01.75000
02.73000
04.93000
01.84000
03.39000
04.00000
02.17000
03.86000
02.75000
01.57000
02.44000
02.11000
04.35000
01.23000
03.43000
03.54000
04.41000
04.42000
03.85000
04.10000
04.12000
01.60000
03.40000
04.76000
01.69000
04.22000
02.79000
03.46000
04.32000
04.74000
03.71000
03.15000
04.21000
04.60000
04.88000
03.79000
02.58000
04.62000
02.87000
01.18000
01.70000
03.63000
04.98000
01.43000
02.08000
02.33000
01.66000
02.42000
01.70000
04.07000
03.48000
01.99000
01.62000
01.17000
02.03000
02.95000
03.93000
02.96000
01.88000
01.15000
03.71000
03.77000
04.60000
01.40000
01.03000
02.92000
04.79000
01.53000
04.98000
04.74000
02.01000
04.38000
01.17000
03.71000
03.26000
03.82000
02.58000
02.20000
04.15000
03.03000
01.83000
04.30000
04.24000
03.82000
04.86000
01.21000
03.97000
03.89000
02.65000
01.13000
04.80000
01.96000
03.13000
01.27000
01.17000
01.73000
03.26000
03.83000
04.55000
03.89000
05.00000
04.02000
03.39000
02.15000
03.30000
02.03000
03.13000
01.57000
01.12000
02.52000
02.33000
03.68000
03.08000
02.27000
04.99000
02.83000
02.02000
03.23000
02.42000
04.62000
02.77000
01.49000
01.94000
03.62000
03.15000
02.12000
03.89000
03.40000
01.99000
03.19000
01.58000
04.54000
03.12000
03.80000
01.36000
04.63000
03.37000
04.02000
02.54000
02.24000
04.57000
04.92000
02.41000
04.51000
02.39000
01.45000
02.36000
02.30000
01.36000
01.78000
04.28000
01.39000
03.78000
03.50000
02.36000
01.24000
02.34000
04.58000
03.83000
02.29000
02.76000
03.96000
04.87000
02.00000
03.73000
01.61000
02.69000
02.82000
04.95000
02.47000
03.50000
04.21000
03.14000
04.50000
02.49000
02.61000
03.99000
02.95000
01.75000
01.78000
04.26000
03.57000
03.06000
03.84000
02.60000
02.41000
04.58000
01.41000
02.05000
03.29000
01.37000
04.81000
04.20000
03.03000
01.52000
01.36000
03.62000
03.48000
02.10000
03.40000
03.88000
03.45000
01.19000
04.25000
01.58000
02.77000
01.88000
02.25000
02.28000
02.27000
04.24000
04.71000
03.24000
03.11000
03.47000
03.95000
02.50000
01.67000
03.94000
04.02000
02.18000
02.55000
04.43000
02.62000
04.72000
01.42000
01.88000
01.95000
01.57000
03.01000
02.25000
01.22000
01.19000
01.01000
04.49000
04.63000
01.03000
02.13000
04.55000
01.38000
03.55000
02.07000
03.39000
01.68000
04.20000
01.53000
02.95000
