50
7
35.27000
4.20000
51.68000
64.35000
33.75000
76.39000
52.02000
63.94000
81.22000
15.89000
29.67000
76.71000
90.41000
68.41000
28.09000
27.38000
74.62000
72.84000
67.55000
3.12000
98.20000
5.72000
95.58000
6.00000
29.03000
30.78000
36.55000
2.53000
83.04000
53.43000
39.09000
72.13000
81.71000
67.24000
30.65000
60.64000
95.58000
5.44000
63.96000
25.82000
97.71000
87.46000
69.56000
88.87000
13.23000
76.38000
4.29000
87.90000
65.81000
21.45000
2.40000
71.32000
54.57000
99.81000
73.72000
39.54000
88.40000
90.62000
56.85000
41.76000
32.56000
91.71000
57.50000
12.37000
80.17000
19.70000
96.32000
85.33000
17.52000
65.00000
59.37000
49.64000
65.56000
48.32000
44.63000
91.84000
38.45000
64.16000
15.51000
53.52000
85.96000
35.33000
48.34000
74.81000
50.10000
59.41000
84.87000
49.91000
9.50000
62.32000
80.77000
72.53000
31.98000
45.73000
55.14000
89.47000
26.04000
37.64000
40.99000
49.04000
73.89000
19.25000
79.30000
16.09000
94.62000
34.76000
67.33000
81.75000
5.33000
25.21000
80.57000
57.45000
64.47000
93.22000
75.06000
83.71000
61.83000
58.34000
8.41000
92.24000
60.96000
1.54000
87.28000
53.39000
52.74000
17.71000
24.87000
25.71000
4.82000
67.17000
80.42000
7.42000
10.15000
25.14000
19.73000
84.88000
39.51000
28.29000
55.63000
86.16000
89.92000
29.19000
6.52000
26.49000
36.26000
43.85000
38.82000
58.76000
76.65000
3.18000
13.55000
30.81000
43.26000
42.56000
54.67000
13.30000
57.68000
88.12000
11.97000
57.96000
66.85000
57.26000
33.71000
98.39000
71.32000
26.71000
9.82000
94.53000
85.53000
74.73000
17.40000
82.11000
88.35000
33.62000
73.23000
24.14000
72.59000
34.23000
84.24000
58.44000
94.47000
60.49000
95.07000
52.13000
26.12000
97.83000
40.49000
47.11000
1.10000
83.74000
91.97000
12.59000
67.91000
56.28000
14.14000
92.58000
41.45000
5.54000
6.31000
61.38000
17.67000
51.44000
15.05000
23.77000
68.24000
63.97000
55.79000
79.44000
97.65000
57.35000
40.06000
7.38000
54.22000
28.26000
71.65000
3.02000
36.33000
12.03000
82.63000
77.72000
44.90000
33.16000
80.89000
9.27000
32.89000
55.85000
1.60000
84.36000
53.80000
33.43000
53.73000
59.12000
14.22000
56.94000
76.57000
99.61000
20.23000
8.57000
84.16000
39.28000
30.99000
7.19000
17.88000
22.53000
7.20000
61.83000
92.89000
59.17000
59.61000
22.21000
78.50000
30.94000
1.07000
65.67000
33.86000
90.20000
61.37000
50.77000
61.77000
17.42000
24.91000
64.96000
93.13000
79.56000
33.73000
85.18000
23.29000
99.67000
70.60000
15.67000
58.52000
1.30000
8.42000
34.47000
72.50000
56.09000
55.78000
48.91000
51.85000
42.20000
14.43000
42.12000
46.60000
85.85000
21.82000
23.52000
21.70000
17.80000
6.53000
78.34000
5.53000
16.86000
34.85000
21.09000
40.38000
65.39000
63.22000
39.10000
33.98000
97.78000
96.81000
20.18000
4.72000
15.96000
48.47000
72.39000
67.07000
89.05000
49.66000
90.12000
90.67000
43.42000
72.70000
1.18000
67.16000
67.54000
66.67000
93.83000
39.21000
91.57000
6.97000
76.25000
51.05000
34.82000
43.80000
17.02000
98.97000
53.30000
56.64000
97.66000
81.80000
94.15000
99.78000
68.12000
48.39000
44.23000
55.80000
88.24000
49.17000
76.53000
81.08000
84.32000
86.61000
6.74000
61.29000
95.56000
65.72000
35.71000
56.92000
26.57000
03.08000
04.42000
04.24000
03.75000
03.70000
03.92000
03.66000
02.84000
01.93000
02.58000
04.39000
02.39000
02.37000
04.59000
03.16000
01.53000
01.40000
03.50000
03.53000
03.69000
01.22000
04.14000
01.84000
02.63000
03.84000
04.67000
01.26000
04.40000
01.10000
02.56000
01.79000
01.38000
04.63000
04.58000
02.21000
02.25000
03.87000
04.82000
02.13000
02.00000
04.10000
02.70000
03.97000
03.96000
04.40000
04.92000
02.97000
01.74000
03.64000
03.52000
02.68000
03.45000
02.65000
01.58000
01.88000
01.61000
01.68000
02.03000
03.84000
03.20000
02.64000
03.79000
01.73000
02.19000
04.12000
02.98000
03.07000
04.34000
02.04000
02.51000
03.65000
01.22000
03.59000
02.12000
01.59000
04.22000
01.32000
04.34000
03.35000
02.54000
03.07000
04.55000
01.66000
01.20000
01.98000
04.90000
01.58000
03.02000
02.54000
04.38000
02.49000
02.64000
02.51000
04.79000
04.07000
04.52000
02.98000
04.73000
04.32000
04.91000
03.50000
03.28000
01.47000
03.89000
03.63000
02.12000
03.10000
01.94000
01.67000
04.07000
01.24000
01.95000
04.27000
02.68000
03.21000
04.90000
02.92000
01.81000
04.15000
01.06000
03.93000
01.67000
01.02000
04.03000
02.38000
04.75000
02.57000
04.70000
04.21000
01.86000
03.39000
01.30000
04.15000
02.11000
01.87000
01.35000
03.74000
02.96000
02.19000
03.70000
01.33000
04.13000
04.38000
04.50000
02.11000
01.71000
02.27000
03.22000
04.05000
02.05000
01.21000
04.52000
03.26000
03.16000
04.05000
01.17000
03.12000
03.70000
02.10000
02.84000
03.67000
01.05000
03.41000
03.58000
02.85000
03.93000
03.31000
02.26000
04.91000
04.85000
02.46000
04.54000
02.42000
02.14000
04.83000
04.90000
02.24000
01.93000
03.69000
04.64000
03.57000
04.17000
03.63000
01.86000
03.89000
04.64000
02.56000
01.49000
01.02000
04.90000
01.70000
01.26000
03.08000
02.34000
03.58000
01.71000
02.52000
04.17000
02.04000
04.20000
03.30000
02.83000
04.48000
04.77000
03.54000
04.00000
01.94000
04.50000
03.90000
04.56000
02.81000
03.77000
04.66000
02.91000
04.50000
04.90000
03.88000
04.75000
01.25000
04.50000
03.46000
01.14000
02.11000
03.53000
03.09000
02.39000
04.93000
01.21000
02.29000
04.18000
02.38000
01.12000
02.40000
01.46000
03.95000
01.13000
04.53000
02.51000
01.93000
03.41000
03.66000
02.94000
01.42000
04.48000
02.53000
03.63000
02.35000
01.14000
01.73000
04.82000
04.24000
01.56000
03.39000
02.65000
02.94000
02.62000
01.65000
02.73000
02.91000
01.24000
04.70000
03.84000
02.52000
03.07000
01.32000
02.79000
04.46000
03.57000
03.61000
01.17000
01.73000
01.98000
04.97000
03.41000
03.63000
03.39000
02.11000
02.75000
01.80000
04.69000
01.06000
03.22000
04.16000
04.58000
03.17000
01.68000
04.96000
01.56000
03.09000
01.81000
02.77000
03.98000
02.79000
04.08000
02.46000
03.96000
01.55000
03.79000
01.21000
03.47000
01.84000
02.08000
02.85000
04.29000
03.29000
01.92000
01.41000
03.88000
01.29000
03.99000
02.23000
02.91000
01.20000
03.06000
04.32000
04.56000
03.21000
02.18000
04.51000
03.28000
04.28000
02.72000
03.44000
02.85000
04.21000
02.38000
03.56000
02.36000
03.61000
01.14000
03.13000
02.23000
01.90000
03.32000
02.23000
02.16000
03.32000
03.54000
04.75000
03.19000
02.90000
04.74000
04.39000
01.66000
04.51000
04.17000
02.66000
03.21000
02.81000
03.38000
