50
10
75.59000
52.84000
79.37000
88.19000
59.58000
72.14000
81.61000
21.37000
26.79000
90.24000
37.88000
26.25000
73.54000
11.61000
56.85000
19.68000
23.84000
62.49000
73.95000
42.26000
23.51000
97.86000
49.33000
60.35000
45.09000
96.45000
66.92000
65.06000
85.86000
61.74000
37.38000
72.24000
68.87000
21.96000
94.14000
23.50000
40.91000
30.09000
98.35000
83.18000
73.53000
64.87000
34.95000
44.41000
65.02000
30.76000
12.59000
22.03000
37.42000
55.01000
17.74000
48.75000
7.39000
45.60000
47.81000
90.36000
34.66000
36.12000
87.85000
84.03000
7.11000
40.76000
14.48000
61.07000
11.77000
4.23000
26.11000
77.56000
61.39000
93.96000
48.85000
16.33000
94.49000
7.16000
33.61000
81.95000
74.32000
59.78000
55.02000
8.75000
87.90000
97.52000
14.46000
50.79000
48.98000
89.82000
36.07000
90.90000
94.09000
30.89000
70.74000
36.67000
87.48000
38.67000
94.10000
18.40000
17.16000
57.87000
7.54000
92.18000
4.18000
29.00000
6.59000
79.28000
60.77000
6.94000
19.41000
73.83000
70.91000
11.23000
95.80000
59.34000
13.32000
26.79000
28.87000
33.11000
89.51000
63.28000
32.47000
17.19000
30.68000
56.13000
48.21000
58.36000
87.83000
64.51000
42.45000
30.17000
41.68000
73.32000
6.29000
28.90000
93.71000
92.25000
54.58000
76.62000
74.17000
56.70000
29.93000
22.10000
36.01000
25.85000
96.70000
35.89000
56.98000
83.61000
48.00000
16.29000
41.56000
41.65000
40.63000
55.02000
31.88000
26.96000
9.46000
49.24000
33.73000
3.59000
18.13000
45.50000
75.61000
59.79000
73.21000
7.06000
77.48000
72.21000
8.03000
20.93000
83.02000
41.22000
76.66000
99.87000
61.69000
90.96000
62.92000
83.39000
7.69000
73.33000
72.39000
33.76000
38.97000
62.95000
37.40000
37.98000
1.22000
60.21000
14.01000
9.82000
61.90000
90.26000
83.06000
85.79000
17.21000
4.97000
53.11000
31.16000
84.09000
76.99000
54.49000
31.92000
62.45000
93.23000
6.66000
69.32000
65.98000
93.25000
90.80000
90.44000
93.93000
74.48000
3.10000
97.61000
7.46000
3.26000
13.09000
69.54000
88.50000
68.71000
19.08000
9.72000
49.70000
88.67000
43.11000
45.37000
24.50000
4.76000
32.97000
31.48000
72.05000
80.33000
60.20000
45.78000
78.28000
9.48000
23.09000
91.75000
52.85000
6.08000
42.70000
98.62000
30.19000
11.72000
66.80000
20.37000
69.45000
91.76000
67.95000
33.73000
56.56000
39.30000
27.97000
10.09000
29.07000
70.73000
42.13000
82.44000
7.65000
66.94000
40.92000
47.48000
85.53000
98.36000
61.86000
97.41000
15.59000
72.54000
68.20000
53.18000
70.47000
20.82000
47.97000
57.49000
52.56000
98.27000
13.91000
79.79000
85.99000
88.72000
3.55000
15.28000
22.65000
97.73000
79.14000
80.90000
36.17000
57.64000
30.70000
23.36000
27.95000
24.51000
68.98000
10.10000
23.12000
79.18000
33.51000
35.33000
71.57000
30.21000
85.53000
19.00000
64.62000
22.32000
49.45000
80.46000
33.68000
35.56000
75.77000
82.95000
25.32000
35.90000
67.62000
68.09000
80.14000
70.13000
78.00000
95.05000
65.51000
11.80000
85.63000
49.75000
71.52000
56.20000
93.99000
40.86000
15.04000
27.37000
32.32000
3.79000
35.66000
71.10000
52.58000
96.71000
99.75000
60.94000
34.52000
7.54000
99.40000
93.18000
80.61000
42.95000
50.49000
90.86000
21.08000
39.35000
92.60000
1.78000
7.92000
55.92000
93.09000
95.47000
3.06000
95.52000
37.11000
91.82000
81.32000
17.66000
67.67000
47.12000
28.69000
83.57000
47.96000
7.17000
12.60000
21.39000
58.80000
9.47000
27.27000
78.99000
7.78000
17.29000
91.64000
34.03000
25.21000
18.64000
51.40000
84.88000
68.17000
26.28000
74.01000
58.68000
19.48000
77.72000
54.67000
5.32000
83.73000
37.22000
12.33000
98.44000
94.22000
90.80000
89.68000
41.42000
8.04000
53.22000
58.18000
57.40000
5.01000
60.98000
11.02000
97.27000
34.60000
76.57000
94.85000
52.23000
88.70000
77.53000
97.02000
36.10000
16.60000
48.28000
5.66000
25.54000
38.33000
17.06000
53.18000
61.15000
2.69000
36.84000
1.76000
10.29000
80.22000
86.35000
34.31000
62.05000
70.21000
70.08000
61.50000
34.31000
93.70000
16.26000
18.75000
66.65000
98.50000
76.87000
64.22000
26.45000
57.13000
32.63000
83.84000
3.80000
65.90000
85.03000
87.27000
14.55000
47.85000
64.29000
9.94000
99.32000
49.77000
23.41000
94.46000
92.31000
4.57000
53.19000
75.01000
80.24000
43.62000
17.30000
70.55000
56.20000
94.76000
93.37000
81.47000
76.25000
71.75000
52.85000
33.91000
23.21000
12.10000
87.94000
76.75000
2.67000
77.08000
19.59000
86.63000
45.93000
56.70000
89.49000
63.93000
11.09000
62.72000
69.11000
33.79000
77.96000
33.65000
51.63000
46.10000
55.12000
31.75000
56.00000
76.50000
72.89000
45.04000
26.94000
26.37000
88.35000
86.27000
32.87000
19.84000
83.31000
09.32000
05.99000
07.87000
05.42000
06.94000
05.84000
09.13000
07.23000
09.92000
08.69000
05.18000
05.99000
08.67000
09.01000
09.54000
09.29000
09.83000
07.51000
06.99000
05.99000
06.33000
06.18000
08.58000
06.19000
07.33000
08.24000
06.58000
06.22000
08.22000
08.15000
09.54000
08.69000
05.69000
06.64000
07.23000
07.45000
07.62000
05.69000
05.70000
07.59000
08.19000
08.51000
07.23000
05.46000
07.81000
09.58000
05.34000
08.66000
08.13000
09.62000
08.92000
05.73000
07.60000
09.30000
06.16000
09.43000
07.92000
05.90000
07.21000
05.71000
06.87000
05.67000
05.75000
09.82000
06.25000
06.99000
06.73000
08.26000
09.12000
09.49000
06.34000
08.80000
09.82000
09.05000
07.01000
05.42000
08.89000
07.81000
07.44000
08.39000
08.17000
09.12000
07.58000
09.21000
05.71000
07.64000
08.61000
05.64000
05.83000
09.23000
07.97000
06.68000
09.11000
06.02000
09.35000
07.57000
07.34000
06.40000
07.71000
09.84000
09.74000
07.12000
08.38000
07.29000
07.38000
05.50000
06.56000
09.57000
09.88000
07.71000
07.92000
06.03000
05.44000
06.02000
08.81000
07.08000
08.55000
08.97000
06.83000
09.38000
09.93000
06.35000
05.81000
05.84000
06.55000
09.19000
05.87000
05.62000
06.63000
09.77000
08.35000
09.14000
09.65000
06.63000
05.84000
08.05000
06.33000
09.56000
07.20000
05.26000
08.64000
09.60000
07.51000
09.93000
09.80000
09.01000
08.14000
07.48000
09.29000
06.35000
09.40000
09.93000
06.78000
09.34000
05.07000
06.20000
07.60000
05.93000
05.01000
07.47000
07.67000
05.78000
08.23000
09.32000
09.11000
07.57000
09.99000
08.55000
05.31000
06.26000
06.78000
08.23000
05.89000
08.02000
06.37000
07.69000
06.73000
05.31000
07.75000
07.48000
09.96000
06.81000
06.18000
09.42000
08.97000
07.46000
08.17000
06.58000
08.37000
08.46000
06.46000
08.28000
09.06000
07.25000
05.06000
05.08000
08.15000
07.51000
09.23000
08.80000
08.98000
06.17000
06.94000
06.22000
06.92000
09.73000
09.08000
05.49000
08.98000
08.94000
05.07000
09.68000
06.19000
08.92000
09.07000
07.02000
05.83000
06.00000
06.49000
06.99000
06.44000
07.78000
08.98000
05.30000
07.80000
08.12000
09.47000
08.94000
05.95000
07.10000
07.11000
06.11000
08.18000
06.08000
07.31000
06.30000
08.01000
07.66000
06.72000
05.22000
05.24000
05.68000
08.27000
09.86000
05.90000
05.24000
06.11000
08.42000
07.27000
07.68000
06.38000
08.30000
06.85000
06.97000
05.57000
09.38000
09.08000
09.74000
07.40000
07.02000
06.58000
07.48000
06.19000
07.12000
06.79000
09.21000
07.50000
06.79000
08.40000
05.18000
08.14000
09.43000
06.36000
06.88000
06.20000
09.65000
06.84000
07.09000
05.98000
08.33000
07.31000
09.79000
08.04000
07.61000
06.43000
05.24000
09.22000
05.87000
09.17000
09.95000
07.56000
07.72000
06.70000
06.68000
07.40000
09.06000
06.47000
09.41000
09.28000
07.01000
06.73000
08.53000
09.68000
05.41000
08.41000
09.85000
06.59000
09.76000
09.49000
05.94000
06.54000
09.56000
08.81000
09.70000
06.50000
05.83000
06.46000
05.30000
09.68000
05.86000
08.79000
08.15000
05.57000
08.19000
08.41000
09.90000
09.88000
07.60000
09.16000
08.48000
09.59000
05.13000
06.13000
08.03000
07.91000
08.06000
05.68000
08.97000
09.33000
09.92000
05.40000
07.96000
09.57000
05.51000
09.15000
07.91000
05.59000
05.86000
07.01000
07.97000
05.40000
07.42000
06.06000
09.15000
06.51000
09.14000
09.56000
08.51000
07.78000
09.39000
05.99000
07.46000
08.81000
09.37000
08.10000
05.31000
05.50000
06.50000
09.90000
07.65000
09.97000
09.49000
06.64000
06.28000
05.60000
08.28000
09.82000
09.27000
07.03000
09.05000
07.20000
05.93000
05.12000
09.25000
07.79000
06.84000
07.01000
07.56000
06.83000
08.80000
06.07000
08.94000
05.83000
09.89000
06.94000
09.57000
07.54000
09.42000
05.50000
06.90000
05.94000
06.32000
09.22000
05.58000
09.51000
05.52000
07.06000
06.27000
05.01000
07.10000
06.88000
08.93000
09.10000
06.80000
08.48000
07.41000
09.70000
06.58000
07.87000
06.80000
05.97000
09.67000
07.36000
08.45000
08.31000
05.54000
05.47000
09.97000
08.39000
09.91000
06.99000
05.19000
09.11000
09.75000
07.96000
09.21000
09.64000
08.30000
05.66000
08.39000
05.39000
05.01000
08.62000
05.32000
08.01000
05.62000
06.63000
08.85000
05.42000
07.09000
06.03000
09.51000
06.29000
05.56000
09.84000
05.41000
08.90000
05.22000
06.69000
08.43000
09.98000
08.23000
06.53000
05.08000
07.61000
09.22000
05.53000
08.12000
06.11000
09.06000
06.16000
06.55000
06.03000
09.89000
07.09000
05.63000
09.20000
05.09000
08.27000
06.85000
08.69000
09.27000
05.89000
07.97000
08.80000
08.33000
07.38000
08.00000
05.11000
09.39000
06.46000
07.19000
09.43000
05.83000
08.04000
07.04000
09.83000
07.28000
08.33000
05.31000
