50
4
78.20000
57.48000
67.58000
80.51000
7.95000
47.76000
40.46000
13.75000
34.01000
57.78000
80.26000
85.85000
97.61000
28.76000
29.21000
40.03000
40.96000
99.93000
26.52000
15.50000
3.29000
14.50000
13.42000
52.48000
24.81000
10.70000
30.11000
92.19000
46.74000
29.73000
17.83000
75.85000
10.29000
12.83000
16.78000
43.68000
54.70000
99.20000
67.20000
35.90000
22.18000
32.07000
11.29000
92.73000
51.94000
49.65000
87.27000
56.37000
85.20000
93.17000
38.72000
24.04000
79.44000
52.02000
37.94000
35.88000
95.59000
70.35000
62.51000
76.94000
70.57000
1.89000
78.40000
14.19000
69.37000
10.60000
51.59000
11.60000
57.94000
62.45000
47.04000
35.14000
2.25000
24.42000
30.71000
50.77000
66.28000
60.46000
67.59000
24.47000
17.99000
37.56000
24.63000
21.21000
21.35000
20.67000
65.80000
6.94000
42.34000
74.77000
58.08000
46.65000
46.91000
66.83000
66.43000
7.30000
1.04000
61.81000
56.83000
52.86000
71.37000
99.43000
80.70000
25.09000
5.93000
11.47000
93.39000
20.28000
20.17000
38.00000
82.12000
75.83000
5.82000
70.74000
37.62000
83.45000
52.60000
1.41000
49.61000
33.85000
52.23000
18.73000
9.80000
16.77000
94.41000
14.42000
7.91000
22.91000
70.88000
78.20000
34.66000
43.00000
71.35000
2.78000
80.78000
67.75000
86.54000
75.89000
37.97000
87.89000
8.17000
90.24000
94.96000
94.13000
24.95000
36.55000
44.47000
77.19000
28.61000
4.54000
45.68000
57.02000
83.45000
16.17000
20.15000
88.68000
92.84000
28.99000
68.31000
12.28000
35.15000
40.48000
7.64000
41.28000
24.86000
66.11000
51.60000
92.16000
77.43000
22.35000
17.66000
81.38000
10.34000
23.67000
20.29000
24.41000
37.05000
85.53000
74.95000
35.72000
74.04000
25.41000
98.13000
31.78000
37.77000
56.77000
6.27000
28.06000
42.70000
96.08000
12.86000
40.02000
5.32000
59.81000
34.37000
83.14000
40.08000
62.44000
86.26000
73.88000
09.78000
06.05000
07.74000
06.57000
08.44000
05.86000
05.49000
05.64000
08.76000
08.92000
09.35000
09.92000
09.64000
09.14000
08.23000
08.32000
09.99000
05.44000
06.03000
09.74000
08.71000
06.71000
06.66000
08.09000
09.72000
06.87000
09.02000
07.28000
06.92000
09.82000
07.02000
06.21000
09.21000
09.46000
09.57000
08.79000
05.49000
09.70000
05.58000
08.93000
09.69000
09.45000
08.94000
05.52000
05.70000
07.62000
08.57000
07.48000
07.43000
08.11000
08.43000
08.89000
09.43000
05.73000
05.71000
07.07000
09.77000
08.55000
05.39000
07.06000
07.59000
05.77000
07.64000
09.04000
08.06000
07.54000
07.61000
08.16000
06.32000
09.03000
05.46000
09.56000
07.54000
05.39000
06.34000
08.41000
06.88000
06.77000
05.41000
09.87000
09.48000
08.34000
07.83000
09.08000
05.50000
05.24000
08.75000
06.22000
05.10000
07.64000
08.33000
06.42000
08.44000
05.69000
06.72000
09.85000
05.68000
09.55000
09.08000
06.67000
08.78000
08.64000
06.92000
09.61000
08.12000
06.70000
05.04000
05.70000
06.63000
08.67000
08.05000
08.90000
05.73000
05.94000
07.34000
05.61000
06.81000
09.93000
09.32000
07.23000
06.30000
07.05000
05.40000
05.18000
05.58000
08.69000
06.99000
05.86000
06.07000
06.26000
05.48000
05.68000
09.17000
06.17000
07.30000
06.04000
06.29000
09.83000
08.83000
08.35000
08.84000
08.64000
06.50000
09.02000
08.22000
09.02000
06.69000
09.44000
05.84000
07.35000
06.56000
06.87000
06.84000
05.46000
05.24000
09.70000
05.86000
06.77000
09.01000
05.15000
06.29000
09.53000
05.52000
05.88000
05.78000
06.40000
07.42000
09.55000
07.01000
05.03000
07.38000
08.81000
07.61000
08.09000
08.04000
06.32000
05.26000
08.22000
07.08000
09.73000
07.59000
08.08000
07.13000
06.71000
07.28000
05.33000
05.86000
09.90000
06.97000
07.62000
05.93000
06.96000
09.32000
07.62000
09.98000
05.56000
06.99000
07.97000
05.69000
08.33000
