50
7
106.17000
168.44000
117.36000
146.71000
105.64000
198.62000
142.06000
174.38000
141.54000
104.78000
142.53000
143.34000
111.69000
133.55000
173.60000
101.00000
165.45000
170.62000
116.68000
108.83000
153.74000
190.75000
129.71000
192.37000
179.05000
107.75000
197.23000
191.22000
145.45000
124.51000
180.31000
109.03000
108.54000
182.98000
166.61000
163.55000
125.49000
114.15000
120.32000
136.55000
105.07000
188.09000
132.23000
123.88000
157.55000
163.94000
169.66000
185.45000
144.81000
139.89000
110.34000
190.76000
106.72000
131.87000
100.76000
108.39000
119.54000
159.74000
184.75000
150.44000
129.92000
149.80000
142.55000
136.60000
131.36000
128.78000
118.44000
138.11000
156.44000
149.92000
170.77000
127.76000
126.79000
143.08000
121.96000
129.93000
103.09000
164.65000
108.48000
170.54000
135.11000
147.58000
130.86000
127.09000
111.66000
151.40000
103.71000
178.61000
110.63000
112.20000
105.68000
155.74000
148.95000
192.61000
129.51000
190.64000
132.63000
131.84000
131.97000
167.06000
138.48000
192.16000
166.71000
192.17000
109.13000
164.77000
196.84000
152.28000
112.63000
122.86000
145.63000
187.78000
171.00000
143.52000
154.64000
139.05000
182.83000
167.92000
116.98000
185.54000
173.26000
151.28000
127.34000
195.75000
144.01000
112.89000
131.94000
177.25000
123.34000
186.10000
178.60000
126.67000
116.08000
168.32000
166.69000
179.71000
153.64000
171.02000
197.12000
161.12000
143.97000
169.74000
122.38000
134.71000
121.59000
154.09000
196.54000
153.38000
197.59000
177.72000
156.61000
159.39000
158.75000
129.73000
104.87000
138.59000
162.58000
154.19000
164.42000
177.68000
100.04000
197.80000
133.43000
170.57000
145.09000
124.00000
199.18000
187.72000
135.77000
147.76000
187.97000
126.15000
124.18000
185.65000
115.20000
159.44000
126.48000
105.78000
135.30000
187.74000
172.90000
177.83000
191.77000
187.76000
157.73000
123.04000
167.19000
162.76000
189.31000
164.21000
133.19000
192.59000
140.06000
175.71000
100.46000
183.64000
196.45000
133.45000
168.76000
118.87000
154.55000
106.02000
105.76000
171.44000
100.52000
149.91000
134.71000
143.02000
188.65000
148.54000
156.85000
152.61000
102.67000
146.97000
137.97000
171.07000
127.88000
179.34000
120.40000
133.31000
101.16000
118.84000
173.04000
188.29000
160.92000
127.72000
141.33000
149.06000
197.16000
107.31000
197.32000
142.72000
101.43000
147.99000
189.57000
160.43000
116.85000
179.20000
193.23000
107.42000
188.10000
119.44000
160.02000
152.96000
111.41000
126.28000
168.20000
180.42000
184.58000
146.36000
198.20000
149.42000
146.94000
129.52000
116.55000
124.79000
157.35000
136.93000
179.90000
133.42000
122.21000
177.10000
141.91000
180.93000
133.46000
187.66000
170.31000
174.50000
172.10000
182.83000
196.87000
172.87000
158.20000
103.38000
167.45000
136.34000
100.90000
166.64000
191.97000
176.78000
148.38000
116.52000
194.39000
107.61000
137.91000
173.46000
162.75000
193.83000
145.79000
184.50000
199.16000
101.98000
137.42000
173.21000
169.78000
150.19000
117.24000
189.74000
154.82000
158.13000
101.15000
103.80000
130.38000
146.95000
107.64000
105.43000
173.22000
182.28000
109.72000
172.07000
146.70000
128.02000
190.36000
154.27000
178.29000
122.98000
159.07000
116.61000
197.05000
195.04000
101.95000
187.78000
183.60000
111.15000
131.62000
110.48000
120.11000
127.30000
137.32000
191.51000
140.33000
138.58000
134.80000
151.72000
179.56000
129.10000
116.40000
176.01000
124.66000
122.07000
101.01000
163.37000
164.06000
129.73000
184.10000
176.83000
137.76000
103.42000
187.69000
193.49000
04.40000
02.04000
02.92000
02.24000
04.83000
03.11000
04.35000
03.39000
02.45000
04.13000
01.25000
03.65000
03.52000
01.50000
01.04000
03.33000
04.12000
02.93000
03.96000
01.06000
04.14000
01.46000
01.04000
03.76000
01.28000
01.42000
04.15000
04.68000
01.05000
04.48000
03.95000
01.39000
02.79000
03.59000
03.93000
01.76000
01.62000
01.05000
02.38000
01.98000
02.49000
02.43000
02.41000
04.54000
02.19000
02.65000
01.94000
04.25000
03.27000
03.91000
02.71000
02.11000
03.91000
01.48000
03.15000
02.23000
01.94000
02.40000
02.42000
04.99000
01.32000
04.43000
04.89000
02.02000
04.84000
02.35000
03.26000
02.76000
02.59000
03.77000
04.52000
04.50000
01.96000
03.11000
03.98000
02.29000
01.69000
03.61000
03.26000
03.03000
01.79000
03.30000
04.29000
03.42000
01.61000
01.05000
03.34000
03.98000
01.80000
02.53000
04.95000
03.03000
02.33000
02.22000
04.01000
02.70000
04.49000
01.40000
03.68000
02.96000
01.65000
03.66000
03.11000
04.36000
02.76000
03.11000
03.61000
03.59000
02.48000
02.36000
03.43000
02.83000
04.19000
02.17000
03.59000
03.25000
02.04000
03.59000
02.91000
01.30000
03.02000
02.00000
04.04000
02.77000
04.93000
01.08000
03.41000
04.75000
02.37000
02.84000
01.30000
01.63000
04.76000
01.57000
03.78000
03.15000
02.34000
01.91000
04.75000
04.32000
04.14000
04.78000
03.89000
03.50000
04.04000
01.45000
04.73000
04.33000
02.69000
03.46000
01.33000
04.07000
02.69000
03.91000
01.79000
04.02000
03.27000
02.97000
03.96000
03.35000
01.87000
01.28000
02.06000
04.79000
03.63000
01.26000
03.62000
01.88000
01.97000
03.08000
03.47000
04.98000
04.65000
02.78000
01.77000
03.25000
03.72000
02.16000
01.99000
02.69000
01.56000
02.88000
04.90000
04.08000
04.86000
04.38000
02.61000
01.04000
02.61000
01.93000
04.51000
01.98000
04.12000
04.61000
03.32000
04.14000
01.01000
01.29000
01.06000
03.56000
03.24000
03.73000
01.68000
04.44000
02.03000
03.59000
03.54000
01.76000
03.32000
03.95000
04.78000
04.58000
03.06000
01.40000
03.50000
02.40000
01.03000
01.83000
04.63000
01.04000
02.79000
02.47000
01.90000
04.60000
01.73000
01.85000
03.85000
01.53000
01.06000
01.80000
03.84000
02.58000
03.79000
01.49000
02.04000
02.80000
02.74000
03.38000
03.44000
03.58000
02.56000
03.24000
03.82000
02.59000
01.69000
04.18000
03.80000
03.83000
02.40000
02.58000
02.02000
02.85000
03.40000
04.25000
02.54000
03.98000
02.16000
04.57000
01.73000
04.68000
01.44000
03.52000
03.14000
02.29000
04.22000
02.59000
04.64000
01.92000
02.78000
02.07000
04.43000
02.55000
04.70000
03.06000
03.00000
02.92000
02.90000
01.49000
01.15000
03.62000
01.58000
02.09000
02.02000
01.04000
02.28000
04.40000
01.05000
01.37000
01.84000
04.79000
03.96000
02.63000
02.41000
02.41000
04.84000
04.65000
01.47000
01.26000
04.05000
03.06000
02.81000
04.24000
02.37000
04.23000
02.55000
03.65000
01.28000
02.87000
03.39000
03.31000
04.08000
03.33000
01.36000
03.17000
01.47000
02.94000
01.32000
01.48000
03.95000
04.36000
02.95000
04.79000
03.87000
01.56000
02.72000
01.98000
01.36000
01.81000
03.93000
02.23000
02.36000
03.72000
02.70000
01.04000
04.64000
03.17000
01.93000
02.22000
03.78000
03.40000
01.36000
03.90000
03.17000
04.92000
03.53000
04.51000
04.00000
03.58000
03.81000
04.80000
