50
10
25.31000
45.90000
23.01000
32.72000
12.79000
11.65000
66.25000
5.56000
70.90000
75.97000
76.67000
75.61000
48.43000
93.84000
14.44000
11.23000
16.92000
44.00000
62.49000
1.53000
72.68000
28.91000
32.47000
62.37000
39.74000
76.82000
57.80000
36.35000
63.89000
42.70000
98.66000
87.82000
18.68000
4.29000
40.96000
9.89000
99.41000
64.06000
92.37000
16.41000
31.11000
52.24000
89.30000
49.00000
58.57000
21.82000
90.94000
74.01000
55.35000
50.53000
21.92000
77.92000
18.67000
95.90000
9.17000
58.34000
43.73000
72.03000
99.97000
96.78000
33.31000
93.99000
22.46000
76.06000
24.93000
56.98000
24.53000
2.75000
80.85000
78.95000
81.80000
7.18000
90.08000
5.60000
95.67000
46.42000
65.38000
4.38000
91.28000
3.29000
44.26000
69.49000
19.50000
82.38000
88.98000
21.88000
53.98000
17.99000
88.57000
4.24000
96.11000
64.21000
55.77000
85.03000
72.01000
4.87000
28.10000
60.45000
31.59000
44.53000
93.18000
27.39000
23.48000
32.72000
86.16000
73.40000
41.14000
21.48000
82.97000
10.42000
98.40000
88.60000
12.84000
70.85000
37.86000
82.88000
27.73000
16.86000
23.88000
75.86000
7.40000
31.38000
47.56000
64.84000
54.31000
25.07000
25.76000
71.85000
97.70000
32.35000
98.08000
44.69000
91.55000
13.39000
32.89000
54.90000
14.58000
52.10000
19.27000
99.78000
68.28000
59.16000
73.10000
3.37000
82.89000
68.98000
36.97000
10.46000
12.37000
41.73000
17.53000
39.37000
15.60000
64.63000
32.68000
77.01000
85.82000
13.91000
45.13000
86.53000
79.28000
37.35000
11.96000
80.68000
64.43000
61.09000
13.98000
96.98000
35.47000
36.01000
57.78000
98.68000
11.35000
36.75000
75.67000
73.80000
35.77000
63.70000
24.73000
35.11000
78.17000
42.99000
84.78000
20.10000
33.77000
24.51000
64.40000
91.05000
20.50000
82.89000
93.92000
37.97000
82.07000
20.53000
31.40000
71.62000
88.92000
60.56000
56.68000
31.50000
60.69000
40.92000
29.17000
63.81000
10.86000
60.49000
60.34000
61.56000
97.60000
86.78000
56.56000
95.61000
33.57000
36.65000
39.89000
95.20000
51.20000
49.71000
57.11000
14.32000
11.64000
92.31000
80.76000
29.68000
97.83000
56.56000
9.14000
45.77000
22.42000
57.31000
62.29000
90.83000
17.83000
36.17000
89.01000
19.83000
44.23000
58.49000
61.83000
9.50000
86.55000
16.38000
77.05000
63.32000
55.44000
24.70000
57.72000
11.53000
84.33000
25.04000
85.16000
39.39000
69.58000
88.09000
39.87000
15.36000
91.20000
96.60000
97.55000
14.73000
58.20000
97.76000
48.21000
81.21000
69.96000
48.66000
3.62000
85.24000
52.64000
30.11000
1.28000
21.01000
56.10000
48.70000
4.46000
6.49000
56.00000
36.74000
1.17000
85.36000
52.71000
50.31000
4.16000
29.08000
71.37000
71.23000
50.96000
29.85000
62.87000
7.08000
5.82000
7.62000
2.85000
87.19000
54.76000
6.08000
89.69000
70.62000
12.54000
93.68000
49.09000
34.23000
44.75000
46.84000
2.89000
95.82000
87.13000
85.69000
54.29000
33.91000
95.82000
21.35000
95.39000
43.79000
74.31000
61.47000
43.07000
48.51000
50.82000
42.47000
36.91000
94.85000
78.34000
23.54000
43.28000
56.36000
36.59000
88.57000
53.28000
29.34000
28.05000
49.25000
82.77000
35.82000
80.97000
38.98000
73.35000
23.59000
50.30000
17.94000
90.38000
64.21000
13.80000
70.04000
25.96000
55.97000
73.93000
6.96000
93.95000
20.90000
41.58000
15.90000
37.01000
60.30000
7.22000
1.96000
38.87000
70.63000
22.18000
27.37000
96.41000
6.03000
6.39000
67.77000
42.98000
52.53000
3.57000
24.55000
33.64000
24.88000
82.16000
21.85000
50.21000
59.60000
38.36000
10.55000
99.27000
20.94000
89.12000
65.28000
14.15000
94.91000
80.14000
87.44000
48.92000
96.29000
79.86000
3.17000
86.40000
62.58000
82.49000
60.34000
34.17000
56.04000
7.98000
36.59000
22.54000
64.69000
98.02000
31.32000
5.74000
54.90000
77.31000
30.37000
61.02000
61.86000
43.92000
39.20000
27.99000
88.89000
78.64000
29.62000
77.19000
15.72000
67.39000
91.73000
7.91000
43.83000
19.85000
43.39000
40.21000
3.44000
69.43000
24.20000
22.86000
46.55000
77.29000
99.53000
27.42000
52.87000
28.37000
62.47000
51.18000
25.90000
31.31000
27.89000
17.17000
92.85000
21.55000
36.38000
71.20000
9.72000
58.26000
54.30000
86.80000
52.22000
27.34000
72.76000
61.28000
25.85000
19.22000
13.64000
93.07000
34.71000
35.07000
80.39000
34.77000
50.17000
11.00000
92.61000
57.40000
60.80000
95.90000
56.88000
25.22000
85.55000
67.39000
4.54000
25.24000
69.12000
24.87000
90.64000
70.22000
79.96000
92.48000
99.02000
98.67000
13.27000
23.10000
36.25000
73.86000
86.00000
89.36000
32.65000
82.80000
44.85000
93.66000
45.30000
39.24000
57.26000
61.13000
56.03000
79.71000
18.44000
41.66000
71.40000
68.46000
46.34000
10.88000
23.74000
07.26000
06.27000
07.04000
08.36000
09.98000
09.86000
07.72000
09.79000
09.81000
06.33000
06.19000
09.30000
09.67000
07.65000
08.47000
06.99000
08.70000
07.04000
06.86000
09.20000
07.33000
08.98000
09.89000
08.55000
07.21000
09.19000
07.35000
08.86000
06.25000
09.64000
05.26000
05.25000
08.61000
08.55000
05.92000
09.05000
09.71000
05.40000
07.87000
07.87000
06.19000
05.90000
05.87000
05.56000
05.98000
07.04000
05.98000
07.20000
08.23000
07.03000
06.19000
09.37000
06.60000
07.55000
05.54000
07.97000
07.89000
06.95000
09.52000
08.09000
09.86000
09.72000
09.32000
07.48000
06.84000
06.74000
07.37000
05.15000
09.39000
05.14000
07.37000
06.36000
09.32000
08.28000
09.26000
07.61000
09.71000
05.82000
09.23000
06.65000
09.87000
08.61000
09.72000
07.49000
05.36000
08.80000
09.42000
05.37000
08.01000
09.76000
08.27000
06.81000
05.87000
06.12000
07.48000
09.56000
08.27000
08.75000
09.47000
07.61000
07.36000
09.87000
07.24000
07.17000
05.26000
08.57000
05.31000
05.95000
05.40000
06.59000
05.20000
05.67000
08.49000
08.73000
05.74000
09.23000
06.52000
06.02000
07.04000
05.81000
07.69000
05.73000
05.45000
05.80000
06.48000
06.42000
08.56000
05.88000
08.62000
07.86000
05.23000
08.94000
06.09000
06.09000
05.54000
09.16000
07.09000
08.40000
05.85000
06.94000
06.10000
08.31000
08.76000
08.93000
08.86000
05.61000
08.10000
08.06000
07.32000
06.35000
07.83000
09.89000
06.99000
09.03000
07.10000
05.20000
08.08000
05.39000
07.10000
05.09000
06.11000
05.83000
09.32000
07.63000
05.71000
06.53000
06.51000
07.11000
07.75000
09.95000
07.70000
09.13000
09.38000
09.76000
08.12000
05.48000
08.97000
05.92000
09.28000
09.24000
06.14000
09.61000
08.93000
09.72000
06.78000
08.27000
06.09000
07.49000
08.01000
05.60000
05.99000
09.37000
08.22000
06.54000
05.16000
08.41000
07.03000
07.28000
06.33000
08.95000
08.63000
07.39000
08.23000
05.66000
05.28000
08.61000
09.02000
09.09000
09.06000
06.62000
07.92000
09.83000
08.49000
09.02000
06.58000
08.61000
08.37000
09.67000
07.92000
07.40000
09.72000
08.65000
06.10000
09.41000
09.83000
07.31000
06.53000
09.12000
07.23000
08.26000
05.86000
07.26000
06.72000
05.33000
07.02000
05.80000
09.33000
08.64000
09.15000
07.95000
07.34000
09.51000
07.66000
08.20000
09.28000
05.56000
09.23000
07.27000
09.95000
05.63000
07.18000
08.48000
07.98000
06.77000
06.00000
09.78000
09.32000
08.30000
09.53000
07.85000
09.25000
06.25000
09.59000
06.07000
07.70000
07.13000
09.24000
09.06000
05.88000
08.70000
07.81000
07.70000
06.22000
09.95000
05.84000
09.12000
07.41000
06.14000
05.18000
06.71000
09.40000
08.78000
08.87000
05.08000
08.38000
05.61000
06.24000
05.13000
06.78000
05.65000
07.84000
08.97000
08.30000
09.14000
05.51000
09.99000
07.88000
07.60000
07.31000
07.82000
09.25000
08.30000
05.87000
07.39000
08.87000
07.92000
05.97000
06.86000
06.52000
09.06000
09.00000
09.77000
08.54000
07.14000
09.41000
09.68000
07.52000
08.81000
07.93000
06.35000
07.33000
06.99000
06.54000
05.82000
08.05000
05.83000
08.46000
05.39000
06.03000
05.75000
08.16000
08.58000
08.87000
08.41000
06.36000
05.18000
05.42000
06.71000
05.03000
06.22000
05.78000
09.82000
07.40000
09.00000
06.28000
08.14000
07.94000
07.04000
09.54000
08.35000
06.06000
08.63000
05.38000
05.89000
09.86000
06.29000
08.86000
07.53000
06.51000
08.31000
09.21000
05.84000
08.12000
08.36000
06.68000
07.63000
08.08000
06.40000
07.79000
05.96000
06.03000
08.61000
05.28000
05.16000
07.82000
07.44000
08.17000
05.79000
05.61000
06.57000
06.69000
09.66000
07.75000
05.95000
07.37000
09.85000
08.89000
06.78000
07.94000
05.67000
09.91000
06.48000
07.43000
07.68000
07.92000
08.75000
06.07000
07.70000
06.31000
08.54000
08.76000
06.96000
05.64000
06.56000
07.77000
05.87000
09.49000
09.09000
07.98000
09.55000
05.84000
07.23000
08.54000
06.23000
06.96000
07.31000
09.86000
05.38000
06.39000
06.95000
08.60000
07.71000
08.93000
09.98000
07.68000
05.21000
05.59000
06.50000
06.25000
06.09000
08.67000
07.86000
09.73000
09.83000
06.71000
06.66000
09.77000
07.15000
09.48000
06.75000
09.28000
05.03000
08.02000
08.22000
07.43000
06.68000
09.63000
07.42000
09.63000
06.58000
08.45000
07.61000
06.72000
07.35000
07.54000
07.19000
09.70000
09.86000
07.99000
05.34000
05.73000
08.41000
07.24000
06.07000
05.38000
05.13000
08.99000
09.64000
05.46000
08.41000
08.17000
07.53000
09.04000
07.86000
05.98000
07.52000
05.43000
09.38000
09.85000
08.60000
05.21000
05.08000
08.49000
06.02000
05.19000
08.35000
06.83000
06.30000
08.44000
08.82000
06.06000
07.18000
09.26000
07.36000
08.62000
07.66000
08.24000
06.11000
08.21000
08.01000
