50
7
136.60000
108.00000
199.80000
162.73000
181.62000
170.64000
162.71000
189.93000
176.91000
193.78000
140.99000
162.47000
109.31000
100.61000
153.53000
179.32000
167.27000
103.40000
195.80000
103.52000
190.77000
153.45000
189.82000
112.17000
121.36000
191.14000
134.17000
146.43000
152.16000
195.93000
154.00000
161.53000
177.85000
136.32000
151.01000
176.76000
144.66000
119.87000
153.48000
125.45000
100.40000
143.22000
166.25000
105.03000
144.44000
142.06000
120.70000
126.97000
177.70000
141.14000
152.09000
184.20000
199.35000
133.81000
193.15000
109.59000
146.68000
123.03000
152.15000
120.11000
147.97000
110.93000
110.90000
124.48000
173.28000
188.27000
165.22000
133.02000
181.75000
122.38000
175.04000
107.59000
171.57000
107.17000
114.32000
111.61000
129.99000
113.09000
121.12000
160.09000
183.33000
137.16000
147.52000
169.56000
146.98000
152.97000
109.68000
108.15000
175.38000
160.66000
137.84000
145.53000
112.03000
136.95000
126.28000
102.95000
139.50000
185.10000
183.35000
103.20000
124.98000
169.74000
156.56000
129.09000
117.10000
152.86000
112.91000
132.00000
161.35000
167.70000
195.49000
138.59000
193.82000
192.92000
134.92000
165.78000
177.16000
121.24000
163.38000
119.58000
150.58000
109.45000
164.60000
145.06000
179.84000
128.39000
123.90000
176.36000
107.29000
112.99000
178.13000
186.66000
101.82000
112.21000
165.73000
138.22000
108.88000
139.10000
176.67000
132.36000
100.51000
120.75000
102.53000
159.46000
125.28000
148.32000
186.41000
148.97000
158.34000
127.04000
132.75000
187.18000
172.75000
136.89000
164.79000
126.61000
153.21000
162.27000
181.69000
142.10000
135.40000
161.26000
108.22000
141.61000
194.87000
186.33000
108.18000
159.66000
121.21000
191.54000
134.46000
107.34000
168.08000
182.51000
179.01000
122.30000
103.21000
166.41000
122.83000
118.74000
158.39000
101.99000
185.98000
137.43000
179.46000
149.54000
177.61000
195.72000
176.34000
120.94000
145.89000
137.49000
173.00000
129.60000
128.09000
183.20000
157.48000
140.53000
100.53000
179.88000
117.78000
122.44000
180.10000
109.95000
133.38000
199.03000
164.30000
130.52000
153.39000
175.82000
154.74000
179.09000
100.62000
124.43000
131.24000
128.08000
149.42000
155.57000
100.22000
163.96000
175.72000
168.99000
144.63000
137.27000
107.02000
103.50000
173.99000
112.61000
172.36000
186.98000
174.38000
118.63000
152.37000
186.39000
158.45000
198.08000
129.22000
157.72000
115.42000
157.72000
136.64000
196.05000
161.04000
118.42000
109.95000
185.49000
187.66000
165.07000
136.01000
149.26000
169.51000
193.92000
151.09000
143.20000
155.16000
179.25000
149.39000
157.12000
146.11000
106.97000
119.46000
113.72000
147.59000
121.77000
179.82000
164.69000
128.87000
119.88000
188.03000
188.30000
173.32000
199.11000
190.72000
139.40000
128.34000
108.83000
173.59000
199.37000
155.41000
199.95000
111.40000
126.17000
180.06000
174.97000
117.95000
104.33000
141.90000
137.95000
196.14000
194.93000
144.58000
144.49000
187.91000
185.62000
105.83000
151.79000
124.25000
140.61000
107.44000
168.56000
163.11000
175.30000
183.30000
173.80000
140.91000
107.21000
132.69000
158.45000
157.04000
186.32000
168.71000
142.70000
158.50000
114.72000
157.92000
191.95000
168.89000
158.58000
118.43000
110.63000
138.35000
198.11000
169.93000
192.25000
193.59000
177.62000
183.64000
169.38000
187.89000
155.44000
132.38000
163.65000
151.06000
153.99000
140.50000
135.76000
139.53000
109.74000
133.94000
135.45000
186.23000
123.24000
190.19000
151.55000
150.69000
109.08000
188.30000
161.94000
169.00000
145.91000
02.63000
01.38000
03.69000
02.93000
04.65000
01.12000
02.60000
01.70000
04.21000
04.66000
02.22000
01.10000
04.87000
03.22000
02.30000
03.24000
02.03000
01.33000
01.38000
02.56000
04.89000
02.83000
02.80000
03.81000
02.46000
04.87000
04.75000
04.05000
01.57000
03.93000
02.21000
02.65000
04.85000
01.78000
04.96000
03.29000
04.76000
03.51000
03.63000
03.99000
01.56000
03.52000
03.61000
03.04000
01.33000
03.54000
03.16000
01.07000
01.95000
02.60000
02.63000
03.65000
04.75000
04.78000
04.55000
01.91000
01.20000
04.41000
04.38000
01.51000
02.24000
02.76000
02.31000
03.42000
01.46000
02.94000
04.83000
04.38000
01.76000
02.86000
02.75000
02.99000
01.36000
01.27000
01.20000
01.62000
03.79000
03.71000
01.60000
04.48000
03.90000
04.53000
03.72000
03.58000
01.83000
04.90000
03.61000
04.75000
01.05000
02.81000
03.65000
01.63000
02.35000
03.06000
02.51000
01.67000
01.81000
03.24000
01.20000
04.13000
03.62000
01.15000
03.96000
03.76000
02.21000
02.90000
04.37000
04.42000
03.11000
04.91000
01.20000
03.70000
03.99000
03.73000
04.78000
01.56000
03.32000
02.25000
01.23000
03.30000
02.41000
03.64000
02.51000
01.50000
03.35000
01.40000
04.38000
02.06000
03.08000
01.35000
04.43000
02.21000
03.32000
03.60000
04.03000
04.46000
04.62000
04.60000
02.39000
02.67000
04.33000
03.09000
02.53000
03.99000
02.63000
02.13000
01.27000
02.88000
04.50000
03.10000
03.34000
01.96000
01.69000
01.56000
02.31000
02.75000
04.63000
03.56000
04.16000
02.97000
03.43000
04.30000
03.92000
03.68000
03.02000
03.47000
03.93000
02.72000
02.65000
04.58000
03.85000
04.77000
01.87000
04.97000
02.63000
03.31000
02.57000
01.77000
04.57000
02.63000
02.92000
01.93000
01.25000
03.85000
03.43000
04.21000
01.57000
02.88000
04.90000
01.20000
01.76000
04.45000
02.47000
01.27000
03.33000
04.11000
03.55000
02.64000
03.15000
02.22000
03.97000
04.78000
02.86000
02.37000
03.47000
01.28000
02.15000
01.37000
03.99000
02.82000
01.26000
01.08000
04.82000
02.81000
04.60000
02.80000
03.01000
01.95000
01.40000
02.16000
03.47000
02.29000
03.72000
03.09000
04.89000
01.15000
04.41000
03.83000
01.79000
01.20000
03.13000
02.96000
02.49000
04.40000
04.38000
01.34000
03.14000
02.04000
03.44000
04.16000
01.67000
04.69000
04.42000
02.91000
03.87000
04.28000
02.25000
01.41000
01.29000
04.01000
04.33000
04.70000
01.80000
01.59000
02.34000
01.70000
02.57000
01.19000
01.77000
03.18000
03.79000
04.23000
04.01000
01.77000
01.24000
02.51000
02.73000
03.92000
02.02000
04.63000
01.93000
03.90000
02.51000
02.02000
01.93000
01.79000
02.45000
02.91000
01.34000
01.47000
02.85000
02.34000
03.11000
04.65000
04.07000
04.17000
04.48000
04.83000
03.76000
03.07000
03.00000
01.35000
02.88000
02.52000
02.57000
01.34000
03.71000
04.82000
03.35000
01.75000
01.16000
04.40000
02.09000
03.78000
02.41000
01.74000
01.28000
01.07000
01.62000
03.47000
03.63000
03.46000
03.16000
03.35000
03.17000
01.12000
02.18000
03.43000
03.71000
03.51000
02.68000
04.10000
04.89000
01.41000
03.45000
02.04000
04.18000
04.91000
04.09000
04.23000
02.82000
01.42000
03.03000
02.01000
03.89000
01.64000
03.50000
04.98000
02.30000
01.62000
03.54000
03.08000
02.72000
04.70000
02.01000
04.57000
01.69000
03.52000
04.59000
02.00000
