50
4
179.43000
182.49000
132.75000
184.74000
182.08000
107.41000
132.48000
168.08000
114.05000
109.31000
181.85000
198.70000
115.97000
128.81000
121.47000
117.24000
128.45000
106.54000
191.98000
164.31000
192.14000
183.13000
134.00000
180.56000
147.65000
199.18000
188.15000
106.59000
135.60000
195.35000
195.06000
183.04000
196.62000
112.24000
195.36000
150.52000
171.34000
190.48000
129.66000
149.68000
100.38000
170.70000
138.59000
121.12000
124.37000
193.52000
162.79000
105.48000
183.93000
199.57000
142.97000
172.22000
116.83000
167.69000
117.21000
109.40000
189.82000
155.57000
105.35000
189.39000
159.50000
119.06000
172.99000
177.79000
191.52000
123.79000
185.78000
140.25000
151.49000
135.37000
109.34000
142.37000
105.04000
119.45000
109.29000
149.80000
117.79000
141.63000
151.25000
128.15000
155.37000
167.55000
100.86000
143.04000
183.41000
162.83000
123.73000
160.11000
167.52000
193.09000
185.49000
144.97000
173.34000
123.96000
151.77000
163.26000
166.49000
121.07000
188.19000
180.60000
141.98000
120.13000
152.23000
156.11000
163.65000
170.81000
187.58000
188.05000
160.35000
156.67000
143.28000
150.49000
122.69000
168.34000
109.93000
134.04000
141.31000
196.44000
178.17000
129.34000
106.83000
131.59000
138.63000
127.01000
109.88000
164.43000
181.92000
117.67000
141.07000
185.57000
198.67000
191.95000
191.04000
185.64000
179.51000
140.47000
150.40000
155.26000
115.06000
153.86000
109.80000
185.07000
195.95000
122.74000
159.84000
165.68000
112.80000
137.74000
191.15000
187.73000
126.72000
164.50000
128.51000
179.16000
103.41000
164.78000
153.36000
135.80000
105.31000
131.68000
111.23000
116.87000
148.06000
180.83000
117.76000
138.00000
147.28000
127.85000
188.57000
114.83000
118.59000
188.38000
139.29000
162.97000
177.62000
178.04000
185.54000
198.04000
140.00000
112.44000
142.95000
135.68000
121.35000
107.22000
127.14000
191.51000
137.29000
178.00000
153.74000
181.15000
103.45000
140.41000
138.37000
120.23000
135.46000
110.07000
196.66000
124.38000
148.93000
102.61000
04.37000
02.32000
04.68000
02.88000
01.71000
01.25000
02.87000
03.30000
04.54000
03.93000
04.11000
03.04000
03.98000
01.51000
03.52000
01.23000
03.14000
01.09000
04.22000
04.99000
01.16000
01.82000
01.35000
01.46000
01.17000
02.80000
02.01000
01.75000
02.28000
03.18000
01.35000
04.99000
03.62000
02.07000
02.48000
02.30000
04.31000
02.59000
04.52000
04.82000
03.49000
03.88000
02.62000
03.66000
04.28000
01.05000
03.88000
01.95000
01.80000
01.24000
04.64000
02.04000
04.15000
02.07000
02.71000
02.80000
02.86000
01.25000
04.11000
03.43000
02.98000
04.36000
04.97000
04.05000
04.61000
03.52000
01.41000
04.78000
03.89000
02.85000
01.56000
01.75000
04.94000
02.49000
01.55000
03.09000
03.89000
02.55000
01.49000
04.91000
04.86000
03.17000
01.51000
03.35000
03.97000
04.46000
01.74000
02.53000
01.35000
02.56000
02.31000
02.57000
01.13000
01.58000
03.33000
03.60000
03.43000
01.65000
04.94000
01.75000
04.89000
03.62000
02.93000
02.69000
01.08000
04.57000
01.98000
02.40000
01.26000
02.31000
03.58000
03.44000
02.57000
01.95000
04.87000
02.96000
02.13000
04.61000
02.97000
02.06000
01.05000
03.44000
03.01000
01.88000
04.48000
03.53000
02.10000
03.54000
01.52000
02.04000
01.38000
04.17000
01.32000
04.07000
01.97000
04.88000
04.98000
02.75000
04.99000
02.81000
01.64000
03.21000
03.57000
03.09000
04.43000
02.58000
02.84000
02.83000
02.46000
01.97000
04.85000
01.25000
02.06000
02.04000
04.75000
04.57000
04.68000
03.10000
02.62000
04.89000
04.34000
02.22000
04.59000
04.34000
03.16000
01.53000
04.79000
01.05000
03.26000
03.17000
01.33000
01.14000
02.78000
01.24000
04.35000
02.73000
03.83000
01.88000
03.97000
03.96000
04.54000
03.22000
02.31000
02.93000
03.04000
03.37000
01.50000
01.79000
01.45000
04.46000
03.66000
02.65000
01.89000
04.63000
02.92000
03.65000
02.50000
01.98000
01.40000
02.89000
