50
10
149.69000
105.52000
183.51000
183.57000
184.62000
196.13000
134.72000
125.68000
129.56000
193.74000
128.96000
110.91000
106.79000
126.85000
100.98000
180.28000
163.56000
148.98000
110.57000
199.80000
172.14000
138.64000
142.47000
160.48000
129.80000
199.36000
106.46000
178.36000
158.81000
159.64000
137.30000
194.43000
106.43000
173.00000
194.76000
174.71000
144.92000
117.97000
163.60000
110.23000
171.55000
198.04000
153.59000
116.99000
108.59000
141.75000
199.49000
136.02000
103.30000
102.60000
129.96000
148.63000
195.71000
132.85000
132.77000
143.29000
176.36000
122.18000
188.23000
163.33000
106.72000
162.11000
196.73000
165.42000
199.69000
121.76000
183.64000
131.18000
193.16000
195.29000
199.37000
167.27000
150.00000
101.84000
119.31000
105.31000
158.13000
185.54000
143.85000
101.95000
130.42000
115.53000
198.36000
138.83000
104.77000
185.96000
133.26000
122.60000
144.06000
115.97000
123.93000
184.88000
136.19000
149.69000
170.75000
182.33000
194.05000
156.27000
199.12000
196.58000
116.12000
130.57000
160.71000
124.14000
137.76000
194.35000
164.12000
121.30000
195.69000
149.20000
177.44000
136.29000
193.42000
104.89000
116.70000
191.37000
159.46000
196.18000
122.91000
133.81000
147.34000
182.83000
162.08000
135.88000
135.56000
149.62000
125.24000
194.83000
127.65000
106.31000
128.39000
132.94000
152.12000
187.67000
112.55000
197.48000
162.48000
153.45000
143.74000
160.70000
137.25000
188.43000
112.97000
119.88000
179.95000
102.37000
136.27000
197.27000
119.09000
130.03000
115.77000
162.81000
192.57000
125.81000
177.14000
144.06000
121.08000
138.71000
127.57000
107.46000
101.36000
174.57000
198.72000
140.87000
177.54000
133.77000
147.22000
157.21000
118.76000
141.70000
154.71000
194.35000
119.17000
148.77000
127.83000
115.18000
197.91000
130.35000
198.22000
107.61000
199.11000
186.84000
122.52000
184.51000
191.92000
143.63000
182.37000
183.79000
170.48000
151.11000
184.42000
168.32000
153.93000
184.67000
160.31000
126.00000
186.41000
144.71000
166.67000
169.73000
179.88000
156.61000
150.49000
110.84000
131.62000
152.96000
187.76000
173.23000
147.47000
151.02000
153.40000
104.72000
112.21000
141.81000
144.68000
108.82000
135.60000
141.34000
183.86000
114.05000
152.40000
190.64000
118.22000
173.92000
122.39000
155.72000
120.02000
166.95000
130.31000
127.59000
186.52000
196.66000
185.95000
122.27000
139.99000
191.56000
124.07000
180.77000
127.69000
105.17000
104.43000
169.11000
121.90000
116.00000
111.79000
178.31000
119.87000
127.57000
155.93000
124.38000
112.68000
183.59000
162.75000
156.55000
173.05000
136.05000
124.11000
134.64000
172.99000
166.44000
103.34000
197.12000
175.37000
193.91000
175.84000
175.61000
168.09000
162.59000
142.00000
126.77000
164.03000
141.63000
127.21000
132.23000
101.10000
125.18000
181.86000
198.64000
142.18000
132.35000
181.33000
157.63000
175.15000
107.31000
126.03000
165.84000
112.92000
119.19000
141.34000
104.92000
193.37000
162.13000
177.66000
181.51000
179.40000
155.27000
110.36000
127.24000
158.88000
142.76000
159.94000
121.09000
141.55000
141.45000
155.86000
161.35000
127.54000
193.71000
170.30000
165.53000
136.92000
167.89000
169.26000
105.90000
148.22000
148.76000
143.77000
179.73000
164.94000
146.10000
109.83000
109.27000
115.60000
194.67000
108.47000
141.80000
153.73000
154.22000
105.70000
149.58000
157.82000
109.54000
192.54000
129.87000
131.40000
170.38000
185.00000
104.95000
102.99000
171.51000
124.09000
122.07000
126.09000
172.69000
175.84000
153.50000
179.23000
158.70000
131.25000
196.52000
103.97000
160.39000
117.07000
117.63000
140.14000
136.22000
195.09000
132.62000
105.41000
149.84000
146.15000
107.48000
193.93000
151.66000
176.91000
105.10000
124.84000
117.06000
119.01000
113.37000
142.28000
146.42000
129.08000
145.18000
115.39000
165.15000
188.76000
138.42000
138.31000
123.63000
104.70000
155.99000
130.18000
197.26000
108.54000
185.77000
135.14000
186.41000
156.92000
140.65000
122.34000
116.50000
131.47000
158.53000
185.91000
137.89000
138.84000
102.29000
144.99000
125.99000
118.35000
181.05000
143.78000
161.51000
199.49000
184.78000
182.81000
198.96000
105.11000
191.21000
141.83000
137.74000
182.46000
153.84000
180.58000
143.86000
103.82000
151.19000
183.85000
108.33000
166.43000
186.79000
161.39000
147.17000
192.58000
189.14000
147.97000
101.40000
129.53000
111.75000
103.35000
137.04000
149.54000
133.16000
112.30000
145.09000
149.88000
156.86000
184.59000
141.57000
152.81000
111.38000
154.98000
167.51000
105.60000
150.23000
183.24000
188.91000
180.52000
151.93000
160.53000
119.25000
157.08000
131.39000
191.84000
144.45000
140.64000
191.31000
105.88000
156.38000
166.50000
125.65000
128.02000
136.67000
172.53000
128.55000
108.67000
191.96000
121.64000
119.15000
123.21000
153.91000
101.71000
141.59000
172.04000
179.14000
125.64000
165.02000
180.54000
149.30000
131.31000
183.57000
199.10000
171.02000
181.62000
116.39000
103.12000
175.96000
164.45000
107.60000
192.99000
120.75000
192.69000
126.37000
194.09000
187.02000
104.25000
166.82000
156.82000
181.43000
07.80000
08.66000
05.13000
07.53000
09.32000
09.41000
05.62000
09.46000
07.16000
06.93000
07.46000
07.73000
07.96000
06.92000
05.45000
06.20000
09.64000
06.38000
05.62000
09.95000
06.37000
08.52000
05.26000
05.35000
08.55000
07.82000
07.89000
09.98000
07.83000
09.99000
08.31000
07.69000
07.14000
07.02000
07.55000
08.58000
05.63000
07.11000
07.89000
09.00000
08.71000
09.76000
07.87000
06.54000
08.04000
05.67000
07.28000
05.06000
06.53000
06.82000
08.66000
06.52000
05.45000
09.01000
09.11000
06.39000
06.87000
09.83000
06.96000
07.76000
06.15000
08.38000
07.18000
07.14000
06.35000
09.28000
05.94000
07.28000
06.78000
08.41000
05.70000
07.19000
08.03000
07.90000
05.13000
07.11000
06.89000
06.13000
09.19000
08.56000
06.44000
07.73000
09.07000
09.28000
06.00000
08.58000
07.20000
08.28000
06.13000
05.80000
07.27000
05.82000
08.64000
07.78000
09.24000
08.39000
06.61000
09.14000
09.29000
08.76000
08.14000
09.38000
06.24000
06.42000
07.67000
06.42000
07.42000
09.85000
09.58000
07.61000
09.91000
08.43000
08.32000
06.48000
06.33000
08.81000
09.63000
07.84000
05.53000
08.89000
05.48000
07.69000
07.58000
07.84000
09.08000
08.34000
08.86000
06.08000
09.92000
08.32000
06.94000
05.25000
08.72000
07.41000
05.69000
08.27000
07.44000
06.65000
05.20000
09.30000
09.32000
08.32000
06.81000
08.75000
08.82000
05.96000
08.13000
08.27000
06.66000
09.36000
06.07000
07.11000
07.64000
07.35000
06.87000
09.38000
08.53000
07.53000
09.62000
09.64000
06.96000
09.58000
09.58000
09.72000
06.32000
08.44000
08.25000
07.66000
06.23000
05.30000
08.38000
07.80000
07.58000
07.61000
08.98000
05.69000
07.49000
09.04000
05.30000
08.16000
09.35000
09.56000
08.85000
08.27000
07.78000
05.34000
07.38000
05.34000
08.65000
08.84000
09.89000
09.93000
09.11000
08.73000
06.63000
08.86000
07.52000
09.96000
09.12000
05.20000
08.60000
07.46000
05.80000
06.53000
05.88000
08.13000
06.66000
06.20000
06.36000
06.35000
06.08000
08.32000
07.31000
08.48000
09.46000
07.36000
07.29000
07.11000
08.47000
09.04000
06.06000
06.09000
06.01000
05.34000
09.67000
05.51000
06.26000
09.47000
05.40000
06.73000
09.61000
05.92000
06.79000
07.34000
07.73000
05.40000
08.61000
06.18000
08.52000
09.89000
06.91000
08.37000
06.15000
07.60000
08.98000
05.23000
06.03000
08.02000
08.34000
09.38000
09.18000
09.39000
06.83000
08.33000
05.52000
07.62000
05.68000
07.88000
06.24000
09.48000
07.15000
05.07000
06.90000
07.08000
09.96000
05.18000
09.32000
08.81000
09.02000
09.70000
06.58000
09.30000
05.54000
06.38000
07.98000
09.43000
06.96000
09.24000
09.08000
06.33000
06.96000
08.52000
06.72000
08.37000
05.50000
05.73000
08.95000
05.19000
08.75000
08.62000
05.09000
07.66000
09.17000
06.20000
05.71000
07.91000
05.44000
08.72000
07.62000
09.33000
07.87000
08.86000
07.06000
09.77000
07.04000
07.71000
06.63000
08.23000
06.25000
09.78000
05.50000
06.20000
05.59000
09.24000
06.89000
05.99000
06.41000
06.49000
05.29000
06.12000
06.31000
08.19000
06.40000
06.38000
09.14000
07.26000
07.21000
07.80000
09.99000
07.86000
05.94000
07.68000
05.21000
05.39000
07.06000
09.53000
07.40000
06.52000
06.29000
08.16000
05.41000
09.15000
05.60000
09.59000
09.33000
07.45000
08.22000
06.10000
05.51000
06.82000
09.55000
05.01000
05.44000
07.13000
06.16000
07.62000
05.93000
06.52000
08.72000
09.88000
05.78000
07.25000
08.11000
09.22000
08.98000
09.88000
06.44000
09.34000
05.80000
06.22000
07.11000
05.17000
07.73000
09.35000
09.75000
07.92000
07.53000
08.57000
05.22000
05.01000
09.21000
09.45000
05.66000
05.14000
08.01000
08.82000
09.45000
08.26000
05.45000
09.73000
06.22000
05.55000
09.27000
06.51000
06.85000
09.45000
08.48000
09.72000
08.46000
08.66000
08.23000
06.58000
05.10000
05.86000
09.38000
06.92000
08.98000
05.05000
09.68000
09.67000
07.67000
06.86000
07.02000
06.81000
07.21000
06.37000
05.58000
06.54000
09.89000
09.95000
05.77000
08.36000
09.24000
05.18000
09.23000
07.97000
05.05000
05.92000
08.89000
07.36000
08.35000
07.26000
08.90000
09.74000
06.42000
05.55000
09.67000
09.59000
07.81000
08.39000
07.87000
07.62000
07.30000
09.62000
06.40000
05.82000
05.91000
09.34000
09.43000
07.41000
05.63000
09.11000
07.32000
09.44000
05.86000
08.46000
07.37000
08.74000
08.99000
05.12000
06.38000
07.19000
06.22000
06.83000
08.69000
05.67000
09.99000
07.60000
09.84000
06.30000
08.98000
07.69000
06.66000
07.47000
08.15000
08.60000
07.22000
08.80000
08.68000
08.08000
05.83000
06.18000
08.00000
05.14000
08.05000
06.73000
09.83000
05.03000
05.71000
08.84000
09.09000
09.25000
06.87000
07.12000
06.97000
05.57000
05.84000
07.47000
05.93000
07.97000
