50
10
127.18000
117.55000
135.15000
143.09000
106.88000
121.08000
160.78000
158.22000
104.31000
175.25000
184.02000
157.00000
135.49000
102.33000
133.39000
174.19000
141.43000
149.58000
162.40000
169.56000
188.15000
189.26000
149.58000
127.88000
166.66000
118.66000
198.43000
158.91000
192.98000
160.02000
137.47000
197.42000
108.12000
160.61000
120.22000
103.16000
178.11000
192.70000
125.19000
160.92000
193.94000
153.57000
155.90000
180.45000
171.66000
165.46000
140.87000
196.52000
152.25000
175.65000
166.57000
154.73000
154.42000
195.99000
131.73000
174.98000
164.16000
151.89000
118.96000
113.49000
114.93000
123.12000
172.41000
170.67000
163.35000
122.58000
161.22000
171.89000
191.08000
188.17000
179.53000
167.55000
104.75000
182.76000
146.47000
133.05000
136.00000
194.25000
106.20000
168.76000
141.48000
135.54000
127.84000
100.09000
102.83000
144.50000
105.55000
177.42000
126.68000
184.04000
158.45000
176.14000
144.68000
142.04000
130.70000
196.64000
113.46000
131.40000
191.43000
164.32000
198.56000
165.63000
134.24000
139.84000
115.63000
144.16000
133.81000
120.44000
193.90000
149.59000
165.08000
101.59000
130.61000
185.46000
137.81000
199.29000
148.05000
180.26000
186.76000
154.57000
193.46000
187.52000
171.71000
133.44000
139.13000
185.75000
177.42000
126.92000
182.32000
178.48000
113.65000
151.02000
145.28000
194.20000
115.17000
146.75000
175.30000
186.45000
141.74000
180.14000
144.62000
133.73000
178.13000
142.20000
150.53000
139.56000
134.12000
148.93000
115.28000
132.46000
133.64000
100.41000
159.92000
193.75000
163.28000
173.75000
163.29000
117.03000
106.11000
151.77000
114.43000
107.71000
137.52000
166.13000
101.22000
109.91000
157.90000
173.47000
136.54000
192.79000
192.65000
155.42000
158.30000
150.47000
192.14000
118.63000
129.38000
102.11000
131.78000
194.73000
137.68000
191.84000
111.96000
140.37000
196.08000
188.80000
158.05000
137.19000
142.47000
187.14000
120.47000
191.82000
139.75000
105.99000
174.58000
135.92000
175.80000
189.49000
120.80000
126.12000
124.05000
193.27000
107.17000
162.64000
174.61000
152.67000
102.59000
152.88000
106.38000
116.82000
190.35000
112.12000
197.88000
170.48000
161.46000
137.63000
152.61000
123.41000
131.94000
151.67000
199.10000
110.37000
142.81000
101.51000
190.86000
191.15000
160.09000
159.41000
106.40000
150.49000
174.78000
122.64000
149.25000
198.17000
102.91000
113.46000
147.91000
168.95000
185.48000
179.14000
155.90000
122.60000
188.52000
191.95000
151.74000
143.88000
103.04000
149.15000
138.95000
142.56000
160.33000
197.24000
127.69000
186.11000
169.52000
126.61000
171.80000
124.27000
172.07000
161.16000
109.46000
145.93000
174.64000
163.79000
159.83000
126.49000
108.84000
122.37000
167.04000
166.33000
131.34000
149.82000
100.23000
190.85000
123.76000
184.00000
153.55000
150.43000
192.76000
187.82000
146.13000
120.46000
169.96000
149.17000
122.11000
101.34000
112.01000
180.93000
150.64000
118.46000
100.55000
121.00000
125.86000
122.20000
142.23000
132.27000
166.90000
187.97000
168.67000
102.62000
140.10000
197.56000
119.51000
178.32000
109.73000
114.43000
184.62000
155.57000
182.14000
140.44000
154.29000
146.83000
117.12000
141.60000
100.76000
130.64000
199.41000
108.93000
121.31000
110.50000
138.79000
158.44000
138.21000
114.92000
170.02000
131.15000
198.72000
197.42000
152.87000
193.08000
175.10000
136.53000
172.10000
135.24000
164.62000
135.74000
137.48000
173.64000
189.55000
123.59000
183.77000
149.31000
197.15000
153.58000
170.75000
128.25000
159.69000
104.23000
183.17000
101.49000
187.25000
131.61000
160.26000
187.02000
196.13000
156.30000
159.77000
186.37000
192.62000
125.73000
162.70000
174.40000
114.60000
134.02000
119.45000
157.75000
124.96000
100.33000
105.40000
168.06000
111.60000
168.80000
120.95000
161.97000
187.41000
108.56000
191.49000
121.11000
190.27000
113.75000
167.40000
152.14000
183.08000
103.52000
124.08000
186.69000
153.73000
122.01000
161.92000
181.41000
115.10000
138.36000
106.31000
117.92000
105.10000
146.71000
107.63000
102.88000
186.61000
166.19000
124.67000
168.67000
106.44000
124.89000
144.64000
146.55000
123.31000
155.97000
115.54000
189.52000
133.49000
147.65000
178.39000
144.85000
190.51000
159.70000
199.20000
184.81000
172.87000
176.88000
168.99000
106.65000
184.10000
108.96000
103.79000
132.66000
152.71000
190.70000
144.59000
110.08000
132.21000
181.87000
157.42000
111.20000
101.12000
167.24000
133.29000
133.26000
162.96000
156.57000
188.22000
198.55000
146.24000
184.63000
163.23000
154.32000
104.48000
111.18000
124.33000
172.84000
128.56000
127.53000
186.81000
151.16000
168.60000
129.41000
130.22000
163.09000
129.54000
179.62000
175.99000
182.94000
180.53000
103.58000
105.74000
148.60000
115.71000
151.66000
126.12000
122.95000
154.21000
199.25000
168.78000
193.89000
140.18000
146.76000
190.35000
174.31000
142.76000
119.57000
172.47000
102.10000
156.09000
168.06000
121.78000
140.15000
199.30000
167.64000
169.93000
176.35000
116.54000
118.69000
173.56000
123.59000
176.96000
146.59000
114.30000
119.77000
174.68000
101.75000
02.85000
03.00000
02.78000
02.86000
03.63000
01.99000
01.18000
01.58000
04.53000
01.15000
02.11000
04.51000
03.64000
01.81000
02.16000
03.48000
04.03000
02.30000
02.90000
03.33000
01.77000
01.95000
02.91000
01.86000
01.94000
01.08000
01.77000
01.92000
02.63000
01.03000
04.06000
03.34000
02.91000
04.12000
03.35000
02.93000
02.86000
01.67000
02.23000
02.54000
03.56000
02.03000
04.27000
04.98000
03.08000
02.51000
02.04000
02.09000
04.51000
01.45000
01.69000
04.12000
03.18000
01.48000
03.00000
04.38000
03.26000
03.59000
01.91000
02.70000
02.67000
04.11000
01.12000
03.03000
02.62000
01.49000
04.34000
02.32000
01.29000
03.18000
04.28000
02.53000
01.91000
01.65000
02.62000
02.62000
04.66000
02.34000
02.08000
02.52000
02.76000
03.70000
02.36000
03.20000
02.40000
01.19000
04.17000
02.62000
02.79000
03.26000
01.20000
03.71000
04.14000
03.37000
04.16000
02.44000
03.63000
03.96000
04.75000
03.76000
02.95000
01.98000
02.97000
01.90000
03.06000
04.78000
02.30000
03.58000
02.08000
02.60000
04.09000
03.44000
04.33000
03.02000
03.14000
03.56000
03.15000
02.61000
03.30000
03.03000
04.86000
02.97000
01.40000
01.91000
04.79000
02.65000
03.25000
01.29000
03.27000
01.25000
03.68000
03.25000
01.62000
03.33000
02.54000
02.86000
02.18000
02.49000
04.63000
04.20000
04.27000
01.28000
03.80000
04.35000
04.22000
03.31000
02.87000
01.39000
03.36000
01.13000
01.66000
03.36000
01.19000
03.63000
01.54000
04.56000
02.36000
02.96000
04.09000
01.45000
02.04000
02.46000
04.27000
02.23000
01.69000
04.82000
02.01000
04.11000
03.76000
01.76000
02.28000
01.28000
03.72000
01.96000
03.04000
04.94000
02.01000
03.15000
03.22000
03.32000
04.08000
04.01000
02.79000
01.59000
04.39000
04.25000
02.70000
01.98000
02.39000
04.58000
04.90000
03.68000
02.53000
02.70000
04.35000
02.89000
02.27000
01.31000
05.00000
04.82000
02.08000
03.18000
04.31000
02.09000
02.98000
02.08000
02.95000
02.42000
04.39000
02.67000
04.77000
04.72000
04.88000
02.77000
02.83000
01.32000
04.04000
01.20000
03.22000
01.54000
02.43000
01.80000
01.02000
03.72000
01.64000
01.39000
04.29000
03.19000
04.25000
01.81000
02.13000
04.26000
01.83000
01.87000
04.60000
04.27000
02.97000
01.41000
02.79000
01.55000
01.23000
01.26000
04.77000
03.42000
03.20000
03.24000
03.62000
02.22000
04.46000
02.18000
04.12000
02.35000
01.88000
04.81000
01.77000
01.14000
03.46000
04.68000
04.46000
03.56000
02.07000
02.77000
03.41000
02.07000
03.41000
02.04000
02.81000
02.10000
02.17000
02.45000
03.86000
02.12000
02.07000
04.95000
04.78000
01.59000
03.80000
03.49000
04.75000
04.95000
01.07000
01.03000
03.99000
01.65000
04.58000
01.52000
03.70000
02.16000
02.03000
01.91000
02.08000
01.91000
02.14000
04.15000
02.33000
01.38000
02.59000
03.20000
04.66000
02.00000
01.10000
04.19000
04.18000
04.64000
01.53000
03.01000
02.28000
03.34000
03.87000
02.99000
02.08000
02.61000
04.96000
04.20000
02.91000
01.03000
02.62000
03.72000
01.11000
02.17000
03.68000
03.62000
01.99000
02.61000
03.97000
02.99000
03.89000
03.93000
04.31000
01.91000
02.13000
04.71000
02.54000
01.45000
01.05000
04.53000
01.48000
03.69000
01.97000
03.96000
04.96000
03.71000
03.22000
04.59000
01.81000
01.58000
04.12000
04.98000
01.85000
02.39000
03.44000
01.98000
04.18000
02.62000
01.44000
02.65000
01.43000
02.45000
01.18000
02.20000
02.52000
03.89000
02.10000
01.33000
01.40000
02.14000
04.68000
01.75000
01.03000
01.41000
02.35000
02.16000
01.35000
02.89000
01.57000
02.27000
03.33000
04.80000
01.79000
02.78000
04.91000
02.33000
03.47000
01.38000
01.05000
03.69000
04.06000
04.79000
03.70000
02.08000
02.01000
04.71000
01.82000
03.70000
04.78000
01.84000
01.35000
03.76000
04.81000
01.88000
03.92000
03.45000
03.62000
02.25000
01.12000
02.76000
04.32000
04.31000
02.46000
04.52000
04.07000
01.34000
03.01000
03.04000
04.45000
02.18000
02.86000
01.65000
04.04000
04.65000
03.09000
04.69000
02.42000
03.59000
01.76000
01.48000
04.16000
02.82000
01.96000
02.35000
02.84000
03.16000
03.77000
02.63000
01.04000
02.45000
04.26000
02.64000
02.34000
03.52000
01.52000
03.72000
03.32000
02.18000
02.61000
04.18000
01.56000
03.28000
03.63000
03.37000
01.17000
02.62000
03.84000
01.72000
04.75000
04.33000
03.14000
04.36000
02.06000
04.50000
02.40000
02.29000
04.82000
04.07000
03.83000
02.98000
01.73000
04.99000
02.64000
02.87000
02.49000
02.22000
03.02000
03.43000
01.80000
03.71000
02.19000
03.09000
03.37000
02.41000
02.34000
01.32000
03.90000
04.28000
02.68000
02.57000
01.09000
04.28000
03.40000
04.30000
01.65000
02.34000
01.72000
04.94000
01.28000
03.44000
03.84000
03.97000
04.68000
01.51000
