50
10
170.25000
166.59000
144.46000
117.64000
125.77000
135.96000
169.31000
152.47000
194.25000
187.13000
133.85000
198.98000
185.43000
136.11000
160.37000
185.67000
134.10000
123.91000
196.12000
166.08000
100.00000
116.55000
113.37000
118.71000
167.92000
105.04000
109.39000
147.08000
147.60000
105.41000
106.44000
179.70000
173.83000
158.66000
151.78000
170.09000
106.36000
130.82000
117.69000
196.76000
129.96000
112.89000
101.43000
163.24000
154.40000
120.90000
125.26000
198.04000
114.44000
195.86000
112.10000
112.65000
150.86000
113.21000
119.09000
134.86000
112.93000
155.78000
105.09000
155.71000
194.83000
165.95000
157.99000
119.34000
196.95000
100.33000
190.68000
194.89000
144.68000
140.58000
141.05000
176.51000
188.42000
193.34000
171.99000
183.32000
103.54000
190.24000
171.40000
159.47000
190.46000
187.94000
152.16000
174.11000
174.54000
168.05000
152.17000
121.37000
106.19000
137.24000
134.31000
120.40000
160.80000
127.14000
186.48000
115.33000
138.75000
194.39000
121.56000
175.30000
129.92000
135.90000
115.97000
110.95000
157.86000
116.47000
120.88000
156.05000
159.38000
147.30000
166.77000
171.91000
125.52000
125.64000
157.15000
168.30000
172.27000
173.76000
120.53000
179.97000
140.66000
138.93000
110.44000
166.70000
196.70000
193.41000
105.37000
113.25000
131.42000
134.48000
108.86000
129.39000
160.81000
184.38000
149.42000
149.88000
125.91000
190.39000
180.56000
134.49000
192.72000
124.78000
180.79000
167.98000
152.26000
184.81000
153.64000
160.11000
120.54000
192.75000
110.56000
173.59000
119.82000
179.18000
147.34000
124.74000
180.67000
142.35000
108.93000
190.64000
172.79000
104.83000
114.48000
146.69000
127.80000
154.54000
108.11000
193.27000
102.34000
104.34000
158.98000
155.77000
178.07000
192.14000
161.22000
184.59000
161.61000
180.82000
133.98000
155.11000
184.62000
158.28000
121.39000
167.73000
103.72000
137.41000
192.59000
147.84000
100.56000
156.09000
141.73000
145.82000
181.79000
177.22000
187.95000
137.07000
179.03000
188.69000
175.39000
121.98000
168.45000
118.79000
165.56000
140.70000
167.65000
112.93000
162.68000
124.22000
152.65000
102.35000
103.61000
164.15000
195.70000
165.55000
173.11000
151.50000
194.09000
106.05000
180.95000
102.28000
170.07000
152.37000
161.88000
157.52000
170.90000
158.02000
175.69000
183.21000
168.87000
101.51000
107.13000
170.39000
161.22000
186.37000
165.97000
135.06000
170.23000
141.11000
186.97000
118.25000
143.17000
119.25000
129.90000
185.96000
152.29000
199.29000
179.53000
129.22000
194.86000
184.77000
128.90000
129.41000
126.73000
170.81000
135.14000
180.82000
145.58000
157.91000
176.06000
152.15000
121.17000
115.13000
102.05000
150.04000
116.40000
161.62000
188.49000
106.15000
119.15000
141.51000
135.78000
177.11000
142.32000
123.94000
169.30000
144.56000
123.80000
103.07000
139.45000
115.14000
126.47000
198.01000
121.62000
120.49000
138.23000
152.93000
116.20000
117.25000
171.97000
136.95000
148.57000
187.07000
165.58000
144.22000
169.14000
136.58000
181.95000
193.88000
153.29000
197.43000
177.28000
109.53000
173.15000
180.26000
154.80000
109.06000
145.32000
182.31000
106.87000
150.45000
190.69000
177.98000
187.04000
193.46000
175.27000
139.51000
173.80000
122.84000
190.08000
164.19000
170.67000
148.38000
151.14000
174.28000
106.17000
104.83000
199.47000
117.04000
133.82000
151.96000
101.07000
164.73000
132.12000
174.54000
146.96000
114.63000
104.61000
182.33000
153.16000
189.00000
179.78000
110.09000
160.69000
135.10000
111.16000
117.60000
135.55000
125.20000
177.27000
189.61000
102.54000
141.04000
103.32000
160.93000
191.75000
169.08000
175.69000
142.89000
114.57000
136.30000
169.36000
129.83000
152.62000
180.56000
178.46000
172.15000
112.56000
164.78000
122.14000
145.23000
126.01000
176.84000
144.54000
149.48000
149.63000
129.62000
114.79000
110.27000
165.05000
161.02000
127.04000
178.01000
178.92000
133.93000
100.43000
128.07000
122.87000
136.25000
179.10000
160.86000
153.54000
180.85000
132.19000
101.75000
152.58000
105.64000
153.84000
101.15000
126.63000
173.50000
187.78000
168.89000
136.72000
197.64000
115.12000
111.34000
193.73000
106.52000
107.36000
168.79000
104.89000
122.79000
199.26000
182.25000
117.47000
199.95000
150.59000
117.73000
103.74000
116.52000
146.11000
166.26000
160.96000
176.01000
195.60000
143.85000
111.40000
106.95000
133.81000
191.52000
102.33000
162.84000
120.52000
175.27000
106.01000
122.21000
140.48000
186.13000
119.70000
188.56000
103.47000
140.11000
165.67000
190.42000
144.25000
178.23000
191.19000
181.30000
122.58000
166.50000
126.39000
167.92000
143.90000
174.04000
192.15000
160.33000
107.91000
195.60000
104.50000
150.20000
121.82000
146.07000
176.33000
106.69000
111.03000
107.10000
145.52000
123.92000
125.94000
185.32000
174.98000
121.04000
141.92000
112.38000
152.59000
142.19000
159.37000
144.91000
191.23000
156.51000
103.69000
164.55000
128.81000
158.14000
125.25000
177.95000
128.21000
166.22000
199.46000
116.75000
177.33000
124.90000
126.71000
137.59000
189.05000
103.31000
132.37000
122.10000
101.26000
195.59000
06.82000
08.13000
05.52000
07.22000
07.60000
06.91000
07.30000
05.08000
09.25000
06.23000
05.95000
09.01000
05.30000
08.70000
08.11000
09.72000
05.55000
08.15000
06.69000
09.19000
06.02000
09.69000
05.87000
05.64000
09.00000
09.66000
06.04000
08.53000
08.03000
05.67000
08.87000
08.61000
07.89000
06.55000
07.27000
07.83000
09.61000
07.41000
05.40000
09.42000
05.49000
09.60000
08.66000
07.85000
09.06000
05.70000
08.72000
08.84000
05.10000
09.58000
05.31000
09.59000
07.93000
05.17000
06.22000
08.92000
08.24000
06.60000
05.59000
08.76000
05.88000
08.21000
05.23000
07.51000
05.80000
06.49000
08.23000
09.77000
09.19000
09.21000
08.88000
06.44000
08.49000
05.36000
07.76000
09.64000
07.40000
05.21000
06.68000
07.76000
05.85000
05.25000
08.71000
05.41000
05.04000
08.23000
08.17000
08.48000
07.41000
08.17000
05.62000
09.10000
06.65000
05.32000
07.87000
05.65000
07.69000
06.17000
08.01000
07.75000
06.73000
07.64000
09.79000
07.38000
05.17000
09.50000
05.58000
05.97000
05.37000
06.64000
08.04000
06.76000
08.70000
09.46000
06.63000
08.28000
07.75000
09.63000
07.09000
05.32000
06.36000
05.06000
06.38000
08.92000
09.64000
09.90000
07.73000
06.36000
08.93000
09.56000
05.61000
06.17000
06.83000
05.72000
05.75000
08.14000
07.19000
06.26000
05.10000
08.30000
05.10000
05.37000
06.91000
08.95000
06.91000
08.44000
05.63000
08.61000
05.23000
07.14000
07.81000
07.04000
05.05000
05.18000
05.89000
09.92000
09.68000
08.92000
05.56000
05.89000
09.93000
08.07000
08.95000
08.66000
06.06000
09.44000
09.45000
08.17000
09.57000
06.12000
06.66000
05.59000
08.22000
07.41000
06.49000
08.38000
06.00000
08.87000
06.05000
05.23000
08.18000
07.34000
08.72000
06.08000
06.26000
05.86000
09.14000
07.12000
07.99000
08.77000
08.18000
05.78000
07.37000
06.62000
07.97000
05.77000
09.66000
06.23000
06.89000
07.02000
08.90000
07.00000
07.05000
09.59000
06.41000
07.84000
06.28000
05.93000
08.86000
07.21000
06.74000
06.63000
05.41000
08.32000
05.74000
08.02000
06.48000
05.65000
06.79000
07.72000
08.72000
09.91000
09.70000
09.55000
05.05000
08.09000
05.48000
08.63000
09.61000
08.41000
06.44000
06.30000
07.84000
05.33000
06.09000
05.16000
06.37000
09.59000
09.24000
09.06000
08.13000
08.15000
06.90000
08.08000
07.28000
09.23000
06.38000
08.59000
09.22000
07.31000
09.07000
07.30000
08.85000
09.02000
09.62000
09.28000
05.17000
05.81000
05.28000
08.59000
08.29000
07.39000
08.50000
09.22000
08.77000
05.89000
07.96000
06.44000
08.44000
09.69000
08.61000
06.73000
05.36000
08.42000
06.63000
07.87000
08.85000
07.97000
09.47000
08.85000
09.47000
05.45000
05.82000
09.93000
09.04000
09.25000
05.63000
07.61000
05.62000
08.99000
05.07000
09.64000
08.54000
05.56000
06.60000
05.03000
08.35000
06.09000
08.91000
09.03000
06.17000
08.64000
06.89000
09.41000
07.94000
05.94000
08.37000
07.74000
06.35000
09.77000
06.69000
09.84000
08.35000
06.18000
06.93000
09.88000
07.18000
07.44000
05.46000
08.25000
07.30000
07.09000
09.86000
06.63000
09.44000
09.92000
08.98000
07.91000
05.57000
06.95000
07.93000
06.27000
08.92000
05.49000
08.04000
07.11000
08.95000
09.05000
06.92000
07.09000
06.39000
07.43000
08.41000
09.13000
08.21000
06.66000
07.62000
07.38000
07.63000
09.03000
07.83000
05.31000
08.62000
09.83000
05.08000
06.19000
08.55000
05.27000
07.60000
06.50000
05.59000
05.29000
08.15000
05.57000
05.64000
07.30000
05.72000
08.96000
05.81000
05.02000
05.59000
08.48000
09.49000
08.37000
09.24000
07.21000
06.30000
08.55000
09.43000
09.46000
07.12000
08.00000
05.16000
05.79000
09.09000
05.42000
06.70000
08.03000
05.57000
05.74000
05.54000
09.23000
06.21000
05.16000
09.44000
08.72000
06.87000
06.12000
07.40000
07.06000
05.39000
05.00000
06.15000
08.21000
06.96000
09.38000
09.68000
06.53000
06.60000
09.32000
07.89000
06.56000
09.11000
08.68000
08.71000
05.26000
05.52000
07.54000
06.28000
05.87000
08.11000
07.25000
06.02000
07.85000
05.42000
05.43000
09.59000
06.92000
07.23000
05.90000
09.90000
05.07000
09.58000
08.77000
06.11000
05.50000
09.75000
05.39000
08.64000
07.70000
06.29000
08.35000
09.13000
07.39000
08.96000
06.51000
05.50000
06.53000
08.82000
09.95000
08.93000
06.21000
09.27000
07.99000
05.08000
09.07000
08.35000
06.63000
09.57000
07.62000
05.25000
06.25000
05.44000
06.50000
06.17000
09.60000
07.02000
06.58000
08.55000
05.69000
09.87000
09.98000
06.08000
09.76000
05.81000
05.09000
08.70000
08.32000
07.91000
06.55000
07.61000
09.13000
05.48000
05.21000
05.23000
06.19000
09.09000
08.22000
05.28000
09.75000
05.56000
08.96000
07.68000
06.31000
07.94000
07.05000
08.63000
08.64000
05.57000
08.36000
