50
10
188.56000
103.43000
181.90000
158.63000
153.57000
123.45000
138.39000
183.46000
185.24000
163.34000
107.05000
176.81000
130.83000
176.63000
147.64000
104.68000
162.60000
141.84000
144.92000
158.09000
177.83000
162.46000
108.66000
153.06000
198.78000
167.03000
173.63000
130.61000
172.72000
109.06000
199.60000
156.74000
171.90000
167.06000
171.32000
122.48000
193.60000
144.55000
198.57000
143.85000
160.08000
170.04000
116.10000
161.85000
118.61000
197.05000
183.69000
142.50000
141.46000
104.10000
141.66000
157.39000
124.38000
117.22000
177.74000
179.15000
115.05000
113.54000
176.22000
142.32000
177.70000
188.97000
162.50000
128.54000
150.21000
137.64000
186.97000
144.45000
195.49000
178.71000
125.03000
121.71000
101.42000
156.30000
177.05000
116.93000
180.88000
139.57000
168.44000
111.77000
171.78000
122.65000
149.57000
112.87000
137.01000
124.68000
195.85000
151.86000
164.44000
189.80000
107.67000
185.39000
166.98000
187.15000
110.40000
195.10000
182.51000
110.87000
154.46000
187.63000
178.70000
157.20000
107.28000
162.55000
162.17000
127.43000
163.33000
185.10000
169.80000
132.87000
129.69000
182.13000
130.14000
108.29000
147.37000
100.88000
196.67000
113.46000
182.39000
113.64000
147.94000
133.13000
125.77000
117.67000
187.44000
177.07000
193.52000
135.22000
143.69000
180.06000
126.66000
113.58000
170.21000
101.85000
191.20000
124.99000
145.52000
127.21000
178.16000
166.74000
173.13000
165.90000
103.55000
161.08000
181.56000
152.70000
108.39000
155.27000
124.32000
147.36000
194.02000
133.15000
107.96000
183.34000
174.29000
134.97000
172.76000
187.31000
134.65000
116.19000
192.83000
124.00000
131.73000
189.70000
137.33000
118.81000
147.18000
193.40000
100.39000
122.11000
187.63000
190.16000
101.14000
109.31000
184.73000
167.89000
183.75000
180.79000
195.12000
139.47000
117.33000
161.95000
100.43000
142.80000
196.03000
103.17000
107.31000
140.76000
139.01000
179.84000
147.41000
121.25000
190.38000
192.36000
177.35000
197.15000
119.30000
166.12000
178.78000
106.36000
119.52000
165.70000
155.61000
135.85000
103.88000
109.61000
181.95000
180.37000
171.50000
130.62000
168.29000
181.89000
132.14000
144.76000
136.92000
168.90000
120.58000
193.03000
135.10000
194.94000
196.57000
141.46000
135.09000
138.51000
144.87000
181.05000
134.16000
103.13000
175.27000
127.83000
154.57000
117.32000
122.52000
122.81000
143.60000
134.59000
146.38000
132.00000
173.49000
133.46000
131.63000
146.43000
141.53000
117.44000
188.02000
182.10000
169.98000
115.05000
150.33000
180.03000
187.58000
149.15000
108.24000
146.64000
104.07000
192.19000
133.71000
126.45000
132.38000
191.68000
161.83000
181.66000
160.40000
191.76000
192.98000
168.90000
101.02000
161.57000
152.55000
169.82000
192.14000
195.26000
190.94000
191.06000
196.65000
111.96000
183.53000
164.26000
102.43000
155.81000
130.72000
146.05000
122.37000
195.96000
157.90000
118.09000
194.38000
126.55000
115.45000
187.01000
181.33000
166.71000
178.77000
184.45000
171.12000
160.59000
148.25000
167.06000
176.63000
177.33000
197.56000
165.19000
145.68000
137.66000
160.97000
183.19000
171.22000
167.85000
193.28000
171.75000
183.06000
139.10000
185.51000
128.15000
184.69000
161.20000
153.68000
174.63000
104.64000
168.89000
138.79000
158.48000
196.42000
121.96000
106.87000
151.95000
138.55000
105.15000
148.93000
152.31000
134.55000
128.25000
180.99000
181.83000
112.92000
126.01000
144.06000
187.77000
127.19000
158.20000
104.15000
142.40000
155.87000
109.58000
152.29000
142.99000
102.47000
189.93000
104.49000
111.79000
113.83000
144.23000
106.75000
151.64000
119.88000
182.22000
103.27000
130.55000
108.54000
117.78000
138.87000
141.60000
198.98000
126.29000
145.17000
172.67000
135.31000
108.14000
178.82000
136.66000
186.69000
188.74000
121.47000
171.46000
147.26000
118.46000
179.74000
139.95000
136.15000
172.70000
185.29000
130.03000
197.51000
151.85000
194.75000
154.59000
100.48000
181.29000
189.76000
151.52000
139.20000
111.43000
176.97000
183.71000
132.80000
117.65000
188.01000
139.05000
125.44000
100.33000
148.70000
117.81000
123.69000
181.09000
121.26000
143.52000
191.84000
156.34000
199.93000
109.82000
174.10000
183.30000
156.97000
195.21000
155.24000
153.00000
189.66000
103.22000
145.04000
181.45000
120.25000
162.35000
178.25000
109.65000
196.02000
126.13000
114.64000
103.63000
189.22000
173.07000
138.97000
154.41000
197.13000
106.69000
161.01000
177.99000
142.00000
155.49000
115.54000
115.40000
171.11000
173.01000
162.30000
132.65000
156.72000
137.75000
186.07000
120.76000
196.10000
153.22000
108.10000
190.15000
131.98000
128.87000
124.63000
175.65000
140.01000
191.48000
158.64000
188.90000
137.60000
182.03000
160.53000
136.53000
187.64000
119.65000
105.69000
150.19000
178.01000
148.49000
194.50000
186.50000
121.61000
137.69000
152.37000
127.12000
156.34000
181.39000
129.67000
178.68000
145.07000
198.72000
101.80000
172.82000
175.70000
133.84000
169.16000
166.19000
161.13000
155.87000
157.13000
140.43000
139.24000
158.97000
116.10000
102.17000
172.91000
162.27000
121.46000
183.06000
09.79000
06.25000
08.35000
06.19000
07.11000
07.90000
08.35000
06.03000
07.25000
09.38000
09.35000
08.40000
08.11000
07.66000
07.37000
08.40000
08.85000
05.98000
09.69000
07.39000
09.90000
08.78000
09.86000
07.95000
07.89000
06.81000
07.66000
08.94000
05.75000
07.04000
09.12000
05.46000
07.64000
07.68000
06.53000
08.84000
08.96000
08.21000
08.43000
06.70000
06.37000
09.35000
09.59000
07.87000
07.79000
08.08000
06.06000
07.46000
07.38000
07.61000
07.27000
05.64000
07.91000
05.69000
05.53000
09.26000
05.64000
08.28000
09.75000
06.97000
07.89000
09.31000
06.11000
06.54000
08.97000
09.67000
07.05000
06.97000
09.45000
06.49000
06.27000
08.52000
06.14000
08.13000
08.71000
07.68000
07.12000
09.24000
05.55000
07.20000
06.69000
05.69000
09.24000
06.11000
05.43000
09.61000
08.48000
09.64000
05.14000
09.38000
08.19000
09.30000
08.91000
09.63000
09.59000
07.85000
06.04000
06.23000
05.09000
09.29000
06.96000
09.29000
05.12000
09.72000
07.54000
05.68000
08.71000
09.66000
07.29000
09.59000
08.57000
06.25000
06.96000
05.82000
08.54000
07.39000
08.51000
05.40000
08.72000
07.23000
05.16000
05.62000
05.46000
06.21000
06.39000
05.01000
06.35000
05.96000
07.91000
08.36000
05.26000
09.41000
06.71000
06.70000
07.26000
05.71000
06.01000
07.31000
08.71000
05.27000
05.27000
08.74000
07.21000
09.76000
05.22000
05.76000
06.61000
07.08000
07.84000
09.42000
08.21000
06.76000
08.11000
05.33000
08.98000
08.76000
06.36000
09.66000
08.06000
09.16000
06.64000
09.40000
06.94000
06.03000
08.56000
05.73000
08.38000
08.68000
08.02000
06.10000
06.38000
07.69000
07.13000
09.19000
06.19000
09.86000
09.27000
09.96000
09.33000
08.27000
09.08000
09.59000
08.53000
07.23000
07.44000
05.52000
07.82000
07.31000
06.47000
06.45000
07.44000
05.32000
09.55000
07.31000
08.89000
09.33000
06.31000
09.29000
09.93000
08.65000
07.50000
07.90000
05.04000
07.24000
05.20000
06.74000
07.85000
09.90000
08.23000
06.84000
09.47000
06.83000
05.11000
05.78000
06.56000
08.74000
05.64000
07.41000
07.04000
07.61000
05.85000
06.83000
05.05000
06.67000
08.02000
05.39000
06.02000
05.38000
05.69000
05.68000
06.59000
09.47000
08.65000
06.56000
09.69000
05.91000
07.93000
08.11000
09.47000
07.92000
05.81000
06.70000
06.34000
09.97000
05.83000
09.90000
06.96000
07.80000
07.78000
06.59000
06.58000
05.77000
05.05000
09.94000
07.32000
08.23000
07.09000
07.04000
06.59000
07.53000
09.05000
08.14000
06.22000
07.05000
05.87000
09.74000
09.27000
06.43000
08.73000
09.61000
05.06000
06.54000
05.09000
06.74000
09.16000
09.51000
08.63000
06.39000
08.37000
08.72000
09.29000
05.06000
05.78000
08.79000
08.26000
05.51000
05.68000
05.61000
07.99000
06.74000
08.66000
06.31000
07.17000
09.01000
06.53000
09.27000
05.74000
08.81000
07.34000
09.11000
09.97000
08.18000
06.83000
06.44000
09.33000
05.68000
05.78000
08.52000
06.17000
05.41000
09.60000
07.25000
06.83000
07.78000
07.76000
06.16000
08.91000
09.44000
05.98000
05.05000
06.27000
08.32000
06.24000
09.95000
08.99000
08.56000
06.76000
08.14000
08.43000
05.58000
07.01000
08.16000
07.18000
06.04000
07.72000
09.79000
09.09000
07.85000
05.86000
09.06000
09.26000
05.17000
09.65000
08.28000
09.04000
08.40000
08.56000
05.95000
06.02000
09.22000
07.73000
05.91000
05.55000
06.91000
06.67000
07.02000
06.08000
09.54000
08.53000
08.80000
06.06000
07.65000
05.44000
09.95000
05.74000
08.07000
05.78000
05.41000
06.63000
08.87000
09.17000
06.37000
06.49000
09.36000
06.49000
05.28000
09.32000
05.10000
09.88000
05.82000
05.37000
07.92000
07.71000
07.94000
06.14000
05.88000
09.62000
07.82000
09.39000
08.30000
06.47000
07.91000
09.13000
05.75000
05.40000
06.91000
05.60000
05.03000
09.80000
09.74000
05.56000
07.40000
05.15000
06.91000
08.31000
09.76000
09.97000
05.75000
07.96000
08.84000
05.49000
09.64000
08.66000
07.87000
08.98000
09.93000
05.84000
06.32000
09.00000
09.22000
06.14000
09.92000
05.31000
06.36000
07.47000
05.63000
08.96000
06.45000
09.00000
06.68000
07.23000
05.83000
06.14000
07.54000
08.65000
07.10000
05.55000
08.94000
08.02000
09.11000
05.13000
07.84000
06.36000
06.96000
09.05000
07.47000
05.96000
06.99000
07.72000
07.30000
05.41000
05.48000
09.41000
05.73000
05.67000
08.59000
08.60000
07.43000
08.62000
07.86000
09.67000
05.26000
06.70000
07.28000
08.18000
06.34000
08.60000
07.12000
05.96000
09.05000
09.27000
08.86000
06.07000
08.02000
09.89000
05.27000
07.82000
09.13000
07.91000
05.36000
06.78000
09.50000
07.02000
09.36000
09.76000
07.52000
07.15000
08.80000
09.85000
07.81000
09.51000
06.42000
06.34000
06.26000
06.53000
06.23000
09.81000
09.99000
06.90000
08.47000
