50
10
171.72000
103.55000
154.46000
118.91000
182.83000
175.23000
144.75000
161.23000
142.24000
104.68000
141.35000
122.44000
122.21000
170.42000
129.01000
193.58000
120.01000
175.96000
117.51000
190.65000
157.90000
149.82000
141.61000
154.67000
183.15000
145.51000
161.08000
151.66000
168.03000
141.54000
160.68000
172.63000
109.80000
141.44000
150.19000
133.59000
130.72000
173.72000
164.35000
175.56000
178.07000
191.90000
162.95000
164.57000
124.11000
174.48000
130.74000
191.61000
166.09000
124.99000
114.51000
148.47000
183.14000
130.98000
127.98000
197.73000
140.47000
147.18000
138.63000
129.41000
117.04000
196.01000
196.84000
150.16000
175.74000
196.59000
178.01000
191.62000
104.47000
193.09000
182.52000
110.43000
116.12000
154.62000
135.77000
188.23000
148.57000
175.35000
188.15000
131.66000
164.72000
174.40000
115.04000
172.36000
152.46000
195.91000
116.85000
166.98000
124.67000
109.04000
118.95000
197.14000
119.26000
107.91000
171.74000
169.51000
199.11000
111.67000
150.62000
115.70000
154.03000
187.30000
187.10000
128.05000
196.58000
167.50000
105.56000
192.02000
176.20000
152.05000
159.72000
112.10000
146.40000
100.72000
115.59000
160.55000
185.70000
198.27000
164.20000
134.64000
197.61000
154.47000
121.55000
156.64000
110.65000
104.09000
128.66000
173.81000
178.34000
106.88000
151.55000
158.42000
179.19000
147.62000
181.23000
107.74000
116.71000
136.08000
133.72000
144.02000
119.42000
107.00000
150.03000
114.53000
140.84000
120.17000
196.19000
191.55000
159.49000
160.35000
149.53000
197.25000
185.17000
147.32000
124.09000
151.28000
174.15000
186.51000
194.76000
106.97000
146.91000
193.17000
143.16000
102.21000
197.62000
117.72000
175.95000
199.90000
145.40000
135.53000
124.76000
187.94000
134.39000
147.00000
146.23000
179.19000
133.75000
177.52000
122.00000
111.57000
137.60000
177.49000
158.72000
147.96000
165.09000
122.28000
188.02000
176.25000
160.37000
112.29000
166.55000
109.33000
192.56000
172.91000
175.94000
185.10000
155.81000
154.54000
122.84000
166.43000
116.93000
181.09000
179.63000
181.42000
112.43000
157.33000
186.05000
105.34000
135.33000
111.06000
109.13000
199.15000
120.39000
183.31000
196.12000
116.34000
127.38000
140.09000
119.30000
135.45000
141.07000
172.41000
175.94000
159.99000
171.22000
196.28000
188.30000
118.46000
152.60000
152.74000
103.64000
164.39000
144.97000
107.78000
194.23000
176.30000
133.10000
152.43000
157.34000
157.69000
126.75000
102.70000
115.22000
137.09000
160.69000
199.60000
115.16000
168.01000
194.69000
109.16000
144.92000
133.95000
186.35000
184.30000
124.15000
130.46000
195.08000
141.22000
112.48000
186.94000
116.22000
189.54000
122.78000
172.52000
175.16000
110.92000
192.95000
181.36000
122.29000
112.00000
185.88000
132.58000
133.00000
124.40000
189.47000
170.33000
107.68000
104.79000
116.59000
163.75000
171.72000
134.78000
105.15000
106.99000
175.51000
121.04000
118.02000
119.17000
194.45000
195.19000
143.12000
144.45000
128.92000
113.87000
193.31000
151.96000
104.31000
158.74000
106.50000
135.84000
139.53000
144.99000
105.91000
124.45000
130.19000
106.75000
143.28000
111.09000
165.15000
170.71000
154.83000
182.94000
160.41000
159.14000
169.06000
174.76000
157.00000
119.30000
139.51000
146.33000
120.93000
123.47000
144.68000
182.41000
143.22000
168.90000
188.08000
192.76000
139.87000
177.86000
198.24000
112.15000
151.91000
197.62000
128.67000
100.34000
145.36000
100.44000
157.89000
142.11000
111.22000
183.59000
189.40000
147.21000
165.52000
169.34000
151.74000
150.42000
149.27000
104.94000
125.36000
111.86000
163.91000
163.39000
139.17000
106.16000
129.33000
112.87000
114.13000
182.78000
124.85000
191.74000
194.36000
142.13000
107.08000
112.91000
149.01000
109.59000
157.69000
114.26000
172.22000
135.55000
183.30000
158.68000
183.14000
195.41000
115.55000
134.06000
125.90000
189.54000
111.10000
153.30000
169.64000
143.36000
151.57000
154.28000
108.50000
107.23000
143.61000
199.90000
161.62000
156.56000
118.85000
178.05000
173.16000
191.74000
133.95000
101.61000
112.23000
138.16000
156.54000
171.23000
173.48000
162.83000
161.53000
166.19000
124.25000
135.64000
179.27000
164.61000
108.28000
135.57000
107.03000
170.03000
135.33000
178.61000
167.06000
110.95000
140.17000
105.79000
106.65000
140.90000
182.56000
183.12000
198.04000
138.37000
147.28000
101.62000
138.52000
106.90000
144.08000
177.31000
150.34000
175.00000
107.73000
151.19000
180.77000
196.17000
198.00000
189.29000
102.07000
148.95000
199.66000
182.62000
111.51000
136.84000
122.46000
147.20000
131.37000
188.35000
115.65000
173.45000
198.29000
148.33000
186.52000
144.65000
112.43000
151.53000
134.65000
109.62000
188.40000
161.17000
135.42000
199.98000
114.07000
121.41000
189.23000
172.38000
102.35000
101.38000
121.46000
108.46000
191.13000
195.22000
182.50000
114.85000
143.29000
122.08000
147.75000
123.20000
146.73000
126.09000
117.60000
190.16000
114.33000
176.40000
117.43000
197.35000
183.99000
167.14000
197.64000
151.43000
118.60000
117.46000
133.62000
184.03000
106.04000
171.49000
125.75000
151.79000
07.94000
06.31000
08.25000
09.89000
08.66000
05.53000
08.50000
07.41000
09.95000
08.89000
05.62000
09.92000
05.97000
09.62000
06.88000
08.74000
07.12000
07.19000
05.84000
06.49000
05.08000
07.33000
07.27000
07.01000
07.74000
07.00000
07.21000
05.40000
09.27000
09.44000
07.93000
08.00000
05.08000
09.11000
07.99000
07.41000
06.83000
06.73000
07.16000
07.49000
07.43000
09.28000
06.48000
08.32000
06.04000
09.98000
08.23000
06.27000
08.06000
08.31000
07.01000
07.72000
06.17000
08.28000
06.48000
05.03000
06.71000
05.70000
06.68000
05.28000
09.69000
08.54000
05.06000
07.49000
05.65000
08.92000
05.31000
06.90000
06.43000
05.23000
07.38000
05.02000
05.07000
07.10000
07.44000
09.60000
05.91000
05.40000
07.95000
09.66000
09.51000
07.27000
07.59000
05.43000
07.68000
06.08000
06.31000
08.43000
08.50000
06.46000
05.30000
06.41000
06.27000
09.29000
06.99000
08.37000
06.56000
06.70000
05.09000
09.57000
06.68000
06.50000
06.82000
06.78000
08.71000
06.70000
06.36000
05.82000
07.98000
09.06000
08.36000
09.26000
06.48000
09.62000
07.92000
06.25000
07.42000
05.66000
06.37000
07.21000
05.29000
05.71000
06.33000
08.80000
05.80000
09.56000
06.64000
08.93000
05.92000
08.25000
07.39000
06.75000
08.89000
09.05000
09.93000
07.68000
09.16000
05.52000
06.87000
08.37000
07.47000
07.42000
07.04000
06.74000
05.79000
05.80000
05.55000
06.95000
07.33000
07.94000
09.07000
07.66000
09.62000
07.65000
08.51000
09.64000
07.06000
09.51000
08.85000
06.68000
07.24000
06.56000
07.85000
08.10000
06.05000
06.25000
09.50000
09.47000
05.61000
07.25000
09.05000
07.60000
09.29000
09.52000
08.03000
05.55000
06.74000
09.24000
09.17000
07.65000
08.82000
08.86000
06.48000
09.47000
07.67000
07.07000
05.21000
07.81000
06.67000
08.81000
06.87000
05.74000
05.44000
05.27000
09.22000
07.58000
09.86000
08.89000
06.25000
08.90000
05.55000
05.20000
09.25000
07.67000
06.89000
09.51000
05.36000
08.74000
06.94000
05.01000
06.79000
07.13000
05.47000
05.55000
06.44000
09.83000
08.53000
06.22000
08.47000
05.06000
08.40000
08.36000
08.30000
07.28000
08.60000
09.59000
07.59000
07.23000
08.94000
08.75000
09.24000
06.86000
05.44000
05.93000
07.41000
09.42000
05.39000
07.47000
07.52000
09.36000
07.33000
05.99000
06.23000
07.42000
06.03000
05.33000
06.44000
05.56000
07.54000
05.58000
06.93000
09.58000
08.69000
09.73000
06.07000
06.83000
06.05000
08.07000
09.15000
05.39000
06.87000
08.01000
09.25000
09.91000
07.33000
07.31000
05.68000
06.24000
09.88000
09.97000
09.01000
06.53000
08.20000
06.24000
06.06000
09.16000
07.24000
07.62000
09.89000
08.74000
08.18000
06.88000
09.81000
06.17000
08.48000
08.01000
06.40000
08.56000
06.81000
06.26000
06.47000
09.31000
08.13000
08.15000
08.08000
08.03000
08.62000
06.43000
05.56000
05.61000
09.22000
09.97000
06.01000
07.33000
09.81000
06.22000
08.49000
06.25000
06.56000
09.95000
07.66000
05.21000
07.08000
07.82000
09.24000
08.98000
05.22000
07.75000
05.21000
08.60000
06.06000
08.89000
08.77000
06.36000
05.97000
06.65000
09.41000
05.78000
07.53000
07.69000
07.86000
06.67000
09.59000
09.93000
06.07000
05.05000
07.26000
07.51000
07.28000
08.20000
06.88000
05.87000
05.95000
09.67000
06.04000
06.64000
07.82000
09.23000
08.60000
07.75000
05.96000
09.56000
05.85000
05.35000
06.55000
05.03000
08.85000
05.20000
08.28000
08.47000
07.65000
05.95000
09.54000
09.80000
08.76000
05.67000
09.94000
05.24000
09.93000
08.68000
05.37000
07.21000
05.15000
05.54000
07.95000
09.40000
09.69000
08.06000
06.07000
06.77000
05.05000
09.32000
09.36000
05.50000
08.99000
08.63000
08.69000
08.04000
05.50000
06.56000
06.20000
08.06000
09.84000
09.92000
05.25000
05.52000
08.52000
06.78000
05.49000
06.61000
09.07000
08.53000
07.53000
06.45000
07.27000
05.81000
05.27000
05.96000
06.37000
05.39000
05.83000
09.22000
06.79000
06.73000
07.76000
08.83000
05.17000
05.56000
05.83000
08.62000
09.43000
08.85000
06.07000
08.71000
08.73000
09.81000
05.79000
05.43000
08.49000
07.94000
08.50000
06.38000
05.35000
08.94000
08.99000
05.42000
07.24000
09.79000
08.31000
07.64000
08.31000
08.72000
08.73000
09.39000
08.96000
05.19000
08.79000
08.26000
05.87000
09.93000
06.51000
05.29000
08.10000
09.02000
06.43000
08.37000
09.19000
07.45000
05.07000
07.69000
06.31000
05.23000
06.14000
08.51000
06.29000
05.73000
09.55000
07.35000
07.20000
08.58000
06.52000
06.94000
08.34000
09.67000
09.48000
06.30000
05.29000
06.11000
07.12000
05.67000
09.85000
06.30000
09.38000
06.57000
05.11000
09.85000
07.46000
06.75000
05.37000
07.65000
08.79000
05.21000
06.20000
06.83000
07.07000
07.20000
09.41000
05.76000
07.24000
09.22000
