50
10
7.26000
40.27000
72.32000
32.36000
54.39000
83.02000
97.77000
65.08000
14.17000
38.52000
25.23000
3.02000
20.02000
46.39000
99.52000
97.14000
32.12000
72.96000
95.16000
29.19000
35.37000
10.36000
9.45000
99.65000
39.46000
72.43000
62.43000
39.73000
78.79000
2.78000
3.90000
1.43000
14.53000
64.76000
4.40000
62.48000
29.61000
51.49000
61.21000
28.35000
34.68000
77.81000
97.40000
26.27000
64.18000
85.33000
60.74000
10.23000
78.25000
40.41000
48.48000
35.24000
66.76000
60.41000
96.13000
34.25000
49.25000
99.12000
13.56000
2.91000
3.81000
39.60000
11.53000
9.67000
54.57000
61.68000
28.55000
48.72000
53.41000
72.94000
27.89000
40.02000
74.99000
5.70000
96.55000
27.27000
20.68000
15.05000
49.29000
78.91000
14.61000
82.79000
22.64000
90.14000
7.69000
17.50000
78.85000
79.92000
74.53000
48.52000
7.93000
91.94000
17.53000
33.90000
20.64000
95.65000
59.84000
54.49000
55.50000
85.26000
53.32000
12.55000
62.84000
17.61000
63.94000
95.87000
62.47000
43.59000
53.44000
66.91000
70.56000
39.45000
37.69000
46.71000
16.35000
39.63000
57.27000
82.06000
51.82000
4.28000
78.55000
46.49000
56.69000
17.32000
92.64000
36.31000
34.46000
88.43000
16.38000
73.56000
13.34000
54.02000
88.39000
7.03000
46.31000
72.25000
77.02000
7.26000
13.12000
29.05000
72.38000
71.55000
16.24000
33.09000
90.31000
23.94000
83.89000
19.78000
72.43000
10.22000
19.44000
60.73000
96.34000
92.87000
13.92000
56.78000
22.82000
98.68000
78.22000
94.11000
87.36000
93.38000
58.02000
74.12000
49.03000
89.74000
21.78000
21.94000
87.67000
26.25000
62.69000
86.46000
11.85000
64.18000
1.71000
45.31000
50.89000
92.55000
80.54000
96.89000
62.86000
25.12000
70.62000
68.32000
29.60000
97.39000
65.15000
9.50000
56.67000
74.64000
83.09000
94.06000
76.40000
43.86000
69.12000
25.39000
45.85000
17.83000
91.71000
26.63000
57.29000
44.02000
76.26000
14.31000
87.51000
54.25000
69.82000
93.89000
15.88000
2.96000
80.83000
36.34000
37.71000
91.61000
19.97000
55.51000
76.02000
51.44000
20.65000
93.00000
78.61000
34.44000
43.05000
16.18000
18.03000
19.32000
72.07000
14.14000
89.57000
9.58000
18.39000
3.75000
18.27000
33.44000
15.42000
25.61000
48.93000
44.88000
23.33000
46.07000
55.08000
22.64000
27.05000
56.24000
34.03000
69.19000
36.23000
71.97000
7.81000
14.76000
67.24000
47.44000
20.35000
77.57000
67.94000
56.98000
19.02000
49.16000
5.91000
69.62000
38.69000
36.43000
54.77000
17.68000
67.35000
83.06000
16.92000
56.25000
18.77000
59.50000
16.48000
68.13000
29.45000
58.97000
4.36000
59.91000
62.68000
1.40000
55.18000
62.91000
7.44000
29.49000
70.33000
34.21000
74.51000
13.70000
74.95000
54.63000
4.40000
47.22000
19.93000
31.74000
57.37000
50.00000
78.89000
95.86000
23.43000
65.74000
54.23000
6.08000
1.81000
27.31000
96.18000
5.77000
41.60000
63.09000
99.16000
77.49000
73.61000
89.64000
55.88000
55.10000
76.57000
91.88000
56.46000
34.89000
53.97000
79.48000
17.74000
38.91000
34.04000
86.86000
79.33000
14.94000
69.75000
74.18000
9.59000
34.53000
40.83000
26.37000
96.62000
94.98000
49.77000
52.08000
59.28000
20.32000
25.80000
86.75000
37.17000
55.35000
21.89000
90.53000
95.65000
73.61000
16.78000
48.35000
27.82000
72.40000
13.95000
68.86000
47.90000
31.31000
99.50000
74.61000
14.05000
1.58000
62.31000
3.32000
71.08000
49.69000
66.71000
37.89000
27.58000
39.89000
32.63000
54.97000
13.85000
59.19000
3.78000
54.94000
85.99000
21.37000
48.60000
62.94000
27.80000
62.92000
62.30000
29.86000
43.87000
48.12000
63.83000
30.34000
66.52000
63.97000
96.87000
64.75000
52.83000
24.23000
31.90000
59.25000
83.62000
65.42000
61.09000
63.70000
66.45000
51.80000
5.40000
53.76000
32.67000
70.39000
88.49000
1.32000
6.51000
50.41000
18.37000
33.27000
85.84000
85.68000
36.09000
35.60000
7.25000
46.66000
2.82000
73.66000
40.28000
11.07000
2.48000
39.55000
83.22000
81.40000
44.73000
48.13000
59.13000
87.88000
64.99000
41.00000
14.78000
83.49000
23.43000
83.53000
21.74000
46.97000
3.96000
67.82000
77.27000
80.78000
16.26000
9.71000
5.44000
15.16000
94.75000
48.83000
51.04000
2.09000
1.58000
52.51000
87.60000
20.31000
18.69000
11.88000
6.27000
77.78000
93.43000
28.21000
1.12000
90.99000
78.22000
3.18000
56.40000
97.43000
89.61000
64.40000
11.61000
91.31000
78.47000
20.43000
28.04000
91.58000
20.46000
1.61000
93.68000
42.93000
14.94000
64.00000
23.29000
13.82000
87.07000
90.44000
52.40000
97.44000
88.72000
87.49000
45.26000
15.75000
94.54000
86.48000
88.88000
10.44000
5.90000
44.48000
97.03000
50.96000
45.96000
42.32000
8.21000
32.52000
66.58000
86.57000
82.69000
73.05000
08.82000
09.97000
05.82000
07.44000
09.85000
06.74000
06.54000
09.64000
06.92000
09.54000
09.92000
09.01000
09.83000
07.22000
08.86000
07.52000
09.60000
09.88000
07.53000
08.41000
08.53000
08.86000
06.35000
06.14000
05.14000
06.77000
06.96000
06.43000
09.23000
07.44000
07.27000
06.26000
06.82000
05.99000
06.46000
08.85000
05.20000
08.74000
09.93000
08.68000
07.91000
08.32000
09.33000
06.46000
09.74000
08.55000
07.59000
09.17000
06.71000
09.54000
06.59000
06.48000
05.54000
09.11000
07.89000
05.85000
09.37000
07.63000
09.24000
05.14000
07.75000
06.34000
08.69000
08.96000
06.86000
08.00000
05.57000
08.21000
09.15000
06.61000
05.44000
10.00000
08.31000
07.43000
05.12000
07.72000
09.27000
06.95000
07.67000
05.99000
08.24000
07.95000
07.42000
05.70000
07.66000
09.40000
09.92000
08.97000
06.21000
06.58000
07.00000
09.19000
08.83000
05.99000
06.72000
05.97000
06.72000
05.38000
08.40000
05.21000
08.28000
07.90000
07.33000
05.16000
08.36000
08.28000
07.98000
05.64000
09.44000
08.50000
05.15000
08.50000
09.14000
05.20000
09.58000
08.52000
06.30000
06.29000
08.24000
06.73000
06.01000
05.94000
09.34000
05.42000
09.62000
09.56000
07.36000
08.13000
09.73000
08.80000
08.03000
09.64000
05.19000
06.58000
08.31000
05.98000
06.10000
07.06000
06.43000
09.45000
08.80000
05.65000
06.86000
08.57000
05.89000
09.00000
05.33000
08.13000
06.22000
05.03000
06.47000
08.66000
09.23000
06.06000
07.46000
06.37000
05.69000
09.95000
08.20000
08.14000
06.54000
05.83000
07.04000
08.91000
08.29000
06.78000
08.63000
09.87000
08.69000
07.11000
08.84000
08.46000
06.74000
07.38000
09.81000
08.37000
07.71000
09.42000
09.90000
09.54000
08.09000
06.28000
08.75000
08.17000
05.63000
07.29000
07.24000
06.70000
09.35000
08.00000
07.50000
08.81000
09.49000
05.25000
07.90000
09.46000
07.56000
07.09000
08.07000
09.82000
09.45000
10.00000
06.33000
09.91000
06.32000
07.48000
05.16000
05.79000
06.44000
07.09000
09.16000
05.26000
05.21000
08.31000
06.86000
05.91000
09.29000
06.86000
08.05000
06.60000
06.60000
09.72000
08.77000
07.43000
06.29000
05.10000
06.29000
09.73000
08.78000
07.48000
09.15000
06.12000
05.72000
07.58000
07.15000
05.43000
05.02000
07.37000
06.30000
07.76000
05.85000
05.09000
08.91000
09.47000
08.62000
05.19000
08.50000
08.14000
09.98000
08.40000
07.69000
05.01000
07.53000
09.16000
05.63000
09.82000
08.44000
09.88000
08.40000
09.48000
06.48000
08.53000
09.67000
09.23000
08.47000
08.50000
09.39000
05.57000
07.48000
09.42000
08.76000
06.28000
07.81000
07.16000
05.21000
05.34000
05.05000
08.86000
07.44000
08.02000
06.00000
07.89000
05.38000
05.81000
08.74000
08.88000
05.23000
06.47000
07.57000
07.71000
09.44000
09.01000
08.06000
06.51000
06.68000
08.67000
07.04000
08.67000
06.90000
06.96000
06.53000
09.11000
06.86000
05.79000
07.96000
09.98000
07.78000
07.63000
08.39000
05.07000
08.52000
06.53000
06.03000
06.65000
05.43000
07.92000
05.36000
08.26000
06.11000
08.45000
07.10000
09.68000
09.40000
06.03000
08.22000
06.96000
05.40000
09.83000
06.94000
07.37000
05.46000
05.24000
07.74000
09.46000
07.18000
08.94000
06.34000
08.00000
09.40000
08.83000
09.71000
09.03000
07.22000
09.08000
06.07000
09.84000
07.00000
05.09000
09.90000
08.97000
06.13000
09.16000
10.00000
08.39000
08.45000
05.31000
07.98000
08.49000
07.32000
09.98000
09.97000
07.87000
06.73000
08.74000
08.11000
05.21000
06.93000
08.40000
05.77000
05.45000
09.45000
07.02000
07.58000
09.79000
07.02000
08.93000
09.41000
05.66000
08.65000
09.70000
08.40000
06.77000
09.60000
06.13000
07.93000
08.04000
06.37000
06.30000
07.63000
05.68000
06.71000
09.51000
08.36000
07.12000
09.62000
06.35000
07.28000
06.05000
05.37000
08.61000
05.52000
05.90000
08.08000
05.51000
05.87000
05.86000
07.20000
08.88000
05.73000
08.13000
08.06000
06.32000
06.13000
07.80000
09.81000
06.06000
09.35000
06.22000
07.88000
07.55000
08.93000
05.98000
08.92000
06.54000
09.66000
05.93000
05.84000
09.98000
07.56000
06.17000
07.80000
06.11000
09.93000
08.05000
05.21000
09.39000
05.30000
09.16000
09.73000
05.54000
08.45000
08.36000
09.27000
06.55000
05.42000
05.73000
08.00000
05.63000
08.50000
07.64000
09.07000
05.25000
07.11000
06.24000
07.43000
06.54000
09.66000
08.48000
06.95000
09.16000
08.48000
07.96000
06.94000
09.00000
06.03000
08.69000
07.98000
08.18000
06.00000
05.92000
06.86000
05.09000
08.33000
06.16000
06.67000
09.35000
09.20000
07.16000
06.72000
06.84000
06.06000
07.92000
07.57000
09.69000
07.61000
08.70000
06.05000
06.28000
08.78000
06.01000
05.21000
06.24000
05.76000
07.59000
09.37000
05.45000
06.00000
07.45000
09.11000
06.03000
