50
7
156.07000
135.63000
188.55000
158.36000
148.90000
160.12000
193.16000
121.38000
149.31000
106.33000
147.02000
155.03000
172.30000
100.60000
147.17000
111.41000
134.41000
158.29000
167.18000
106.68000
103.76000
133.86000
107.20000
171.07000
150.03000
170.80000
143.93000
198.87000
194.45000
151.69000
180.66000
198.42000
159.84000
148.16000
197.21000
142.14000
120.55000
170.90000
199.97000
116.49000
152.52000
119.66000
171.92000
172.03000
183.23000
133.28000
122.57000
173.34000
141.74000
139.61000
109.94000
179.59000
196.31000
131.78000
162.50000
192.83000
100.22000
174.62000
148.93000
142.26000
163.05000
143.77000
104.13000
164.76000
158.02000
108.12000
177.09000
198.74000
147.38000
113.14000
180.83000
134.20000
132.44000
130.84000
142.46000
162.69000
103.58000
109.80000
153.13000
127.33000
190.26000
125.19000
118.09000
172.79000
110.96000
128.70000
106.60000
195.32000
123.28000
198.60000
102.02000
192.71000
173.82000
189.73000
151.77000
114.34000
148.29000
183.49000
117.32000
111.13000
189.20000
148.39000
113.42000
146.55000
116.08000
103.36000
110.15000
113.27000
138.37000
149.72000
177.94000
132.38000
170.25000
119.26000
175.53000
123.95000
152.52000
157.81000
163.22000
197.11000
102.51000
175.29000
152.88000
100.07000
164.10000
195.68000
157.93000
170.06000
157.76000
107.02000
143.36000
183.42000
130.52000
111.39000
175.74000
105.51000
105.94000
174.98000
173.16000
140.80000
134.19000
177.99000
155.32000
182.77000
141.97000
164.72000
193.45000
164.00000
182.56000
193.52000
102.72000
176.06000
142.11000
115.76000
128.93000
193.41000
167.28000
146.57000
129.35000
123.84000
197.60000
189.55000
131.88000
153.44000
161.73000
125.32000
103.46000
194.83000
102.40000
136.06000
100.08000
137.24000
126.40000
155.49000
116.82000
196.44000
154.58000
118.94000
137.82000
164.76000
171.84000
113.26000
186.25000
161.09000
177.17000
126.88000
174.39000
180.90000
133.59000
199.79000
153.54000
146.21000
118.22000
173.55000
164.09000
155.60000
172.21000
141.26000
185.48000
134.22000
175.45000
151.78000
122.92000
114.95000
169.82000
111.01000
140.72000
165.57000
172.79000
103.55000
195.51000
191.37000
135.30000
104.15000
145.27000
117.88000
159.84000
126.62000
174.50000
184.70000
150.45000
173.86000
144.30000
195.49000
162.76000
187.79000
142.32000
167.97000
153.94000
199.43000
132.75000
183.94000
132.73000
178.84000
106.38000
139.24000
109.43000
185.16000
130.53000
193.78000
145.91000
116.58000
199.10000
121.54000
105.60000
160.35000
182.56000
160.56000
103.49000
142.80000
139.95000
123.42000
103.48000
144.26000
115.72000
183.80000
185.39000
159.95000
134.58000
184.52000
115.94000
142.82000
154.88000
198.39000
116.75000
122.70000
199.04000
149.78000
148.53000
155.98000
103.52000
164.61000
161.01000
175.63000
168.87000
120.37000
143.03000
141.17000
109.69000
196.12000
172.47000
188.69000
104.63000
122.46000
166.26000
180.81000
146.43000
131.58000
130.41000
156.77000
191.86000
107.22000
110.00000
182.33000
111.79000
134.68000
139.14000
199.81000
141.11000
150.83000
159.43000
129.62000
157.66000
187.90000
179.52000
118.25000
190.89000
169.64000
178.07000
135.62000
102.45000
171.60000
180.22000
136.95000
187.03000
162.27000
187.68000
141.53000
190.85000
149.24000
128.73000
182.71000
161.73000
129.14000
108.19000
157.89000
199.04000
137.64000
157.47000
178.56000
103.68000
199.52000
184.52000
120.26000
128.17000
178.58000
123.86000
172.57000
126.55000
127.72000
186.58000
189.17000
104.43000
138.87000
110.33000
137.78000
169.00000
193.04000
109.31000
150.18000
03.74000
04.42000
03.05000
03.87000
04.15000
03.86000
03.08000
03.47000
03.22000
03.76000
03.76000
04.66000
01.14000
02.95000
03.45000
03.18000
01.92000
01.60000
03.32000
03.10000
03.41000
03.16000
01.36000
02.78000
03.22000
04.42000
02.34000
04.92000
04.82000
01.47000
03.90000
02.51000
03.46000
03.71000
02.43000
04.87000
04.23000
03.86000
03.18000
03.61000
04.01000
03.96000
02.20000
02.67000
01.50000
01.33000
04.33000
04.30000
03.22000
02.64000
02.73000
01.41000
03.22000
04.79000
04.40000
01.24000
04.01000
04.10000
02.06000
04.30000
04.78000
02.83000
01.54000
04.16000
02.77000
02.69000
02.94000
02.19000
04.49000
04.23000
02.72000
01.62000
03.79000
04.82000
03.61000
01.44000
03.82000
04.61000
04.68000
02.48000
03.05000
04.60000
03.30000
01.39000
01.26000
04.58000
01.15000
04.62000
01.54000
01.15000
02.24000
02.42000
04.29000
01.73000
02.87000
02.88000
01.23000
02.57000
01.66000
01.88000
03.30000
02.51000
04.08000
03.52000
03.85000
04.76000
03.78000
03.65000
01.51000
04.11000
02.51000
04.55000
04.58000
02.74000
03.23000
01.81000
02.16000
01.15000
04.69000
04.35000
02.19000
04.15000
03.49000
04.38000
01.38000
02.87000
04.00000
03.42000
03.29000
04.73000
04.42000
02.33000
04.26000
03.50000
02.78000
03.24000
03.48000
01.22000
02.89000
03.64000
04.93000
02.27000
04.40000
02.30000
03.39000
03.33000
04.75000
01.30000
02.48000
03.41000
01.42000
04.43000
03.91000
04.79000
04.22000
01.99000
02.61000
02.27000
03.17000
02.55000
04.76000
01.85000
04.94000
01.77000
04.91000
03.86000
03.48000
04.14000
03.95000
04.44000
02.08000
04.94000
03.04000
01.54000
03.33000
04.30000
01.70000
04.91000
03.12000
01.12000
03.72000
02.15000
04.69000
03.15000
03.25000
04.63000
04.56000
04.91000
02.70000
01.56000
02.57000
01.79000
02.83000
01.95000
03.87000
03.93000
04.70000
04.62000
04.93000
02.33000
03.38000
03.49000
04.60000
04.06000
01.54000
01.20000
01.99000
04.59000
04.24000
03.98000
03.50000
04.15000
03.35000
04.85000
04.18000
01.70000
04.59000
04.16000
03.88000
02.46000
01.45000
03.56000
01.27000
04.02000
01.28000
04.02000
03.84000
02.23000
03.20000
03.81000
01.89000
01.29000
04.18000
04.54000
02.51000
03.69000
04.96000
01.10000
03.64000
04.25000
04.14000
03.71000
03.99000
04.08000
04.09000
03.90000
01.12000
04.62000
01.02000
04.51000
04.79000
01.23000
01.49000
02.09000
01.11000
01.35000
03.36000
03.61000
02.32000
02.19000
04.45000
01.62000
03.43000
01.02000
04.17000
02.56000
03.73000
04.91000
01.24000
01.65000
04.85000
04.74000
03.68000
04.94000
04.73000
01.23000
02.84000
03.28000
03.62000
02.88000
03.38000
02.35000
02.08000
04.02000
01.26000
04.63000
02.98000
02.79000
01.75000
03.41000
01.50000
03.14000
01.46000
04.80000
03.14000
04.84000
02.28000
01.73000
01.72000
01.45000
01.87000
02.55000
02.99000
03.82000
04.16000
02.20000
04.24000
04.58000
03.61000
04.47000
01.66000
03.98000
03.19000
04.72000
01.87000
03.79000
04.69000
02.65000
01.34000
01.11000
02.72000
04.24000
04.33000
02.34000
02.71000
03.82000
04.90000
01.20000
02.88000
02.00000
04.96000
04.72000
04.28000
03.72000
04.20000
03.23000
04.77000
04.23000
02.13000
04.41000
01.01000
03.09000
04.09000
03.20000
02.50000
02.17000
03.21000
03.89000
01.51000
03.66000
