50
10
57.76000
16.43000
68.42000
83.41000
41.79000
11.42000
50.24000
34.49000
6.82000
54.04000
11.72000
84.43000
5.84000
5.45000
18.21000
7.78000
17.57000
48.56000
60.82000
98.83000
45.51000
94.05000
56.40000
82.61000
18.88000
77.33000
45.55000
5.93000
89.66000
57.57000
93.64000
39.32000
38.58000
19.69000
92.76000
81.08000
67.12000
72.35000
58.78000
54.26000
5.52000
51.98000
32.30000
5.64000
5.75000
17.74000
78.67000
6.76000
46.54000
53.56000
14.53000
36.81000
48.99000
29.09000
60.40000
23.68000
7.04000
47.68000
96.23000
6.01000
41.86000
27.89000
4.84000
21.31000
48.65000
19.60000
89.80000
32.86000
46.35000
97.47000
85.43000
28.64000
78.68000
63.87000
47.80000
21.44000
16.07000
42.94000
57.76000
48.76000
50.72000
84.57000
22.85000
73.86000
3.59000
65.40000
73.42000
84.76000
17.38000
84.80000
67.53000
94.21000
61.52000
68.93000
86.02000
40.72000
31.23000
67.65000
36.44000
85.57000
4.47000
90.79000
59.16000
70.57000
45.56000
61.75000
83.20000
11.40000
58.07000
53.75000
68.05000
64.72000
76.45000
8.39000
60.50000
85.52000
60.85000
90.03000
33.08000
52.52000
95.19000
91.76000
82.09000
68.20000
90.13000
29.45000
31.58000
61.80000
80.11000
42.71000
27.33000
86.30000
25.28000
97.87000
41.90000
21.42000
9.56000
87.07000
72.56000
68.64000
42.62000
26.13000
42.38000
58.20000
59.89000
54.69000
97.13000
43.08000
21.52000
40.08000
9.45000
55.23000
82.91000
19.18000
2.72000
2.17000
52.78000
22.83000
97.80000
2.30000
28.76000
11.80000
10.45000
25.06000
35.96000
66.90000
75.18000
64.65000
25.29000
95.71000
57.26000
41.01000
71.37000
30.55000
43.70000
96.85000
75.60000
26.50000
47.25000
3.62000
63.11000
65.38000
6.43000
52.51000
83.78000
54.77000
82.51000
64.47000
14.26000
25.99000
65.48000
83.21000
52.93000
35.11000
67.13000
78.18000
26.92000
63.96000
25.95000
43.56000
71.78000
42.36000
33.43000
40.92000
87.97000
53.13000
18.50000
48.48000
92.31000
10.39000
21.33000
84.71000
1.68000
35.20000
70.13000
85.03000
54.66000
75.33000
19.89000
9.61000
19.63000
4.33000
47.34000
41.36000
85.68000
17.50000
56.96000
90.96000
70.67000
37.88000
76.98000
93.81000
15.21000
13.26000
61.37000
10.10000
83.65000
15.18000
87.88000
22.74000
69.09000
40.94000
60.98000
42.39000
86.40000
13.58000
8.89000
4.47000
77.17000
78.90000
47.98000
67.65000
40.46000
90.78000
92.50000
4.68000
33.98000
29.83000
92.35000
17.02000
51.10000
90.81000
91.25000
6.07000
48.88000
88.46000
58.63000
95.96000
9.17000
60.31000
87.70000
39.58000
37.51000
68.61000
98.41000
10.57000
66.26000
2.38000
35.46000
9.31000
52.47000
72.38000
66.29000
60.94000
76.97000
19.11000
86.10000
17.34000
47.33000
3.85000
14.85000
52.16000
93.89000
14.60000
94.23000
66.78000
74.71000
64.12000
95.70000
86.34000
65.11000
30.51000
66.75000
68.17000
50.62000
4.54000
69.74000
41.93000
92.06000
25.32000
49.96000
85.84000
87.73000
96.33000
17.09000
17.76000
59.67000
47.80000
5.54000
76.28000
54.67000
31.71000
74.48000
29.76000
45.29000
26.79000
10.84000
67.32000
28.80000
36.53000
22.27000
6.80000
27.26000
89.15000
44.20000
86.81000
87.45000
39.64000
36.79000
75.70000
82.92000
64.72000
83.96000
63.59000
10.96000
68.88000
96.38000
66.32000
91.62000
80.34000
74.21000
35.69000
19.85000
28.57000
68.48000
16.37000
4.36000
37.82000
34.05000
83.68000
43.89000
47.27000
45.54000
70.95000
27.45000
1.62000
4.36000
34.25000
66.80000
68.32000
34.62000
54.40000
1.45000
43.57000
87.22000
38.98000
91.66000
45.31000
38.80000
19.31000
28.45000
18.25000
87.74000
51.46000
22.58000
30.83000
61.18000
18.27000
12.56000
77.26000
9.01000
25.30000
60.64000
77.47000
5.86000
4.88000
55.85000
75.19000
52.12000
13.09000
87.74000
19.01000
65.39000
8.76000
69.66000
92.06000
39.90000
23.39000
53.09000
16.66000
76.43000
2.69000
16.76000
74.73000
67.09000
42.96000
63.14000
77.95000
27.75000
67.22000
22.46000
60.72000
97.99000
23.29000
46.71000
82.22000
46.18000
81.70000
15.62000
28.36000
61.43000
41.74000
31.67000
7.82000
60.58000
24.47000
24.08000
55.00000
84.25000
76.66000
45.85000
31.08000
98.79000
71.86000
75.69000
19.98000
95.31000
7.37000
18.09000
31.37000
40.07000
41.69000
80.71000
38.08000
79.45000
50.39000
84.28000
46.97000
95.25000
71.96000
14.96000
96.77000
94.04000
69.65000
89.69000
64.11000
8.14000
31.48000
55.18000
48.37000
91.64000
69.21000
78.88000
74.70000
29.34000
22.35000
55.99000
93.97000
25.84000
52.16000
5.45000
81.83000
13.44000
47.66000
69.97000
38.66000
48.24000
21.61000
20.99000
88.60000
13.04000
11.51000
50.72000
83.53000
13.42000
79.63000
79.09000
98.09000
80.72000
15.99000
04.39000
04.24000
01.18000
03.24000
01.05000
02.64000
01.23000
04.08000
02.26000
01.50000
02.00000
03.18000
01.60000
01.68000
03.56000
03.88000
01.65000
04.99000
02.99000
02.51000
01.99000
02.26000
02.37000
04.38000
03.19000
01.32000
04.79000
03.84000
02.83000
03.00000
02.30000
04.20000
03.50000
01.13000
04.01000
01.80000
04.76000
02.53000
03.97000
01.96000
03.20000
03.04000
01.28000
03.01000
04.39000
03.47000
04.01000
04.29000
02.92000
01.67000
02.49000
03.40000
01.04000
04.33000
01.44000
01.05000
02.75000
04.27000
01.85000
03.51000
03.41000
01.11000
01.93000
02.22000
03.71000
04.81000
04.89000
01.64000
01.37000
02.31000
02.92000
03.22000
03.08000
01.57000
01.23000
01.41000
04.55000
03.55000
02.03000
03.66000
02.48000
02.20000
04.52000
02.44000
02.57000
04.46000
04.89000
03.18000
03.53000
02.30000
04.36000
04.35000
01.06000
04.67000
01.12000
01.40000
03.86000
01.51000
02.38000
02.78000
04.49000
04.45000
02.34000
02.91000
04.04000
04.56000
01.09000
01.81000
01.31000
04.38000
02.84000
01.32000
04.12000
02.98000
01.91000
03.02000
01.29000
04.43000
01.65000
01.49000
02.67000
01.82000
02.36000
04.31000
03.06000
01.22000
01.40000
04.06000
02.31000
01.71000
01.07000
02.32000
01.25000
03.37000
04.72000
01.65000
01.69000
03.28000
04.66000
01.65000
02.46000
03.51000
02.23000
02.89000
03.41000
03.15000
03.75000
02.95000
01.34000
02.27000
03.85000
02.11000
03.32000
02.63000
01.48000
01.91000
01.91000
03.69000
03.02000
03.53000
04.02000
02.79000
02.93000
02.65000
02.59000
02.11000
04.65000
03.98000
03.57000
04.87000
04.63000
01.22000
01.93000
03.27000
04.35000
01.08000
01.61000
02.52000
02.23000
03.26000
03.56000
04.81000
01.75000
04.47000
01.75000
01.35000
03.34000
02.39000
03.11000
04.34000
04.47000
03.75000
03.62000
02.99000
03.59000
04.24000
04.21000
03.50000
04.14000
04.57000
04.98000
04.80000
01.02000
02.40000
02.37000
03.90000
01.30000
03.01000
03.44000
03.74000
01.68000
02.41000
02.27000
01.65000
02.74000
04.40000
01.95000
03.94000
02.05000
01.83000
02.54000
01.96000
02.20000
04.52000
01.13000
04.02000
02.76000
03.29000
03.80000
03.46000
04.30000
01.98000
01.62000
02.61000
04.42000
01.41000
02.67000
04.78000
01.68000
03.42000
04.03000
02.32000
03.66000
02.82000
03.78000
04.55000
02.95000
03.45000
05.00000
01.79000
03.06000
04.93000
02.50000
02.94000
03.79000
04.26000
01.54000
04.15000
02.19000
02.70000
01.97000
02.82000
04.95000
04.22000
04.99000
01.42000
03.78000
01.77000
04.81000
03.40000
03.39000
01.29000
04.63000
01.21000
01.47000
01.75000
04.65000
04.31000
04.73000
03.09000
02.07000
03.14000
04.87000
02.28000
03.11000
01.16000
02.60000
01.25000
02.95000
02.83000
03.61000
02.97000
01.81000
01.59000
02.62000
03.39000
04.89000
03.90000
03.32000
03.46000
02.71000
03.23000
01.31000
02.00000
03.63000
03.60000
01.23000
01.52000
04.01000
04.56000
02.16000
02.80000
04.20000
01.67000
02.93000
03.90000
01.51000
03.53000
03.37000
03.90000
02.27000
03.70000
04.30000
02.89000
01.82000
04.77000
03.55000
01.94000
04.48000
02.31000
03.95000
03.12000
03.58000
04.90000
01.32000
01.52000
01.44000
02.13000
04.51000
01.21000
01.40000
04.56000
03.32000
03.28000
03.78000
03.78000
04.60000
01.79000
01.92000
04.36000
02.15000
03.78000
01.93000
02.61000
03.28000
01.13000
02.37000
04.62000
04.15000
04.22000
04.40000
02.85000
03.70000
01.27000
01.46000
04.02000
01.88000
01.47000
04.00000
03.81000
03.65000
03.03000
03.49000
02.94000
02.97000
01.15000
04.37000
03.11000
02.78000
04.04000
04.10000
03.02000
03.04000
04.90000
01.13000
02.37000
04.70000
01.93000
02.91000
01.87000
01.72000
02.33000
01.90000
03.22000
01.04000
02.31000
03.54000
01.13000
02.62000
03.07000
02.40000
01.39000
03.81000
04.37000
04.56000
03.57000
02.00000
02.75000
04.79000
01.99000
02.92000
03.67000
01.67000
02.49000
03.65000
03.45000
02.77000
03.88000
02.27000
03.42000
04.68000
02.01000
01.85000
01.91000
04.96000
01.69000
02.48000
02.24000
02.20000
04.75000
01.23000
04.74000
03.98000
02.03000
04.18000
02.74000
02.87000
01.34000
02.41000
02.58000
04.45000
03.53000
03.99000
03.57000
03.31000
02.41000
02.01000
02.05000
03.01000
04.81000
02.20000
03.92000
01.62000
03.98000
01.18000
02.18000
01.06000
04.34000
03.27000
03.13000
01.60000
04.00000
03.67000
03.23000
04.92000
01.90000
02.58000
03.92000
01.73000
02.00000
01.22000
03.66000
03.73000
01.25000
01.77000
01.91000
03.64000
01.61000
03.45000
03.11000
03.14000
02.02000
02.46000
04.72000
04.95000
02.44000
03.99000
01.20000
04.77000
03.83000
02.26000
03.99000
03.29000
04.14000
04.47000
01.55000
02.23000
02.31000
02.82000
03.33000
