50
7
68.10000
10.11000
91.78000
86.47000
87.99000
74.73000
95.99000
13.24000
30.63000
6.98000
21.09000
34.15000
81.41000
74.61000
3.74000
65.02000
68.38000
76.69000
95.53000
23.26000
6.78000
86.06000
15.44000
75.28000
49.49000
3.86000
90.40000
92.09000
41.59000
5.04000
17.75000
94.69000
64.83000
92.83000
3.77000
6.67000
91.11000
49.27000
21.14000
99.65000
32.02000
78.69000
56.47000
52.79000
85.33000
65.23000
60.79000
91.32000
91.46000
18.30000
91.73000
11.36000
22.51000
57.72000
25.45000
45.20000
45.60000
9.59000
96.18000
91.21000
40.44000
81.62000
91.36000
84.20000
48.96000
11.36000
47.50000
96.62000
40.35000
45.30000
2.64000
91.11000
59.63000
97.35000
45.86000
68.97000
79.08000
95.32000
69.82000
20.68000
47.82000
30.48000
18.18000
74.39000
40.23000
7.00000
34.18000
50.42000
8.51000
93.47000
15.11000
5.76000
30.15000
75.40000
57.77000
85.58000
60.43000
98.74000
13.06000
77.71000
62.07000
94.87000
65.91000
90.46000
30.04000
24.14000
41.56000
7.63000
9.05000
4.27000
75.52000
6.87000
66.17000
42.38000
49.96000
3.25000
34.84000
97.61000
83.77000
37.13000
59.47000
31.67000
86.98000
26.67000
50.87000
54.30000
8.31000
15.33000
32.77000
79.80000
82.63000
23.37000
92.33000
73.50000
88.50000
97.33000
33.63000
2.30000
90.65000
62.56000
21.17000
82.12000
93.49000
67.71000
35.37000
35.45000
90.57000
40.22000
21.07000
31.82000
39.42000
61.10000
72.44000
88.27000
79.76000
7.59000
41.15000
20.25000
12.26000
80.84000
79.77000
13.32000
44.32000
47.82000
19.07000
95.10000
63.17000
35.90000
37.85000
34.87000
81.34000
87.38000
19.47000
86.05000
88.13000
10.98000
96.34000
45.78000
99.17000
25.34000
6.40000
96.34000
7.87000
16.52000
33.65000
62.69000
30.92000
82.51000
67.63000
55.97000
64.84000
87.71000
48.93000
27.98000
32.43000
9.46000
18.69000
18.70000
31.28000
86.49000
5.06000
64.98000
89.93000
20.19000
58.72000
78.98000
13.95000
59.86000
48.15000
36.66000
38.16000
95.68000
58.16000
18.59000
25.41000
79.06000
63.78000
82.15000
100.00000
12.47000
78.68000
14.03000
4.11000
97.92000
6.72000
72.69000
38.38000
93.48000
87.41000
47.91000
22.35000
55.74000
54.46000
3.25000
37.00000
92.36000
76.24000
28.57000
78.21000
15.54000
13.27000
91.54000
7.30000
84.53000
61.78000
87.11000
95.50000
65.12000
11.14000
85.05000
82.89000
48.20000
24.48000
11.25000
57.62000
81.29000
3.43000
97.47000
88.39000
18.91000
82.77000
15.98000
47.73000
91.31000
18.24000
22.55000
7.71000
22.89000
37.38000
40.35000
91.46000
71.75000
97.02000
6.51000
27.63000
89.14000
31.78000
20.54000
90.96000
63.99000
98.60000
96.91000
62.69000
73.41000
36.19000
16.50000
72.14000
35.16000
5.58000
69.09000
52.17000
54.20000
45.59000
13.91000
85.68000
76.14000
23.32000
20.10000
59.11000
35.78000
59.14000
75.32000
53.54000
68.33000
9.53000
31.97000
86.75000
90.16000
34.24000
60.61000
48.95000
78.28000
75.02000
55.43000
18.79000
57.59000
87.55000
11.16000
64.09000
29.79000
90.92000
72.56000
93.34000
22.86000
19.15000
88.98000
4.21000
41.58000
67.68000
59.78000
30.04000
18.05000
49.86000
84.88000
96.32000
59.14000
40.47000
18.24000
68.25000
1.02000
29.23000
12.38000
97.17000
52.67000
69.25000
72.86000
76.11000
53.37000
29.59000
8.77000
07.18000
08.81000
09.09000
08.26000
05.81000
09.05000
07.33000
08.80000
07.48000
05.04000
07.63000
09.52000
06.59000
08.73000
06.79000
05.69000
06.70000
08.05000
09.49000
07.32000
07.99000
09.47000
05.81000
06.69000
09.81000
05.47000
08.72000
05.85000
08.12000
07.03000
06.57000
09.12000
08.05000
06.18000
05.61000
05.57000
06.34000
08.43000
07.48000
06.54000
08.89000
05.33000
06.70000
08.16000
08.24000
06.93000
08.20000
08.80000
06.07000
09.30000
08.24000
09.78000
05.74000
09.43000
08.12000
09.90000
07.12000
06.69000
09.18000
09.50000
08.47000
05.83000
06.15000
05.96000
05.96000
09.10000
05.99000
05.80000
06.74000
06.66000
05.43000
07.19000
06.51000
09.05000
08.48000
07.43000
06.94000
09.72000
08.90000
05.45000
08.27000
07.48000
07.73000
09.35000
06.71000
09.05000
05.76000
08.85000
07.01000
06.54000
06.06000
07.82000
09.93000
09.95000
06.46000
06.74000
09.75000
09.66000
07.05000
05.29000
05.78000
08.85000
05.84000
07.08000
09.12000
06.74000
08.36000
09.34000
08.36000
08.88000
08.38000
09.87000
05.85000
06.68000
06.25000
09.04000
09.31000
08.85000
06.44000
08.23000
09.38000
08.83000
05.11000
07.34000
07.06000
07.34000
07.50000
07.29000
06.25000
09.87000
05.55000
07.51000
06.26000
09.17000
05.29000
08.44000
09.26000
07.76000
09.42000
09.04000
07.83000
05.42000
09.78000
09.31000
07.45000
06.70000
09.84000
07.72000
08.96000
08.41000
07.89000
05.64000
06.14000
07.09000
08.13000
08.33000
05.40000
09.82000
07.92000
09.38000
06.02000
09.63000
08.32000
06.62000
06.14000
09.82000
08.93000
08.24000
06.17000
07.86000
05.35000
05.33000
06.29000
07.85000
06.69000
09.37000
08.93000
08.02000
08.09000
09.74000
06.29000
08.26000
08.20000
06.21000
07.85000
07.58000
06.69000
06.41000
07.85000
06.65000
06.73000
08.40000
07.78000
05.28000
07.53000
08.12000
08.91000
09.89000
06.79000
06.88000
07.44000
06.43000
06.30000
05.76000
06.51000
05.50000
08.48000
06.61000
09.13000
06.32000
08.06000
10.00000
09.97000
09.16000
08.32000
05.78000
05.30000
07.84000
07.93000
06.10000
05.55000
07.17000
08.44000
07.82000
07.78000
05.50000
06.81000
05.13000
08.22000
07.17000
07.88000
06.92000
09.71000
05.06000
06.88000
09.41000
09.23000
08.04000
06.93000
08.54000
05.41000
08.53000
06.55000
07.53000
06.04000
09.93000
07.14000
09.36000
05.52000
09.18000
06.02000
07.57000
07.78000
08.56000
09.60000
08.35000
07.02000
07.26000
09.15000
07.42000
09.24000
08.95000
06.47000
07.39000
08.96000
07.37000
08.14000
07.53000
09.22000
06.68000
08.02000
06.23000
09.04000
08.88000
09.71000
08.52000
05.98000
06.41000
09.09000
08.59000
08.62000
09.57000
06.79000
07.25000
09.04000
09.07000
05.74000
09.46000
05.34000
08.49000
08.60000
06.82000
09.15000
06.82000
05.31000
05.06000
08.10000
05.93000
05.57000
06.58000
09.17000
07.15000
08.74000
09.17000
09.47000
05.82000
08.09000
06.75000
08.58000
08.03000
07.03000
07.64000
07.84000
07.32000
06.14000
05.57000
06.46000
06.98000
07.64000
07.77000
09.04000
07.59000
07.90000
07.52000
08.08000
09.46000
09.93000
06.59000
06.48000
05.20000
05.87000
07.76000
05.01000
07.17000
09.51000
07.34000
09.84000
09.99000
08.77000
07.66000
05.02000
08.05000
08.22000
09.55000
05.02000
08.02000
06.57000
09.86000
07.17000
06.31000
