50
10
27.93000
12.47000
2.88000
42.00000
96.19000
7.38000
63.87000
11.90000
71.89000
98.54000
52.60000
2.44000
51.32000
91.43000
77.74000
29.49000
56.52000
14.28000
74.70000
34.65000
35.28000
19.08000
3.65000
83.26000
59.15000
84.55000
47.51000
67.45000
26.42000
16.17000
17.95000
3.06000
58.13000
40.17000
48.39000
29.71000
3.08000
11.54000
98.99000
14.73000
31.81000
8.01000
55.67000
48.25000
42.61000
33.04000
27.10000
47.12000
57.53000
15.89000
11.79000
46.56000
14.28000
65.34000
57.88000
17.18000
25.86000
39.79000
25.77000
24.94000
42.96000
63.94000
89.09000
2.15000
53.59000
82.48000
50.22000
4.89000
70.51000
64.88000
33.30000
14.99000
32.23000
5.32000
88.23000
39.01000
1.01000
21.76000
91.62000
9.29000
63.87000
58.89000
43.89000
80.89000
35.57000
86.17000
69.15000
37.64000
52.62000
97.79000
19.29000
84.12000
78.27000
13.70000
67.96000
53.65000
1.55000
75.61000
17.54000
2.30000
95.22000
92.04000
89.50000
17.98000
48.53000
74.60000
10.64000
16.37000
52.84000
57.21000
43.30000
28.93000
86.89000
24.79000
79.60000
52.95000
55.15000
86.01000
36.39000
11.48000
84.86000
77.29000
53.26000
50.30000
30.99000
57.80000
96.59000
42.97000
70.28000
12.45000
58.47000
85.77000
8.21000
49.91000
53.76000
2.75000
71.01000
6.60000
24.06000
38.70000
14.66000
40.69000
34.73000
67.16000
15.88000
38.10000
76.88000
85.43000
78.16000
8.49000
82.64000
80.21000
74.95000
96.31000
62.47000
66.48000
93.21000
58.03000
68.22000
16.11000
88.08000
11.15000
7.45000
90.38000
78.51000
30.31000
10.50000
79.28000
9.20000
16.89000
34.44000
94.58000
47.60000
95.04000
61.09000
74.79000
88.90000
17.63000
97.03000
82.17000
53.06000
57.31000
74.58000
5.74000
82.77000
16.46000
49.82000
56.25000
48.48000
19.22000
4.56000
73.23000
43.40000
16.47000
44.40000
19.92000
86.48000
82.86000
2.63000
82.35000
77.86000
93.30000
6.78000
46.17000
31.86000
71.26000
90.12000
81.59000
82.99000
78.37000
24.82000
2.49000
92.40000
80.99000
80.42000
84.61000
45.02000
70.23000
56.23000
34.43000
49.51000
61.94000
73.27000
78.18000
41.30000
96.73000
79.34000
70.84000
79.55000
41.95000
46.99000
90.15000
50.18000
86.71000
72.51000
40.57000
61.85000
48.86000
78.95000
49.35000
49.99000
68.01000
14.08000
70.46000
73.76000
11.51000
48.47000
82.63000
19.08000
68.47000
69.91000
50.19000
7.67000
75.14000
83.85000
72.43000
28.57000
51.41000
43.75000
22.95000
60.60000
48.96000
86.13000
93.93000
54.64000
74.36000
75.24000
7.33000
85.33000
59.94000
98.10000
4.85000
54.05000
61.76000
68.46000
55.93000
84.94000
61.66000
23.85000
55.78000
29.89000
66.20000
26.52000
23.35000
62.53000
7.71000
64.49000
2.33000
84.26000
41.27000
51.51000
61.17000
21.20000
49.70000
25.10000
95.08000
22.25000
39.57000
47.52000
24.00000
66.94000
45.18000
50.98000
54.39000
83.54000
52.98000
12.69000
25.92000
71.68000
71.09000
37.40000
52.80000
71.95000
47.29000
79.08000
95.20000
50.72000
53.13000
17.46000
39.05000
98.08000
85.90000
54.03000
92.01000
31.91000
68.64000
19.01000
90.49000
90.79000
48.15000
64.39000
93.67000
43.09000
95.98000
69.89000
86.46000
77.92000
11.40000
39.00000
78.53000
13.12000
14.47000
98.94000
5.30000
87.30000
52.99000
5.71000
24.94000
68.83000
99.48000
13.88000
31.32000
16.12000
57.48000
74.53000
53.01000
9.72000
80.63000
39.85000
31.31000
38.13000
69.85000
77.30000
90.33000
83.17000
62.65000
82.09000
81.98000
52.43000
22.30000
73.14000
80.88000
76.22000
35.80000
94.18000
87.43000
12.61000
16.93000
15.64000
27.76000
41.44000
3.18000
29.73000
50.75000
70.27000
56.83000
56.39000
33.05000
31.44000
66.87000
40.32000
74.04000
80.00000
46.09000
49.98000
99.86000
98.80000
31.98000
79.56000
61.39000
41.53000
39.36000
87.66000
61.03000
85.55000
94.82000
4.72000
12.01000
26.58000
19.53000
98.96000
16.50000
84.64000
39.72000
8.79000
16.12000
9.52000
10.36000
90.37000
76.22000
70.78000
9.19000
31.63000
88.91000
67.71000
39.69000
40.24000
70.03000
22.35000
31.09000
51.60000
60.20000
80.48000
36.37000
25.90000
25.77000
16.67000
34.26000
47.04000
56.85000
26.18000
28.24000
25.70000
70.29000
32.08000
46.54000
95.29000
7.70000
81.16000
43.14000
35.40000
69.11000
90.62000
23.31000
73.74000
3.08000
7.25000
37.86000
38.90000
10.14000
95.29000
1.95000
30.27000
47.37000
70.52000
83.03000
72.98000
96.60000
69.43000
77.30000
18.93000
65.39000
55.31000
3.70000
41.73000
84.08000
16.15000
4.94000
42.79000
10.74000
63.71000
50.47000
47.24000
25.18000
37.52000
35.48000
5.97000
35.00000
98.83000
77.92000
92.61000
71.50000
37.65000
23.50000
10.55000
91.76000
64.74000
39.66000
81.93000
77.62000
09.64000
07.40000
06.94000
07.09000
08.25000
09.70000
08.05000
07.08000
08.70000
05.23000
07.93000
06.76000
06.39000
08.46000
05.10000
08.72000
07.99000
05.11000
09.36000
06.81000
06.41000
07.16000
06.73000
06.13000
05.80000
07.83000
09.50000
08.02000
06.59000
06.60000
06.21000
05.09000
05.42000
09.18000
06.64000
06.18000
05.21000
07.54000
06.83000
06.38000
05.12000
09.92000
09.07000
07.05000
05.56000
05.78000
06.88000
05.78000
08.19000
05.84000
07.77000
08.70000
08.88000
08.32000
06.34000
06.91000
05.33000
06.10000
07.07000
09.80000
06.26000
06.67000
08.65000
07.63000
08.48000
08.39000
06.03000
06.91000
05.07000
05.91000
05.39000
05.39000
05.32000
05.10000
09.19000
07.06000
09.82000
08.08000
06.10000
07.20000
05.38000
08.24000
06.07000
07.29000
05.07000
05.20000
05.29000
05.10000
08.19000
09.85000
06.21000
09.62000
05.32000
09.32000
07.51000
06.12000
08.28000
06.97000
09.14000
06.09000
07.49000
06.29000
06.74000
09.69000
09.53000
07.73000
07.56000
05.13000
06.66000
06.97000
09.30000
06.24000
07.09000
06.30000
08.29000
08.43000
05.30000
09.26000
07.15000
08.35000
07.02000
05.62000
09.71000
08.92000
09.21000
06.43000
06.09000
09.29000
05.09000
08.97000
07.61000
09.88000
09.15000
06.78000
06.88000
07.35000
07.10000
09.64000
07.75000
09.60000
05.92000
08.58000
05.32000
05.80000
08.82000
05.89000
05.93000
06.36000
05.29000
05.11000
06.92000
09.69000
08.52000
06.78000
09.67000
05.91000
05.60000
09.38000
08.81000
08.00000
06.54000
08.60000
08.33000
06.52000
08.46000
08.12000
08.50000
08.28000
09.75000
07.89000
05.81000
06.36000
05.03000
09.11000
08.03000
05.07000
05.19000
09.20000
09.15000
09.97000
07.34000
06.86000
09.43000
07.88000
09.87000
07.04000
05.38000
06.87000
07.42000
05.93000
09.74000
06.26000
05.85000
05.96000
06.52000
06.61000
07.30000
05.82000
05.98000
09.73000
06.62000
08.33000
06.28000
06.27000
05.82000
08.98000
07.29000
07.12000
08.12000
08.02000
08.64000
08.13000
09.55000
05.56000
09.47000
07.53000
07.40000
07.94000
05.21000
09.79000
05.20000
07.75000
07.52000
05.62000
07.74000
08.85000
09.30000
07.01000
06.05000
06.34000
09.71000
07.18000
07.42000
06.55000
09.17000
05.60000
05.38000
07.10000
09.34000
07.98000
09.72000
06.82000
08.11000
06.31000
06.48000
05.81000
09.67000
08.81000
07.93000
05.43000
09.85000
06.74000
09.29000
05.19000
07.82000
09.15000
08.86000
09.73000
09.30000
07.75000
07.06000
06.35000
08.58000
08.41000
06.33000
09.07000
06.25000
08.25000
05.35000
08.14000
09.12000
05.66000
09.08000
05.05000
05.26000
05.27000
08.70000
07.57000
08.98000
07.96000
06.66000
09.70000
05.84000
05.84000
06.64000
06.69000
07.67000
07.32000
08.59000
05.05000
07.53000
07.00000
08.69000
07.53000
09.74000
05.77000
09.40000
08.13000
09.87000
05.77000
09.80000
05.67000
07.24000
09.34000
08.03000
06.57000
07.69000
07.13000
08.39000
08.71000
06.41000
09.35000
09.72000
05.02000
05.38000
07.04000
07.12000
09.64000
07.80000
07.46000
06.94000
08.00000
08.17000
09.17000
06.77000
06.76000
07.19000
06.94000
05.47000
08.81000
06.84000
06.82000
08.14000
08.33000
05.35000
06.08000
06.11000
05.72000
07.18000
08.26000
06.98000
07.64000
08.07000
08.15000
09.62000
07.00000
09.97000
06.78000
09.10000
07.97000
09.52000
07.59000
09.38000
09.18000
07.06000
07.98000
07.23000
07.00000
09.35000
05.26000
05.12000
05.28000
06.02000
05.62000
05.80000
08.33000
07.96000
06.50000
08.27000
06.72000
07.28000
06.59000
07.80000
07.25000
07.38000
05.84000
05.88000
08.01000
07.88000
05.43000
05.26000
08.30000
09.66000
07.81000
09.96000
08.69000
09.84000
06.67000
05.23000
06.00000
06.81000
06.95000
07.56000
08.30000
05.20000
09.84000
09.72000
09.89000
05.88000
07.78000
06.75000
06.00000
06.54000
07.66000
05.59000
05.69000
06.02000
07.09000
07.85000
08.00000
06.48000
06.22000
05.19000
08.66000
07.68000
08.90000
05.52000
09.64000
05.68000
05.23000
08.00000
09.15000
07.75000
06.55000
08.04000
06.69000
07.43000
05.47000
07.31000
07.96000
09.50000
05.83000
08.70000
09.93000
10.00000
07.73000
06.38000
05.84000
06.21000
07.52000
05.76000
05.16000
06.68000
07.79000
08.51000
08.60000
06.18000
07.40000
07.52000
08.15000
06.68000
09.41000
09.33000
05.85000
05.48000
07.23000
09.23000
06.61000
05.69000
09.29000
08.47000
05.34000
07.23000
07.10000
05.12000
06.66000
06.31000
08.39000
08.49000
06.44000
05.37000
07.19000
09.16000
06.81000
08.09000
08.74000
08.92000
06.16000
09.42000
09.54000
05.86000
09.11000
05.55000
07.36000
09.29000
06.54000
08.91000
06.19000
09.77000
05.58000
08.21000
06.29000
09.12000
09.62000
08.39000
09.16000
05.41000
08.27000
05.62000
07.56000
