50
7
3.45000
96.28000
31.50000
69.51000
44.39000
1.56000
96.45000
72.71000
49.55000
16.28000
10.84000
14.28000
3.24000
33.83000
56.74000
79.24000
27.41000
72.93000
35.14000
58.11000
35.19000
30.09000
8.44000
89.49000
77.39000
26.10000
52.97000
16.52000
94.99000
59.57000
11.48000
30.39000
67.63000
56.38000
37.64000
26.81000
63.14000
18.23000
51.55000
51.58000
89.01000
72.11000
86.22000
53.01000
42.91000
24.81000
40.10000
30.48000
59.16000
6.40000
88.61000
77.05000
68.03000
21.33000
81.83000
81.46000
12.80000
85.57000
90.34000
96.22000
78.32000
56.20000
71.75000
53.02000
31.14000
14.19000
34.70000
21.23000
60.14000
54.44000
88.40000
59.39000
33.97000
38.24000
96.09000
66.71000
45.60000
38.85000
21.57000
30.58000
65.76000
93.92000
77.68000
76.04000
91.53000
57.02000
82.81000
20.33000
96.74000
43.16000
5.38000
16.35000
81.54000
82.25000
13.39000
8.16000
22.87000
69.64000
28.85000
77.51000
94.50000
39.60000
25.64000
16.83000
22.56000
69.16000
8.03000
23.33000
54.19000
34.07000
3.57000
69.07000
5.85000
12.57000
89.37000
90.77000
54.40000
34.98000
84.19000
51.46000
93.65000
34.15000
92.98000
88.96000
80.82000
92.98000
61.36000
70.36000
86.04000
97.93000
23.12000
37.60000
44.88000
85.49000
50.72000
58.86000
5.83000
93.71000
7.79000
80.17000
80.79000
13.67000
93.64000
73.81000
98.58000
35.01000
1.75000
87.89000
50.47000
2.42000
83.98000
82.04000
16.45000
27.51000
31.23000
58.80000
14.88000
89.01000
10.31000
13.54000
72.89000
24.14000
52.33000
56.63000
92.38000
55.43000
66.15000
64.84000
26.32000
48.05000
85.96000
27.88000
27.23000
54.35000
23.72000
97.88000
1.66000
66.35000
15.72000
44.87000
55.72000
65.26000
76.00000
98.33000
49.56000
70.93000
46.94000
6.66000
42.88000
92.42000
44.70000
76.66000
47.43000
78.42000
13.74000
35.07000
76.51000
65.83000
73.30000
68.04000
61.41000
67.94000
67.26000
39.66000
87.68000
26.54000
79.38000
26.11000
20.04000
74.70000
98.58000
4.54000
39.21000
17.66000
34.14000
96.54000
18.12000
33.47000
56.73000
78.72000
66.35000
29.44000
53.96000
26.26000
84.66000
87.71000
75.88000
65.36000
12.47000
19.71000
87.43000
26.80000
75.40000
9.66000
17.99000
89.38000
42.72000
70.07000
8.85000
37.45000
68.86000
91.27000
66.74000
3.43000
49.96000
88.87000
14.29000
22.25000
69.29000
55.28000
61.18000
88.89000
92.94000
36.64000
55.49000
37.94000
41.82000
58.40000
36.71000
16.53000
45.17000
73.03000
47.53000
53.80000
78.38000
85.71000
33.18000
69.08000
93.65000
66.02000
88.93000
20.36000
69.46000
96.49000
14.61000
52.81000
60.10000
26.05000
57.10000
53.25000
47.15000
14.56000
68.81000
95.71000
88.00000
87.30000
52.20000
94.85000
68.31000
85.49000
11.29000
53.53000
48.57000
12.73000
1.15000
13.28000
16.53000
84.59000
78.36000
4.79000
54.26000
73.59000
52.67000
37.17000
1.38000
34.92000
31.80000
41.88000
93.69000
5.31000
21.63000
72.15000
22.34000
49.10000
97.69000
75.53000
86.43000
34.16000
27.72000
75.38000
54.43000
77.44000
14.12000
22.33000
5.79000
99.41000
50.45000
41.82000
83.34000
71.61000
69.96000
87.61000
47.85000
66.10000
94.07000
90.21000
20.50000
8.02000
83.86000
6.47000
37.42000
22.02000
88.58000
67.02000
99.12000
85.83000
97.17000
33.77000
22.06000
79.71000
07.94000
05.90000
09.11000
06.52000
09.47000
07.62000
06.74000
05.32000
07.76000
08.46000
07.25000
07.91000
07.68000
07.08000
05.42000
08.76000
08.24000
08.13000
08.90000
07.10000
05.12000
09.81000
05.73000
09.44000
08.10000
06.30000
06.84000
07.05000
08.65000
05.32000
08.56000
08.45000
07.33000
05.59000
05.11000
06.95000
06.38000
09.37000
06.10000
08.11000
07.15000
09.90000
09.02000
07.25000
07.66000
08.97000
06.75000
06.98000
05.05000
09.37000
07.37000
06.11000
06.80000
06.14000
08.07000
06.77000
07.38000
09.97000
08.41000
07.20000
05.37000
08.06000
07.31000
05.24000
08.64000
05.64000
05.96000
07.87000
06.07000
05.84000
05.31000
08.74000
05.07000
07.17000
08.59000
05.61000
09.03000
06.03000
08.77000
07.88000
09.91000
09.22000
06.12000
09.13000
05.64000
06.42000
05.64000
09.53000
07.69000
07.71000
09.63000
08.42000
08.54000
06.05000
05.12000
06.78000
09.17000
09.80000
06.44000
09.72000
08.79000
08.69000
08.53000
09.00000
06.76000
06.23000
06.13000
05.07000
06.63000
05.52000
08.06000
05.90000
08.68000
07.20000
05.14000
08.58000
08.64000
09.18000
07.34000
06.20000
05.08000
09.14000
06.25000
05.39000
07.00000
07.01000
07.61000
08.78000
06.25000
07.50000
08.81000
07.52000
05.11000
07.58000
06.35000
08.78000
08.73000
08.97000
08.41000
08.24000
07.65000
05.70000
07.28000
07.59000
05.32000
06.52000
06.92000
07.04000
05.54000
07.46000
07.38000
05.70000
08.90000
08.19000
09.07000
07.39000
08.50000
07.40000
09.14000
10.00000
06.03000
07.08000
05.38000
09.30000
08.84000
06.01000
09.09000
06.46000
06.58000
07.14000
07.60000
05.54000
08.61000
05.02000
06.75000
06.00000
06.62000
08.37000
08.38000
05.17000
07.01000
07.52000
07.86000
05.79000
08.47000
06.98000
06.59000
08.47000
09.47000
07.88000
09.46000
09.24000
05.72000
05.47000
07.38000
07.00000
07.71000
06.69000
09.79000
06.03000
05.03000
05.03000
08.27000
09.90000
09.33000
09.84000
05.70000
08.66000
06.70000
09.29000
09.64000
05.59000
07.24000
05.38000
06.32000
09.76000
07.71000
08.64000
07.40000
07.53000
09.00000
05.60000
07.39000
10.00000
08.66000
06.33000
06.23000
05.54000
08.35000
06.90000
06.71000
07.31000
06.40000
06.88000
07.05000
05.71000
05.27000
06.90000
08.32000
05.91000
09.05000
06.06000
07.02000
05.35000
05.98000
09.49000
07.51000
06.23000
05.95000
05.86000
09.37000
07.84000
09.27000
08.56000
09.83000
07.44000
05.40000
05.62000
06.73000
06.40000
06.48000
06.34000
06.09000
07.79000
08.74000
07.44000
08.72000
06.34000
06.93000
06.01000
07.68000
05.91000
06.79000
07.07000
05.81000
07.02000
07.61000
05.99000
08.19000
09.31000
09.68000
06.06000
09.68000
09.05000
06.80000
05.94000
07.42000
06.69000
08.79000
07.20000
08.29000
09.28000
09.00000
06.79000
06.46000
08.05000
06.77000
09.54000
05.84000
05.83000
05.48000
05.29000
05.62000
08.57000
09.87000
08.09000
09.25000
06.08000
07.33000
08.97000
05.10000
07.93000
07.17000
05.68000
09.21000
09.55000
06.57000
05.75000
09.27000
09.92000
08.11000
08.94000
07.12000
09.00000
07.24000
09.82000
06.23000
05.29000
09.84000
05.19000
09.22000
08.30000
09.63000
06.64000
05.34000
06.06000
05.78000
08.01000
07.99000
07.60000
05.29000
07.90000
07.20000
05.48000
05.60000
07.21000
07.16000
08.28000
07.01000
06.56000
