50
4
135.56000
130.45000
192.69000
165.91000
132.75000
164.94000
173.29000
157.64000
156.91000
199.08000
151.18000
169.33000
148.68000
173.47000
166.98000
141.58000
148.67000
128.74000
161.33000
115.03000
197.52000
105.52000
174.83000
130.30000
135.85000
144.44000
148.13000
128.02000
104.27000
186.12000
121.85000
148.81000
143.43000
171.18000
136.60000
133.30000
193.94000
140.25000
133.02000
122.10000
196.42000
133.95000
151.72000
155.86000
191.51000
192.91000
133.35000
175.18000
119.82000
157.75000
106.07000
152.35000
195.49000
127.92000
193.65000
138.22000
158.76000
153.94000
174.02000
170.80000
147.64000
109.48000
112.82000
115.70000
127.76000
160.16000
175.66000
138.56000
164.74000
171.61000
128.18000
105.00000
124.20000
109.45000
135.99000
180.65000
171.77000
139.30000
164.73000
131.12000
173.08000
126.80000
180.02000
122.05000
193.75000
137.56000
147.48000
119.05000
199.40000
137.22000
132.73000
187.76000
155.67000
191.39000
101.41000
193.80000
128.17000
165.70000
119.14000
102.79000
131.06000
178.10000
112.55000
166.28000
135.25000
129.47000
123.00000
103.99000
124.63000
151.18000
113.96000
157.35000
189.81000
133.85000
176.03000
116.99000
121.43000
168.10000
199.84000
173.52000
110.10000
144.57000
176.02000
117.58000
146.45000
153.88000
195.20000
139.79000
121.10000
186.65000
147.99000
130.77000
124.69000
133.50000
125.03000
181.16000
147.83000
185.07000
116.93000
181.56000
181.16000
131.97000
114.33000
122.62000
115.29000
164.84000
107.85000
194.95000
140.84000
174.29000
119.11000
117.59000
143.34000
183.31000
101.02000
186.57000
106.61000
154.35000
199.56000
138.59000
144.33000
116.24000
130.35000
189.26000
172.10000
184.60000
109.02000
154.21000
105.57000
175.05000
151.19000
149.07000
160.35000
103.22000
172.49000
189.46000
152.06000
184.74000
188.53000
191.01000
196.34000
135.23000
114.95000
169.35000
108.81000
170.31000
167.37000
140.09000
105.09000
105.62000
161.42000
118.86000
100.82000
156.76000
112.72000
121.29000
111.60000
139.38000
136.90000
163.00000
08.22000
09.47000
05.69000
07.85000
06.04000
07.00000
06.62000
07.42000
06.06000
05.84000
09.21000
05.25000
07.18000
09.88000
07.35000
05.24000
08.33000
08.05000
09.97000
06.30000
08.39000
09.24000
05.96000
07.34000
06.29000
07.35000
09.23000
07.26000
05.92000
06.31000
08.69000
09.97000
06.18000
05.00000
08.25000
09.38000
06.00000
07.35000
06.80000
09.39000
09.27000
07.25000
08.27000
08.91000
09.90000
08.61000
06.54000
06.84000
06.80000
05.34000
07.00000
09.39000
07.95000
06.32000
05.40000
05.85000
05.61000
07.38000
06.12000
06.56000
05.69000
05.27000
09.34000
06.67000
08.33000
05.14000
05.19000
06.34000
08.69000
07.15000
08.85000
05.72000
06.93000
06.44000
05.46000
09.97000
08.20000
08.18000
05.18000
09.24000
07.66000
07.53000
08.17000
08.70000
05.47000
09.64000
09.59000
08.49000
06.78000
09.66000
09.58000
08.78000
06.75000
07.75000
08.31000
09.72000
05.53000
09.08000
05.94000
06.47000
08.66000
05.56000
05.68000
06.73000
06.83000
06.97000
08.54000
05.81000
08.47000
09.07000
05.57000
08.80000
09.99000
08.28000
08.18000
07.09000
07.80000
06.01000
07.78000
07.09000
08.30000
08.65000
05.78000
05.22000
07.90000
07.61000
08.58000
07.88000
08.00000
09.31000
07.58000
06.46000
05.01000
05.14000
09.20000
07.39000
05.33000
06.52000
09.84000
07.07000
05.38000
09.84000
05.90000
06.90000
06.56000
06.53000
08.80000
08.28000
05.28000
07.97000
05.40000
06.25000
09.95000
05.98000
07.30000
07.90000
05.28000
07.95000
07.96000
08.35000
05.69000
07.55000
05.03000
05.25000
08.83000
07.42000
06.17000
06.26000
07.38000
05.23000
09.04000
09.03000
08.98000
08.63000
06.28000
06.23000
06.28000
05.28000
05.56000
05.50000
06.96000
07.83000
09.54000
09.50000
08.65000
08.95000
05.87000
05.89000
09.02000
06.28000
07.20000
07.33000
05.73000
07.48000
06.19000
06.46000
06.42000
05.22000
05.51000
05.96000
