50
10
114.52000
198.08000
132.12000
108.53000
195.10000
137.04000
183.58000
139.51000
141.75000
160.91000
127.86000
185.28000
164.23000
185.72000
187.24000
174.37000
197.32000
152.47000
108.98000
160.29000
100.77000
127.19000
165.34000
121.57000
159.36000
100.89000
153.59000
161.70000
182.85000
189.59000
196.00000
109.21000
105.99000
134.30000
139.83000
117.62000
188.57000
101.03000
157.35000
165.44000
115.35000
180.81000
145.82000
156.19000
196.09000
189.65000
127.52000
118.37000
165.55000
168.57000
105.89000
116.42000
185.11000
101.57000
138.32000
164.85000
186.68000
109.43000
127.88000
140.05000
186.21000
113.00000
162.47000
186.15000
184.08000
168.92000
154.98000
172.29000
105.69000
158.83000
143.29000
192.63000
101.42000
189.37000
190.30000
166.29000
146.68000
192.18000
183.90000
137.41000
141.84000
123.90000
136.97000
175.14000
112.30000
166.18000
187.42000
173.63000
108.46000
125.65000
198.12000
152.00000
105.69000
133.96000
156.98000
154.40000
104.39000
147.74000
176.88000
149.97000
131.87000
152.61000
132.01000
139.01000
188.77000
169.17000
192.44000
171.66000
122.37000
189.11000
196.97000
128.20000
123.71000
109.69000
149.12000
118.38000
108.79000
153.17000
177.40000
176.98000
118.64000
166.83000
135.32000
163.76000
119.26000
122.92000
101.40000
163.49000
101.68000
118.72000
179.15000
185.92000
181.91000
176.48000
197.10000
165.84000
100.96000
143.48000
108.76000
162.99000
124.85000
191.98000
192.63000
162.15000
144.59000
119.25000
152.25000
173.09000
176.21000
147.55000
148.46000
169.31000
134.50000
127.08000
145.83000
144.34000
195.01000
178.18000
196.15000
112.24000
114.91000
106.73000
118.54000
148.42000
125.83000
100.62000
157.14000
153.25000
184.41000
172.74000
181.11000
152.13000
172.29000
160.98000
184.57000
195.45000
196.12000
128.23000
186.67000
158.60000
187.53000
162.38000
131.55000
141.97000
103.16000
176.32000
188.35000
170.95000
124.66000
107.94000
151.21000
195.94000
158.67000
120.14000
139.28000
192.31000
136.83000
100.80000
196.68000
160.48000
192.34000
188.10000
130.49000
129.56000
136.90000
197.14000
124.53000
104.55000
120.38000
104.57000
115.51000
139.06000
115.05000
188.91000
188.19000
124.11000
118.17000
153.68000
152.32000
175.72000
152.01000
127.39000
142.68000
134.91000
163.84000
163.56000
119.04000
167.69000
125.91000
140.70000
166.15000
165.07000
135.50000
162.33000
193.79000
143.07000
114.88000
156.96000
136.71000
142.71000
111.30000
178.11000
154.69000
130.01000
197.03000
104.30000
132.49000
195.97000
169.34000
139.04000
189.22000
123.54000
106.41000
190.94000
103.72000
108.97000
197.58000
101.13000
131.01000
142.46000
123.61000
109.57000
121.50000
130.64000
147.40000
135.40000
150.57000
105.16000
156.84000
122.77000
118.61000
122.65000
164.83000
140.80000
151.01000
164.76000
109.24000
183.64000
198.16000
138.12000
152.98000
170.43000
135.46000
174.38000
183.93000
145.32000
163.29000
130.18000
114.99000
177.44000
107.04000
187.15000
184.03000
160.93000
117.11000
151.94000
153.97000
114.93000
168.88000
156.20000
127.99000
189.45000
148.10000
144.19000
179.77000
195.28000
171.10000
154.10000
109.24000
196.09000
170.42000
110.75000
169.92000
151.65000
112.09000
186.40000
140.32000
146.71000
187.11000
178.32000
123.96000
191.04000
111.50000
108.76000
149.36000
119.42000
126.27000
125.01000
170.02000
191.60000
197.45000
199.32000
164.47000
192.35000
116.05000
128.95000
136.22000
131.43000
198.08000
136.18000
113.79000
143.62000
184.57000
168.27000
150.69000
188.68000
141.51000
197.48000
125.44000
151.37000
129.23000
155.63000
198.20000
181.61000
186.85000
140.37000
128.04000
134.31000
106.20000
142.39000
107.31000
170.13000
168.91000
199.60000
130.13000
139.45000
181.63000
174.88000
115.65000
117.67000
176.00000
156.13000
108.02000
105.16000
108.65000
156.23000
176.37000
127.33000
161.23000
113.07000
114.84000
134.57000
140.38000
189.54000
142.58000
102.26000
177.74000
173.55000
103.72000
130.80000
129.94000
177.97000
167.40000
145.57000
178.64000
140.69000
127.77000
196.97000
130.47000
124.62000
160.82000
158.05000
173.46000
191.51000
103.83000
110.71000
147.70000
137.17000
164.86000
181.48000
129.22000
193.32000
178.69000
111.40000
165.28000
113.50000
105.07000
166.46000
128.16000
176.21000
128.77000
137.70000
115.12000
184.97000
159.55000
141.12000
148.43000
168.30000
132.19000
117.74000
175.34000
179.71000
106.44000
133.57000
168.13000
197.72000
167.08000
179.63000
124.06000
125.84000
123.87000
171.94000
165.39000
192.60000
111.57000
151.52000
139.40000
151.49000
189.95000
184.37000
179.03000
190.68000
119.80000
189.20000
185.85000
174.93000
138.93000
141.67000
117.39000
184.78000
186.10000
151.18000
186.53000
189.36000
186.69000
199.37000
131.16000
182.81000
191.09000
192.87000
114.18000
184.28000
174.70000
163.34000
123.48000
137.90000
137.91000
167.40000
171.94000
112.82000
106.10000
186.70000
197.46000
103.17000
129.67000
127.89000
162.93000
128.10000
184.00000
122.59000
156.23000
131.74000
169.50000
127.46000
190.26000
183.25000
111.54000
124.14000
102.92000
176.75000
05.22000
09.07000
08.66000
05.50000
09.74000
09.92000
08.95000
06.44000
07.16000
05.83000
08.13000
07.98000
06.02000
09.42000
07.86000
05.83000
06.10000
09.53000
06.05000
06.97000
08.44000
06.26000
06.86000
09.62000
05.32000
05.95000
05.70000
08.25000
05.28000
06.20000
09.23000
08.59000
08.10000
05.87000
05.35000
07.61000
09.82000
05.04000
08.24000
08.53000
07.72000
05.07000
08.29000
05.82000
05.34000
08.56000
07.17000
05.21000
07.47000
09.34000
06.59000
05.00000
09.40000
09.14000
06.18000
07.90000
06.27000
08.28000
07.52000
07.09000
08.77000
08.38000
07.41000
05.96000
06.83000
05.93000
08.93000
09.14000
06.64000
08.70000
06.39000
07.50000
05.64000
05.69000
05.36000
08.18000
07.53000
07.14000
07.66000
09.54000
07.25000
09.58000
06.34000
06.23000
05.98000
05.74000
05.73000
09.12000
06.17000
09.64000
06.40000
05.34000
06.51000
06.52000
05.15000
08.26000
06.95000
07.90000
05.06000
07.53000
09.61000
08.92000
06.80000
08.21000
06.19000
07.88000
06.76000
06.17000
09.09000
09.16000
07.92000
08.35000
09.63000
08.15000
09.75000
08.31000
05.43000
06.51000
07.98000
05.81000
05.33000
07.16000
09.57000
06.90000
09.42000
09.26000
07.74000
08.86000
09.05000
08.22000
06.98000
05.23000
06.83000
05.69000
08.01000
05.78000
06.59000
09.59000
07.79000
06.57000
08.44000
09.08000
09.55000
09.86000
08.73000
09.56000
07.76000
09.20000
05.05000
07.70000
05.60000
06.78000
07.58000
08.35000
07.09000
08.58000
09.76000
06.39000
05.96000
06.76000
08.34000
08.13000
09.32000
05.01000
08.58000
05.38000
05.57000
08.27000
06.99000
06.21000
09.32000
07.74000
06.31000
09.93000
06.46000
05.86000
05.55000
07.11000
09.12000
06.31000
09.97000
09.58000
05.68000
09.05000
06.07000
05.38000
05.75000
05.25000
06.60000
08.84000
05.24000
07.37000
05.56000
05.54000
06.25000
09.09000
08.22000
07.27000
07.18000
05.35000
06.61000
08.51000
09.85000
09.42000
09.81000
09.62000
07.04000
09.55000
09.99000
08.79000
07.50000
08.56000
06.30000
09.23000
08.52000
07.80000
09.16000
05.41000
08.63000
09.86000
05.22000
08.07000
07.62000
08.61000
07.40000
09.18000
06.52000
09.13000
09.85000
06.95000
07.62000
07.77000
07.98000
05.86000
09.46000
07.13000
08.47000
06.63000
06.81000
06.05000
09.20000
06.23000
05.72000
09.64000
09.36000
07.89000
08.47000
09.24000
09.33000
06.09000
06.62000
05.41000
09.75000
09.48000
08.44000
09.79000
07.72000
05.30000
08.64000
07.27000
05.77000
06.70000
09.68000
06.86000
09.47000
05.80000
05.25000
08.81000
05.64000
05.98000
05.28000
09.63000
07.34000
06.87000
05.98000
07.07000
08.88000
09.36000
09.77000
05.13000
05.84000
05.56000
05.35000
09.07000
05.03000
08.86000
07.66000
05.40000
09.52000
08.89000
07.90000
06.85000
08.62000
06.53000
08.51000
07.45000
07.90000
08.91000
08.17000
07.44000
07.97000
06.69000
06.31000
06.11000
06.11000
05.54000
07.67000
05.76000
05.41000
07.96000
05.39000
06.22000
07.83000
09.99000
09.58000
06.63000
06.61000
08.90000
06.57000
07.42000
06.22000
08.23000
08.97000
05.24000
07.38000
07.77000
05.63000
08.00000
07.05000
08.55000
06.63000
09.87000
08.48000
07.85000
08.34000
06.25000
06.12000
09.22000
08.35000
08.80000
05.70000
07.44000
05.50000
05.44000
09.19000
08.54000
09.89000
05.32000
09.82000
09.80000
08.55000
08.47000
05.36000
08.33000
08.04000
08.35000
09.17000
05.66000
08.58000
05.94000
05.88000
05.84000
07.93000
05.56000
06.37000
06.31000
05.09000
07.79000
07.76000
05.75000
05.31000
09.44000
08.44000
09.12000
05.11000
08.57000
08.04000
07.59000
07.23000
09.50000
07.43000
08.62000
05.67000
07.80000
08.74000
05.90000
05.70000
05.28000
05.36000
09.35000
08.81000
05.02000
06.90000
05.19000
07.76000
06.31000
09.26000
05.84000
06.55000
09.75000
06.97000
09.79000
09.43000
08.54000
08.69000
05.14000
07.87000
08.85000
05.52000
05.58000
08.03000
05.39000
07.24000
09.97000
07.82000
05.14000
09.89000
08.39000
06.40000
06.33000
05.75000
07.20000
09.18000
08.42000
08.36000
09.00000
07.83000
07.13000
07.51000
07.63000
05.24000
09.45000
09.23000
08.19000
05.58000
08.59000
05.80000
07.03000
09.27000
09.02000
05.77000
06.74000
07.96000
06.48000
08.91000
06.18000
09.56000
07.92000
06.25000
05.43000
08.88000
06.27000
06.99000
05.44000
06.38000
07.85000
05.30000
06.95000
05.48000
05.91000
09.71000
05.21000
09.26000
05.08000
06.42000
07.99000
07.02000
06.22000
07.88000
09.28000
09.34000
06.47000
07.76000
09.34000
08.03000
09.22000
06.02000
09.68000
06.15000
09.08000
08.85000
08.03000
08.03000
06.93000
08.67000
08.42000
09.23000
09.92000
09.20000
06.10000
06.57000
06.41000
05.37000
07.56000
08.11000
06.03000
08.36000
05.56000
08.17000
09.67000
