50
4
20.00000
9.83000
11.38000
72.47000
32.07000
64.83000
37.58000
53.82000
8.20000
32.08000
47.95000
17.02000
87.61000
50.78000
82.71000
2.28000
13.52000
62.16000
83.08000
49.83000
24.15000
7.43000
89.26000
1.88000
60.70000
25.82000
42.50000
96.66000
64.42000
58.54000
81.99000
77.38000
75.50000
46.82000
49.97000
83.26000
35.17000
30.86000
85.64000
55.52000
82.65000
50.89000
31.24000
34.38000
60.17000
48.13000
25.97000
60.05000
7.92000
62.80000
23.09000
69.35000
13.83000
88.82000
33.14000
32.66000
76.78000
7.97000
66.23000
47.62000
46.74000
11.24000
88.32000
80.20000
87.70000
64.63000
65.38000
96.38000
66.60000
35.08000
62.38000
62.11000
48.44000
86.58000
45.28000
42.36000
98.16000
86.08000
79.07000
3.11000
82.75000
98.57000
30.70000
9.33000
67.17000
90.00000
64.15000
26.97000
17.39000
26.36000
46.38000
22.02000
97.38000
71.59000
42.37000
59.44000
75.10000
92.68000
18.07000
6.19000
49.92000
23.11000
85.87000
51.66000
44.86000
55.28000
86.62000
8.04000
98.61000
7.80000
92.04000
78.15000
3.88000
69.41000
92.84000
54.69000
48.39000
32.82000
79.74000
27.39000
24.87000
86.74000
43.47000
85.96000
23.02000
23.89000
73.73000
23.13000
33.58000
33.00000
62.26000
27.61000
47.25000
5.79000
98.76000
90.12000
54.76000
31.96000
74.95000
3.39000
46.82000
3.24000
80.57000
55.12000
14.16000
9.36000
7.31000
38.04000
46.49000
41.02000
34.53000
62.45000
45.77000
87.59000
20.32000
49.16000
9.62000
10.99000
89.86000
61.62000
64.96000
17.36000
60.61000
16.28000
29.25000
23.18000
47.05000
27.62000
16.95000
43.91000
64.64000
12.11000
43.55000
95.02000
29.86000
84.21000
25.51000
92.99000
57.17000
61.40000
77.29000
53.27000
63.05000
58.14000
16.37000
90.34000
62.95000
89.91000
56.22000
21.67000
72.35000
73.16000
14.29000
60.72000
7.72000
23.38000
5.07000
24.96000
82.53000
55.02000
02.12000
03.42000
01.37000
04.16000
01.32000
01.67000
03.36000
03.84000
01.88000
03.56000
04.27000
02.71000
02.92000
04.20000
03.22000
03.91000
03.56000
02.74000
03.34000
02.56000
02.94000
02.29000
03.75000
01.79000
04.17000
01.97000
03.58000
04.72000
02.38000
04.92000
01.96000
02.47000
04.70000
02.25000
02.01000
02.17000
02.26000
01.10000
02.85000
02.95000
02.17000
04.59000
03.61000
03.92000
03.56000
03.84000
03.41000
04.22000
01.55000
01.97000
01.83000
04.88000
02.82000
01.51000
02.59000
01.55000
01.67000
04.03000
01.56000
04.97000
04.78000
01.36000
02.86000
03.24000
04.30000
01.62000
02.62000
04.51000
04.33000
04.93000
04.96000
04.89000
01.01000
03.41000
02.00000
04.51000
02.46000
01.20000
01.89000
03.49000
04.80000
02.41000
04.73000
01.97000
04.17000
03.18000
02.65000
04.05000
04.68000
03.62000
03.78000
01.88000
02.46000
03.86000
04.24000
03.57000
01.64000
04.03000
04.16000
01.25000
04.40000
01.50000
02.81000
04.93000
02.80000
03.64000
01.01000
04.76000
03.07000
04.43000
03.64000
03.80000
02.34000
01.00000
03.83000
03.18000
01.74000
02.48000
02.71000
04.03000
02.38000
01.98000
01.39000
03.47000
01.39000
04.64000
01.01000
02.63000
03.90000
03.57000
02.69000
02.62000
03.03000
03.91000
03.56000
04.58000
03.91000
02.78000
04.73000
01.64000
03.66000
01.30000
03.34000
02.90000
03.41000
04.60000
04.51000
01.51000
04.28000
01.80000
03.58000
04.88000
03.14000
03.88000
01.40000
04.84000
04.13000
04.02000
02.08000
02.68000
03.02000
03.10000
03.72000
04.53000
01.95000
03.24000
04.47000
04.50000
03.04000
02.58000
02.44000
04.74000
04.42000
03.24000
03.75000
03.35000
04.21000
03.33000
02.54000
02.46000
04.53000
01.00000
04.93000
04.21000
03.52000
02.36000
01.05000
02.71000
03.29000
01.53000
01.01000
04.09000
01.97000
04.65000
02.95000
02.48000
01.69000
01.84000
04.98000
03.99000
