50
4
102.73000
109.52000
104.86000
147.99000
137.18000
159.80000
142.26000
100.04000
187.68000
148.78000
166.01000
111.10000
194.84000
117.08000
116.74000
121.79000
199.29000
105.32000
135.07000
172.75000
141.65000
154.14000
161.62000
104.58000
162.56000
104.15000
137.03000
157.93000
102.63000
195.99000
101.92000
173.41000
102.49000
170.27000
196.91000
191.65000
102.77000
167.62000
162.63000
153.27000
144.08000
128.67000
139.70000
198.90000
167.06000
194.04000
168.75000
169.16000
112.33000
104.35000
185.00000
194.67000
191.92000
109.82000
132.98000
147.59000
191.39000
103.68000
175.33000
198.78000
118.03000
178.61000
177.67000
113.87000
137.46000
100.25000
105.61000
158.47000
115.32000
134.22000
124.79000
198.21000
117.23000
146.14000
100.83000
198.72000
108.81000
101.65000
199.36000
125.62000
155.68000
166.35000
185.99000
144.54000
123.49000
105.89000
126.36000
121.10000
177.83000
185.88000
186.10000
120.92000
184.35000
171.94000
130.81000
109.64000
108.67000
129.72000
126.14000
152.87000
111.10000
134.94000
162.69000
191.85000
184.01000
114.79000
123.89000
165.07000
156.16000
129.04000
179.65000
118.01000
118.18000
168.31000
120.59000
141.28000
160.70000
123.23000
137.34000
125.51000
174.33000
184.43000
120.51000
161.33000
149.71000
142.53000
160.74000
139.36000
177.45000
188.15000
148.66000
150.23000
148.19000
111.92000
174.88000
184.56000
152.55000
104.47000
130.03000
132.98000
181.14000
156.41000
104.73000
186.11000
124.61000
158.38000
189.62000
134.57000
173.57000
101.00000
167.02000
112.93000
134.64000
109.73000
192.36000
163.23000
179.62000
125.37000
160.88000
173.11000
125.59000
108.41000
188.22000
158.22000
188.20000
174.49000
189.99000
134.17000
183.05000
139.22000
181.83000
116.59000
125.78000
118.24000
179.36000
121.11000
132.01000
127.16000
198.20000
163.34000
117.37000
181.62000
153.98000
158.92000
197.48000
197.23000
162.32000
123.48000
187.96000
189.62000
138.85000
172.62000
104.45000
174.42000
199.20000
121.98000
162.56000
167.26000
158.98000
187.19000
05.03000
06.52000
09.81000
08.51000
05.38000
09.81000
05.34000
07.16000
09.57000
08.54000
09.17000
08.20000
06.51000
06.63000
05.21000
05.56000
05.11000
07.97000
07.35000
08.12000
09.28000
06.48000
09.51000
09.80000
07.91000
06.06000
05.59000
09.50000
09.92000
05.61000
09.50000
06.13000
09.20000
09.05000
05.14000
08.60000
09.68000
05.28000
06.43000
05.81000
05.25000
08.20000
07.26000
06.67000
09.82000
06.73000
06.55000
05.09000
07.30000
09.76000
07.08000
08.24000
06.96000
05.79000
09.54000
07.77000
07.33000
09.81000
09.09000
08.81000
09.86000
07.92000
05.90000
06.52000
09.73000
05.27000
05.12000
06.05000
07.09000
07.02000
06.90000
07.56000
07.08000
08.32000
06.40000
06.20000
09.88000
09.34000
08.78000
07.14000
05.63000
05.23000
09.19000
05.52000
09.49000
06.15000
07.80000
06.51000
06.62000
07.25000
09.75000
05.26000
07.18000
08.68000
05.20000
06.92000
06.32000
05.61000
09.31000
06.66000
08.93000
08.84000
09.49000
08.76000
09.91000
09.10000
07.86000
05.64000
07.26000
05.45000
08.30000
06.81000
07.38000
09.29000
07.20000
08.68000
06.68000
07.04000
05.99000
07.66000
06.56000
05.10000
06.06000
05.15000
08.43000
09.87000
08.83000
07.55000
08.69000
07.76000
05.69000
06.29000
08.75000
05.18000
08.06000
07.75000
05.02000
08.54000
07.33000
08.35000
08.91000
09.23000
09.92000
09.49000
06.81000
08.67000
07.24000
07.58000
05.14000
08.26000
08.65000
08.16000
08.26000
09.80000
07.16000
05.74000
09.45000
08.20000
05.45000
05.64000
06.74000
07.75000
06.16000
05.50000
07.79000
06.09000
06.96000
07.98000
05.25000
05.88000
05.50000
05.75000
06.78000
09.78000
09.43000
06.45000
05.04000
05.45000
06.42000
07.74000
07.67000
05.53000
09.12000
07.28000
07.35000
07.69000
05.18000
07.72000
06.71000
09.58000
07.27000
06.73000
08.43000
08.86000
08.03000
06.95000
05.15000
08.19000
05.13000
06.04000
