50
7
23.53000
83.91000
63.28000
24.77000
12.31000
67.25000
19.45000
15.09000
95.14000
34.03000
79.02000
87.33000
28.14000
88.80000
36.01000
80.77000
76.35000
40.67000
69.62000
9.47000
73.26000
46.79000
1.72000
12.80000
64.25000
67.86000
39.35000
8.92000
59.13000
16.63000
32.22000
41.28000
81.63000
5.39000
17.21000
31.14000
20.92000
98.48000
69.88000
25.05000
77.08000
64.79000
56.95000
46.35000
18.60000
21.25000
81.82000
45.70000
23.90000
86.34000
22.97000
13.61000
74.34000
97.32000
61.88000
84.83000
25.49000
78.16000
46.93000
71.91000
56.46000
19.80000
60.25000
24.90000
95.47000
59.67000
12.26000
7.73000
72.28000
27.37000
87.18000
48.79000
66.70000
88.17000
99.55000
91.38000
61.08000
99.53000
38.67000
43.21000
88.84000
56.55000
19.16000
23.92000
85.91000
42.52000
33.43000
18.59000
39.29000
80.42000
1.18000
26.18000
36.53000
83.37000
16.92000
10.11000
18.22000
3.17000
3.46000
46.71000
58.26000
97.80000
40.62000
59.13000
83.50000
55.74000
38.63000
3.41000
35.46000
39.19000
28.00000
31.09000
59.30000
3.44000
55.69000
92.04000
41.86000
29.07000
83.56000
38.68000
57.15000
74.45000
37.87000
71.48000
19.84000
25.28000
56.84000
95.44000
31.80000
41.02000
45.09000
66.64000
35.53000
10.43000
20.17000
41.66000
61.75000
96.09000
63.04000
29.17000
80.82000
90.87000
70.61000
39.36000
52.27000
61.41000
3.18000
34.49000
73.32000
1.68000
95.44000
31.19000
71.95000
78.66000
71.13000
39.24000
33.02000
33.42000
21.50000
94.38000
6.17000
11.75000
65.03000
91.17000
17.84000
57.49000
74.26000
61.86000
21.76000
30.41000
22.25000
27.86000
47.47000
51.70000
32.13000
49.26000
51.81000
58.46000
30.57000
76.32000
67.39000
51.23000
94.28000
97.96000
54.16000
44.45000
4.53000
92.30000
47.83000
17.02000
88.62000
76.09000
11.42000
60.72000
81.41000
55.30000
82.75000
33.77000
65.80000
74.54000
34.57000
80.92000
50.82000
9.21000
27.57000
68.98000
6.69000
45.16000
55.68000
26.01000
86.69000
85.94000
96.25000
92.17000
33.81000
31.13000
91.01000
62.62000
25.69000
4.65000
94.65000
31.11000
31.16000
8.17000
27.25000
43.40000
57.70000
69.69000
20.83000
47.83000
2.99000
94.99000
72.84000
43.77000
1.36000
16.15000
95.62000
32.13000
77.31000
39.07000
64.97000
64.88000
96.03000
98.90000
69.58000
96.53000
10.87000
8.62000
63.59000
33.64000
35.78000
85.02000
53.59000
97.43000
97.16000
9.93000
36.04000
52.74000
69.35000
17.62000
86.95000
66.92000
45.30000
82.33000
71.11000
28.37000
94.76000
43.71000
3.38000
62.14000
16.79000
52.35000
98.12000
84.45000
82.23000
25.24000
26.79000
50.20000
93.23000
91.30000
56.35000
2.47000
26.73000
46.89000
9.84000
23.00000
83.97000
98.27000
8.83000
83.70000
46.98000
20.12000
27.95000
96.16000
21.11000
96.05000
43.35000
60.13000
88.47000
79.10000
87.74000
41.46000
82.12000
33.95000
77.05000
53.10000
74.09000
79.43000
71.05000
8.51000
54.20000
2.05000
15.35000
71.80000
92.58000
84.24000
42.76000
86.89000
25.80000
65.52000
27.72000
22.99000
1.35000
82.92000
31.88000
24.08000
32.12000
27.53000
56.53000
62.49000
45.96000
89.00000
92.16000
87.30000
34.10000
13.00000
68.91000
73.91000
1.72000
41.76000
5.11000
73.52000
17.42000
72.57000
56.74000
64.61000
64.71000
4.25000
71.98000
2.46000
05.09000
09.66000
08.11000
07.39000
05.20000
09.90000
09.75000
05.37000
06.13000
07.11000
09.56000
09.14000
07.35000
07.94000
06.24000
05.55000
06.18000
08.82000
05.14000
09.97000
05.37000
08.42000
05.75000
08.79000
05.53000
05.22000
09.20000
06.91000
07.68000
09.92000
05.75000
05.24000
05.72000
08.02000
07.33000
08.20000
08.95000
07.26000
09.98000
06.26000
09.55000
05.17000
06.40000
08.37000
05.10000
06.52000
08.42000
09.52000
06.06000
05.86000
06.61000
05.21000
07.66000
08.99000
06.36000
08.92000
05.12000
05.49000
09.98000
05.46000
09.95000
06.76000
07.53000
09.74000
05.51000
09.48000
05.06000
09.57000
09.95000
06.96000
07.17000
08.16000
08.67000
06.66000
09.46000
06.60000
06.86000
07.68000
06.06000
06.37000
06.94000
08.26000
07.09000
06.83000
06.12000
08.29000
06.20000
07.77000
08.87000
06.77000
08.07000
06.82000
09.43000
09.38000
05.87000
07.03000
09.31000
05.91000
08.79000
09.35000
05.39000
07.83000
05.05000
09.32000
07.43000
09.70000
05.95000
05.17000
06.91000
08.41000
08.23000
07.84000
09.32000
08.23000
07.28000
07.42000
09.31000
09.45000
06.39000
08.78000
08.18000
05.88000
09.22000
09.03000
06.34000
07.34000
07.33000
05.07000
05.86000
07.17000
07.67000
06.07000
07.96000
09.72000
05.08000
05.93000
05.48000
07.86000
09.81000
05.86000
05.41000
05.48000
09.96000
06.80000
06.38000
09.97000
09.05000
06.98000
06.17000
09.75000
08.19000
07.57000
07.13000
08.53000
09.68000
05.81000
08.36000
07.07000
06.95000
08.24000
08.47000
07.12000
09.56000
08.34000
05.95000
09.53000
09.32000
08.73000
05.31000
08.06000
07.81000
08.65000
09.56000
06.83000
08.88000
06.51000
07.76000
07.89000
06.14000
07.34000
07.46000
08.64000
05.46000
05.32000
07.22000
09.40000
07.48000
06.26000
09.15000
05.87000
05.12000
05.13000
06.33000
06.64000
06.04000
08.52000
05.39000
05.69000
05.19000
07.18000
09.56000
08.03000
07.97000
09.82000
05.83000
09.99000
07.72000
09.56000
09.35000
08.59000
09.98000
09.26000
06.06000
05.12000
06.20000
06.66000
07.29000
08.10000
06.97000
05.46000
07.26000
05.83000
09.51000
07.93000
05.56000
08.88000
05.18000
07.30000
09.70000
07.57000
06.99000
05.37000
07.57000
09.50000
07.09000
09.92000
09.95000
07.04000
09.26000
07.26000
08.00000
09.80000
06.43000
09.70000
05.79000
07.18000
08.17000
08.10000
07.76000
05.83000
09.97000
05.69000
07.63000
09.61000
07.50000
08.37000
07.78000
08.03000
06.74000
06.08000
09.50000
08.86000
06.11000
05.23000
05.80000
06.50000
07.55000
07.61000
06.91000
09.52000
09.00000
07.91000
07.85000
08.10000
06.92000
06.20000
05.91000
06.57000
08.80000
05.46000
08.14000
05.92000
05.62000
09.03000
08.85000
06.26000
09.40000
08.17000
07.11000
09.33000
05.65000
09.51000
09.28000
06.05000
05.93000
07.58000
06.47000
08.93000
05.28000
07.30000
08.67000
08.08000
05.22000
08.87000
06.71000
07.99000
08.83000
06.81000
07.86000
09.61000
06.81000
05.32000
07.87000
05.60000
06.04000
09.11000
09.11000
07.09000
08.78000
05.13000
08.12000
06.25000
05.19000
05.14000
08.04000
08.77000
05.81000
08.13000
06.19000
06.33000
09.07000
07.87000
06.50000
09.16000
08.81000
05.39000
07.06000
08.48000
06.73000
06.48000
07.59000
09.04000
09.94000
09.23000
06.96000
06.59000
08.45000
06.44000
05.68000
05.41000
