50
7
141.86000
166.01000
122.89000
146.26000
136.59000
120.38000
191.14000
128.83000
119.80000
123.88000
160.65000
111.78000
161.19000
120.00000
108.12000
189.38000
181.98000
191.32000
136.84000
169.98000
104.99000
109.47000
126.63000
126.00000
104.57000
185.14000
183.89000
143.92000
156.65000
118.08000
191.58000
174.26000
188.73000
147.12000
159.22000
181.63000
129.86000
100.14000
172.89000
194.68000
160.65000
144.08000
145.24000
156.16000
163.27000
134.94000
165.49000
172.83000
171.48000
167.80000
142.69000
165.96000
151.95000
134.23000
109.20000
170.06000
175.48000
124.98000
137.74000
156.88000
125.97000
109.67000
155.43000
117.99000
193.80000
136.89000
153.41000
196.50000
108.40000
181.76000
136.92000
137.08000
188.29000
196.01000
175.23000
135.97000
191.03000
157.91000
151.71000
190.98000
163.26000
122.28000
113.76000
151.48000
190.66000
170.53000
122.86000
168.38000
147.99000
160.62000
104.55000
144.19000
149.08000
177.06000
198.41000
182.94000
196.80000
180.95000
108.13000
140.27000
129.76000
142.58000
133.37000
171.39000
154.02000
112.18000
128.68000
116.24000
127.24000
191.97000
107.20000
122.12000
193.33000
105.92000
182.37000
126.29000
172.73000
142.06000
119.17000
105.08000
112.48000
102.49000
184.17000
123.86000
136.15000
153.38000
195.46000
187.07000
193.89000
174.94000
172.73000
188.22000
112.42000
111.48000
187.23000
159.88000
144.99000
121.33000
111.75000
123.68000
121.45000
126.92000
170.65000
140.32000
198.19000
164.70000
189.88000
159.55000
108.18000
135.23000
179.91000
175.83000
194.82000
164.81000
129.42000
196.72000
104.04000
120.66000
135.22000
199.87000
127.85000
166.46000
192.39000
101.06000
187.08000
137.53000
185.06000
192.62000
166.65000
120.71000
136.43000
193.45000
165.53000
104.45000
158.74000
199.00000
146.76000
128.73000
103.32000
131.30000
187.44000
135.10000
110.55000
188.93000
128.73000
116.68000
159.87000
197.04000
125.86000
168.15000
119.79000
157.34000
198.12000
135.75000
197.87000
198.09000
178.84000
167.27000
190.75000
124.13000
180.06000
118.19000
155.55000
185.73000
105.96000
156.10000
101.78000
158.60000
179.19000
150.01000
169.82000
106.70000
155.37000
141.87000
147.33000
147.74000
191.66000
162.69000
198.50000
163.51000
196.82000
182.53000
114.12000
149.86000
181.14000
160.53000
161.52000
166.71000
106.49000
194.88000
134.58000
188.03000
136.30000
172.83000
103.78000
151.85000
185.55000
120.71000
166.14000
110.28000
170.81000
153.89000
195.23000
179.48000
160.18000
126.82000
191.20000
189.67000
123.34000
183.00000
170.20000
137.29000
121.81000
145.87000
126.66000
127.55000
106.52000
133.65000
174.70000
162.49000
103.18000
189.04000
114.85000
119.62000
100.63000
171.58000
161.72000
177.98000
176.75000
117.33000
193.97000
168.20000
148.47000
188.95000
104.32000
122.43000
121.80000
125.65000
149.56000
124.44000
141.81000
193.20000
100.54000
159.52000
142.64000
133.93000
192.17000
164.53000
197.47000
116.74000
173.42000
177.91000
168.57000
187.08000
157.34000
189.64000
157.24000
116.99000
171.02000
191.27000
130.55000
199.53000
145.07000
183.35000
148.75000
153.91000
125.26000
160.75000
181.79000
176.14000
153.76000
162.32000
134.49000
163.63000
129.92000
123.76000
138.26000
127.86000
154.69000
169.81000
101.05000
144.36000
180.54000
164.31000
157.39000
102.73000
161.54000
160.12000
118.35000
156.63000
103.29000
149.20000
121.59000
173.79000
112.97000
112.55000
181.31000
186.00000
149.33000
170.24000
138.29000
139.10000
172.66000
131.39000
109.85000
143.01000
194.84000
144.20000
139.90000
121.70000
02.04000
02.35000
03.62000
02.25000
02.91000
01.40000
01.70000
03.69000
02.73000
03.61000
04.19000
01.15000
03.13000
01.77000
03.89000
01.31000
03.56000
03.96000
02.40000
01.18000
03.29000
03.60000
04.15000
02.05000
03.39000
01.41000
02.36000
03.57000
04.76000
03.40000
01.09000
01.65000
02.09000
02.92000
01.18000
02.55000
01.89000
02.62000
02.31000
04.83000
04.50000
04.48000
04.96000
01.37000
02.05000
03.77000
04.43000
01.34000
04.49000
03.08000
04.16000
01.26000
02.75000
04.81000
02.34000
02.89000
04.37000
04.06000
03.14000
04.14000
03.81000
04.61000
01.31000
04.05000
04.24000
02.61000
03.90000
03.43000
04.12000
03.06000
04.29000
02.93000
03.23000
01.75000
04.16000
04.99000
04.66000
03.28000
03.52000
03.88000
04.81000
03.08000
02.68000
03.67000
03.40000
01.37000
04.25000
04.26000
01.46000
01.21000
03.17000
03.34000
03.34000
02.44000
04.69000
02.43000
02.68000
03.75000
02.38000
04.85000
02.69000
03.19000
01.54000
03.37000
03.23000
01.88000
02.09000
01.31000
04.47000
01.40000
02.22000
04.98000
03.12000
04.89000
02.31000
03.93000
02.74000
03.78000
04.58000
02.98000
03.68000
03.81000
03.02000
04.29000
01.11000
03.06000
01.46000
01.34000
03.01000
01.88000
03.56000
04.89000
04.19000
04.97000
02.74000
01.05000
04.24000
03.33000
04.29000
01.21000
01.58000
04.26000
03.28000
04.10000
03.46000
01.38000
02.59000
01.73000
03.91000
04.65000
02.42000
04.33000
04.19000
04.38000
03.62000
01.16000
03.00000
03.54000
01.11000
02.68000
02.12000
01.47000
01.51000
04.99000
01.05000
03.93000
04.71000
03.03000
03.60000
02.50000
01.92000
04.51000
03.89000
04.57000
01.69000
03.99000
04.37000
03.33000
03.84000
04.83000
01.78000
03.81000
01.54000
01.18000
01.17000
04.82000
03.26000
04.04000
01.93000
01.01000
02.76000
03.20000
03.73000
04.83000
01.15000
01.27000
04.58000
04.54000
04.82000
03.67000
03.23000
02.41000
04.19000
04.80000
04.30000
03.87000
01.85000
04.85000
03.25000
01.67000
03.46000
01.92000
03.42000
04.78000
04.49000
03.91000
03.93000
03.47000
03.25000
02.99000
01.73000
03.35000
02.83000
01.67000
01.61000
03.31000
01.17000
02.75000
02.12000
01.56000
04.98000
03.35000
01.66000
01.65000
03.83000
04.92000
04.42000
02.41000
04.05000
03.19000
02.43000
04.00000
02.83000
02.24000
01.51000
01.88000
02.15000
04.43000
03.30000
04.83000
04.84000
01.60000
02.81000
01.03000
03.66000
04.82000
01.53000
01.58000
03.56000
02.25000
01.87000
04.58000
02.47000
02.57000
03.18000
04.88000
04.63000
02.31000
02.12000
04.16000
02.61000
03.78000
02.64000
04.90000
03.28000
01.14000
02.04000
04.40000
01.82000
02.33000
04.89000
04.75000
03.74000
03.11000
01.11000
02.88000
02.85000
01.06000
03.91000
04.53000
03.26000
01.57000
03.82000
02.24000
01.41000
03.84000
02.69000
01.36000
04.06000
02.88000
02.40000
04.46000
04.16000
04.51000
02.61000
04.41000
02.46000
02.98000
01.60000
04.28000
02.53000
01.61000
04.80000
02.38000
02.45000
02.11000
02.43000
03.34000
04.09000
03.53000
03.54000
04.08000
03.16000
04.20000
01.99000
03.86000
03.18000
03.77000
02.45000
02.24000
01.48000
01.21000
02.39000
01.10000
03.18000
04.80000
02.12000
02.61000
03.25000
02.13000
02.75000
03.27000
04.44000
02.11000
04.18000
03.90000
03.33000
04.96000
03.16000
03.62000
