50
10
141.79000
175.51000
128.38000
175.50000
149.11000
140.13000
124.74000
115.93000
140.08000
138.49000
194.00000
182.49000
149.46000
111.62000
183.44000
128.69000
137.02000
125.53000
165.31000
133.05000
187.52000
171.22000
136.89000
199.09000
110.74000
164.73000
120.44000
155.32000
141.43000
147.06000
163.22000
155.25000
139.37000
184.23000
137.50000
177.41000
189.31000
167.26000
140.55000
125.31000
101.03000
112.16000
194.63000
127.46000
109.29000
159.94000
147.01000
137.39000
173.85000
176.63000
134.35000
199.38000
190.67000
146.66000
119.93000
191.30000
108.88000
152.11000
120.85000
149.44000
145.74000
155.22000
150.00000
142.93000
126.65000
137.63000
145.27000
165.93000
102.00000
105.99000
169.55000
137.56000
147.18000
191.93000
110.73000
101.97000
162.59000
152.10000
181.70000
128.31000
173.60000
168.13000
120.36000
110.70000
130.62000
146.67000
189.58000
168.29000
109.03000
119.36000
177.27000
145.23000
109.22000
142.83000
196.32000
110.65000
156.58000
198.73000
184.60000
158.69000
135.03000
174.50000
135.44000
126.27000
182.82000
194.95000
158.07000
149.72000
131.15000
173.85000
111.11000
114.64000
196.05000
133.47000
123.11000
155.78000
118.51000
121.08000
147.55000
132.92000
164.57000
108.93000
162.98000
130.81000
125.24000
194.30000
172.89000
159.23000
116.52000
199.46000
105.80000
152.93000
179.44000
171.66000
115.23000
171.70000
180.02000
183.17000
179.70000
100.28000
109.26000
131.26000
102.72000
148.45000
183.19000
138.20000
112.81000
150.97000
142.81000
151.25000
100.46000
143.04000
145.30000
145.40000
128.43000
165.56000
178.02000
126.22000
123.80000
176.66000
147.07000
142.69000
130.69000
176.73000
109.09000
107.71000
118.25000
191.16000
145.73000
159.16000
180.62000
170.34000
163.62000
159.93000
136.95000
189.67000
194.41000
197.91000
131.37000
149.53000
194.74000
185.99000
133.02000
175.31000
146.25000
162.07000
136.04000
117.41000
155.57000
189.04000
159.58000
151.22000
154.35000
154.78000
147.77000
177.12000
199.24000
172.19000
169.75000
120.51000
173.06000
142.46000
146.69000
191.53000
105.49000
191.42000
103.03000
146.47000
106.92000
100.10000
148.87000
184.77000
174.62000
172.02000
193.99000
122.45000
130.85000
135.70000
173.14000
100.50000
122.87000
144.65000
146.10000
184.97000
122.96000
177.38000
197.63000
166.85000
128.38000
137.41000
137.50000
162.16000
161.39000
153.26000
100.47000
111.92000
169.26000
178.44000
146.31000
182.15000
124.25000
191.47000
159.78000
163.86000
123.64000
195.86000
150.65000
173.06000
189.68000
120.13000
129.93000
130.14000
122.78000
122.26000
147.78000
187.38000
187.02000
164.61000
149.13000
144.63000
119.33000
119.67000
109.38000
133.53000
107.60000
131.57000
128.90000
110.71000
164.73000
169.45000
133.11000
157.82000
128.61000
127.45000
172.37000
181.50000
162.12000
124.72000
122.10000
113.39000
153.15000
105.39000
182.67000
110.13000
114.60000
138.61000
179.47000
153.36000
184.36000
118.51000
162.90000
149.72000
125.31000
164.24000
108.35000
130.85000
125.35000
119.93000
116.21000
153.40000
122.72000
105.31000
129.93000
188.80000
117.16000
169.91000
123.13000
100.65000
125.62000
197.07000
191.48000
189.31000
126.61000
171.55000
125.99000
152.05000
123.66000
103.12000
142.69000
111.13000
145.27000
126.54000
182.59000
113.83000
144.96000
101.57000
111.71000
132.40000
101.25000
112.99000
121.05000
164.11000
117.65000
170.56000
126.64000
131.22000
122.69000
109.04000
169.50000
181.01000
169.86000
188.20000
115.63000
185.74000
137.70000
192.81000
156.05000
142.67000
129.72000
132.63000
136.71000
106.36000
145.83000
147.34000
190.74000
132.54000
119.94000
129.96000
133.46000
184.20000
132.92000
166.40000
171.50000
124.25000
103.92000
132.04000
136.49000
140.58000
177.07000
127.27000
185.09000
146.07000
121.52000
177.50000
198.92000
178.62000
131.40000
133.10000
184.64000
101.12000
125.86000
169.46000
173.88000
101.46000
149.04000
186.99000
123.28000
192.52000
170.07000
111.07000
114.48000
112.21000
183.11000
192.08000
154.13000
123.40000
107.28000
105.43000
173.86000
113.99000
122.03000
186.70000
102.29000
161.47000
145.30000
124.79000
187.45000
188.84000
129.17000
154.83000
184.96000
163.04000
133.40000
142.83000
167.11000
162.59000
142.77000
179.81000
131.14000
191.01000
167.04000
181.79000
199.33000
176.80000
140.97000
189.78000
118.95000
173.49000
124.33000
169.80000
162.25000
159.59000
101.89000
112.86000
126.50000
138.62000
183.40000
134.98000
133.97000
139.09000
103.65000
177.17000
131.93000
114.51000
122.39000
105.46000
192.64000
143.41000
124.38000
110.85000
175.45000
197.19000
181.04000
123.65000
117.07000
162.82000
110.95000
124.11000
166.61000
118.50000
114.59000
108.55000
161.95000
158.36000
142.35000
183.62000
165.99000
101.55000
169.64000
180.96000
166.62000
192.21000
196.83000
157.22000
176.73000
199.47000
149.33000
194.03000
134.21000
117.49000
177.51000
198.03000
101.94000
165.39000
156.77000
100.87000
167.83000
187.32000
187.51000
159.18000
144.76000
152.42000
195.10000
154.60000
170.62000
154.83000
129.95000
193.79000
108.30000
113.70000
06.27000
06.74000
08.89000
06.77000
05.84000
07.80000
06.51000
05.35000
05.68000
06.60000
06.01000
07.84000
05.57000
07.00000
05.29000
06.18000
06.54000
09.10000
08.53000
08.62000
05.88000
09.25000
06.11000
09.62000
07.13000
05.03000
09.72000
09.90000
05.07000
05.30000
07.25000
06.44000
05.74000
05.16000
07.87000
07.46000
06.41000
05.95000
06.99000
07.42000
05.64000
05.28000
06.27000
07.07000
08.19000
06.98000
08.61000
08.36000
05.11000
06.16000
08.59000
06.10000
05.62000
09.20000
06.78000
09.03000
06.56000
05.27000
07.97000
07.35000
05.02000
06.99000
05.25000
05.67000
07.19000
07.13000
07.91000
09.88000
05.50000
09.70000
06.54000
07.11000
08.65000
09.94000
07.95000
05.74000
06.58000
09.35000
05.20000
05.39000
05.48000
05.70000
07.61000
06.94000
07.79000
07.99000
05.74000
07.52000
07.20000
06.47000
06.42000
05.52000
08.67000
07.64000
07.71000
05.55000
08.36000
09.26000
08.93000
08.51000
05.60000
07.50000
09.78000
06.51000
07.62000
09.94000
09.48000
09.91000
07.37000
06.43000
07.42000
09.90000
07.44000
08.63000
09.34000
06.28000
06.69000
09.43000
07.20000
05.06000
05.22000
08.02000
09.23000
08.55000
09.37000
09.79000
09.90000
05.27000
06.73000
06.40000
09.93000
05.00000
06.17000
05.77000
06.29000
08.80000
07.77000
07.06000
07.21000
08.93000
07.88000
05.67000
07.16000
08.93000
09.10000
08.27000
06.86000
08.60000
05.27000
07.76000
06.03000
07.46000
07.47000
08.13000
09.49000
08.70000
05.38000
08.28000
08.16000
06.96000
08.15000
08.39000
05.41000
07.19000
07.29000
06.53000
05.88000
05.58000
05.55000
07.02000
05.43000
09.56000
06.93000
05.43000
06.21000
07.84000
06.69000
08.56000
06.58000
05.35000
06.34000
09.49000
06.18000
08.29000
08.62000
07.54000
05.89000
09.09000
07.53000
08.27000
07.83000
06.44000
08.35000
08.49000
05.39000
05.30000
07.56000
06.27000
08.19000
06.84000
08.55000
06.05000
06.00000
07.85000
07.63000
05.23000
07.91000
05.04000
09.18000
08.27000
09.20000
07.54000
08.60000
09.64000
08.41000
07.95000
07.55000
05.05000
05.33000
05.12000
08.95000
06.49000
06.00000
09.13000
06.95000
07.17000
07.68000
06.35000
06.96000
06.57000
08.94000
09.36000
05.65000
05.40000
09.53000
07.02000
05.92000
05.66000
05.52000
09.42000
06.93000
05.54000
09.16000
07.91000
09.10000
09.54000
09.02000
05.09000
09.08000
08.36000
06.95000
05.62000
09.50000
09.26000
09.82000
05.78000
08.08000
06.82000
05.48000
06.26000
06.75000
07.78000
07.62000
07.31000
07.34000
05.54000
06.18000
05.42000
07.92000
09.70000
07.35000
08.36000
07.80000
06.16000
08.58000
05.13000
07.54000
07.05000
08.54000
05.97000
08.97000
05.73000
07.20000
07.41000
05.15000
06.85000
05.73000
07.18000
05.39000
06.27000
06.58000
09.29000
05.27000
06.14000
08.44000
09.00000
06.59000
09.82000
06.25000
07.81000
06.64000
05.07000
08.94000
09.72000
07.44000
09.18000
08.83000
08.14000
08.95000
06.71000
05.26000
07.86000
09.39000
09.96000
09.58000
09.27000
08.24000
07.45000
09.39000
09.05000
06.21000
08.98000
08.53000
05.09000
05.29000
05.59000
07.09000
06.57000
08.68000
09.54000
06.44000
08.89000
05.88000
09.39000
09.16000
08.71000
07.59000
09.91000
09.10000
08.94000
05.79000
07.14000
06.37000
08.74000
08.70000
08.37000
07.30000
08.53000
05.81000
07.13000
08.32000
07.76000
07.38000
06.15000
09.90000
07.98000
06.11000
05.56000
08.50000
09.69000
09.33000
07.21000
08.11000
08.45000
09.15000
09.79000
08.99000
06.09000
08.96000
08.24000
07.65000
05.66000
08.40000
08.76000
06.83000
06.48000
08.32000
08.78000
05.54000
09.13000
05.88000
07.01000
09.03000
05.41000
09.44000
08.37000
08.81000
08.40000
08.63000
09.06000
07.64000
07.40000
09.34000
06.52000
09.51000
08.00000
08.69000
09.44000
09.68000
06.99000
05.74000
07.59000
07.59000
07.18000
09.49000
09.18000
08.46000
09.29000
06.95000
09.80000
05.28000
07.18000
09.17000
09.53000
07.22000
09.09000
08.43000
09.73000
09.69000
09.48000
08.28000
08.00000
09.35000
09.08000
08.48000
08.17000
09.11000
09.85000
05.08000
05.35000
08.13000
05.03000
05.37000
05.89000
06.81000
09.08000
07.87000
07.38000
06.83000
07.73000
07.38000
08.68000
06.09000
07.94000
09.92000
09.87000
08.74000
07.95000
07.79000
07.31000
06.01000
09.15000
05.17000
07.40000
09.85000
05.09000
08.43000
08.28000
07.81000
07.83000
05.93000
06.87000
09.22000
08.27000
05.13000
07.17000
09.63000
08.51000
09.71000
09.45000
05.87000
06.95000
09.62000
05.21000
06.00000
08.21000
06.05000
07.19000
09.34000
08.17000
06.44000
09.41000
06.45000
08.95000
09.48000
07.11000
09.15000
08.95000
05.11000
06.81000
05.50000
07.78000
09.52000
06.25000
09.83000
06.33000
05.15000
09.44000
07.70000
06.73000
