50
4
180.96000
145.31000
166.57000
141.46000
105.79000
184.41000
141.22000
129.21000
140.42000
155.95000
195.97000
169.71000
125.46000
100.57000
171.46000
103.60000
101.54000
158.88000
108.29000
171.50000
109.29000
171.52000
147.11000
114.03000
189.33000
179.10000
128.52000
171.82000
182.28000
122.25000
193.17000
185.49000
128.77000
141.60000
181.66000
195.67000
169.42000
177.77000
134.64000
142.99000
144.87000
171.39000
192.71000
168.06000
195.73000
163.08000
196.51000
111.52000
162.63000
193.46000
122.67000
125.35000
130.84000
109.72000
184.09000
177.64000
165.61000
124.81000
183.62000
171.95000
171.30000
164.74000
186.88000
173.90000
113.54000
195.12000
159.50000
149.11000
157.95000
181.58000
167.11000
163.22000
170.16000
189.74000
175.32000
181.84000
115.80000
185.23000
149.78000
170.61000
160.48000
133.68000
156.09000
195.14000
169.83000
100.70000
159.89000
121.07000
109.48000
151.93000
126.80000
114.01000
145.05000
152.99000
122.44000
139.59000
142.17000
169.50000
112.45000
163.44000
152.53000
188.42000
165.33000
118.26000
146.29000
162.56000
144.25000
182.64000
133.04000
164.84000
111.49000
120.49000
103.42000
185.90000
157.65000
122.42000
148.03000
116.36000
173.37000
179.07000
157.51000
146.85000
149.27000
181.05000
122.49000
167.98000
175.98000
118.99000
133.58000
170.39000
144.12000
183.52000
181.42000
144.70000
144.31000
165.26000
156.63000
181.53000
167.19000
154.84000
149.82000
171.52000
103.37000
142.88000
151.64000
105.27000
143.48000
120.01000
152.70000
173.43000
161.01000
190.36000
129.49000
193.48000
174.00000
189.24000
133.99000
129.58000
173.92000
191.46000
183.24000
176.83000
176.40000
112.65000
192.86000
150.87000
197.07000
168.44000
178.49000
167.31000
151.56000
174.44000
155.74000
141.78000
155.48000
146.29000
140.24000
189.92000
124.47000
199.61000
147.62000
127.33000
174.14000
150.03000
193.50000
169.65000
120.13000
113.16000
193.50000
132.50000
178.06000
104.64000
163.26000
131.52000
163.55000
140.09000
118.39000
182.31000
192.23000
135.13000
09.68000
09.42000
05.69000
06.50000
08.97000
06.88000
08.14000
07.29000
08.05000
05.73000
09.82000
06.42000
05.81000
09.87000
09.64000
07.80000
06.16000
08.20000
06.50000
05.32000
08.02000
09.63000
09.32000
07.89000
05.28000
08.08000
07.00000
09.43000
06.86000
07.43000
08.45000
08.83000
06.65000
06.61000
07.57000
05.01000
08.57000
09.52000
08.27000
06.87000
06.52000
05.05000
09.45000
08.31000
09.41000
07.13000
05.02000
08.25000
06.14000
09.65000
08.91000
07.99000
07.35000
08.91000
06.85000
05.12000
09.92000
07.25000
05.33000
07.19000
08.10000
08.10000
09.50000
09.37000
07.05000
06.64000
09.52000
06.81000
06.92000
08.02000
05.53000
09.66000
07.87000
07.39000
07.71000
08.09000
05.06000
09.91000
06.20000
07.25000
08.64000
05.74000
06.16000
07.29000
08.77000
05.03000
07.75000
08.37000
05.61000
07.94000
06.12000
05.65000
09.31000
09.63000
06.43000
09.28000
05.02000
05.25000
08.84000
09.43000
05.04000
05.02000
05.17000
07.75000
05.39000
08.63000
08.38000
08.46000
08.06000
09.27000
09.59000
09.39000
09.42000
08.35000
05.22000
06.96000
05.91000
07.27000
06.66000
07.58000
08.91000
07.43000
05.32000
07.64000
09.83000
05.25000
07.62000
08.56000
05.09000
07.12000
09.94000
06.74000
06.09000
09.46000
08.71000
08.59000
09.24000
08.68000
05.33000
05.52000
05.93000
06.16000
06.20000
08.92000
07.58000
08.34000
07.74000
05.21000
05.60000
06.60000
05.47000
09.34000
08.70000
08.78000
08.33000
07.13000
08.46000
06.62000
09.41000
05.68000
07.76000
09.03000
06.35000
07.63000
09.26000
08.68000
06.82000
05.64000
05.61000
08.21000
08.46000
07.36000
09.46000
05.29000
08.93000
05.46000
08.47000
07.57000
05.90000
07.59000
05.30000
07.71000
07.01000
06.41000
07.61000
08.37000
09.93000
09.56000
08.05000
07.19000
07.30000
09.72000
09.28000
06.84000
06.80000
09.53000
08.95000
09.98000
06.06000
06.65000
