50
4
38.37000
66.07000
63.19000
4.84000
3.80000
63.02000
26.12000
22.89000
23.79000
87.46000
14.21000
88.52000
39.54000
80.60000
67.68000
43.96000
91.28000
82.65000
28.75000
28.44000
21.23000
34.84000
36.64000
82.15000
67.61000
76.39000
32.56000
47.34000
72.63000
49.52000
56.74000
63.21000
76.52000
93.44000
50.39000
70.98000
20.49000
50.37000
53.73000
11.87000
43.76000
59.53000
7.98000
25.11000
87.55000
62.14000
52.37000
51.90000
93.08000
98.42000
68.69000
25.68000
94.24000
50.29000
17.84000
23.42000
45.62000
64.57000
12.45000
20.99000
74.95000
61.67000
18.50000
83.35000
49.20000
7.55000
1.94000
77.49000
33.34000
66.18000
27.76000
68.36000
92.33000
5.53000
61.91000
21.94000
93.14000
88.58000
70.37000
3.19000
1.74000
83.28000
19.11000
77.09000
81.11000
54.61000
72.10000
11.60000
99.20000
67.54000
96.29000
69.68000
21.99000
88.03000
57.67000
19.32000
13.45000
82.06000
21.20000
24.48000
75.21000
27.79000
9.86000
83.93000
78.91000
35.65000
58.43000
67.43000
46.28000
91.49000
66.03000
44.78000
67.04000
87.02000
23.38000
6.68000
32.91000
12.97000
20.20000
42.85000
33.60000
58.05000
47.21000
45.02000
59.85000
14.98000
95.12000
3.90000
3.36000
72.49000
55.66000
9.21000
52.86000
23.28000
18.55000
51.67000
1.06000
56.08000
73.50000
22.99000
36.69000
62.61000
13.23000
12.91000
51.45000
33.59000
26.46000
12.13000
36.08000
58.73000
63.46000
20.42000
84.99000
27.72000
90.92000
48.22000
46.05000
59.11000
38.94000
62.32000
83.89000
84.54000
21.97000
78.19000
15.99000
20.46000
55.50000
12.29000
55.82000
80.36000
55.99000
78.09000
20.84000
81.69000
38.91000
93.07000
25.52000
39.92000
19.72000
72.68000
85.33000
69.53000
13.90000
32.40000
17.75000
86.98000
36.92000
86.70000
36.23000
8.74000
5.24000
53.04000
57.25000
48.28000
33.33000
45.90000
96.28000
23.07000
37.66000
80.74000
08.37000
08.72000
08.78000
09.82000
07.25000
08.14000
08.66000
06.67000
09.12000
09.64000
05.99000
07.55000
07.87000
07.14000
09.65000
06.38000
07.43000
09.53000
08.57000
07.06000
06.68000
05.73000
06.64000
08.51000
09.55000
09.64000
07.78000
09.61000
09.93000
05.16000
05.88000
09.29000
06.73000
06.22000
09.86000
06.44000
08.87000
06.70000
08.62000
09.97000
05.23000
05.51000
06.07000
08.80000
09.74000
06.57000
06.11000
06.82000
06.30000
08.78000
06.96000
09.37000
05.57000
07.03000
07.45000
05.31000
06.35000
06.09000
07.30000
07.52000
06.56000
09.00000
06.66000
06.17000
06.37000
05.92000
05.71000
06.40000
05.93000
07.01000
09.58000
08.38000
05.40000
07.42000
08.44000
07.26000
09.94000
07.30000
07.44000
08.19000
09.70000
06.83000
06.74000
06.34000
09.83000
06.14000
06.49000
06.86000
05.50000
05.40000
06.86000
09.91000
06.85000
09.77000
07.99000
05.63000
09.06000
09.39000
05.05000
09.20000
05.84000
06.04000
08.10000
05.06000
05.32000
05.21000
06.42000
08.54000
06.57000
08.36000
07.19000
09.21000
05.97000
06.90000
06.83000
08.47000
09.94000
07.23000
06.73000
07.73000
09.88000
05.76000
08.32000
08.39000
07.21000
08.90000
07.98000
06.85000
08.31000
08.05000
07.13000
09.53000
09.61000
09.61000
07.18000
07.84000
07.51000
05.01000
09.53000
08.17000
08.41000
05.63000
05.58000
06.93000
08.72000
07.89000
06.75000
05.54000
09.85000
08.19000
07.64000
06.34000
05.69000
07.96000
08.92000
05.38000
07.66000
07.08000
08.49000
07.75000
09.24000
08.35000
09.00000
06.09000
08.09000
09.44000
08.10000
08.08000
06.87000
07.99000
08.47000
06.36000
08.23000
06.66000
07.75000
08.60000
09.84000
08.12000
08.59000
07.44000
09.34000
05.01000
08.67000
05.54000
09.40000
09.99000
05.62000
05.57000
07.66000
05.72000
07.11000
05.17000
06.79000
09.86000
05.79000
07.00000
09.44000
05.06000
09.32000
08.73000
