50
7
194.62000
139.63000
145.93000
142.95000
167.83000
146.62000
182.16000
145.38000
192.12000
152.05000
161.93000
139.69000
121.55000
108.81000
196.33000
179.53000
161.74000
108.82000
123.01000
132.63000
119.86000
133.11000
156.16000
130.78000
154.65000
101.73000
136.58000
119.82000
126.42000
123.82000
181.58000
109.66000
147.04000
147.57000
135.07000
124.29000
129.92000
110.24000
117.50000
151.74000
140.06000
188.15000
175.90000
194.11000
144.02000
146.67000
133.85000
117.55000
159.90000
190.26000
171.65000
124.81000
160.31000
172.63000
188.20000
196.25000
139.40000
135.86000
130.15000
194.27000
126.01000
116.56000
184.00000
194.79000
119.89000
197.68000
100.28000
125.30000
159.87000
188.76000
143.59000
114.87000
173.82000
175.87000
142.59000
144.09000
128.70000
171.66000
140.00000
195.16000
180.50000
165.34000
142.61000
101.81000
124.29000
172.68000
171.27000
199.33000
144.21000
186.02000
110.90000
174.61000
163.45000
124.25000
160.46000
116.06000
194.26000
182.83000
183.00000
163.68000
177.36000
138.81000
117.45000
130.52000
145.68000
158.25000
106.46000
171.35000
133.37000
182.51000
103.79000
185.02000
118.70000
194.93000
107.24000
118.19000
156.51000
142.91000
166.18000
156.53000
128.20000
187.95000
131.52000
174.80000
191.72000
155.57000
105.76000
186.83000
131.60000
185.38000
192.95000
195.48000
108.92000
181.03000
148.72000
142.72000
111.33000
160.25000
130.23000
159.53000
103.03000
104.83000
146.22000
116.00000
174.81000
110.62000
107.01000
171.24000
193.98000
137.53000
190.60000
141.34000
130.58000
118.25000
180.32000
104.52000
126.95000
131.67000
160.04000
101.63000
163.78000
141.41000
134.19000
182.81000
121.28000
167.12000
196.28000
174.77000
143.76000
180.05000
178.88000
130.78000
189.55000
153.01000
103.62000
180.68000
181.07000
110.35000
131.19000
180.86000
154.79000
178.01000
111.35000
164.28000
111.25000
133.48000
132.92000
190.46000
165.06000
155.81000
173.78000
195.49000
194.86000
175.61000
150.87000
142.02000
193.40000
125.06000
170.20000
169.24000
116.29000
102.50000
189.35000
158.30000
197.91000
164.80000
113.62000
193.12000
130.09000
148.05000
192.61000
160.28000
152.80000
103.57000
148.34000
136.90000
107.61000
171.73000
179.41000
164.13000
187.63000
131.99000
110.96000
197.20000
187.54000
152.85000
144.69000
155.39000
153.57000
141.87000
108.88000
172.06000
133.53000
195.69000
108.36000
144.61000
126.79000
149.99000
174.53000
184.52000
134.27000
129.55000
115.35000
167.32000
108.46000
198.16000
165.34000
182.63000
103.42000
108.72000
156.57000
148.55000
133.25000
123.36000
158.28000
152.14000
164.03000
162.41000
180.57000
184.90000
102.96000
183.25000
183.36000
108.69000
148.25000
179.75000
140.62000
186.93000
187.14000
122.39000
190.38000
134.62000
145.95000
108.18000
184.75000
168.32000
140.07000
110.71000
139.88000
156.12000
123.94000
130.12000
186.01000
167.72000
141.06000
143.12000
117.42000
124.36000
174.00000
152.99000
142.46000
148.83000
194.40000
139.56000
133.54000
115.50000
112.94000
109.22000
177.14000
100.30000
151.12000
173.68000
112.99000
100.43000
170.31000
191.87000
101.64000
183.09000
165.37000
138.16000
104.32000
117.36000
175.50000
169.33000
104.76000
148.31000
166.49000
156.25000
188.28000
110.07000
180.65000
133.82000
191.73000
175.84000
186.90000
151.01000
153.54000
107.87000
130.69000
120.86000
163.71000
107.48000
184.03000
170.48000
113.78000
165.05000
195.52000
191.02000
146.88000
110.03000
140.30000
187.71000
107.67000
160.91000
170.07000
129.84000
192.41000
175.27000
163.12000
100.75000
04.68000
02.21000
03.51000
03.53000
04.51000
04.31000
03.81000
01.96000
03.78000
03.67000
03.45000
01.43000
01.98000
03.93000
03.09000
01.50000
04.46000
04.06000
04.22000
04.04000
04.35000
04.33000
03.14000
03.23000
04.61000
04.36000
04.95000
03.59000
03.98000
01.02000
01.57000
01.90000
03.06000
02.55000
01.74000
01.31000
02.23000
02.48000
04.99000
01.24000
03.69000
01.63000
03.69000
03.45000
01.46000
02.18000
01.01000
01.98000
03.36000
01.58000
01.44000
04.42000
01.68000
04.11000
04.99000
02.34000
02.01000
01.04000
03.55000
02.63000
02.50000
04.44000
04.76000
02.18000
01.18000
02.35000
04.53000
03.70000
03.39000
03.63000
01.12000
01.69000
03.78000
03.95000
01.09000
04.49000
04.33000
03.79000
01.31000
04.22000
04.30000
02.45000
02.97000
02.85000
02.30000
04.02000
01.57000
02.14000
02.23000
03.45000
04.91000
01.66000
03.31000
04.44000
03.13000
04.80000
02.05000
01.56000
02.65000
04.77000
03.76000
03.65000
02.92000
03.47000
01.39000
03.73000
04.60000
03.26000
03.27000
01.29000
02.85000
03.38000
01.99000
04.34000
03.93000
04.21000
04.97000
01.18000
03.91000
01.49000
04.45000
02.44000
02.68000
04.25000
03.48000
03.05000
01.95000
04.81000
01.90000
04.26000
03.23000
04.84000
02.39000
03.63000
01.84000
01.30000
04.44000
01.04000
04.92000
04.48000
02.33000
04.66000
01.43000
03.96000
03.18000
01.00000
04.13000
02.65000
04.90000
04.87000
02.21000
04.51000
03.16000
02.69000
03.95000
02.63000
02.88000
03.32000
01.95000
03.25000
03.81000
01.95000
01.68000
02.34000
02.32000
02.23000
01.93000
02.71000
03.10000
01.61000
04.77000
03.94000
01.14000
01.34000
01.62000
04.48000
03.76000
04.51000
03.19000
03.54000
04.57000
02.01000
01.52000
03.18000
01.52000
02.53000
03.93000
02.24000
02.85000
02.59000
03.10000
02.41000
01.13000
04.52000
02.98000
02.16000
03.21000
02.45000
04.85000
02.79000
04.48000
04.61000
01.42000
02.60000
03.24000
04.52000
04.09000
02.58000
03.49000
04.97000
02.76000
04.75000
02.45000
01.81000
04.78000
01.84000
01.11000
04.20000
04.32000
02.92000
02.31000
04.60000
04.37000
03.37000
04.69000
04.79000
02.72000
02.86000
04.69000
01.87000
01.98000
03.40000
02.58000
02.23000
03.56000
03.29000
04.45000
03.59000
01.70000
03.16000
04.16000
04.99000
01.45000
03.95000
01.44000
04.76000
04.66000
04.90000
03.78000
02.56000
04.85000
03.10000
01.01000
02.27000
01.62000
01.10000
03.57000
03.04000
03.98000
03.15000
04.21000
04.56000
02.75000
03.85000
01.16000
01.56000
03.04000
01.58000
01.94000
03.59000
02.29000
04.53000
01.38000
01.01000
04.26000
04.73000
03.66000
02.98000
04.99000
04.00000
04.23000
03.48000
02.87000
03.97000
03.86000
03.32000
04.57000
04.10000
02.67000
04.09000
03.10000
03.66000
02.04000
02.22000
03.77000
03.71000
02.69000
02.95000
02.20000
01.15000
01.34000
01.19000
04.10000
01.28000
03.81000
04.86000
01.77000
04.49000
01.73000
01.22000
01.31000
04.57000
04.41000
01.45000
02.69000
02.11000
01.96000
03.06000
01.66000
03.02000
03.28000
03.85000
03.79000
04.51000
02.11000
03.95000
02.49000
01.10000
03.00000
03.79000
04.95000
02.66000
03.31000
02.12000
02.18000
04.32000
03.20000
02.01000
03.01000
04.55000
03.66000
04.82000
04.08000
03.14000
04.49000
04.24000
03.84000
03.17000
02.28000
04.26000
