50
10
47.70000
51.93000
24.35000
9.52000
77.63000
29.06000
14.62000
91.66000
2.82000
68.59000
25.64000
67.80000
30.93000
87.40000
79.44000
65.17000
97.38000
27.08000
24.83000
37.75000
63.33000
51.99000
32.34000
63.26000
12.71000
54.23000
99.26000
46.20000
54.19000
49.66000
49.64000
14.78000
24.17000
78.89000
29.27000
21.99000
80.84000
9.27000
10.70000
46.57000
11.10000
29.91000
90.22000
91.98000
22.63000
57.65000
91.86000
87.46000
50.84000
34.12000
33.22000
54.96000
91.17000
10.89000
12.77000
44.95000
41.72000
86.01000
2.49000
64.53000
42.85000
60.98000
89.37000
58.39000
94.93000
90.86000
88.19000
95.00000
25.11000
58.49000
36.45000
69.55000
81.27000
69.44000
95.41000
99.98000
41.04000
56.03000
55.09000
32.00000
3.81000
74.33000
27.25000
33.05000
93.73000
7.18000
49.39000
97.34000
63.67000
59.15000
84.79000
45.81000
87.28000
63.55000
22.45000
21.16000
65.93000
76.47000
73.13000
91.85000
67.36000
16.55000
31.74000
85.28000
46.77000
6.31000
28.58000
30.65000
80.48000
27.25000
47.43000
27.50000
60.58000
76.68000
91.75000
85.51000
2.93000
77.62000
90.79000
41.09000
47.15000
76.88000
97.52000
52.41000
60.57000
47.00000
90.67000
5.39000
34.32000
84.26000
73.72000
8.70000
83.24000
12.72000
74.91000
96.76000
49.94000
77.17000
48.21000
31.73000
98.78000
52.14000
71.36000
95.53000
22.86000
33.94000
48.83000
99.83000
36.03000
44.60000
23.40000
20.76000
34.36000
75.26000
21.63000
53.32000
22.38000
36.19000
75.35000
32.42000
72.29000
27.38000
5.53000
32.70000
17.41000
36.85000
53.85000
54.55000
12.80000
77.36000
90.77000
24.10000
40.30000
87.42000
11.49000
90.24000
7.48000
30.29000
32.95000
30.60000
44.65000
91.99000
99.86000
43.58000
9.91000
87.28000
82.67000
55.30000
83.06000
53.66000
74.57000
16.66000
72.69000
53.41000
94.51000
2.30000
10.12000
74.53000
87.19000
12.59000
80.39000
89.35000
93.62000
56.75000
32.90000
19.84000
34.79000
16.95000
51.78000
26.09000
99.77000
14.43000
10.59000
86.82000
75.48000
40.28000
5.61000
7.51000
70.57000
11.38000
58.88000
14.41000
20.47000
67.31000
19.20000
61.48000
83.35000
75.45000
57.11000
28.45000
46.12000
26.88000
70.91000
17.81000
17.45000
36.48000
82.64000
57.80000
31.77000
45.84000
40.08000
3.37000
49.23000
21.32000
14.79000
31.28000
54.76000
53.03000
4.05000
46.00000
63.04000
42.21000
7.77000
89.63000
44.96000
14.69000
17.64000
63.41000
92.14000
37.84000
15.61000
38.56000
56.48000
19.23000
63.96000
34.02000
12.60000
89.18000
51.70000
93.49000
59.90000
6.77000
90.59000
87.41000
25.51000
50.83000
20.14000
9.99000
58.31000
29.92000
1.62000
78.17000
34.96000
74.37000
23.03000
38.66000
54.82000
42.26000
97.13000
58.91000
44.04000
14.41000
63.44000
34.11000
52.51000
96.39000
83.23000
82.20000
55.86000
22.53000
35.01000
23.36000
47.79000
52.25000
91.35000
10.23000
40.06000
32.33000
4.95000
19.98000
86.23000
86.53000
26.78000
12.76000
53.66000
88.38000
36.59000
72.51000
32.46000
35.18000
37.84000
10.87000
38.48000
47.97000
58.78000
60.28000
13.33000
74.54000
53.37000
81.90000
22.35000
87.44000
99.36000
60.65000
56.67000
83.95000
2.22000
6.19000
33.13000
86.13000
87.18000
51.95000
91.34000
41.76000
11.23000
59.09000
98.65000
22.39000
50.08000
12.54000
94.40000
86.81000
49.01000
33.27000
98.13000
99.59000
2.03000
15.89000
67.06000
83.08000
7.07000
34.38000
82.01000
74.80000
58.33000
39.63000
50.56000
38.00000
75.76000
7.29000
4.04000
59.70000
4.06000
36.72000
97.52000
53.65000
10.67000
54.08000
15.81000
57.38000
89.80000
10.24000
62.51000
34.14000
62.39000
78.85000
70.93000
70.95000
71.15000
62.29000
97.14000
81.56000
85.52000
84.70000
23.97000
4.49000
99.70000
96.97000
55.99000
99.99000
17.98000
33.42000
46.95000
95.77000
75.69000
39.58000
25.75000
9.92000
80.09000
42.03000
39.60000
11.81000
65.59000
81.36000
36.30000
55.42000
91.37000
24.93000
87.38000
20.49000
43.34000
61.86000
91.15000
9.49000
30.16000
9.99000
69.64000
50.65000
86.27000
8.93000
69.65000
97.96000
72.81000
25.04000
63.72000
31.15000
73.73000
49.43000
49.14000
51.69000
98.67000
97.94000
47.96000
88.82000
83.06000
13.18000
7.96000
96.52000
86.07000
58.51000
19.62000
21.60000
59.63000
35.63000
63.55000
87.27000
18.29000
96.13000
85.54000
82.37000
57.30000
18.20000
98.35000
75.35000
3.79000
80.64000
40.49000
60.41000
6.65000
92.05000
73.23000
56.50000
41.52000
83.74000
85.58000
8.31000
9.78000
12.79000
90.29000
83.30000
35.57000
59.02000
25.88000
77.66000
69.78000
31.00000
53.62000
10.35000
88.04000
59.07000
62.51000
24.06000
90.75000
1.29000
65.31000
88.25000
4.03000
37.49000
99.54000
98.10000
05.05000
06.42000
05.91000
07.09000
09.62000
09.07000
07.90000
07.73000
07.87000
05.08000
09.56000
07.25000
08.35000
07.04000
07.54000
06.37000
05.82000
08.80000
09.77000
07.05000
06.34000
05.46000
05.39000
07.52000
07.18000
08.37000
09.83000
07.26000
06.87000
05.12000
09.73000
06.99000
05.22000
09.56000
08.02000
08.67000
08.24000
06.80000
08.85000
05.54000
08.22000
08.17000
07.62000
07.06000
08.71000
06.27000
06.01000
08.96000
09.48000
09.96000
05.13000
07.45000
07.29000
07.30000
05.19000
06.63000
09.40000
08.73000
09.01000
06.64000
09.15000
05.65000
08.43000
05.85000
06.50000
09.57000
06.51000
08.90000
07.63000
08.23000
07.56000
06.67000
09.99000
05.64000
07.14000
06.29000
07.26000
07.05000
07.08000
06.12000
09.39000
08.97000
05.45000
05.81000
07.57000
09.15000
06.55000
06.23000
09.23000
06.59000
05.96000
09.51000
08.08000
06.55000
05.49000
09.03000
09.06000
05.54000
08.20000
09.42000
07.18000
07.93000
06.04000
06.01000
07.93000
08.43000
08.05000
09.65000
08.25000
07.02000
09.53000
08.30000
09.52000
09.11000
09.97000
05.49000
09.31000
06.35000
05.08000
06.01000
06.48000
06.67000
06.84000
05.90000
06.13000
09.21000
08.47000
07.45000
09.61000
09.38000
09.44000
09.18000
09.50000
08.86000
05.48000
05.88000
09.67000
05.55000
08.55000
08.59000
05.21000
08.60000
06.88000
09.59000
07.46000
08.44000
09.95000
07.42000
09.02000
06.71000
05.14000
05.47000
09.61000
08.70000
09.01000
06.09000
05.18000
07.83000
09.78000
05.12000
06.69000
07.68000
09.58000
06.25000
09.38000
05.08000
06.79000
09.43000
09.77000
08.09000
06.05000
05.85000
05.61000
06.02000
08.22000
07.94000
05.90000
09.45000
05.44000
09.41000
05.90000
05.18000
06.09000
05.18000
07.11000
06.29000
09.80000
06.45000
07.28000
07.10000
07.44000
05.67000
05.42000
08.15000
06.14000
06.53000
06.78000
06.29000
09.28000
08.96000
09.40000
09.94000
07.62000
08.26000
08.99000
05.44000
05.32000
08.17000
06.33000
07.27000
07.09000
05.23000
05.58000
08.66000
05.19000
05.81000
07.16000
09.08000
08.16000
07.50000
07.73000
09.25000
05.80000
09.15000
05.19000
06.15000
09.13000
05.85000
08.71000
07.99000
05.43000
08.96000
08.69000
09.26000
08.26000
06.06000
06.80000
05.67000
07.38000
06.02000
05.95000
09.19000
08.85000
08.92000
05.30000
08.05000
09.93000
06.11000
05.25000
06.73000
09.39000
07.11000
09.72000
05.36000
08.62000
05.97000
07.37000
09.18000
08.27000
07.47000
07.14000
08.11000
05.79000
05.61000
09.58000
09.27000
09.87000
05.64000
06.52000
06.04000
05.44000
09.07000
06.03000
08.06000
08.70000
08.65000
07.41000
06.20000
07.10000
08.38000
06.24000
07.60000
09.31000
08.53000
09.33000
05.62000
05.29000
05.58000
09.74000
09.90000
06.23000
07.31000
06.80000
06.32000
09.56000
07.71000
06.08000
07.01000
08.98000
07.03000
06.12000
06.44000
06.78000
05.95000
05.99000
05.66000
05.27000
07.61000
05.29000
09.23000
08.39000
05.85000
06.01000
08.18000
06.26000
09.83000
06.37000
09.80000
05.22000
09.97000
05.83000
07.62000
07.87000
07.92000
05.13000
06.42000
08.05000
06.59000
06.22000
07.25000
05.87000
05.15000
07.35000
07.39000
07.67000
09.00000
07.97000
05.38000
06.04000
09.81000
08.81000
05.99000
09.84000
05.48000
06.85000
05.26000
09.17000
05.18000
05.30000
05.48000
05.70000
06.36000
05.98000
09.47000
05.77000
09.50000
08.88000
09.84000
06.42000
07.40000
09.22000
05.09000
05.41000
09.36000
07.86000
07.66000
06.74000
05.96000
06.95000
06.24000
05.67000
09.00000
09.85000
05.77000
08.70000
06.56000
06.19000
07.44000
08.58000
07.96000
06.87000
08.70000
09.32000
08.75000
08.99000
08.23000
06.18000
05.76000
05.95000
05.98000
05.65000
07.04000
07.37000
08.13000
05.49000
06.93000
09.13000
07.14000
09.71000
05.98000
05.75000
06.44000
06.97000
07.01000
07.67000
06.25000
07.25000
09.67000
05.49000
09.44000
05.04000
06.85000
08.98000
09.85000
08.24000
05.52000
09.18000
07.59000
06.02000
08.91000
08.38000
08.99000
08.77000
06.48000
05.10000
06.66000
08.17000
08.96000
09.15000
09.44000
07.12000
08.32000
06.54000
07.43000
09.78000
07.78000
09.57000
06.99000
06.56000
06.82000
06.77000
05.70000
09.13000
06.16000
07.93000
07.41000
05.39000
07.77000
09.08000
07.23000
07.96000
07.41000
07.37000
05.49000
07.32000
09.19000
07.31000
08.20000
05.32000
06.97000
05.39000
07.20000
05.03000
05.38000
07.79000
05.24000
05.75000
05.30000
06.98000
06.33000
08.06000
08.87000
06.62000
05.72000
08.77000
09.46000
06.67000
09.91000
05.96000
06.69000
08.31000
06.66000
08.92000
06.46000
08.99000
09.98000
08.24000
05.88000
07.40000
05.10000
05.73000
08.34000
08.48000
08.55000
09.45000
08.46000
08.42000
08.07000
08.72000
07.13000
