50
4
113.94000
104.06000
186.06000
100.41000
126.64000
133.37000
128.27000
108.05000
108.51000
154.51000
109.95000
127.82000
100.17000
108.08000
171.74000
100.36000
142.24000
134.73000
154.25000
166.28000
175.35000
175.08000
198.12000
166.21000
140.13000
169.74000
143.96000
140.77000
177.20000
159.36000
132.41000
130.59000
127.18000
184.54000
104.09000
176.29000
130.70000
185.92000
199.61000
118.51000
128.39000
104.12000
159.62000
197.85000
160.87000
179.77000
124.72000
154.96000
168.76000
153.49000
144.12000
116.28000
105.90000
177.29000
146.34000
130.46000
198.65000
121.47000
121.03000
121.03000
196.70000
124.85000
133.84000
153.62000
165.67000
153.05000
150.38000
193.85000
171.19000
171.71000
136.29000
107.35000
178.88000
146.45000
157.18000
159.74000
154.37000
142.90000
178.68000
116.64000
163.29000
126.67000
166.41000
143.69000
171.25000
163.40000
186.00000
106.50000
143.88000
118.70000
103.08000
170.71000
146.81000
158.21000
183.28000
101.93000
145.67000
147.55000
192.20000
165.79000
167.08000
165.75000
137.28000
160.42000
178.00000
146.90000
188.06000
136.50000
191.29000
165.57000
136.52000
195.42000
197.58000
112.38000
173.29000
127.79000
187.48000
177.98000
188.98000
124.26000
151.62000
152.97000
174.23000
175.43000
180.64000
127.98000
119.67000
171.95000
165.15000
193.65000
115.90000
104.42000
195.77000
140.59000
153.57000
163.48000
163.14000
159.43000
123.30000
139.76000
157.88000
140.79000
115.70000
123.87000
170.61000
175.31000
121.41000
106.44000
191.95000
153.59000
185.29000
117.22000
145.46000
178.83000
102.74000
129.16000
146.61000
170.17000
191.51000
128.82000
176.89000
157.05000
167.21000
131.82000
151.92000
155.09000
145.47000
153.79000
187.32000
179.90000
141.93000
110.36000
198.73000
147.13000
172.19000
117.15000
101.76000
172.38000
151.90000
189.78000
112.05000
171.29000
196.67000
143.88000
145.21000
159.49000
122.12000
195.08000
116.87000
152.59000
143.90000
158.99000
142.66000
166.23000
177.60000
151.25000
138.19000
116.02000
138.88000
187.48000
07.03000
07.58000
09.44000
09.02000
06.89000
05.27000
05.50000
05.58000
07.63000
05.43000
06.89000
06.56000
08.15000
06.97000
07.51000
05.89000
07.35000
08.80000
06.28000
07.46000
09.15000
09.83000
07.09000
05.17000
07.46000
08.96000
08.86000
07.94000
06.16000
05.10000
05.48000
09.68000
09.18000
07.15000
05.87000
09.27000
05.42000
09.03000
08.94000
05.65000
08.79000
09.63000
08.58000
07.70000
08.18000
07.86000
08.71000
09.34000
07.52000
07.63000
06.34000
07.19000
06.13000
06.00000
06.92000
08.79000
08.75000
08.71000
07.87000
05.17000
06.82000
08.80000
09.36000
06.50000
05.51000
06.42000
06.54000
07.94000
09.97000
06.72000
09.56000
09.64000
05.34000
09.85000
08.59000
06.75000
06.80000
05.98000
08.77000
09.43000
09.50000
05.26000
05.27000
07.85000
08.59000
07.85000
08.24000
07.15000
09.23000
08.90000
07.83000
07.49000
06.57000
08.56000
09.21000
09.02000
05.78000
07.01000
07.53000
06.91000
08.74000
08.99000
09.64000
06.38000
05.28000
05.31000
05.82000
09.08000
07.71000
07.24000
08.60000
05.60000
07.44000
06.21000
09.39000
07.36000
05.88000
08.60000
09.58000
05.75000
09.43000
05.84000
05.59000
07.18000
09.50000
09.32000
08.83000
08.07000
07.50000
05.46000
05.69000
09.81000
09.83000
05.66000
07.59000
08.81000
07.90000
06.32000
05.93000
06.48000
08.11000
08.85000
07.12000
09.22000
06.87000
09.66000
07.56000
08.45000
05.60000
05.15000
09.82000
05.50000
08.67000
05.54000
05.77000
05.08000
07.69000
08.84000
07.27000
07.76000
08.59000
09.06000
06.98000
06.19000
09.02000
08.85000
07.55000
08.02000
06.65000
05.88000
06.65000
05.91000
09.13000
07.80000
06.93000
07.52000
09.12000
07.27000
06.03000
05.50000
09.26000
06.93000
06.63000
07.51000
07.23000
09.45000
06.38000
06.21000
05.67000
07.49000
07.93000
09.25000
07.24000
08.70000
08.94000
09.29000
09.60000
05.73000
07.06000
08.98000
