50
7
105.43000
128.13000
134.37000
168.98000
164.38000
157.75000
127.27000
144.45000
164.31000
100.30000
155.95000
109.89000
176.46000
188.37000
173.68000
123.65000
173.64000
143.58000
110.29000
108.14000
180.20000
126.62000
122.19000
199.83000
122.08000
187.26000
142.33000
199.27000
176.77000
114.30000
130.23000
121.04000
123.31000
185.62000
121.98000
143.81000
192.33000
118.18000
180.23000
160.32000
116.00000
117.98000
144.17000
127.33000
178.07000
130.09000
179.59000
115.71000
163.83000
188.63000
106.91000
192.90000
192.70000
189.41000
117.05000
114.84000
153.69000
106.86000
161.64000
193.87000
152.33000
124.65000
181.83000
123.11000
168.05000
167.91000
132.87000
197.23000
169.38000
138.37000
134.03000
162.48000
163.87000
164.27000
118.66000
166.66000
148.15000
150.48000
184.18000
109.14000
157.93000
128.37000
142.06000
190.84000
117.95000
105.90000
167.84000
164.25000
192.03000
117.61000
151.11000
183.43000
133.06000
174.57000
145.54000
153.99000
132.98000
114.43000
118.85000
183.10000
136.56000
195.93000
136.78000
124.18000
144.11000
191.69000
109.79000
124.93000
152.33000
166.91000
162.25000
144.29000
131.69000
159.64000
109.16000
108.58000
179.20000
121.98000
167.07000
133.16000
168.45000
170.08000
104.10000
172.50000
199.58000
134.18000
189.92000
170.09000
149.30000
108.56000
145.77000
108.50000
120.89000
101.57000
194.46000
159.36000
194.17000
185.61000
110.35000
133.37000
175.56000
147.18000
169.36000
130.28000
147.99000
136.80000
199.00000
188.91000
121.00000
119.07000
100.40000
153.57000
155.08000
145.26000
115.13000
100.43000
129.22000
144.93000
151.56000
153.13000
184.11000
152.66000
143.79000
154.02000
154.64000
105.33000
165.03000
171.98000
189.80000
141.36000
177.53000
152.49000
102.63000
150.75000
182.60000
167.55000
120.21000
125.04000
170.64000
165.76000
133.72000
107.35000
171.09000
122.26000
148.38000
142.37000
102.44000
188.75000
133.48000
126.32000
122.27000
143.52000
172.36000
157.01000
177.21000
141.39000
112.44000
183.82000
152.95000
163.76000
197.90000
195.92000
164.20000
158.17000
151.55000
183.15000
185.32000
190.98000
140.96000
138.63000
123.71000
162.05000
173.30000
143.39000
193.59000
103.16000
107.31000
117.48000
135.72000
160.17000
103.30000
170.04000
167.44000
142.99000
173.14000
149.26000
132.65000
175.59000
130.24000
192.40000
151.80000
146.00000
139.60000
175.77000
171.92000
156.34000
167.77000
164.76000
116.59000
172.75000
132.88000
163.82000
135.95000
175.47000
154.58000
166.43000
156.72000
108.79000
104.14000
105.19000
132.23000
139.11000
196.44000
132.89000
104.05000
113.86000
170.79000
150.73000
163.30000
143.59000
116.24000
103.53000
174.57000
157.37000
160.66000
177.36000
166.54000
135.82000
171.01000
184.87000
181.91000
161.10000
103.28000
115.27000
127.50000
166.97000
152.54000
184.33000
124.13000
188.71000
102.93000
184.39000
156.72000
113.21000
177.63000
134.33000
124.26000
128.88000
188.91000
129.63000
189.77000
175.72000
188.08000
192.30000
130.35000
195.27000
115.52000
120.93000
187.17000
180.66000
102.04000
136.15000
187.71000
182.02000
149.09000
116.53000
115.37000
145.65000
173.62000
157.49000
123.52000
139.46000
157.03000
120.50000
163.08000
138.20000
157.27000
131.09000
136.55000
155.70000
158.87000
128.86000
147.96000
194.82000
122.91000
117.48000
152.94000
197.53000
137.04000
114.67000
108.67000
194.81000
165.46000
102.22000
123.89000
156.74000
198.95000
175.98000
108.89000
142.46000
104.84000
195.85000
125.55000
150.14000
177.03000
135.82000
137.29000
167.06000
185.98000
133.92000
03.46000
02.78000
04.32000
04.19000
04.19000
03.86000
02.01000
04.54000
03.57000
02.44000
01.96000
04.16000
03.04000
04.63000
03.80000
02.05000
03.87000
01.82000
01.92000
01.51000
01.13000
04.74000
03.58000
04.17000
01.72000
01.41000
02.81000
03.96000
02.34000
03.17000
02.47000
01.14000
03.49000
02.68000
04.23000
04.25000
03.51000
03.90000
02.58000
04.18000
04.54000
04.12000
02.80000
04.12000
02.52000
03.92000
03.01000
01.55000
01.21000
01.21000
01.93000
04.96000
04.61000
04.14000
02.94000
04.00000
04.80000
02.76000
03.87000
03.76000
03.53000
03.90000
01.80000
03.05000
01.28000
02.54000
04.09000
04.52000
03.81000
04.48000
02.42000
04.62000
04.23000
04.33000
02.80000
03.61000
04.93000
03.51000
03.54000
03.56000
03.64000
04.24000
01.26000
02.38000
03.38000
03.59000
04.89000
03.74000
02.50000
03.39000
01.68000
03.18000
04.64000
04.33000
03.20000
02.02000
04.78000
03.88000
03.32000
01.39000
03.14000
03.14000
01.93000
02.67000
02.26000
02.75000
04.72000
04.96000
01.85000
04.88000
01.54000
04.08000
03.48000
02.98000
04.59000
02.87000
01.48000
04.79000
01.88000
01.49000
01.05000
02.37000
03.24000
03.40000
04.14000
02.09000
02.31000
01.38000
03.57000
02.63000
02.53000
03.53000
04.94000
01.01000
03.18000
03.24000
04.67000
02.52000
01.33000
01.24000
03.99000
02.80000
01.86000
03.56000
02.94000
01.77000
03.48000
03.53000
02.39000
01.68000
03.41000
04.15000
04.19000
01.40000
01.83000
02.42000
03.26000
02.87000
02.72000
04.56000
04.72000
02.93000
03.97000
03.47000
02.35000
03.16000
02.80000
04.90000
04.29000
04.95000
01.75000
01.39000
02.98000
03.51000
02.64000
02.29000
01.16000
01.83000
04.65000
03.78000
01.88000
04.76000
02.22000
02.83000
02.54000
04.92000
03.16000
03.25000
04.80000
04.77000
02.53000
01.63000
04.67000
02.58000
04.76000
01.41000
02.46000
02.42000
01.55000
02.81000
04.08000
03.40000
04.18000
04.21000
03.38000
04.01000
01.41000
01.12000
03.96000
01.48000
01.14000
01.51000
02.94000
04.10000
03.65000
03.55000
03.29000
03.47000
02.05000
03.74000
03.76000
04.48000
04.27000
02.91000
04.93000
03.35000
03.03000
04.16000
03.19000
01.62000
01.88000
02.93000
04.75000
04.12000
01.17000
04.98000
03.61000
01.01000
04.08000
04.36000
03.60000
01.75000
02.59000
01.44000
04.36000
01.13000
03.50000
04.92000
03.34000
01.24000
04.31000
02.25000
03.05000
03.48000
03.35000
04.90000
04.07000
04.99000
01.96000
02.50000
01.62000
02.86000
02.40000
01.59000
02.36000
04.77000
03.21000
02.48000
04.25000
03.21000
01.28000
01.31000
02.57000
01.46000
01.78000
04.04000
03.91000
03.63000
04.23000
04.42000
04.19000
04.64000
04.41000
02.03000
02.60000
04.23000
04.47000
04.26000
03.69000
04.94000
02.83000
04.32000
03.30000
02.13000
04.25000
03.21000
02.57000
01.97000
01.78000
03.77000
04.03000
03.86000
01.78000
04.74000
03.34000
02.75000
03.95000
01.92000
03.92000
04.43000
02.03000
04.54000
01.99000
03.53000
03.89000
01.64000
04.61000
02.99000
03.26000
01.54000
03.63000
04.04000
01.63000
01.92000
01.71000
04.26000
02.33000
03.72000
02.35000
03.50000
04.51000
01.24000
03.84000
01.97000
01.11000
04.07000
01.28000
02.16000
04.90000
03.10000
04.59000
02.87000
02.45000
04.56000
04.51000
01.24000
04.16000
03.97000
02.59000
02.69000
