50
7
91.45000
2.51000
3.22000
5.91000
81.50000
56.13000
64.10000
98.88000
93.45000
7.30000
15.85000
32.05000
91.48000
88.21000
46.18000
56.93000
28.94000
12.82000
10.21000
80.09000
95.86000
16.42000
73.99000
9.62000
75.43000
14.05000
71.00000
2.69000
86.52000
46.09000
46.61000
19.99000
39.17000
30.71000
10.65000
73.27000
80.09000
11.34000
85.85000
76.82000
48.16000
8.26000
62.36000
94.98000
18.94000
68.01000
41.27000
94.65000
57.15000
15.93000
97.58000
98.28000
31.31000
40.31000
75.24000
23.86000
35.38000
43.15000
92.21000
32.94000
38.03000
58.78000
24.12000
37.08000
45.61000
73.81000
45.13000
36.05000
41.23000
39.26000
83.47000
68.28000
34.33000
19.10000
68.88000
62.38000
11.13000
41.70000
81.19000
84.60000
83.15000
50.35000
3.74000
91.41000
41.70000
51.77000
67.94000
77.92000
1.40000
66.62000
11.74000
28.42000
53.66000
79.94000
20.13000
64.86000
19.20000
90.72000
81.67000
1.39000
58.13000
97.35000
71.56000
65.20000
65.80000
57.90000
64.75000
11.02000
96.27000
18.02000
60.70000
62.64000
20.12000
73.00000
17.39000
99.55000
18.88000
22.66000
80.00000
77.04000
40.48000
14.87000
36.36000
75.70000
46.78000
1.06000
59.48000
53.90000
63.06000
82.68000
64.03000
95.31000
29.53000
65.75000
52.88000
62.42000
48.82000
5.33000
67.54000
41.98000
39.46000
57.02000
39.72000
97.58000
82.44000
31.47000
38.77000
22.07000
74.63000
37.90000
88.99000
94.97000
55.13000
53.46000
56.61000
66.16000
98.14000
35.94000
22.09000
98.54000
8.18000
95.13000
8.79000
59.58000
1.18000
37.44000
66.34000
28.73000
96.63000
54.44000
23.19000
49.82000
68.06000
79.37000
31.07000
81.61000
86.53000
34.64000
20.53000
47.31000
77.17000
79.34000
47.39000
82.01000
65.65000
64.72000
45.29000
87.25000
29.68000
78.73000
73.14000
77.48000
47.53000
99.46000
67.68000
31.58000
50.51000
44.68000
90.93000
41.34000
28.02000
77.30000
13.67000
53.27000
11.87000
81.71000
52.61000
67.95000
90.95000
33.42000
48.80000
21.30000
79.40000
26.92000
64.63000
51.91000
28.01000
84.04000
77.45000
2.92000
75.78000
5.35000
29.00000
65.51000
4.33000
13.77000
72.95000
36.41000
79.51000
11.97000
30.40000
60.40000
11.79000
27.95000
33.36000
85.81000
94.85000
66.50000
79.28000
13.01000
67.01000
59.69000
80.50000
40.91000
51.80000
15.41000
12.82000
23.48000
13.38000
66.83000
45.02000
1.98000
54.27000
60.57000
99.90000
38.45000
43.45000
61.10000
62.08000
12.07000
34.55000
69.64000
40.76000
80.40000
94.23000
46.49000
97.18000
43.63000
18.45000
64.88000
96.14000
87.16000
74.97000
63.49000
52.47000
39.04000
62.84000
93.88000
81.58000
13.49000
54.90000
73.05000
52.88000
64.42000
51.30000
30.94000
35.36000
36.90000
28.99000
60.87000
50.04000
12.66000
90.19000
72.12000
20.52000
62.63000
16.95000
37.38000
20.39000
98.39000
91.83000
27.42000
34.63000
58.94000
11.77000
29.90000
51.59000
67.50000
53.36000
2.03000
2.32000
39.79000
11.40000
74.68000
90.78000
14.63000
41.11000
33.74000
64.57000
57.14000
14.62000
62.67000
56.50000
11.23000
65.50000
98.95000
40.01000
44.09000
44.24000
81.65000
76.75000
2.75000
62.73000
99.83000
69.01000
57.50000
48.82000
46.15000
7.29000
58.43000
92.74000
62.29000
19.71000
79.94000
1.68000
93.47000
25.62000
74.23000
42.23000
36.98000
08.28000
06.57000
07.81000
07.43000
09.63000
06.05000
09.41000
09.11000
06.50000
09.26000
05.13000
06.96000
06.81000
08.51000
09.02000
05.36000
05.12000
09.65000
05.53000
05.98000
05.14000
09.52000
07.01000
05.24000
07.23000
08.50000
06.18000
06.83000
05.87000
07.97000
08.67000
09.19000
07.19000
07.83000
05.49000
08.06000
06.47000
08.99000
05.55000
08.92000
05.61000
05.89000
08.14000
09.51000
05.67000
08.97000
05.45000
07.36000
09.34000
07.20000
09.08000
06.09000
07.11000
09.71000
06.13000
05.81000
08.95000
06.21000
06.67000
06.71000
09.20000
08.34000
07.05000
09.69000
09.40000
05.64000
08.39000
07.27000
09.62000
08.03000
09.05000
06.14000
05.93000
08.32000
07.18000
09.62000
07.91000
09.70000
08.20000
05.17000
06.17000
08.28000
07.26000
06.88000
09.82000
05.54000
06.82000
07.99000
09.00000
05.83000
09.08000
08.39000
07.36000
08.94000
08.49000
07.10000
09.56000
07.51000
09.31000
09.77000
06.91000
08.79000
09.31000
09.70000
08.69000
05.77000
07.38000
05.20000
07.09000
07.27000
08.86000
07.88000
09.22000
06.35000
07.62000
08.48000
05.08000
05.84000
09.15000
06.29000
05.06000
05.83000
08.12000
06.60000
07.43000
06.20000
05.79000
08.21000
05.87000
09.05000
07.61000
05.95000
06.93000
06.29000
05.63000
08.15000
07.57000
07.08000
06.08000
09.16000
07.63000
05.32000
06.78000
06.86000
07.34000
07.23000
09.75000
05.12000
09.81000
08.74000
05.19000
08.39000
07.67000
06.53000
06.53000
06.78000
09.50000
09.81000
08.90000
05.99000
05.93000
05.31000
06.25000
08.58000
06.75000
09.84000
08.58000
05.02000
06.49000
06.88000
09.36000
06.17000
06.98000
09.05000
08.11000
05.77000
09.79000
05.60000
07.86000
07.97000
08.78000
09.92000
07.65000
09.79000
07.54000
07.07000
05.03000
08.65000
06.96000
06.20000
08.57000
09.86000
07.68000
08.15000
05.36000
09.13000
07.61000
07.86000
08.50000
05.04000
07.27000
05.47000
08.08000
08.25000
07.62000
06.07000
07.30000
06.72000
09.86000
05.37000
08.08000
08.93000
09.67000
06.54000
08.46000
06.39000
06.84000
08.77000
09.38000
05.36000
07.81000
09.78000
07.16000
09.38000
08.17000
08.30000
06.01000
06.75000
05.15000
06.57000
05.55000
08.02000
05.10000
07.84000
08.27000
08.54000
06.04000
08.91000
07.07000
05.88000
05.11000
07.54000
07.71000
07.42000
06.10000
05.06000
06.37000
07.79000
06.92000
08.78000
06.53000
07.73000
05.27000
08.65000
09.30000
08.69000
08.03000
09.79000
08.06000
05.51000
06.20000
09.79000
08.78000
06.81000
07.19000
07.17000
09.67000
05.35000
09.40000
08.34000
08.72000
05.56000
09.77000
05.08000
06.19000
05.99000
06.24000
07.08000
07.08000
06.82000
05.28000
09.43000
08.68000
07.39000
09.37000
05.07000
08.04000
08.68000
09.50000
07.38000
09.47000
05.79000
07.67000
07.60000
07.06000
05.49000
09.42000
07.36000
07.15000
08.68000
07.17000
07.78000
09.60000
08.69000
09.04000
05.83000
07.12000
08.35000
05.05000
05.43000
06.00000
09.22000
08.79000
09.25000
07.84000
07.90000
09.26000
07.24000
08.38000
07.04000
08.32000
09.09000
10.00000
07.77000
08.24000
06.79000
09.22000
07.27000
09.16000
07.05000
09.21000
06.22000
06.64000
08.89000
07.26000
06.31000
09.11000
06.08000
07.33000
07.76000
05.39000
09.64000
07.48000
06.79000
07.20000
05.37000
07.46000
08.15000
06.65000
06.34000
