50
7
134.58000
166.65000
105.78000
181.92000
157.55000
178.87000
124.18000
121.35000
131.47000
120.17000
163.91000
162.78000
156.88000
168.02000
113.80000
165.73000
148.38000
101.48000
151.73000
166.26000
184.63000
151.16000
194.64000
127.05000
158.36000
149.25000
148.54000
187.28000
126.35000
179.48000
158.50000
112.74000
159.46000
127.16000
158.64000
145.75000
192.59000
129.14000
122.16000
155.22000
174.72000
123.87000
111.32000
186.60000
118.90000
101.32000
127.44000
111.92000
152.20000
153.05000
103.80000
107.47000
194.54000
151.50000
120.54000
159.61000
177.95000
193.84000
186.49000
138.97000
194.05000
169.73000
106.48000
142.97000
142.19000
114.85000
111.90000
183.07000
123.30000
153.98000
110.73000
134.82000
189.88000
150.91000
137.48000
187.82000
195.97000
158.55000
103.22000
195.73000
147.19000
168.82000
145.62000
126.27000
150.73000
162.73000
178.88000
111.23000
165.31000
160.36000
143.76000
196.46000
151.24000
170.83000
157.62000
191.87000
120.39000
142.33000
164.33000
121.44000
169.02000
188.13000
135.25000
143.68000
110.21000
136.16000
146.84000
111.37000
109.90000
119.83000
118.16000
121.60000
111.59000
115.85000
143.51000
195.62000
197.85000
127.47000
131.25000
156.22000
140.31000
134.55000
153.77000
177.77000
149.67000
143.47000
197.56000
136.20000
125.69000
137.19000
113.16000
159.01000
107.17000
125.24000
165.16000
175.23000
122.00000
193.70000
182.22000
165.49000
137.13000
155.21000
107.07000
111.97000
108.56000
198.99000
146.50000
148.40000
131.36000
140.81000
186.82000
182.89000
128.96000
116.75000
172.26000
124.49000
180.75000
105.55000
124.81000
102.42000
160.86000
142.86000
136.02000
107.06000
117.85000
119.85000
149.00000
167.86000
126.89000
141.73000
108.43000
103.31000
139.67000
177.81000
110.54000
171.00000
134.48000
111.41000
153.15000
117.54000
166.14000
189.97000
185.62000
128.63000
116.05000
174.95000
158.87000
179.03000
142.17000
191.89000
175.40000
182.56000
129.02000
180.38000
139.25000
142.10000
137.69000
144.10000
106.05000
199.59000
174.06000
105.60000
167.76000
115.75000
175.79000
163.50000
161.93000
131.26000
147.08000
189.00000
126.50000
174.00000
111.91000
195.51000
198.74000
164.44000
158.30000
148.04000
154.97000
149.60000
188.36000
113.13000
160.56000
153.05000
168.25000
108.90000
119.96000
124.96000
178.20000
155.02000
126.68000
192.01000
162.49000
122.73000
113.28000
107.50000
179.47000
184.85000
101.40000
101.24000
151.56000
165.73000
151.73000
129.65000
115.22000
191.30000
114.02000
125.67000
171.00000
139.05000
152.89000
188.60000
125.90000
128.72000
162.94000
161.21000
125.60000
115.09000
189.63000
107.76000
199.63000
162.20000
148.73000
149.12000
183.29000
154.19000
132.57000
170.19000
163.45000
114.25000
160.06000
169.96000
128.53000
154.63000
126.65000
111.44000
118.53000
126.65000
154.36000
171.75000
175.00000
170.69000
141.77000
192.05000
191.06000
166.21000
114.04000
127.56000
161.37000
181.69000
172.87000
197.57000
132.19000
124.71000
146.53000
135.42000
151.32000
191.91000
139.86000
138.54000
155.48000
193.35000
179.32000
193.42000
195.83000
109.99000
146.82000
191.75000
101.56000
182.82000
148.92000
177.40000
114.61000
199.48000
103.34000
107.54000
165.99000
124.20000
191.86000
190.92000
125.78000
147.72000
110.34000
137.84000
153.09000
137.40000
118.70000
110.16000
146.13000
187.13000
190.89000
171.32000
192.15000
167.37000
164.97000
136.29000
117.47000
175.13000
193.03000
121.65000
137.47000
184.01000
191.24000
195.49000
106.59000
194.14000
189.81000
127.50000
168.34000
182.24000
09.36000
06.82000
06.39000
07.60000
07.91000
07.55000
09.73000
05.54000
08.90000
08.38000
08.70000
06.38000
09.75000
05.17000
07.47000
08.70000
05.76000
08.58000
06.87000
09.58000
07.63000
06.50000
06.84000
07.13000
08.96000
06.62000
09.00000
07.97000
08.73000
08.87000
09.08000
09.73000
08.81000
07.96000
09.45000
08.55000
06.47000
05.85000
06.65000
06.61000
06.85000
09.29000
08.83000
09.59000
05.50000
07.26000
08.30000
09.17000
05.87000
08.55000
08.73000
07.36000
07.00000
05.88000
09.21000
07.63000
09.39000
09.23000
08.02000
08.90000
06.34000
06.37000
06.92000
09.05000
05.44000
09.45000
08.71000
08.86000
09.04000
07.26000
09.70000
09.50000
06.77000
07.72000
07.20000
05.03000
08.03000
05.42000
07.05000
09.91000
09.48000
09.04000
06.11000
06.47000
07.53000
08.94000
09.74000
07.44000
05.88000
09.62000
09.33000
08.46000
07.98000
07.20000
09.78000
05.52000
09.55000
06.95000
07.00000
07.53000
07.96000
06.45000
07.43000
06.80000
08.74000
07.09000
09.88000
08.90000
07.08000
08.08000
08.45000
09.07000
08.94000
05.42000
06.49000
06.63000
09.44000
06.13000
05.25000
05.65000
05.35000
05.72000
06.37000
07.48000
07.55000
05.74000
09.38000
08.24000
08.57000
06.24000
09.20000
06.29000
05.11000
08.29000
08.63000
09.78000
05.47000
06.48000
05.88000
09.12000
07.11000
06.43000
07.04000
09.48000
09.14000
07.23000
08.60000
08.30000
09.79000
09.03000
07.67000
09.26000
08.52000
09.76000
07.49000
08.58000
08.43000
06.72000
09.21000
08.77000
09.80000
06.49000
06.58000
08.78000
07.84000
07.87000
05.64000
06.70000
08.78000
07.61000
07.18000
07.25000
07.36000
07.79000
09.27000
09.29000
09.34000
08.42000
09.74000
08.33000
08.99000
09.89000
08.69000
09.02000
06.61000
05.47000
05.97000
07.64000
06.00000
08.83000
08.71000
09.62000
06.98000
06.54000
08.81000
07.02000
07.89000
05.55000
05.42000
06.06000
07.24000
05.30000
05.23000
06.50000
05.77000
06.61000
05.25000
06.70000
06.46000
09.72000
06.04000
08.52000
08.18000
05.14000
09.51000
06.39000
05.26000
05.61000
06.71000
05.75000
09.86000
08.64000
05.33000
05.57000
09.56000
09.03000
07.21000
05.83000
09.83000
06.32000
05.82000
05.01000
06.53000
07.32000
08.77000
07.64000
08.41000
08.62000
05.32000
06.73000
09.59000
09.05000
08.88000
06.32000
07.12000
07.24000
09.46000
08.98000
08.41000
09.05000
05.58000
09.14000
05.53000
05.09000
08.24000
08.14000
07.90000
09.88000
06.60000
08.63000
06.08000
06.88000
05.81000
09.97000
07.27000
05.98000
09.51000
06.93000
05.94000
06.20000
07.37000
07.17000
06.32000
08.20000
07.56000
08.73000
09.92000
06.77000
09.29000
07.54000
08.00000
08.38000
05.27000
09.93000
09.09000
08.59000
09.22000
05.12000
06.50000
09.63000
08.39000
07.72000
05.79000
07.88000
06.04000
05.21000
07.28000
06.32000
08.94000
05.49000
07.89000
06.29000
09.93000
06.48000
09.35000
07.80000
05.79000
06.40000
09.82000
09.09000
09.04000
05.18000
05.53000
09.51000
09.52000
06.74000
09.31000
06.93000
07.46000
07.27000
08.17000
05.22000
05.98000
07.72000
05.72000
06.79000
08.60000
06.31000
09.74000
05.07000
06.73000
06.03000
09.64000
06.96000
07.15000
07.14000
08.97000
05.43000
09.55000
09.63000
07.93000
06.94000
09.00000
05.81000
05.85000
08.96000
08.48000
07.72000
08.71000
07.50000
