50
7
138.00000
112.79000
123.64000
178.80000
197.97000
188.76000
167.41000
120.41000
129.10000
103.95000
100.58000
114.20000
174.50000
187.79000
198.29000
165.38000
178.85000
158.79000
112.24000
143.25000
138.39000
174.52000
120.72000
131.15000
150.92000
181.61000
178.55000
176.51000
165.81000
165.75000
167.14000
140.78000
133.98000
101.70000
144.43000
149.51000
157.93000
103.28000
194.95000
142.31000
141.71000
173.36000
179.79000
122.82000
140.93000
153.89000
186.60000
108.78000
112.77000
175.89000
192.40000
183.14000
172.87000
115.55000
130.49000
191.06000
110.49000
196.96000
174.61000
192.50000
168.28000
138.58000
112.80000
152.45000
122.56000
187.40000
147.16000
137.46000
138.70000
167.03000
143.85000
165.65000
121.15000
127.61000
183.10000
156.69000
163.41000
195.84000
109.18000
181.83000
198.06000
124.99000
180.46000
113.87000
146.73000
144.91000
119.34000
177.17000
170.10000
111.98000
162.31000
197.66000
117.94000
159.17000
109.88000
152.84000
179.06000
146.00000
176.67000
121.75000
137.46000
162.98000
149.15000
198.69000
165.32000
151.33000
180.60000
193.85000
138.10000
146.99000
134.18000
146.39000
148.11000
134.86000
196.76000
179.49000
114.27000
113.91000
156.77000
105.42000
132.03000
147.20000
154.19000
175.49000
123.41000
111.80000
130.58000
130.08000
187.00000
148.90000
179.06000
148.64000
147.94000
113.70000
194.30000
199.67000
107.94000
125.51000
122.54000
190.74000
195.28000
117.66000
111.58000
118.49000
114.78000
187.57000
160.80000
118.59000
197.84000
146.72000
191.54000
150.92000
183.75000
169.21000
107.82000
199.92000
102.64000
187.27000
143.92000
105.26000
186.36000
162.34000
130.85000
131.14000
116.68000
103.14000
138.68000
168.34000
189.46000
119.98000
126.54000
184.19000
164.61000
174.72000
192.63000
172.59000
116.10000
130.80000
124.20000
104.00000
181.98000
103.20000
147.56000
175.44000
114.33000
108.47000
178.11000
160.48000
129.33000
114.74000
170.27000
159.29000
157.20000
191.67000
167.57000
148.57000
192.22000
160.51000
152.56000
131.58000
165.31000
117.55000
178.69000
153.55000
101.53000
142.83000
171.29000
170.76000
156.80000
190.77000
137.91000
166.55000
110.18000
139.24000
114.62000
119.60000
192.29000
105.20000
164.07000
122.63000
135.30000
194.65000
125.48000
132.42000
122.95000
152.65000
164.60000
119.82000
140.55000
113.34000
123.79000
119.75000
124.95000
149.91000
171.93000
181.18000
114.60000
124.62000
154.49000
117.15000
199.47000
138.78000
143.48000
154.75000
171.13000
182.77000
187.48000
185.16000
172.68000
186.05000
162.55000
143.30000
134.87000
110.23000
196.21000
129.32000
171.30000
156.39000
167.00000
159.88000
189.48000
100.49000
186.40000
135.91000
114.15000
150.49000
129.95000
109.91000
109.13000
140.91000
187.25000
135.92000
127.31000
182.83000
111.95000
119.57000
160.63000
113.90000
171.79000
168.02000
190.09000
148.32000
198.55000
140.02000
135.76000
126.88000
138.07000
195.88000
106.78000
166.90000
100.28000
147.45000
151.33000
112.29000
109.15000
108.16000
106.68000
183.49000
152.71000
143.01000
187.64000
159.93000
105.62000
148.58000
159.98000
160.55000
160.77000
185.82000
157.17000
127.71000
192.21000
120.13000
182.47000
169.74000
122.73000
123.14000
115.71000
159.06000
126.71000
105.54000
163.31000
182.15000
180.06000
167.10000
108.20000
189.54000
110.29000
146.63000
159.92000
145.83000
146.43000
172.01000
104.55000
179.69000
169.12000
110.19000
154.74000
133.84000
160.51000
117.17000
199.69000
115.07000
154.37000
188.01000
155.18000
144.22000
185.98000
106.85000
113.53000
106.21000
03.61000
01.77000
03.10000
02.09000
04.09000
02.15000
04.56000
01.38000
03.59000
04.90000
01.85000
04.48000
02.95000
04.47000
03.96000
04.75000
02.79000
04.64000
02.68000
03.88000
01.57000
04.51000
02.62000
01.87000
01.56000
04.48000
03.20000
03.02000
02.83000
04.26000
04.65000
01.97000
01.26000
04.89000
02.03000
01.65000
02.57000
02.71000
03.17000
03.30000
04.25000
03.37000
02.76000
04.49000
01.65000
03.83000
04.28000
01.09000
01.89000
02.39000
04.13000
04.43000
04.39000
04.75000
04.65000
01.03000
04.25000
01.56000
04.52000
01.97000
04.76000
01.71000
03.16000
01.46000
02.75000
01.56000
02.33000
01.50000
04.39000
04.28000
04.08000
01.92000
03.12000
01.84000
04.78000
02.36000
01.74000
01.05000
01.12000
04.27000
02.34000
01.51000
04.11000
04.91000
04.32000
01.64000
01.04000
03.37000
02.40000
04.68000
01.55000
02.53000
04.60000
04.66000
03.56000
03.08000
02.27000
04.45000
03.33000
01.55000
03.15000
03.80000
05.00000
03.37000
01.70000
03.17000
04.65000
03.21000
03.42000
01.73000
01.21000
03.22000
03.24000
03.29000
02.25000
02.63000
04.89000
01.96000
03.17000
01.96000
02.90000
04.19000
01.15000
01.06000
04.65000
02.73000
01.23000
01.08000
04.29000
02.63000
02.21000
02.48000
04.81000
03.26000
02.75000
03.05000
04.01000
04.32000
03.29000
03.88000
04.48000
03.80000
04.09000
03.37000
03.67000
04.01000
03.24000
03.23000
03.78000
01.57000
01.49000
02.83000
01.70000
01.33000
04.61000
02.72000
02.29000
04.46000
02.41000
04.42000
03.15000
04.32000
01.17000
02.21000
04.49000
01.85000
02.48000
03.20000
04.79000
01.82000
01.26000
01.32000
02.87000
02.80000
03.71000
03.30000
03.86000
03.19000
01.36000
02.67000
01.18000
03.18000
01.07000
01.81000
02.58000
02.79000
02.97000
01.88000
04.13000
03.84000
02.54000
04.85000
04.20000
03.97000
04.56000
03.54000
01.47000
02.64000
01.12000
03.53000
01.17000
02.08000
03.05000
01.97000
02.44000
02.99000
01.58000
03.63000
02.98000
02.24000
03.80000
03.92000
03.32000
04.49000
03.37000
03.41000
01.77000
01.71000
02.76000
04.96000
04.47000
03.17000
03.29000
03.76000
03.38000
01.46000
03.06000
01.30000
02.26000
02.50000
02.98000
03.41000
02.68000
03.49000
04.78000
02.20000
02.04000
02.97000
01.02000
02.11000
03.53000
02.78000
01.05000
01.89000
02.17000
02.07000
01.04000
04.59000
02.79000
03.30000
03.25000
01.17000
03.96000
01.07000
01.75000
02.34000
02.40000
01.05000
01.85000
03.73000
04.10000
01.84000
04.19000
03.22000
04.09000
04.49000
01.68000
04.51000
04.69000
02.85000
01.60000
03.13000
01.58000
01.59000
03.48000
04.40000
01.71000
02.19000
01.21000
01.45000
01.37000
04.96000
04.98000
01.24000
04.15000
02.99000
03.27000
02.53000
02.94000
04.21000
04.90000
01.89000
01.98000
01.35000
01.00000
03.72000
02.78000
01.95000
03.00000
02.21000
04.99000
03.83000
01.31000
02.52000
03.15000
03.17000
04.05000
03.74000
04.88000
04.59000
03.21000
02.38000
03.80000
01.08000
02.04000
03.84000
04.34000
01.96000
01.61000
04.83000
03.71000
02.85000
02.83000
03.39000
01.97000
03.69000
04.38000
04.85000
03.97000
02.72000
04.78000
03.87000
01.39000
02.51000
04.36000
02.42000
02.70000
03.92000
03.26000
03.78000
03.20000
04.15000
03.42000
02.53000
03.00000
02.69000
02.62000
02.59000
01.02000
03.35000
