50
7
45.71000
67.10000
96.36000
58.76000
28.18000
46.05000
58.29000
66.10000
17.19000
78.03000
71.12000
54.22000
83.26000
96.29000
88.58000
80.89000
1.48000
23.23000
41.20000
69.31000
92.96000
17.95000
83.82000
55.57000
86.37000
30.70000
51.07000
40.22000
58.43000
50.41000
1.87000
37.70000
87.39000
55.18000
70.95000
26.89000
5.58000
61.80000
23.32000
99.59000
42.84000
76.20000
95.81000
15.02000
84.08000
44.00000
56.53000
41.32000
15.75000
97.99000
21.58000
47.43000
7.47000
99.99000
41.58000
11.81000
85.54000
5.80000
86.40000
97.69000
43.10000
26.41000
97.79000
1.24000
57.80000
87.71000
31.43000
14.20000
98.46000
92.39000
5.41000
83.34000
73.57000
68.44000
52.75000
58.00000
78.80000
20.65000
71.88000
36.53000
50.48000
79.10000
74.17000
19.86000
13.13000
53.68000
35.40000
59.96000
29.92000
77.54000
44.26000
12.33000
54.20000
62.68000
54.90000
80.54000
78.00000
46.36000
35.34000
73.69000
68.07000
38.75000
67.86000
75.95000
66.17000
13.57000
2.36000
63.45000
80.40000
57.78000
80.50000
10.59000
81.53000
11.04000
20.11000
42.43000
66.59000
23.93000
35.58000
75.18000
9.44000
13.45000
95.35000
63.75000
9.23000
9.52000
70.38000
51.21000
42.89000
6.49000
80.72000
20.30000
14.66000
12.62000
49.93000
41.95000
3.59000
99.60000
51.65000
27.72000
15.99000
56.04000
62.02000
76.38000
35.01000
30.97000
9.28000
28.37000
70.07000
88.34000
38.00000
40.25000
88.22000
16.12000
67.19000
95.82000
10.71000
94.58000
59.06000
73.65000
3.84000
48.00000
47.41000
15.65000
3.19000
11.87000
5.69000
89.03000
57.24000
24.25000
94.54000
41.79000
79.90000
75.21000
18.26000
44.23000
97.98000
57.39000
64.33000
45.45000
3.75000
13.49000
63.90000
20.85000
99.38000
86.73000
35.29000
21.61000
57.46000
75.39000
35.49000
26.24000
59.50000
76.29000
11.66000
89.00000
53.45000
39.30000
48.65000
92.49000
37.59000
27.58000
67.98000
45.07000
24.09000
97.59000
17.64000
93.70000
11.96000
77.40000
98.86000
71.92000
8.30000
47.21000
28.73000
11.20000
71.27000
26.87000
45.59000
55.94000
62.56000
25.44000
67.62000
17.95000
92.92000
90.63000
39.26000
19.96000
76.66000
61.31000
79.78000
50.13000
78.09000
13.04000
37.72000
11.54000
64.12000
10.56000
35.44000
68.69000
52.68000
58.25000
23.58000
4.00000
63.25000
50.69000
28.57000
59.31000
67.35000
20.12000
40.56000
24.44000
83.97000
17.07000
7.15000
50.38000
11.30000
81.04000
51.01000
96.74000
49.24000
96.09000
38.10000
93.27000
27.38000
48.43000
95.79000
20.79000
12.00000
49.58000
68.38000
59.65000
58.54000
88.86000
61.59000
45.24000
63.13000
82.88000
96.06000
12.54000
10.05000
24.06000
57.85000
47.52000
21.26000
30.10000
44.95000
39.73000
9.90000
96.50000
20.76000
28.77000
26.78000
47.08000
61.61000
55.77000
12.86000
78.41000
10.26000
14.91000
78.08000
53.91000
80.47000
88.45000
75.07000
97.05000
78.38000
73.23000
65.23000
91.86000
22.93000
29.11000
30.14000
99.23000
63.54000
30.09000
27.19000
45.42000
4.69000
89.85000
41.05000
68.64000
48.37000
13.24000
33.20000
73.52000
51.66000
39.80000
90.40000
77.61000
71.16000
2.21000
78.22000
62.86000
16.52000
68.84000
86.53000
25.18000
95.93000
1.23000
82.98000
23.88000
73.66000
94.60000
61.54000
33.19000
12.48000
39.32000
91.96000
90.77000
04.32000
02.77000
04.51000
04.09000
02.25000
01.95000
01.96000
04.61000
02.95000
01.77000
03.80000
01.52000
03.87000
04.31000
01.65000
01.83000
02.27000
04.98000
01.91000
04.83000
01.23000
02.51000
03.83000
04.16000
03.65000
04.90000
01.44000
01.74000
02.21000
03.52000
01.62000
01.84000
01.44000
03.01000
02.02000
05.00000
03.66000
03.34000
01.12000
02.10000
03.01000
01.79000
04.23000
04.32000
03.44000
02.95000
01.45000
01.17000
04.71000
04.72000
02.89000
04.10000
03.58000
02.50000
02.69000
02.10000
01.62000
02.62000
03.54000
04.93000
01.33000
03.40000
02.51000
03.42000
03.18000
03.80000
02.97000
04.22000
04.95000
01.63000
04.60000
03.76000
03.72000
03.49000
01.39000
02.32000
01.90000
02.81000
03.68000
01.98000
01.22000
01.81000
04.06000
04.62000
04.69000
01.54000
03.48000
01.93000
02.66000
03.85000
01.20000
01.45000
02.79000
01.42000
04.76000
04.48000
04.03000
03.74000
04.04000
04.18000
03.02000
04.70000
03.86000
01.11000
03.27000
02.85000
03.36000
01.00000
02.13000
04.66000
05.00000
04.86000
01.14000
03.55000
05.00000
03.50000
02.66000
03.27000
03.36000
01.10000
03.86000
03.89000
01.92000
01.12000
02.72000
03.78000
02.31000
04.33000
04.04000
01.62000
03.99000
02.83000
01.42000
02.42000
02.21000
02.03000
03.28000
03.47000
02.05000
02.63000
02.86000
04.41000
04.41000
02.68000
04.20000
01.18000
03.98000
03.50000
04.16000
04.01000
03.60000
01.45000
02.85000
02.62000
04.25000
02.61000
04.22000
02.54000
02.49000
01.75000
01.09000
01.18000
04.22000
03.80000
03.27000
04.11000
02.66000
02.49000
02.88000
04.72000
04.34000
02.37000
04.36000
02.23000
03.09000
04.78000
02.45000
03.62000
02.07000
01.90000
04.22000
01.75000
03.76000
02.72000
03.04000
01.24000
03.92000
03.02000
04.60000
04.54000
01.65000
03.42000
04.89000
01.92000
01.35000
03.34000
04.22000
01.46000
02.75000
03.00000
01.02000
04.32000
03.39000
04.47000
04.40000
02.90000
01.26000
03.43000
01.17000
01.48000
03.75000
02.98000
04.48000
04.33000
03.15000
01.32000
01.27000
03.05000
04.56000
02.93000
02.32000
02.54000
03.91000
04.63000
04.19000
03.02000
01.93000
01.55000
03.28000
02.02000
02.17000
01.12000
01.78000
04.38000
04.97000
01.09000
01.72000
04.25000
01.52000
03.51000
02.90000
03.10000
03.79000
04.76000
04.99000
03.71000
02.59000
01.53000
01.42000
04.17000
02.00000
01.73000
01.19000
01.11000
01.72000
02.20000
03.94000
05.00000
02.12000
01.76000
02.35000
03.38000
01.48000
02.92000
03.07000
03.93000
02.33000
02.00000
04.06000
03.13000
01.57000
03.16000
04.61000
04.26000
04.36000
04.33000
03.31000
03.45000
02.22000
03.29000
04.07000
03.60000
02.95000
03.60000
02.09000
04.45000
04.68000
04.66000
01.91000
04.55000
01.84000
03.67000
03.37000
03.25000
03.17000
01.63000
03.62000
02.72000
01.75000
01.39000
02.55000
04.40000
04.30000
04.60000
03.88000
03.71000
02.04000
03.27000
04.59000
02.94000
03.82000
02.50000
04.93000
04.71000
01.51000
03.32000
03.93000
03.96000
04.82000
02.08000
01.46000
01.93000
03.26000
04.44000
04.19000
04.19000
04.17000
03.35000
03.59000
02.60000
02.67000
01.10000
01.96000
01.37000
03.72000
03.28000
02.41000
02.97000
04.09000
04.79000
02.86000
02.23000
02.34000
03.85000
02.04000
04.26000
04.87000
04.00000
01.50000
02.51000
