50
4
22.51000
79.25000
33.86000
96.60000
21.35000
46.18000
51.85000
7.28000
19.04000
83.91000
39.32000
8.86000
55.83000
34.66000
36.47000
42.57000
72.91000
37.63000
83.54000
49.61000
11.51000
34.05000
22.73000
70.22000
10.85000
64.15000
92.28000
45.60000
12.15000
69.13000
35.39000
15.99000
55.63000
89.21000
90.29000
21.58000
82.50000
65.62000
99.19000
3.61000
33.99000
38.58000
3.31000
2.30000
49.31000
48.29000
40.88000
57.85000
69.68000
35.99000
52.00000
47.61000
5.88000
36.90000
4.78000
72.17000
56.80000
74.92000
95.83000
90.38000
80.48000
89.56000
93.12000
68.20000
42.88000
46.80000
61.63000
70.60000
8.99000
11.61000
66.32000
63.55000
43.76000
48.94000
73.17000
13.02000
14.17000
25.79000
48.13000
82.98000
84.18000
7.10000
56.18000
41.39000
21.76000
57.85000
63.29000
52.23000
89.89000
45.01000
35.42000
81.46000
56.52000
33.55000
37.55000
95.05000
85.64000
88.44000
35.64000
58.97000
69.66000
48.00000
2.84000
33.82000
6.99000
99.32000
56.20000
32.94000
50.30000
43.92000
12.89000
69.22000
91.31000
70.54000
61.65000
34.35000
21.75000
70.88000
94.20000
18.08000
30.33000
35.67000
2.24000
11.11000
8.77000
54.62000
73.50000
4.17000
46.78000
19.46000
1.70000
86.96000
36.10000
19.90000
74.56000
52.22000
66.43000
46.66000
84.80000
88.66000
29.50000
90.46000
23.12000
88.00000
15.02000
43.02000
78.27000
40.96000
13.71000
93.05000
28.23000
93.21000
85.99000
12.22000
52.35000
17.14000
90.12000
85.14000
89.85000
20.17000
65.84000
46.90000
57.17000
18.78000
28.64000
11.98000
68.80000
28.43000
92.97000
94.83000
41.21000
64.60000
76.31000
13.93000
88.85000
43.76000
93.13000
81.75000
29.21000
80.36000
59.89000
16.76000
75.74000
90.89000
91.06000
32.42000
45.92000
90.80000
4.12000
45.21000
54.21000
95.57000
12.52000
70.59000
17.10000
21.67000
32.75000
25.03000
49.03000
82.57000
08.88000
06.70000
05.08000
09.65000
05.20000
08.17000
09.12000
05.26000
07.94000
05.16000
09.04000
08.35000
06.01000
06.58000
08.74000
07.82000
08.32000
06.33000
07.12000
07.59000
08.76000
08.33000
08.10000
06.54000
06.25000
06.47000
05.58000
08.60000
09.70000
09.67000
08.47000
07.67000
08.01000
06.84000
05.67000
07.65000
05.08000
06.86000
06.09000
07.46000
09.82000
08.67000
08.63000
05.99000
06.14000
06.15000
07.21000
07.15000
07.95000
08.22000
07.44000
05.87000
05.66000
07.63000
09.88000
05.24000
08.85000
05.59000
07.61000
06.83000
07.42000
08.35000
05.81000
05.79000
06.53000
06.05000
09.61000
07.27000
06.32000
08.85000
09.18000
06.43000
06.96000
06.91000
09.68000
08.43000
08.60000
05.39000
06.26000
08.43000
06.41000
09.44000
09.07000
06.58000
05.52000
09.22000
08.28000
08.03000
06.11000
09.89000
09.03000
07.95000
08.32000
06.60000
06.49000
06.48000
07.32000
09.50000
05.81000
08.80000
08.22000
06.40000
09.46000
09.82000
05.26000
06.48000
09.55000
08.44000
07.50000
08.99000
05.54000
07.68000
06.34000
05.32000
08.82000
08.95000
08.17000
06.88000
05.82000
08.65000
09.42000
05.07000
07.92000
08.19000
06.49000
06.31000
06.55000
08.98000
05.78000
07.00000
08.10000
07.42000
08.70000
08.55000
08.99000
09.92000
06.65000
07.35000
05.61000
07.89000
06.04000
09.83000
09.38000
07.72000
08.29000
07.38000
06.70000
05.84000
09.78000
06.41000
06.87000
06.08000
08.18000
09.82000
06.15000
08.35000
06.12000
05.14000
09.66000
09.90000
09.61000
08.57000
05.05000
08.36000
06.31000
07.73000
09.98000
06.40000
08.88000
05.31000
07.10000
06.67000
09.97000
08.94000
09.07000
06.83000
07.23000
06.29000
08.54000
09.54000
08.33000
05.02000
08.18000
07.44000
05.92000
07.77000
05.64000
08.21000
07.66000
07.21000
08.57000
09.49000
06.20000
05.99000
09.64000
08.94000
09.20000
06.77000
06.49000
09.21000
