50
7
124.14000
180.95000
181.32000
175.04000
191.74000
163.92000
172.13000
184.48000
186.96000
126.83000
115.64000
163.98000
144.70000
106.55000
185.02000
182.43000
113.95000
141.50000
142.54000
185.30000
107.73000
121.69000
189.51000
144.60000
153.14000
138.66000
116.32000
108.92000
141.36000
135.52000
152.41000
153.40000
177.60000
156.96000
116.28000
129.76000
131.15000
199.22000
165.51000
116.27000
185.37000
160.09000
146.72000
167.75000
187.65000
188.94000
145.60000
165.61000
199.49000
136.70000
154.53000
198.14000
115.95000
173.35000
116.76000
180.65000
194.91000
139.48000
118.14000
148.30000
188.68000
151.76000
172.88000
132.87000
155.99000
130.24000
121.76000
180.21000
157.16000
184.07000
182.09000
100.24000
104.04000
161.44000
197.79000
116.92000
110.07000
199.60000
189.30000
118.29000
140.23000
174.87000
103.65000
106.46000
161.08000
152.63000
164.43000
147.58000
190.73000
137.32000
121.79000
121.88000
148.87000
122.46000
102.42000
173.65000
106.72000
140.61000
159.60000
161.24000
128.15000
161.30000
102.41000
194.47000
172.52000
126.51000
167.61000
120.00000
184.87000
148.55000
131.72000
101.46000
193.06000
113.49000
123.39000
119.46000
164.05000
133.99000
185.35000
156.17000
153.84000
199.25000
124.39000
145.33000
157.49000
125.05000
161.36000
122.26000
159.15000
103.72000
181.16000
173.80000
182.00000
154.15000
182.78000
188.40000
138.30000
171.82000
129.24000
106.04000
179.36000
178.73000
197.66000
168.27000
145.58000
173.47000
129.19000
168.21000
116.38000
181.18000
141.85000
156.51000
103.09000
160.79000
199.70000
146.41000
181.24000
163.96000
109.90000
163.36000
140.13000
136.04000
123.38000
182.12000
137.74000
102.59000
142.65000
116.51000
158.58000
103.20000
171.74000
169.41000
163.73000
141.52000
166.27000
182.75000
140.84000
135.30000
183.42000
187.56000
154.13000
166.30000
131.94000
153.88000
194.36000
130.39000
122.12000
140.87000
128.86000
187.47000
115.83000
146.70000
151.54000
111.53000
176.49000
158.64000
132.85000
140.59000
119.11000
103.00000
175.05000
103.49000
162.50000
194.35000
122.11000
139.84000
187.58000
182.90000
106.01000
160.30000
155.05000
182.36000
185.10000
137.65000
186.52000
122.59000
181.80000
196.26000
142.71000
159.98000
132.57000
162.07000
173.36000
127.48000
137.96000
112.55000
167.30000
184.63000
112.56000
126.77000
102.39000
167.49000
135.05000
135.35000
195.60000
138.72000
198.13000
170.44000
152.92000
137.53000
158.60000
115.81000
119.41000
129.68000
187.32000
156.75000
129.22000
157.52000
119.18000
130.12000
112.84000
187.77000
126.41000
176.22000
174.54000
160.19000
148.11000
113.63000
158.44000
155.10000
191.90000
165.00000
189.69000
127.72000
152.45000
198.84000
170.00000
197.33000
176.00000
122.72000
127.65000
197.30000
110.36000
133.28000
167.46000
125.02000
154.89000
166.20000
120.84000
191.98000
110.51000
146.24000
195.74000
173.72000
129.73000
137.22000
126.69000
159.82000
166.58000
192.02000
124.76000
103.96000
126.69000
102.58000
127.61000
173.85000
117.23000
149.92000
149.44000
101.30000
153.84000
149.38000
114.56000
181.32000
152.74000
108.09000
173.87000
182.71000
167.12000
159.81000
197.55000
150.42000
123.30000
101.56000
137.72000
101.00000
136.65000
106.92000
110.53000
102.58000
161.63000
176.04000
146.21000
124.82000
141.74000
185.63000
139.05000
188.98000
159.55000
138.95000
197.39000
117.84000
186.68000
115.85000
193.64000
185.78000
133.83000
122.72000
114.29000
168.73000
100.76000
142.52000
109.87000
194.16000
126.29000
184.77000
144.97000
191.15000
138.29000
135.55000
07.22000
09.99000
07.21000
07.93000
07.05000
09.33000
05.16000
07.09000
07.81000
06.13000
09.03000
08.94000
06.77000
07.36000
05.35000
05.65000
09.09000
09.76000
07.28000
07.91000
05.30000
07.33000
07.11000
07.40000
08.85000
08.84000
08.80000
09.34000
08.55000
05.31000
05.43000
09.96000
06.13000
07.55000
06.71000
09.00000
08.69000
08.62000
06.52000
07.22000
06.23000
06.36000
05.36000
08.90000
09.14000
05.84000
07.88000
09.33000
05.69000
06.95000
07.76000
06.61000
08.16000
06.32000
08.14000
05.30000
05.45000
06.56000
08.35000
06.29000
09.96000
08.71000
08.76000
07.32000
05.40000
07.26000
05.76000
09.02000
05.21000
08.33000
09.23000
07.39000
05.12000
07.21000
05.11000
06.34000
05.61000
05.79000
07.81000
05.16000
09.44000
05.13000
07.80000
06.05000
09.11000
07.92000
09.02000
06.57000
09.41000
06.01000
06.46000
07.19000
09.90000
07.85000
08.61000
08.76000
07.38000
06.08000
09.98000
05.05000
08.90000
06.19000
06.78000
07.62000
09.67000
05.96000
09.15000
05.26000
06.58000
07.92000
06.77000
08.97000
07.93000
06.64000
07.83000
09.15000
06.20000
07.73000
08.43000
05.97000
05.47000
05.32000
05.04000
06.88000
08.99000
09.52000
07.04000
09.08000
06.64000
09.00000
09.20000
07.04000
07.44000
08.41000
09.16000
10.00000
07.05000
05.94000
09.97000
09.45000
05.27000
05.79000
07.56000
06.66000
08.55000
05.67000
08.27000
05.18000
07.47000
09.31000
07.70000
09.59000
07.17000
09.14000
05.88000
07.13000
09.85000
06.91000
08.17000
06.94000
06.12000
09.43000
09.42000
05.30000
09.79000
05.35000
06.75000
07.65000
05.67000
06.24000
07.06000
06.05000
07.11000
09.06000
09.51000
06.71000
08.46000
08.63000
08.02000
07.49000
07.59000
05.20000
08.78000
05.36000
08.38000
06.88000
07.74000
08.96000
08.23000
07.19000
08.12000
06.06000
05.56000
07.54000
07.91000
06.07000
07.30000
09.71000
07.37000
07.55000
06.66000
07.97000
08.95000
08.54000
06.37000
06.72000
09.81000
09.51000
08.13000
09.81000
05.63000
09.54000
05.69000
08.82000
05.68000
06.65000
08.18000
07.60000
08.36000
09.90000
07.64000
09.75000
08.69000
06.83000
06.49000
06.15000
05.85000
06.02000
05.03000
07.44000
05.67000
09.56000
08.97000
06.53000
08.11000
05.54000
06.90000
06.10000
09.75000
05.59000
07.80000
06.08000
06.35000
07.34000
08.54000
06.17000
05.27000
06.94000
06.38000
08.36000
07.76000
05.41000
06.86000
07.46000
09.39000
07.40000
05.16000
05.06000
05.90000
08.60000
07.09000
06.90000
06.00000
08.22000
05.96000
05.19000
06.95000
05.88000
07.34000
06.30000
07.00000
09.05000
06.55000
08.24000
07.93000
05.64000
06.19000
08.15000
07.53000
06.43000
08.61000
09.82000
07.10000
07.57000
08.45000
06.19000
08.97000
08.14000
05.10000
06.80000
08.97000
07.58000
05.21000
05.38000
08.96000
08.24000
05.21000
07.27000
09.31000
07.84000
08.73000
08.12000
07.35000
08.77000
06.87000
05.05000
07.41000
07.45000
06.52000
06.22000
05.38000
08.14000
06.22000
09.60000
05.97000
05.85000
06.18000
06.63000
09.23000
07.87000
05.72000
09.81000
08.15000
06.24000
05.82000
05.11000
06.06000
05.28000
06.60000
09.56000
09.23000
09.06000
09.80000
08.68000
09.30000
08.94000
06.33000
09.00000
05.78000
06.01000
08.72000
05.59000
08.60000
08.67000
08.65000
09.52000
05.56000
05.05000
09.43000
05.36000
