50
7
73.18000
67.65000
11.64000
81.19000
63.54000
41.20000
64.73000
23.92000
60.77000
11.35000
51.67000
93.85000
58.43000
4.55000
16.29000
64.50000
88.77000
73.54000
16.38000
7.95000
74.20000
49.85000
74.11000
47.32000
74.82000
88.31000
27.60000
10.28000
40.87000
23.56000
75.38000
72.54000
60.29000
13.52000
33.90000
15.36000
12.18000
93.91000
80.04000
67.07000
12.32000
29.75000
8.59000
61.50000
66.65000
57.86000
73.78000
81.56000
21.78000
45.36000
56.66000
55.49000
92.90000
62.45000
83.49000
24.60000
23.76000
21.83000
14.32000
77.63000
42.97000
2.94000
88.31000
56.56000
50.14000
46.52000
1.63000
40.03000
70.16000
9.26000
46.01000
95.87000
5.71000
9.25000
69.23000
33.57000
82.80000
79.50000
19.61000
47.79000
9.19000
19.46000
94.53000
74.87000
13.99000
38.47000
96.91000
40.32000
6.06000
13.33000
78.71000
7.31000
19.58000
32.73000
93.44000
28.21000
65.53000
50.81000
47.67000
95.03000
9.02000
89.47000
2.91000
8.95000
84.84000
92.12000
2.40000
55.48000
54.73000
98.27000
20.55000
90.31000
90.92000
71.70000
44.74000
84.18000
33.06000
27.27000
2.03000
34.15000
31.74000
80.34000
6.65000
13.06000
3.95000
1.37000
13.50000
21.07000
78.62000
57.33000
65.64000
35.10000
52.10000
71.24000
46.82000
58.41000
31.64000
65.69000
27.95000
71.02000
88.94000
15.29000
19.62000
79.27000
12.60000
94.22000
21.59000
66.29000
50.66000
32.68000
44.22000
52.32000
68.09000
19.46000
28.12000
28.15000
16.21000
88.58000
39.31000
1.40000
73.50000
67.79000
43.92000
42.20000
27.40000
89.87000
83.86000
86.12000
13.42000
29.30000
29.33000
82.64000
69.59000
46.70000
24.33000
44.68000
87.00000
44.38000
41.18000
98.05000
57.29000
12.82000
28.96000
36.02000
23.16000
80.16000
62.08000
61.74000
28.82000
66.73000
92.72000
45.83000
70.55000
29.51000
99.37000
70.79000
47.18000
14.68000
37.32000
84.55000
32.47000
47.45000
65.86000
37.78000
35.92000
90.46000
64.48000
86.64000
3.54000
1.92000
21.55000
59.52000
26.37000
17.12000
4.12000
62.53000
85.61000
51.10000
43.66000
54.83000
3.11000
45.25000
86.57000
96.10000
84.92000
16.71000
43.64000
99.11000
81.75000
8.95000
37.63000
77.14000
30.49000
42.22000
56.68000
94.53000
6.68000
64.07000
3.88000
19.16000
75.06000
97.85000
43.72000
66.99000
42.03000
94.20000
57.63000
59.47000
99.14000
79.57000
87.89000
47.75000
42.60000
60.84000
68.52000
7.81000
61.78000
93.65000
64.01000
86.45000
93.75000
2.65000
2.57000
25.09000
48.95000
49.77000
11.96000
49.35000
12.60000
65.41000
72.99000
27.49000
96.22000
91.85000
69.02000
14.96000
91.13000
36.81000
33.45000
6.89000
12.93000
19.94000
1.22000
86.55000
52.05000
26.30000
58.34000
78.91000
29.18000
54.88000
94.36000
95.10000
38.83000
69.07000
49.85000
86.93000
3.81000
46.21000
64.95000
94.38000
7.83000
2.87000
52.31000
31.63000
73.22000
57.07000
14.42000
30.64000
40.27000
30.71000
8.19000
93.99000
54.91000
71.65000
19.46000
5.24000
79.00000
32.31000
23.24000
19.79000
38.82000
14.16000
33.22000
23.31000
72.58000
21.20000
52.23000
76.27000
84.90000
9.51000
22.81000
67.43000
93.34000
35.68000
74.64000
60.38000
79.85000
9.36000
79.11000
45.97000
40.34000
39.76000
94.74000
90.86000
34.10000
89.12000
20.76000
90.01000
35.39000
22.24000
05.42000
08.25000
05.40000
06.12000
06.34000
07.59000
09.05000
09.55000
07.55000
08.16000
07.79000
08.16000
07.52000
08.43000
07.49000
08.77000
08.87000
07.93000
06.90000
07.95000
05.85000
09.67000
05.15000
09.55000
06.86000
07.70000
09.28000
07.18000
06.93000
09.57000
06.70000
06.72000
05.25000
08.85000
07.71000
08.81000
07.62000
07.63000
08.04000
06.35000
09.01000
09.02000
06.25000
07.03000
06.02000
09.63000
06.34000
05.77000
09.39000
07.10000
09.68000
06.49000
07.61000
07.26000
05.76000
09.22000
08.27000
06.20000
08.33000
05.57000
06.24000
06.92000
08.67000
06.97000
09.25000
05.75000
05.31000
09.01000
06.01000
06.91000
06.54000
08.92000
08.77000
05.01000
07.94000
08.05000
05.79000
07.53000
09.82000
09.42000
08.84000
07.38000
09.78000
05.17000
05.72000
05.33000
05.19000
09.09000
07.73000
07.54000
05.67000
09.09000
07.19000
08.09000
05.61000
09.76000
09.94000
06.41000
06.68000
09.80000
08.93000
05.16000
08.15000
06.33000
08.74000
07.25000
09.87000
09.31000
07.17000
05.76000
05.10000
09.76000
05.64000
08.68000
08.24000
09.62000
05.94000
06.26000
07.84000
06.84000
07.75000
08.51000
09.10000
07.87000
06.15000
07.73000
06.35000
05.20000
09.10000
05.96000
05.57000
09.82000
09.96000
07.51000
06.87000
08.74000
09.98000
06.47000
07.00000
07.48000
05.80000
09.17000
06.86000
07.58000
06.94000
06.73000
08.99000
09.11000
08.33000
07.53000
08.13000
06.45000
06.67000
09.65000
07.24000
07.51000
09.36000
09.42000
05.41000
06.53000
07.46000
09.14000
05.29000
05.39000
05.69000
06.19000
08.01000
06.36000
06.00000
07.09000
05.76000
09.59000
05.13000
05.01000
09.20000
05.63000
07.09000
07.25000
05.03000
07.90000
05.64000
07.74000
08.47000
05.23000
06.82000
09.57000
05.75000
09.35000
06.41000
07.48000
06.60000
07.36000
07.50000
05.31000
06.79000
09.25000
07.90000
08.58000
05.59000
05.41000
06.99000
09.43000
08.80000
07.34000
06.48000
09.42000
07.50000
07.11000
05.22000
07.55000
05.06000
05.35000
06.92000
05.66000
08.84000
08.47000
06.94000
09.13000
06.57000
05.18000
09.76000
09.35000
08.87000
08.91000
06.51000
06.20000
06.74000
05.40000
07.47000
05.60000
09.11000
05.12000
09.54000
06.99000
05.25000
05.83000
08.78000
05.82000
07.36000
05.05000
07.88000
06.04000
08.01000
07.56000
08.67000
07.64000
07.67000
07.90000
09.63000
09.10000
08.57000
05.72000
09.75000
09.28000
06.57000
05.37000
08.20000
08.88000
06.78000
05.89000
07.92000
09.83000
07.56000
08.94000
09.97000
09.92000
07.06000
07.85000
08.94000
07.36000
05.69000
05.07000
05.44000
08.25000
08.62000
09.71000
08.58000
09.05000
08.30000
05.01000
08.50000
09.16000
06.92000
05.84000
08.85000
08.32000
08.95000
06.22000
09.30000
09.19000
08.64000
06.82000
08.02000
09.82000
07.48000
07.44000
09.21000
06.14000
06.74000
09.52000
06.74000
05.81000
06.38000
08.82000
07.42000
05.01000
09.32000
05.17000
08.09000
05.87000
06.28000
09.98000
09.12000
08.48000
06.93000
08.53000
08.80000
07.71000
07.53000
09.63000
05.79000
05.68000
08.53000
08.11000
06.66000
09.29000
06.98000
07.30000
08.35000
07.69000
09.10000
06.56000
05.72000
09.81000
07.74000
08.74000
08.98000
06.83000
09.88000
07.75000
06.26000
09.71000
09.16000
05.98000
06.08000
06.67000
08.35000
06.84000
09.84000
05.70000
