50
10
174.78000
142.44000
178.99000
100.74000
165.53000
124.23000
197.35000
176.61000
151.45000
160.66000
168.90000
168.24000
104.81000
130.26000
178.39000
166.68000
122.87000
136.53000
135.59000
187.92000
127.91000
108.00000
175.27000
172.98000
167.17000
198.17000
157.19000
187.89000
112.94000
185.56000
166.12000
123.65000
162.47000
173.69000
111.82000
196.28000
138.03000
191.08000
129.06000
146.80000
186.90000
191.24000
177.61000
141.23000
181.32000
152.68000
142.22000
170.57000
118.57000
178.92000
196.76000
128.18000
108.54000
147.19000
126.98000
168.40000
118.55000
165.29000
176.26000
162.92000
169.68000
187.90000
194.97000
118.39000
124.82000
134.14000
158.51000
166.44000
171.86000
148.16000
167.27000
163.72000
123.69000
199.10000
146.64000
191.86000
118.20000
181.10000
147.02000
157.51000
118.29000
113.31000
143.79000
192.30000
111.84000
139.85000
137.34000
152.88000
111.74000
129.88000
153.06000
120.89000
155.89000
177.53000
141.35000
102.97000
107.17000
101.95000
177.60000
130.76000
186.53000
171.84000
157.86000
191.08000
179.81000
170.74000
150.48000
172.18000
107.04000
120.86000
175.69000
156.28000
121.72000
181.98000
199.48000
115.62000
102.37000
138.86000
112.88000
147.47000
152.52000
101.26000
131.90000
174.11000
100.67000
103.95000
197.55000
142.80000
100.34000
106.70000
175.86000
125.79000
130.04000
194.27000
157.84000
120.37000
193.29000
176.42000
159.50000
148.79000
118.61000
187.92000
121.86000
158.32000
159.52000
188.55000
110.94000
121.23000
194.52000
163.05000
171.66000
162.74000
101.62000
169.23000
102.82000
185.07000
158.12000
162.66000
101.95000
130.95000
170.30000
145.45000
150.70000
138.25000
132.28000
167.99000
155.70000
169.88000
163.21000
105.68000
148.60000
113.72000
107.24000
158.90000
186.04000
182.67000
133.50000
153.04000
149.66000
114.61000
136.13000
138.50000
146.09000
172.43000
134.28000
190.67000
106.98000
144.03000
172.08000
109.92000
188.98000
142.30000
118.67000
121.67000
173.71000
105.12000
168.20000
176.29000
167.83000
195.39000
183.34000
112.63000
144.86000
170.75000
188.17000
103.66000
159.04000
182.91000
167.27000
169.07000
136.75000
161.82000
155.41000
149.86000
125.26000
161.00000
112.36000
112.06000
196.83000
158.96000
122.87000
146.67000
148.73000
159.23000
196.72000
169.72000
103.23000
190.31000
168.68000
122.22000
107.58000
105.73000
198.50000
170.18000
134.06000
183.99000
170.95000
104.62000
179.93000
128.62000
195.81000
141.56000
167.46000
168.12000
107.82000
122.01000
143.91000
156.02000
166.77000
111.99000
147.36000
197.52000
128.03000
117.96000
110.53000
127.18000
106.64000
168.97000
104.67000
188.69000
119.52000
183.26000
142.66000
151.18000
192.09000
142.48000
162.39000
108.79000
174.71000
153.27000
126.76000
180.67000
142.79000
147.27000
123.65000
110.95000
196.72000
181.12000
165.96000
168.78000
161.89000
136.46000
191.58000
148.29000
188.68000
119.93000
163.39000
168.63000
152.49000
163.17000
169.29000
173.93000
153.70000
122.83000
122.17000
133.34000
117.72000
180.53000
159.92000
141.01000
103.74000
134.28000
173.22000
194.58000
149.82000
194.43000
139.45000
128.04000
137.07000
103.66000
176.73000
193.59000
181.51000
184.22000
113.57000
125.99000
124.14000
183.40000
103.50000
185.01000
130.99000
173.46000
125.02000
155.42000
193.07000
151.65000
181.66000
146.97000
126.39000
140.25000
101.93000
194.44000
171.98000
186.53000
139.34000
157.58000
195.85000
162.74000
172.41000
121.17000
189.01000
166.15000
104.66000
194.98000
167.47000
119.03000
164.60000
113.76000
172.27000
168.65000
182.92000
170.19000
199.37000
199.24000
195.51000
149.99000
124.52000
170.15000
141.12000
133.98000
151.62000
192.33000
163.88000
122.58000
137.33000
178.68000
132.94000
141.16000
163.27000
167.09000
142.43000
140.12000
136.10000
120.45000
111.50000
194.85000
187.44000
126.65000
184.29000
105.74000
173.95000
198.57000
129.93000
198.17000
177.27000
174.11000
142.57000
122.54000
104.02000
116.17000
141.35000
154.25000
185.86000
112.62000
170.41000
193.68000
179.43000
176.37000
198.90000
166.21000
191.79000
188.39000
159.87000
127.62000
185.79000
152.83000
148.09000
193.36000
139.42000
117.62000
116.45000
183.08000
149.93000
186.27000
174.70000
112.79000
139.61000
187.30000
157.61000
123.51000
155.71000
174.22000
124.96000
181.27000
170.49000
125.55000
161.50000
177.06000
181.23000
144.82000
177.00000
126.92000
110.19000
160.52000
106.23000
171.84000
104.63000
126.18000
108.95000
177.86000
136.82000
120.31000
169.93000
135.99000
104.03000
146.43000
198.93000
162.23000
128.52000
133.06000
187.50000
157.60000
180.47000
111.17000
159.50000
154.15000
131.67000
150.64000
130.63000
116.33000
166.57000
168.44000
176.27000
175.78000
173.06000
108.71000
196.83000
189.14000
164.03000
140.58000
117.68000
138.06000
177.37000
158.20000
189.22000
129.17000
175.96000
180.71000
186.85000
194.12000
147.71000
152.26000
110.94000
189.54000
105.50000
141.97000
186.90000
197.08000
187.22000
143.99000
165.10000
123.37000
155.76000
177.46000
120.95000
100.06000
199.02000
186.53000
154.84000
183.79000
06.19000
08.57000
07.03000
09.45000
07.47000
08.76000
05.57000
09.44000
07.28000
08.58000
08.94000
09.88000
09.79000
06.23000
09.44000
07.11000
05.41000
06.19000
05.59000
08.74000
05.79000
09.19000
07.18000
08.60000
08.85000
07.19000
05.25000
06.80000
08.75000
08.42000
07.08000
09.68000
05.89000
07.35000
06.21000
09.85000
06.94000
09.71000
07.41000
06.14000
09.82000
07.47000
06.74000
08.66000
08.66000
08.84000
06.47000
08.76000
08.90000
08.31000
08.07000
08.54000
09.51000
07.37000
07.52000
09.70000
09.65000
07.01000
09.43000
08.03000
08.94000
06.28000
06.24000
07.53000
07.94000
07.31000
06.64000
08.45000
08.47000
08.50000
05.56000
07.30000
08.59000
09.45000
09.21000
06.83000
07.62000
06.06000
05.02000
06.05000
06.13000
05.46000
06.68000
05.21000
05.93000
06.01000
09.13000
05.82000
05.09000
07.36000
08.58000
05.62000
07.92000
05.37000
07.45000
08.63000
05.00000
07.18000
09.44000
05.09000
07.40000
08.78000
05.55000
06.03000
09.31000
08.68000
06.46000
05.01000
08.94000
08.70000
05.30000
06.34000
08.27000
09.89000
07.17000
09.20000
05.51000
09.53000
08.41000
09.00000
05.14000
06.15000
06.61000
07.39000
07.88000
09.54000
05.64000
07.29000
05.71000
05.73000
05.58000
07.85000
06.85000
07.02000
07.78000
09.49000
05.76000
06.93000
09.84000
08.87000
08.18000
05.24000
05.60000
08.89000
06.07000
08.01000
05.18000
08.71000
07.66000
07.50000
06.02000
07.49000
06.18000
07.76000
09.47000
06.72000
05.99000
08.99000
08.05000
07.73000
07.76000
07.12000
09.49000
09.84000
07.37000
09.60000
07.81000
08.62000
06.96000
05.13000
08.25000
05.88000
09.89000
08.63000
07.33000
09.68000
05.80000
06.32000
07.79000
09.35000
05.56000
05.61000
08.64000
05.45000
06.32000
05.21000
05.14000
09.79000
06.43000
05.06000
08.78000
05.44000
05.54000
06.35000
07.33000
06.73000
09.52000
06.52000
09.78000
09.21000
08.05000
07.31000
05.68000
09.86000
05.49000
06.90000
08.13000
05.19000
09.61000
08.15000
08.86000
08.32000
05.18000
09.90000
05.78000
06.22000
08.25000
07.26000
08.06000
07.12000
06.09000
06.56000
06.10000
05.48000
07.24000
05.41000
06.56000
07.03000
06.49000
07.66000
07.36000
08.75000
09.87000
08.40000
07.65000
08.85000
09.68000
08.98000
07.84000
06.81000
09.43000
07.00000
09.60000
08.35000
08.92000
06.30000
05.83000
05.44000
09.18000
06.99000
08.71000
06.57000
08.33000
09.95000
07.76000
06.35000
07.72000
06.68000
07.47000
06.66000
07.28000
09.23000
05.92000
07.13000
08.19000
05.35000
07.42000
08.65000
07.91000
09.05000
07.53000
08.34000
05.13000
05.58000
08.08000
09.59000
09.78000
06.45000
07.13000
07.01000
08.05000
09.40000
08.99000
06.49000
07.40000
08.45000
09.24000
05.17000
06.51000
08.84000
09.69000
06.41000
05.31000
07.08000
08.40000
09.84000
05.01000
05.93000
09.70000
06.36000
08.93000
05.29000
09.00000
09.27000
08.70000
09.28000
09.65000
08.67000
05.11000
08.72000
07.47000
06.07000
05.75000
05.27000
08.15000
06.25000
09.48000
06.84000
08.69000
05.26000
06.39000
07.60000
07.31000
05.36000
07.82000
07.94000
08.46000
05.11000
06.38000
09.54000
07.89000
09.29000
05.92000
05.30000
07.56000
08.92000
06.52000
09.38000
05.69000
06.30000
09.55000
07.19000
06.75000
09.96000
07.59000
05.40000
06.48000
09.69000
09.49000
06.91000
06.35000
09.21000
08.30000
07.12000
09.63000
09.36000
09.85000
06.26000
08.26000
09.18000
06.41000
08.01000
05.63000
08.63000
09.50000
05.45000
06.37000
08.90000
06.86000
07.90000
06.36000
07.42000
07.51000
05.92000
07.72000
07.89000
06.68000
06.32000
08.84000
05.24000
05.90000
07.18000
09.34000
05.68000
07.91000
07.81000
05.11000
06.64000
06.71000
08.77000
08.26000
06.81000
07.56000
06.88000
07.19000
06.13000
06.97000
05.22000
06.52000
05.80000
10.00000
06.54000
09.53000
06.07000
07.35000
05.90000
09.15000
09.14000
08.56000
08.03000
09.57000
06.43000
09.06000
07.38000
09.31000
05.53000
05.50000
09.69000
08.17000
05.30000
05.78000
06.93000
07.18000
05.82000
09.08000
07.32000
08.61000
08.45000
05.79000
05.34000
06.02000
05.78000
07.59000
06.70000
09.18000
06.66000
07.37000
08.38000
09.13000
06.19000
09.30000
08.60000
08.15000
05.72000
08.80000
06.83000
09.78000
07.84000
07.51000
08.81000
06.63000
07.94000
05.42000
08.62000
08.88000
09.72000
08.45000
09.11000
06.58000
06.96000
09.23000
08.16000
08.41000
09.92000
09.59000
09.16000
09.31000
05.11000
07.59000
06.73000
05.49000
05.27000
07.55000
06.75000
09.37000
09.42000
05.03000
06.34000
09.65000
07.81000
06.85000
08.90000
06.28000
06.94000
06.08000
09.04000
05.44000
09.56000
07.03000
07.65000
09.57000
09.69000
05.27000
06.85000
07.37000
07.56000
07.61000
05.03000
08.78000
09.70000
