50
4
101.03000
117.45000
159.05000
119.42000
131.23000
116.21000
135.15000
137.91000
113.40000
139.60000
133.55000
101.35000
188.18000
128.25000
194.86000
150.36000
196.18000
122.78000
159.71000
125.57000
178.03000
163.82000
168.73000
167.60000
174.37000
192.00000
162.53000
117.08000
125.80000
147.93000
181.75000
114.63000
172.96000
172.25000
167.01000
100.87000
156.48000
105.57000
158.94000
116.43000
116.97000
188.53000
198.16000
101.95000
195.07000
161.75000
125.29000
198.03000
131.39000
165.85000
173.46000
113.54000
170.79000
187.65000
158.11000
177.73000
193.63000
154.49000
160.55000
113.63000
167.08000
175.85000
146.42000
186.85000
156.77000
117.35000
181.33000
163.03000
128.32000
144.62000
130.92000
107.79000
147.35000
123.27000
160.81000
186.76000
179.49000
118.95000
136.62000
165.55000
190.37000
197.27000
123.97000
109.80000
145.61000
123.85000
188.50000
185.12000
110.84000
164.32000
195.83000
157.15000
151.67000
184.32000
111.58000
191.51000
133.74000
149.45000
101.37000
153.83000
140.69000
131.93000
193.38000
106.93000
118.52000
188.18000
139.97000
112.02000
106.53000
139.77000
192.05000
157.76000
195.35000
177.32000
140.26000
134.78000
175.60000
191.46000
175.20000
133.70000
137.90000
172.82000
187.52000
145.14000
172.88000
112.00000
167.83000
159.73000
171.17000
199.66000
106.75000
168.10000
123.39000
126.39000
194.92000
160.86000
120.17000
182.84000
122.96000
128.65000
152.12000
159.63000
181.49000
162.09000
109.89000
147.38000
161.14000
151.81000
184.08000
136.71000
133.98000
130.17000
198.94000
177.23000
178.59000
143.10000
187.41000
154.72000
164.83000
164.06000
175.31000
148.06000
108.32000
108.68000
178.29000
172.86000
124.68000
192.57000
111.95000
144.76000
129.54000
131.38000
191.92000
179.38000
138.53000
140.72000
133.83000
192.34000
167.27000
136.21000
153.31000
199.28000
131.39000
133.49000
165.97000
115.80000
146.51000
148.17000
187.45000
157.55000
128.25000
195.89000
133.37000
140.14000
192.25000
192.26000
119.35000
179.21000
154.12000
152.92000
06.92000
07.44000
09.26000
05.84000
09.78000
05.33000
05.86000
06.39000
06.10000
05.77000
05.37000
06.46000
09.78000
07.68000
06.69000
09.94000
09.72000
09.96000
08.73000
05.74000
09.83000
06.51000
05.39000
07.76000
09.02000
06.24000
05.59000
09.92000
06.20000
08.05000
08.22000
06.12000
05.27000
05.86000
07.20000
05.26000
05.13000
08.56000
06.43000
06.26000
09.70000
05.08000
09.82000
08.01000
07.88000
09.30000
06.26000
09.43000
08.58000
05.14000
08.53000
09.35000
08.29000
06.50000
07.37000
09.06000
07.02000
06.44000
09.78000
09.28000
09.41000
09.46000
05.94000
05.14000
05.62000
05.70000
05.98000
06.81000
05.80000
05.34000
05.08000
09.44000
05.10000
08.51000
08.38000
08.19000
08.69000
05.38000
06.04000
08.22000
06.71000
06.10000
08.22000
09.67000
09.33000
05.83000
05.07000
07.72000
06.71000
09.73000
06.76000
07.51000
08.99000
07.95000
08.43000
09.20000
06.34000
05.66000
05.24000
07.95000
06.98000
09.75000
08.32000
07.90000
09.11000
05.43000
05.76000
06.88000
05.95000
08.05000
08.62000
06.00000
08.93000
09.03000
08.31000
06.68000
09.44000
09.77000
06.24000
05.33000
08.89000
06.68000
08.82000
08.35000
08.70000
06.16000
07.45000
07.15000
05.25000
09.62000
08.53000
08.13000
09.97000
08.47000
08.48000
07.70000
09.25000
09.12000
08.70000
07.27000
09.51000
07.96000
05.59000
08.24000
07.14000
06.41000
05.57000
07.02000
08.56000
05.87000
06.06000
09.75000
09.51000
07.28000
08.56000
09.81000
06.05000
08.29000
06.06000
09.92000
08.93000
08.16000
06.23000
07.73000
05.80000
09.57000
06.71000
05.90000
09.31000
05.16000
05.17000
07.08000
07.13000
07.60000
09.26000
08.93000
06.91000
09.53000
06.64000
09.11000
06.30000
08.62000
09.96000
05.27000
07.97000
07.51000
06.89000
05.07000
09.56000
08.88000
05.06000
06.16000
08.74000
05.37000
07.15000
06.21000
08.15000
09.64000
05.81000
07.86000
