50
7
170.34000
100.47000
148.35000
152.70000
111.22000
145.69000
152.02000
106.75000
127.22000
107.04000
173.85000
141.25000
151.70000
132.31000
110.48000
161.05000
182.06000
120.88000
197.60000
197.53000
129.78000
173.68000
159.97000
158.66000
170.40000
143.18000
161.39000
178.96000
193.51000
183.45000
154.77000
169.51000
152.79000
100.11000
132.03000
167.97000
115.95000
100.32000
174.19000
188.53000
114.78000
142.83000
101.31000
171.97000
195.12000
187.94000
122.52000
135.62000
166.90000
147.52000
178.20000
105.95000
181.84000
121.69000
134.30000
108.14000
160.85000
198.62000
157.14000
121.08000
143.96000
115.30000
146.87000
175.03000
100.88000
115.23000
180.18000
164.25000
152.82000
180.98000
160.37000
197.10000
122.61000
184.19000
167.25000
145.99000
184.59000
135.54000
107.22000
197.40000
114.70000
134.80000
163.25000
101.86000
140.43000
120.77000
144.85000
123.98000
190.84000
121.35000
138.12000
192.41000
146.53000
103.47000
155.68000
149.87000
189.68000
123.14000
186.77000
103.17000
112.37000
120.84000
158.77000
173.32000
110.95000
197.40000
183.77000
180.45000
125.79000
161.50000
111.44000
185.93000
158.21000
185.15000
168.87000
181.31000
198.60000
116.95000
147.22000
109.72000
176.39000
132.05000
151.73000
115.83000
110.08000
182.14000
151.67000
195.88000
157.26000
145.50000
130.39000
147.66000
164.54000
176.96000
135.31000
120.56000
117.63000
157.93000
127.91000
165.49000
191.27000
146.35000
133.71000
184.95000
199.29000
126.76000
192.33000
182.98000
144.57000
160.23000
140.51000
194.78000
180.72000
165.10000
170.62000
196.21000
131.45000
161.95000
187.70000
101.12000
196.77000
109.61000
103.63000
157.68000
120.57000
132.05000
131.82000
103.16000
123.31000
117.32000
137.28000
113.88000
152.02000
167.49000
186.55000
155.22000
130.28000
148.75000
197.74000
131.61000
108.24000
141.32000
190.55000
136.58000
112.60000
189.47000
136.19000
102.67000
196.64000
151.57000
107.49000
151.53000
190.19000
150.03000
128.80000
143.85000
149.65000
121.31000
126.05000
129.39000
129.48000
169.90000
194.87000
184.80000
186.29000
194.44000
182.56000
150.91000
191.51000
190.81000
117.17000
164.90000
151.93000
192.77000
193.77000
142.56000
188.41000
135.61000
196.51000
176.21000
185.85000
106.20000
148.55000
184.75000
143.23000
192.97000
162.18000
163.64000
123.58000
135.90000
188.69000
134.91000
104.01000
176.55000
168.48000
197.13000
125.67000
108.03000
180.98000
175.45000
143.80000
125.03000
194.71000
171.58000
177.67000
173.78000
117.23000
113.80000
160.65000
102.08000
101.20000
183.21000
120.92000
155.22000
185.03000
108.65000
190.48000
100.06000
195.23000
146.27000
122.98000
191.53000
192.86000
199.73000
174.06000
171.57000
165.58000
186.76000
100.88000
171.20000
177.60000
189.16000
112.19000
160.48000
119.68000
102.76000
118.29000
198.54000
159.16000
187.48000
181.04000
183.57000
189.95000
117.29000
163.88000
102.83000
182.49000
130.24000
181.78000
182.64000
133.80000
178.41000
151.31000
138.38000
117.48000
177.98000
140.59000
124.49000
133.67000
159.17000
135.86000
188.15000
194.19000
176.78000
143.41000
158.36000
143.52000
129.44000
103.80000
128.86000
125.05000
142.42000
166.77000
132.59000
139.33000
193.20000
121.16000
129.09000
100.95000
160.84000
144.83000
154.43000
188.56000
175.95000
154.73000
171.27000
194.91000
170.72000
156.87000
118.80000
176.77000
128.88000
196.32000
162.82000
105.00000
135.73000
107.21000
145.64000
114.50000
128.15000
162.72000
136.16000
154.25000
144.55000
125.12000
179.85000
137.29000
174.93000
195.73000
148.72000
08.97000
07.21000
09.55000
05.45000
08.36000
08.38000
07.37000
05.34000
09.05000
09.09000
08.79000
08.87000
08.55000
09.66000
06.81000
07.80000
09.74000
07.69000
08.60000
09.93000
08.41000
05.54000
07.92000
06.57000
05.73000
07.84000
07.72000
05.04000
05.74000
08.98000
07.54000
06.17000
07.91000
05.61000
06.12000
06.82000
09.58000
09.16000
08.79000
07.35000
08.47000
08.31000
05.04000
09.16000
05.22000
06.53000
06.01000
07.14000
05.83000
09.54000
07.37000
06.78000
09.83000
06.62000
08.59000
08.06000
08.28000
07.04000
08.00000
05.31000
08.07000
07.83000
08.09000
06.48000
06.24000
09.96000
09.84000
09.94000
07.11000
08.54000
05.26000
06.93000
09.75000
05.33000
09.88000
09.10000
05.52000
06.23000
05.24000
05.97000
05.52000
08.77000
06.39000
07.45000
08.14000
09.63000
09.41000
06.37000
06.50000
07.13000
08.88000
05.92000
06.03000
08.72000
05.42000
07.19000
06.88000
08.51000
08.13000
06.66000
09.68000
09.32000
07.32000
08.75000
06.62000
07.31000
06.27000
05.33000
09.94000
05.38000
07.40000
09.10000
06.96000
05.22000
09.15000
08.85000
06.61000
07.04000
05.33000
05.59000
06.99000
07.07000
07.67000
05.13000
07.80000
05.05000
08.27000
05.53000
07.92000
06.75000
07.14000
09.63000
07.85000
06.43000
09.65000
07.51000
07.23000
09.39000
09.08000
09.04000
07.37000
09.43000
09.12000
06.34000
08.67000
06.38000
06.31000
06.31000
08.22000
08.58000
08.60000
07.42000
06.49000
05.14000
09.61000
07.52000
08.21000
09.41000
07.04000
05.93000
05.94000
08.64000
06.59000
07.93000
05.60000
06.72000
08.76000
05.41000
06.62000
07.97000
06.28000
09.43000
09.45000
09.55000
06.69000
07.69000
08.05000
09.05000
09.77000
07.02000
07.40000
06.93000
05.05000
05.89000
05.99000
09.05000
09.37000
06.92000
08.33000
09.15000
09.29000
09.37000
07.45000
06.38000
08.66000
06.62000
07.39000
07.77000
06.09000
08.72000
09.76000
05.11000
07.82000
09.85000
06.05000
09.31000
08.58000
09.10000
05.16000
07.18000
06.13000
09.37000
08.56000
06.17000
08.71000
05.80000
05.64000
08.49000
06.20000
07.03000
06.15000
08.59000
07.62000
07.73000
07.74000
05.72000
08.63000
06.08000
08.47000
06.37000
09.03000
06.27000
09.27000
06.83000
05.27000
06.03000
06.45000
05.61000
07.94000
09.07000
09.25000
06.02000
09.24000
07.65000
07.26000
08.61000
05.56000
05.01000
07.99000
08.73000
05.87000
05.01000
06.19000
09.49000
06.60000
07.10000
05.98000
05.28000
09.08000
07.44000
05.78000
07.89000
06.65000
07.98000
09.75000
08.55000
08.66000
08.57000
06.81000
05.09000
07.98000
09.43000
08.14000
09.52000
08.49000
08.68000
09.72000
05.46000
07.59000
09.85000
09.74000
05.68000
08.71000
09.33000
06.21000
09.60000
08.76000
08.92000
09.37000
05.76000
05.70000
08.30000
09.25000
09.36000
05.98000
07.55000
08.11000
09.73000
07.10000
09.64000
08.66000
07.57000
06.98000
09.36000
07.31000
05.19000
06.58000
09.03000
09.35000
08.47000
06.43000
09.10000
09.83000
09.97000
08.94000
05.46000
07.93000
08.26000
09.43000
08.73000
09.47000
05.42000
08.60000
06.85000
09.39000
09.56000
05.04000
07.46000
09.31000
07.30000
07.73000
05.52000
09.97000
06.28000
08.54000
05.73000
08.73000
07.63000
09.74000
05.06000
07.13000
08.53000
06.48000
05.25000
08.32000
09.66000
09.31000
05.29000
09.62000
07.72000
