50
10
92.88000
24.85000
97.19000
81.76000
28.15000
42.53000
91.16000
26.72000
35.30000
19.28000
93.80000
19.11000
43.57000
88.51000
46.70000
6.71000
6.94000
12.38000
15.22000
61.09000
3.14000
72.83000
89.46000
80.52000
35.64000
81.50000
87.29000
87.04000
33.69000
72.83000
49.30000
28.47000
50.26000
6.98000
40.85000
75.32000
64.07000
66.86000
53.06000
26.90000
78.62000
64.16000
2.76000
4.26000
23.13000
33.27000
29.57000
54.18000
49.58000
33.38000
11.76000
62.86000
81.91000
57.33000
2.45000
43.56000
37.94000
8.45000
9.00000
14.70000
34.78000
52.30000
87.49000
88.03000
41.88000
16.00000
21.74000
4.07000
53.43000
48.44000
16.33000
23.08000
88.38000
26.27000
3.57000
34.07000
91.43000
48.86000
39.55000
49.81000
32.04000
42.37000
7.08000
8.80000
3.39000
56.66000
11.74000
72.30000
24.45000
67.38000
84.86000
30.34000
39.90000
74.92000
84.51000
93.66000
19.20000
5.41000
91.51000
2.79000
79.89000
76.06000
4.05000
19.82000
7.93000
78.13000
96.61000
34.09000
41.59000
55.98000
24.29000
53.74000
91.55000
25.48000
7.13000
7.99000
93.22000
27.23000
91.93000
48.82000
6.78000
27.58000
53.22000
55.97000
15.13000
17.64000
86.31000
32.91000
28.96000
13.27000
15.23000
7.87000
82.67000
55.06000
84.77000
33.84000
37.43000
10.38000
69.49000
89.54000
76.17000
68.34000
65.66000
79.46000
10.55000
46.78000
95.35000
31.83000
72.99000
85.31000
7.43000
55.52000
87.91000
85.02000
59.88000
72.00000
68.05000
44.32000
35.87000
31.44000
12.13000
14.84000
22.40000
76.55000
19.55000
52.65000
32.24000
77.77000
16.44000
40.58000
3.90000
29.31000
52.68000
84.21000
98.63000
49.10000
4.91000
16.85000
7.45000
81.86000
71.52000
92.59000
40.13000
97.03000
79.64000
95.24000
36.17000
88.81000
79.17000
31.38000
57.84000
76.14000
45.73000
31.34000
93.15000
3.74000
78.72000
52.18000
55.86000
39.04000
64.22000
52.51000
33.34000
90.41000
6.70000
82.69000
98.44000
82.37000
15.85000
57.42000
98.91000
39.20000
82.77000
73.01000
38.24000
69.56000
25.32000
52.49000
43.66000
9.86000
82.10000
42.66000
69.15000
18.28000
21.47000
16.06000
93.43000
79.74000
32.54000
68.99000
20.99000
5.90000
32.15000
25.49000
78.06000
29.18000
60.92000
31.35000
20.62000
10.75000
85.20000
59.11000
25.39000
34.53000
96.09000
7.07000
95.87000
11.18000
10.46000
95.26000
75.59000
28.91000
30.18000
3.85000
38.43000
29.18000
38.51000
87.17000
69.14000
87.36000
22.10000
15.13000
87.68000
80.10000
12.26000
72.74000
38.75000
7.78000
65.09000
74.77000
89.78000
93.54000
63.39000
58.73000
36.99000
90.26000
13.74000
86.88000
97.32000
72.59000
46.47000
48.22000
17.47000
40.90000
19.65000
54.53000
63.89000
20.33000
14.11000
44.31000
32.78000
60.78000
36.42000
79.83000
42.09000
38.87000
18.90000
50.10000
36.51000
54.00000
86.00000
94.62000
86.95000
38.92000
17.05000
31.50000
12.85000
11.69000
26.84000
56.50000
74.93000
34.10000
87.94000
49.36000
60.11000
97.28000
98.62000
13.56000
77.05000
19.07000
80.93000
76.33000
61.18000
38.07000
81.66000
92.66000
71.65000
21.65000
73.36000
41.26000
93.40000
59.90000
53.32000
24.63000
37.08000
69.69000
43.58000
71.00000
36.12000
91.62000
90.94000
35.33000
50.68000
92.05000
68.93000
94.37000
65.69000
62.07000
73.86000
53.59000
94.97000
71.10000
28.20000
9.55000
81.72000
2.01000
98.58000
96.46000
47.12000
94.96000
70.46000
98.10000
41.03000
59.52000
6.08000
33.42000
39.12000
26.03000
91.47000
45.13000
41.75000
50.55000
42.38000
3.66000
74.07000
15.90000
94.32000
2.23000
86.96000
27.67000
12.57000
59.78000
56.06000
18.18000
82.12000
22.01000
80.76000
43.49000
18.75000
56.37000
87.19000
85.45000
57.96000
58.06000
26.24000
51.61000
64.02000
46.03000
71.55000
72.30000
56.34000
17.27000
64.57000
55.54000
57.18000
26.00000
7.53000
63.66000
26.66000
69.97000
16.77000
59.27000
17.75000
10.35000
58.64000
14.91000
9.18000
30.07000
25.26000
26.87000
4.44000
39.78000
31.47000
18.19000
31.76000
73.92000
18.89000
35.68000
45.11000
92.63000
52.86000
51.86000
23.23000
80.86000
25.49000
64.04000
68.59000
48.25000
51.65000
94.25000
11.44000
29.24000
72.92000
90.30000
3.74000
82.98000
55.68000
24.72000
24.22000
95.39000
69.73000
13.46000
82.44000
44.32000
69.01000
24.88000
86.70000
81.27000
45.86000
19.40000
56.36000
67.47000
81.12000
34.51000
84.61000
52.81000
82.35000
33.48000
91.40000
12.92000
80.88000
4.33000
21.44000
47.19000
33.78000
58.81000
42.17000
81.76000
21.88000
36.43000
48.78000
67.51000
51.76000
98.46000
60.24000
79.07000
55.73000
34.91000
21.24000
17.85000
89.86000
56.55000
99.23000
7.97000
37.00000
2.87000
90.40000
99.31000
2.70000
35.15000
01.61000
02.89000
02.55000
04.48000
02.93000
01.28000
03.87000
04.81000
01.79000
02.89000
02.40000
01.64000
02.76000
03.53000
01.21000
01.31000
03.42000
04.04000
04.37000
03.13000
02.35000
02.25000
04.97000
03.43000
03.14000
04.99000
01.08000
03.55000
02.35000
04.07000
03.78000
01.81000
01.56000
04.34000
01.16000
01.54000
03.36000
03.61000
02.27000
03.07000
03.32000
04.73000
01.22000
03.72000
02.02000
03.51000
01.07000
01.83000
01.03000
04.78000
04.15000
01.25000
04.75000
02.30000
02.54000
04.40000
03.45000
03.16000
03.24000
04.97000
01.47000
01.04000
03.48000
01.40000
02.48000
04.88000
01.46000
01.14000
03.21000
04.64000
04.37000
04.65000
01.36000
03.27000
04.42000
01.39000
03.61000
04.72000
02.81000
01.80000
01.69000
01.95000
01.75000
01.33000
04.29000
04.91000
04.44000
04.45000
01.12000
04.55000
03.08000
04.61000
02.88000
04.83000
02.88000
04.25000
01.27000
02.70000
02.03000
02.83000
03.26000
03.34000
02.32000
01.55000
03.27000
02.43000
03.51000
02.29000
04.73000
02.72000
02.93000
04.63000
02.45000
02.26000
01.92000
01.15000
04.29000
04.15000
02.81000
01.42000
03.05000
04.45000
04.91000
04.03000
04.57000
04.25000
04.56000
04.55000
03.68000
01.63000
03.08000
03.55000
04.21000
03.66000
02.81000
02.63000
02.97000
02.43000
03.08000
04.35000
01.81000
03.00000
04.20000
04.29000
03.55000
03.46000
03.51000
03.04000
04.02000
02.89000
03.35000
04.02000
02.35000
02.98000
02.56000
04.15000
04.45000
02.16000
03.29000
03.45000
03.17000
04.24000
02.99000
04.61000
02.46000
02.41000
04.11000
03.34000
03.28000
02.88000
02.12000
04.34000
03.58000
04.84000
01.45000
01.32000
02.31000
04.51000
03.57000
04.98000
03.43000
03.09000
02.92000
03.02000
03.89000
02.77000
02.97000
04.14000
01.63000
02.76000
04.16000
02.06000
03.63000
03.27000
03.94000
03.46000
01.82000
01.50000
04.78000
04.06000
03.25000
01.11000
01.76000
03.32000
04.32000
04.61000
03.10000
04.57000
03.56000
01.09000
02.51000
04.34000
02.05000
02.86000
03.59000
01.45000
01.86000
03.25000
02.90000
03.72000
02.07000
04.61000
02.04000
03.98000
02.77000
02.24000
03.57000
04.07000
01.03000
04.48000
03.07000
02.80000
02.92000
04.67000
01.12000
04.02000
03.53000
01.12000
03.31000
04.54000
02.94000
01.16000
04.20000
02.19000
02.21000
01.13000
03.38000
03.81000
03.44000
02.35000
03.91000
03.51000
02.32000
03.74000
03.29000
03.92000
04.32000
04.21000
02.70000
01.56000
01.56000
03.76000
03.83000
03.38000
02.26000
03.84000
01.39000
01.34000
03.61000
02.91000
03.08000
04.39000
03.82000
04.42000
01.61000
02.48000
02.09000
04.83000
02.68000
02.56000
02.63000
01.58000
04.99000
04.59000
02.63000
01.13000
04.24000
01.53000
04.31000
02.93000
01.14000
03.32000
02.86000
03.45000
01.39000
04.91000
02.48000
04.12000
03.69000
02.27000
01.97000
04.44000
02.03000
01.90000
04.24000
04.07000
02.04000
04.30000
03.21000
03.26000
03.80000
02.93000
02.21000
04.60000
01.14000
02.87000
01.58000
03.66000
04.87000
02.19000
02.63000
01.02000
02.83000
03.99000
03.71000
02.26000
03.84000
04.33000
04.12000
01.97000
01.74000
04.29000
04.21000
03.71000
03.35000
01.95000
01.30000
04.06000
04.51000
04.39000
01.72000
04.60000
02.03000
03.68000
04.80000
03.92000
01.74000
04.92000
02.86000
01.59000
03.77000
04.31000
01.43000
04.12000
02.57000
04.44000
04.21000
01.46000
04.20000
01.18000
03.19000
01.39000
02.63000
01.73000
02.81000
01.61000
04.80000
02.29000
04.52000
04.82000
02.68000
04.07000
02.79000
02.73000
01.20000
01.28000
01.06000
04.03000
02.33000
01.10000
03.79000
02.43000
01.02000
03.76000
04.42000
04.64000
01.21000
02.44000
01.42000
02.35000
03.88000
03.36000
02.23000
04.28000
02.95000
01.72000
03.32000
04.11000
01.40000
01.71000
03.44000
01.02000
04.52000
03.49000
02.06000
01.74000
01.28000
01.42000
02.73000
04.45000
04.26000
03.11000
03.03000
01.96000
01.53000
03.89000
01.54000
04.11000
02.17000
04.11000
01.84000
01.71000
04.27000
01.07000
04.50000
02.61000
02.89000
01.11000
03.11000
03.63000
02.12000
03.56000
04.23000
02.59000
03.04000
04.74000
03.45000
02.33000
03.71000
01.99000
01.36000
02.67000
03.23000
01.63000
03.51000
04.44000
01.67000
02.99000
04.50000
01.47000
01.68000
02.10000
02.86000
02.36000
02.27000
04.78000
02.97000
04.07000
01.83000
01.76000
03.53000
04.19000
02.56000
04.50000
01.23000
04.66000
03.66000
01.44000
01.79000
04.43000
01.35000
02.04000
03.90000
03.47000
04.81000
04.75000
03.26000
02.72000
04.25000
01.03000
04.59000
04.14000
02.89000
03.33000
01.58000
02.68000
04.91000
01.10000
04.94000
02.29000
03.53000
04.79000
02.36000
03.93000
04.94000
01.86000
02.56000
01.55000
04.35000
04.77000
