50
10
142.52000
130.50000
130.70000
162.85000
105.39000
121.98000
113.12000
192.69000
189.49000
173.86000
109.17000
128.43000
135.86000
133.41000
172.36000
129.86000
110.51000
172.90000
181.21000
181.73000
104.45000
189.60000
139.24000
193.82000
133.70000
105.76000
174.97000
100.88000
139.27000
168.66000
141.90000
162.68000
187.18000
150.56000
118.55000
163.99000
168.45000
148.73000
108.44000
114.58000
199.09000
185.42000
140.08000
149.20000
120.12000
107.92000
167.00000
127.63000
197.55000
188.48000
171.25000
178.51000
112.18000
112.36000
147.35000
152.77000
195.56000
163.08000
177.17000
133.19000
164.10000
129.54000
129.85000
145.15000
199.45000
149.61000
199.52000
139.06000
108.24000
186.20000
105.33000
190.30000
122.11000
127.18000
191.42000
199.25000
197.70000
185.46000
126.93000
191.32000
116.67000
198.92000
106.01000
116.89000
185.63000
130.45000
147.78000
151.36000
136.25000
167.94000
196.40000
195.10000
125.15000
124.29000
121.00000
173.52000
133.98000
137.38000
115.72000
137.01000
140.09000
144.74000
134.74000
133.43000
118.16000
171.86000
159.56000
130.00000
142.18000
116.90000
113.34000
130.64000
134.42000
108.38000
130.85000
176.35000
142.14000
199.82000
171.85000
133.15000
137.62000
169.74000
121.12000
192.05000
118.11000
121.64000
188.40000
169.08000
105.88000
184.04000
108.47000
105.25000
148.19000
110.47000
141.10000
166.56000
117.33000
179.43000
171.05000
144.05000
110.53000
194.44000
108.09000
153.72000
150.09000
184.02000
186.97000
136.58000
183.25000
101.68000
102.17000
197.74000
190.37000
152.65000
143.24000
170.89000
183.49000
182.19000
160.39000
167.86000
199.77000
110.76000
154.02000
145.32000
152.09000
107.51000
149.51000
184.88000
178.34000
166.56000
197.24000
193.21000
141.42000
107.06000
172.63000
101.93000
129.20000
173.16000
176.04000
167.69000
154.59000
133.99000
132.88000
172.12000
155.48000
183.69000
193.53000
121.88000
194.75000
141.41000
133.39000
148.59000
160.29000
151.28000
152.85000
108.90000
165.01000
182.45000
177.29000
184.46000
193.36000
137.39000
114.99000
142.18000
109.31000
157.59000
180.68000
151.23000
172.49000
154.80000
117.22000
114.04000
186.40000
138.78000
140.63000
152.89000
179.57000
144.31000
191.93000
115.03000
105.51000
131.13000
137.14000
172.74000
142.73000
184.03000
167.26000
123.27000
194.75000
112.77000
198.31000
188.90000
190.09000
152.10000
171.32000
116.89000
182.27000
161.81000
152.29000
179.50000
149.79000
126.64000
132.24000
174.00000
196.17000
156.38000
127.19000
122.66000
149.94000
185.78000
156.99000
107.78000
102.14000
146.75000
117.16000
146.83000
141.17000
116.66000
164.84000
141.45000
180.41000
132.96000
131.67000
179.53000
163.99000
196.04000
174.28000
173.96000
161.04000
131.30000
174.32000
162.64000
165.73000
189.12000
138.43000
108.45000
197.17000
144.90000
198.25000
199.29000
199.53000
199.02000
110.42000
148.04000
141.92000
176.88000
156.58000
192.61000
118.51000
128.87000
143.37000
195.86000
148.41000
130.37000
102.43000
145.71000
175.79000
181.78000
190.41000
155.04000
165.73000
113.74000
126.47000
126.66000
156.70000
180.18000
108.43000
152.11000
197.73000
109.27000
154.71000
157.59000
173.58000
192.03000
162.57000
146.63000
194.01000
144.47000
154.27000
147.73000
193.80000
107.61000
177.08000
114.41000
132.70000
147.47000
103.27000
125.20000
195.48000
155.06000
130.10000
183.59000
191.92000
146.39000
179.83000
118.12000
156.77000
162.49000
199.74000
182.29000
149.80000
169.36000
162.08000
154.62000
155.77000
158.03000
164.13000
138.62000
184.46000
144.50000
118.91000
168.87000
155.10000
144.94000
182.39000
102.16000
168.78000
140.59000
158.86000
161.83000
123.77000
119.05000
111.21000
167.00000
195.46000
111.98000
127.35000
161.84000
184.25000
176.00000
120.14000
115.46000
115.53000
192.77000
127.50000
122.03000
139.69000
168.91000
112.30000
100.66000
132.11000
136.08000
162.44000
195.52000
193.19000
150.91000
190.81000
175.74000
148.32000
195.04000
135.30000
135.45000
147.89000
175.12000
158.80000
193.80000
167.29000
122.78000
149.20000
194.93000
118.37000
128.43000
150.06000
151.81000
192.19000
146.21000
156.92000
112.05000
145.47000
163.84000
198.12000
180.15000
144.22000
153.60000
152.17000
140.89000
179.44000
112.75000
122.57000
104.02000
167.16000
163.56000
137.86000
104.32000
148.39000
153.29000
151.54000
101.55000
189.15000
154.21000
142.14000
180.47000
180.46000
163.58000
113.15000
150.86000
138.32000
103.67000
193.11000
147.47000
103.76000
121.75000
135.53000
130.07000
142.78000
190.07000
118.92000
183.44000
146.42000
105.91000
150.89000
185.09000
189.77000
144.46000
138.21000
108.55000
105.65000
181.30000
103.06000
193.25000
193.02000
151.45000
139.61000
189.57000
158.52000
117.80000
166.98000
172.91000
133.79000
168.23000
129.31000
143.66000
175.48000
115.64000
195.76000
127.21000
165.21000
197.93000
160.45000
173.94000
109.65000
177.97000
142.53000
159.26000
140.41000
143.66000
186.15000
183.55000
114.15000
107.89000
160.43000
172.20000
112.51000
108.56000
159.52000
175.60000
142.12000
108.55000
102.56000
169.15000
01.23000
04.73000
02.66000
04.90000
02.28000
03.42000
04.50000
04.10000
03.04000
01.10000
02.94000
04.85000
02.57000
04.11000
03.58000
03.96000
04.96000
03.79000
04.99000
03.27000
03.28000
04.44000
02.75000
01.61000
03.62000
03.41000
01.44000
02.80000
01.05000
03.02000
02.63000
03.67000
03.65000
02.61000
04.90000
02.04000
04.49000
02.49000
03.84000
04.76000
01.67000
03.99000
04.01000
03.64000
02.24000
01.45000
03.01000
03.51000
02.30000
02.20000
03.13000
02.83000
02.37000
03.21000
03.37000
04.86000
01.87000
02.18000
01.43000
02.40000
03.40000
03.53000
04.98000
04.40000
01.16000
02.68000
02.75000
04.83000
02.36000
04.11000
04.43000
02.62000
03.20000
01.26000
04.73000
01.74000
04.89000
04.58000
03.35000
03.13000
01.61000
01.53000
04.99000
04.75000
04.59000
04.57000
03.35000
01.56000
02.02000
03.13000
01.15000
01.50000
03.11000
03.69000
02.08000
01.53000
02.05000
01.68000
02.84000
03.60000
04.00000
02.58000
02.07000
03.90000
03.04000
01.80000
04.62000
01.91000
02.82000
01.12000
01.95000
01.68000
04.66000
01.12000
01.89000
02.29000
02.89000
03.36000
01.25000
03.82000
04.85000
02.45000
01.88000
03.35000
02.85000
01.94000
02.59000
02.95000
02.23000
02.43000
03.21000
01.71000
01.31000
01.48000
04.58000
03.70000
03.42000
01.67000
04.53000
02.00000
04.90000
02.60000
01.87000
02.69000
03.06000
04.82000
04.43000
04.84000
04.24000
01.92000
03.75000
02.56000
01.98000
03.56000
02.51000
04.03000
04.62000
02.40000
04.40000
02.90000
04.74000
01.60000
01.35000
04.36000
04.77000
04.87000
02.34000
02.61000
04.19000
04.91000
01.30000
04.87000
03.44000
03.43000
01.19000
03.33000
03.97000
03.13000
01.98000
03.19000
04.24000
03.70000
04.60000
02.66000
03.70000
01.87000
03.01000
04.95000
02.80000
03.32000
04.17000
02.24000
03.00000
02.77000
04.02000
03.76000
02.76000
03.91000
03.53000
03.70000
02.61000
03.79000
03.34000
03.58000
01.91000
01.65000
03.81000
03.90000
01.81000
04.52000
02.02000
04.02000
01.86000
03.23000
04.06000
01.27000
02.65000
01.60000
05.00000
01.98000
01.76000
04.47000
04.92000
01.46000
01.77000
01.66000
04.90000
04.06000
02.25000
03.99000
03.02000
03.09000
03.78000
03.31000
02.36000
04.89000
03.94000
04.43000
02.99000
04.79000
01.31000
01.18000
02.00000
03.11000
03.47000
04.40000
01.45000
01.18000
02.99000
01.91000
04.15000
02.28000
04.70000
04.85000
03.93000
04.16000
03.14000
01.16000
01.46000
03.62000
01.81000
04.14000
04.95000
02.12000
03.41000
01.76000
03.59000
02.10000
03.65000
02.97000
03.59000
03.03000
03.21000
01.73000
04.15000
01.35000
03.82000
04.97000
01.47000
02.51000
04.16000
04.67000
04.77000
04.98000
03.96000
01.77000
04.23000
04.20000
03.89000
02.22000
03.07000
04.62000
01.68000
04.98000
01.49000
03.71000
04.03000
02.01000
04.68000
03.90000
02.68000
04.97000
01.13000
04.69000
02.80000
04.09000
03.46000
03.86000
03.16000
01.95000
04.31000
03.67000
01.60000
03.62000
04.03000
03.71000
04.93000
03.17000
03.94000
04.55000
04.99000
03.69000
02.36000
03.77000
02.61000
01.26000
02.63000
03.95000
03.61000
04.95000
01.07000
04.66000
02.82000
04.83000
03.01000
02.49000
04.08000
04.00000
02.78000
03.02000
04.20000
02.52000
03.71000
04.81000
01.02000
01.48000
02.12000
03.45000
01.36000
02.95000
01.58000
02.01000
04.86000
04.29000
01.28000
01.90000
04.66000
04.82000
03.67000
02.87000
03.76000
03.66000
01.20000
02.63000
01.09000
01.01000
03.33000
03.87000
04.63000
02.08000
04.51000
02.32000
03.32000
01.08000
04.20000
02.66000
03.11000
01.19000
02.84000
02.60000
02.96000
02.64000
01.89000
04.85000
02.82000
02.61000
03.80000
01.10000
03.65000
03.32000
04.03000
04.06000
03.39000
03.96000
03.02000
03.44000
01.01000
04.75000
02.24000
01.93000
02.15000
04.81000
02.98000
04.68000
03.13000
01.59000
03.13000
01.49000
04.84000
04.63000
01.41000
03.60000
03.34000
01.27000
04.40000
04.85000
03.71000
03.84000
03.67000
04.06000
04.03000
01.65000
03.81000
01.06000
03.38000
01.04000
02.39000
04.67000
01.83000
01.34000
01.99000
04.74000
04.48000
02.88000
02.19000
04.08000
01.38000
02.98000
03.57000
02.52000
03.63000
03.97000
03.70000
04.89000
03.29000
01.18000
01.17000
01.02000
01.45000
02.94000
03.75000
04.53000
04.87000
01.47000
01.90000
03.90000
03.71000
01.36000
02.99000
04.18000
02.23000
01.51000
03.74000
03.31000
03.63000
02.37000
01.83000
04.25000
04.10000
01.38000
03.98000
02.96000
04.85000
01.01000
01.89000
04.37000
04.08000
04.70000
04.25000
02.45000
01.01000
04.91000
04.78000
04.16000
03.82000
03.09000
02.18000
01.43000
01.72000
01.70000
04.14000
03.24000
04.92000
04.19000
03.38000
03.52000
04.63000
03.01000
01.59000
01.24000
