50
10
82.18000
82.53000
18.73000
42.84000
72.70000
90.44000
69.75000
26.99000
96.93000
39.33000
57.22000
55.95000
16.02000
93.55000
52.66000
9.47000
12.89000
46.22000
53.38000
89.01000
97.22000
12.19000
81.42000
25.81000
6.42000
32.07000
84.57000
70.85000
96.66000
72.20000
35.38000
4.85000
55.85000
24.70000
30.13000
29.31000
91.67000
4.42000
90.87000
73.45000
40.53000
51.97000
66.39000
91.25000
60.61000
34.70000
28.25000
61.44000
37.81000
42.72000
67.82000
48.44000
49.46000
16.52000
63.95000
92.70000
27.03000
75.92000
29.24000
63.69000
88.42000
6.54000
1.21000
54.59000
85.53000
12.97000
42.12000
84.37000
92.99000
27.53000
40.98000
97.72000
12.19000
7.28000
10.55000
64.09000
66.26000
33.07000
87.34000
76.68000
8.09000
12.45000
36.62000
55.43000
11.32000
75.75000
44.40000
44.06000
76.34000
81.06000
24.43000
12.00000
30.27000
10.18000
14.24000
52.45000
22.02000
67.71000
76.08000
85.38000
75.25000
93.60000
33.46000
61.32000
80.03000
52.07000
50.64000
38.43000
67.17000
6.92000
92.15000
7.48000
77.28000
4.95000
12.95000
27.62000
76.71000
18.69000
88.79000
83.79000
56.57000
45.45000
26.14000
86.64000
32.72000
8.25000
51.23000
70.59000
45.75000
52.90000
19.05000
94.82000
62.03000
52.94000
7.32000
45.24000
72.66000
5.66000
19.52000
30.52000
93.50000
32.10000
83.89000
85.08000
66.14000
80.06000
55.40000
70.08000
55.96000
23.09000
35.26000
54.87000
77.32000
78.89000
39.03000
78.08000
25.65000
3.78000
44.94000
31.60000
56.74000
16.96000
22.43000
39.56000
53.42000
56.92000
64.69000
52.84000
22.26000
86.92000
91.69000
47.07000
93.59000
94.99000
48.12000
22.66000
26.49000
93.88000
2.43000
4.73000
99.76000
22.10000
47.82000
43.17000
23.00000
40.92000
5.23000
14.61000
25.51000
39.34000
17.37000
18.46000
64.39000
30.13000
53.69000
79.83000
22.45000
50.80000
9.38000
50.61000
50.62000
6.10000
34.38000
82.77000
28.31000
25.77000
88.52000
89.99000
87.06000
74.01000
58.40000
62.56000
50.93000
80.06000
77.45000
41.08000
65.70000
96.89000
6.84000
90.91000
4.93000
4.24000
29.48000
5.15000
63.90000
3.58000
56.04000
96.66000
66.66000
24.16000
21.94000
10.04000
60.00000
19.94000
85.35000
8.65000
16.46000
68.65000
33.19000
83.60000
32.33000
74.79000
73.11000
52.73000
30.67000
66.58000
41.55000
55.66000
58.25000
96.99000
51.53000
38.20000
15.66000
66.63000
37.25000
95.50000
27.40000
42.88000
22.50000
75.86000
35.75000
66.11000
7.66000
35.34000
53.49000
6.79000
17.86000
54.76000
19.13000
57.10000
3.99000
41.71000
93.92000
38.01000
40.70000
27.50000
67.89000
92.21000
29.36000
68.21000
52.78000
90.14000
94.11000
46.67000
86.12000
26.02000
86.85000
68.45000
32.16000
17.78000
82.20000
65.86000
76.92000
10.12000
80.55000
95.00000
35.15000
71.50000
8.05000
38.68000
60.93000
61.10000
37.96000
5.80000
27.78000
93.65000
22.33000
82.22000
52.21000
89.51000
38.18000
49.44000
38.69000
58.35000
2.36000
28.51000
15.47000
34.60000
54.48000
66.22000
35.52000
77.42000
61.89000
36.12000
77.57000
72.72000
15.69000
34.50000
46.09000
30.18000
30.75000
83.40000
68.33000
83.21000
48.67000
31.61000
98.27000
92.99000
35.80000
49.68000
15.62000
44.43000
82.25000
35.90000
21.88000
46.19000
5.87000
12.31000
46.27000
33.70000
8.61000
2.28000
25.06000
69.66000
73.18000
5.33000
80.31000
3.49000
24.84000
37.11000
84.71000
6.45000
92.91000
85.61000
81.96000
78.94000
36.46000
64.61000
41.52000
48.08000
35.32000
11.61000
56.57000
62.76000
96.05000
87.88000
47.07000
98.61000
52.00000
83.42000
56.73000
57.04000
58.22000
11.01000
54.97000
62.17000
96.54000
7.15000
36.02000
64.88000
74.55000
35.10000
18.81000
40.82000
23.55000
82.88000
47.05000
89.38000
98.64000
64.24000
37.46000
8.62000
16.66000
57.83000
24.05000
1.47000
98.75000
3.15000
46.28000
17.67000
82.09000
38.52000
89.05000
48.34000
62.96000
68.44000
63.04000
10.32000
63.43000
22.14000
2.67000
43.22000
31.26000
51.59000
66.11000
14.40000
38.02000
36.52000
40.26000
13.96000
80.99000
79.42000
33.81000
57.76000
83.22000
10.52000
81.16000
87.40000
91.49000
80.79000
43.49000
69.24000
78.36000
70.97000
4.72000
93.38000
41.11000
83.53000
73.50000
76.68000
92.50000
85.64000
68.19000
68.13000
65.60000
6.81000
40.71000
87.38000
25.27000
2.05000
77.33000
88.08000
33.76000
90.29000
54.70000
2.55000
79.10000
18.25000
72.20000
84.86000
75.04000
52.37000
55.96000
19.83000
59.09000
87.85000
55.87000
12.05000
93.52000
44.63000
47.57000
92.83000
67.34000
65.43000
31.45000
21.25000
92.31000
20.68000
32.64000
76.13000
7.94000
3.58000
2.02000
66.05000
74.49000
33.10000
14.24000
22.33000
81.98000
53.92000
05.48000
09.16000
08.36000
05.35000
07.90000
09.02000
08.01000
07.72000
08.02000
05.64000
05.11000
06.11000
06.89000
09.10000
08.82000
08.74000
06.78000
05.77000
09.53000
05.09000
06.23000
08.24000
08.92000
05.88000
05.03000
05.35000
09.89000
08.09000
09.22000
07.20000
06.61000
09.93000
06.07000
05.15000
09.48000
05.88000
09.12000
06.78000
05.17000
06.65000
08.17000
05.95000
06.57000
09.24000
09.23000
07.75000
07.87000
06.84000
09.60000
08.53000
05.78000
09.80000
07.93000
06.24000
05.20000
07.63000
07.82000
06.93000
09.60000
06.87000
05.32000
07.45000
08.30000
08.41000
07.87000
06.79000
06.88000
09.37000
09.17000
05.21000
07.13000
08.14000
09.15000
09.22000
07.14000
09.33000
09.01000
06.57000
06.21000
08.83000
06.19000
06.26000
09.92000
08.78000
09.38000
08.55000
05.07000
07.54000
08.52000
09.94000
09.74000
09.74000
09.80000
08.18000
08.24000
06.27000
05.66000
07.29000
06.15000
09.26000
08.99000
08.47000
09.72000
07.80000
07.76000
05.59000
05.52000
08.50000
07.02000
06.07000
05.44000
08.23000
05.61000
07.82000
06.47000
08.04000
08.63000
10.00000
06.82000
05.20000
07.43000
08.02000
05.97000
08.25000
09.60000
08.54000
09.63000
06.97000
09.00000
09.48000
09.78000
07.41000
05.72000
09.99000
09.65000
06.84000
06.10000
05.47000
08.71000
08.80000
07.75000
07.61000
07.67000
08.08000
09.52000
09.29000
08.51000
05.71000
06.50000
09.68000
05.32000
05.26000
08.52000
06.54000
05.23000
09.16000
06.98000
08.00000
05.12000
08.95000
08.21000
06.40000
09.63000
05.79000
09.97000
06.06000
09.63000
07.15000
06.26000
07.53000
07.27000
06.69000
07.33000
07.64000
05.90000
09.38000
09.69000
09.45000
05.18000
06.40000
06.10000
07.29000
05.96000
05.19000
05.54000
06.71000
05.39000
09.44000
08.29000
09.53000
06.83000
09.10000
05.84000
08.82000
09.93000
05.36000
05.95000
08.90000
05.55000
05.65000
06.76000
07.12000
05.37000
09.82000
09.40000
05.98000
07.84000
09.47000
07.57000
08.32000
05.88000
07.19000
07.94000
09.87000
09.29000
06.81000
08.40000
07.60000
09.10000
08.45000
08.12000
09.73000
07.59000
08.44000
07.51000
05.73000
08.29000
09.39000
08.23000
06.33000
06.00000
05.13000
08.19000
08.50000
06.75000
05.78000
06.55000
05.46000
07.82000
07.67000
08.72000
06.68000
07.76000
08.40000
06.36000
07.89000
06.33000
06.83000
07.38000
06.06000
06.71000
08.76000
07.54000
08.32000
07.24000
06.65000
06.78000
08.65000
08.15000
06.50000
06.85000
07.16000
09.39000
09.84000
05.81000
08.50000
07.15000
09.40000
07.97000
08.54000
08.86000
09.19000
08.91000
09.40000
08.23000
09.48000
05.44000
09.48000
05.18000
06.75000
05.62000
08.39000
05.92000
08.77000
08.78000
07.02000
07.89000
09.54000
05.48000
07.49000
09.77000
09.31000
07.53000
08.19000
06.51000
09.59000
08.00000
08.73000
09.30000
08.12000
07.38000
05.13000
09.40000
08.33000
07.68000
09.30000
05.95000
07.27000
07.07000
06.85000
05.55000
05.56000
05.02000
06.30000
05.78000
09.87000
07.26000
07.44000
05.51000
08.10000
05.75000
06.31000
09.82000
09.43000
08.72000
05.19000
05.07000
09.25000
05.64000
07.62000
08.84000
09.23000
07.23000
08.38000
05.00000
07.27000
05.48000
08.50000
08.64000
07.55000
08.59000
05.28000
06.09000
05.46000
06.05000
07.25000
09.98000
07.67000
08.57000
09.18000
05.37000
08.80000
09.72000
07.03000
08.09000
05.30000
09.01000
06.67000
08.23000
07.75000
06.31000
06.15000
06.05000
07.99000
05.02000
05.41000
08.05000
09.07000
09.74000
05.63000
06.97000
05.30000
06.37000
09.27000
06.84000
07.27000
07.04000
05.02000
07.89000
06.78000
05.11000
07.81000
06.64000
06.89000
05.22000
08.83000
05.84000
06.94000
08.26000
05.53000
09.49000
07.47000
06.34000
06.61000
07.85000
05.32000
07.84000
06.99000
07.41000
08.53000
07.83000
06.94000
07.52000
05.45000
07.40000
05.65000
09.04000
05.26000
09.39000
08.63000
08.32000
09.24000
06.08000
07.23000
05.80000
06.86000
06.00000
09.05000
08.11000
08.84000
08.94000
07.94000
08.19000
07.16000
05.94000
08.99000
05.18000
05.03000
09.27000
08.55000
09.49000
06.94000
07.48000
09.22000
07.79000
08.59000
05.35000
09.86000
07.99000
06.97000
08.91000
05.54000
09.24000
05.30000
05.46000
07.63000
06.96000
08.05000
08.52000
08.72000
07.18000
08.44000
09.77000
09.73000
09.15000
08.98000
09.49000
05.57000
08.47000
08.62000
09.80000
09.53000
05.70000
09.47000
09.41000
06.87000
07.67000
09.92000
08.24000
09.09000
07.43000
09.60000
07.51000
08.95000
09.30000
09.39000
09.63000
05.45000
08.85000
06.41000
08.32000
08.84000
07.90000
09.04000
08.50000
05.62000
09.52000
06.92000
06.37000
08.56000
08.01000
05.92000
09.38000
06.66000
08.94000
08.18000
06.20000
05.16000
09.14000
07.06000
