50
10
99.85000
50.21000
37.71000
49.40000
6.69000
88.63000
89.98000
91.00000
62.96000
92.50000
36.65000
93.59000
12.26000
9.61000
29.67000
17.34000
18.94000
10.49000
47.79000
45.18000
74.11000
92.45000
94.48000
87.77000
94.64000
79.52000
98.98000
80.52000
22.11000
18.50000
15.27000
82.61000
20.89000
79.93000
20.07000
78.95000
82.08000
63.10000
17.87000
79.22000
23.54000
89.06000
36.89000
18.82000
83.88000
6.60000
31.13000
55.94000
31.44000
85.27000
55.54000
7.74000
13.44000
17.98000
68.89000
57.54000
79.62000
28.25000
3.93000
56.21000
49.13000
46.35000
28.11000
28.88000
2.79000
10.80000
36.64000
25.43000
46.17000
82.87000
48.46000
21.51000
12.61000
52.55000
8.27000
17.49000
57.16000
31.62000
83.53000
38.52000
62.66000
57.59000
70.42000
35.49000
35.69000
93.71000
86.91000
83.02000
7.56000
29.00000
77.68000
82.51000
34.35000
74.22000
12.20000
59.09000
97.89000
68.88000
82.65000
62.65000
7.33000
98.62000
25.65000
51.30000
71.15000
60.57000
51.46000
34.83000
86.11000
20.15000
61.07000
51.77000
74.24000
5.61000
88.92000
43.73000
82.35000
69.91000
95.17000
76.06000
82.97000
92.79000
64.73000
40.86000
73.39000
77.73000
7.28000
53.00000
75.67000
52.96000
56.23000
54.07000
37.58000
71.46000
72.75000
10.43000
30.69000
12.96000
41.76000
12.19000
52.27000
78.94000
71.92000
75.20000
25.37000
99.63000
98.66000
42.07000
95.78000
29.02000
5.27000
75.74000
82.47000
77.25000
73.27000
9.58000
37.26000
38.31000
60.35000
83.04000
7.24000
64.93000
65.91000
55.18000
5.16000
27.55000
16.07000
6.84000
68.54000
19.38000
59.73000
43.57000
61.64000
59.36000
73.53000
97.72000
71.47000
92.19000
57.84000
27.35000
11.79000
87.32000
37.80000
12.28000
19.12000
38.95000
63.31000
59.10000
56.72000
65.03000
11.00000
1.12000
13.59000
11.26000
79.25000
92.42000
1.51000
45.09000
95.21000
17.82000
62.28000
74.12000
66.90000
73.49000
76.60000
84.53000
33.78000
13.30000
18.56000
27.31000
1.19000
10.98000
89.64000
11.14000
84.00000
88.57000
21.07000
70.44000
25.81000
94.86000
63.84000
66.36000
89.97000
2.40000
97.67000
82.84000
69.59000
6.48000
27.04000
30.54000
79.52000
30.14000
78.19000
42.87000
61.38000
21.19000
7.09000
80.00000
80.51000
51.15000
89.48000
27.86000
29.02000
18.32000
31.83000
94.11000
21.77000
43.75000
60.38000
16.17000
17.63000
66.87000
84.50000
32.30000
14.43000
68.66000
81.26000
23.65000
15.88000
18.74000
45.73000
3.70000
53.30000
4.11000
21.62000
71.84000
83.76000
37.54000
77.37000
55.19000
89.10000
57.53000
9.18000
3.64000
75.88000
27.36000
34.00000
90.84000
75.42000
34.02000
96.54000
20.16000
44.81000
90.29000
67.23000
14.75000
64.86000
35.67000
39.29000
25.49000
43.16000
31.43000
31.65000
28.02000
11.01000
65.58000
88.02000
22.72000
24.51000
51.87000
90.80000
17.55000
28.76000
40.23000
61.44000
98.09000
79.43000
8.26000
36.77000
72.05000
99.41000
35.42000
1.72000
29.53000
85.99000
26.19000
64.95000
85.39000
61.22000
8.79000
62.87000
82.23000
71.89000
36.21000
54.67000
85.41000
90.54000
87.17000
25.24000
86.03000
15.46000
66.17000
83.28000
99.95000
66.70000
1.42000
65.18000
68.78000
93.06000
44.91000
30.12000
57.87000
67.06000
76.37000
62.02000
58.32000
85.02000
99.28000
71.54000
86.00000
24.93000
63.97000
25.51000
5.60000
52.46000
81.33000
12.24000
31.34000
85.12000
92.33000
81.64000
57.08000
86.17000
16.90000
11.35000
15.15000
43.62000
96.74000
98.74000
60.62000
69.24000
4.30000
71.96000
76.32000
2.54000
30.79000
79.90000
68.83000
4.78000
96.14000
98.19000
69.46000
63.96000
46.07000
28.21000
35.30000
93.86000
48.02000
93.11000
47.16000
32.98000
96.18000
45.77000
12.62000
42.59000
11.52000
59.83000
62.00000
11.70000
35.72000
90.02000
92.80000
76.38000
76.15000
92.80000
19.59000
89.44000
59.67000
5.63000
49.88000
17.37000
6.13000
91.85000
57.22000
36.92000
98.42000
45.59000
38.90000
52.55000
49.24000
80.68000
16.95000
92.51000
90.98000
39.74000
38.18000
11.77000
84.83000
87.13000
75.13000
86.06000
15.70000
15.94000
26.09000
21.86000
91.25000
40.04000
12.09000
45.41000
48.91000
2.03000
79.95000
11.67000
46.85000
66.26000
4.19000
97.40000
69.97000
25.85000
79.11000
13.71000
69.53000
18.29000
42.39000
11.86000
17.99000
40.85000
37.37000
54.29000
68.85000
52.21000
57.58000
36.20000
73.98000
58.92000
66.29000
75.55000
9.03000
92.33000
51.52000
18.04000
72.38000
10.50000
26.02000
31.10000
91.16000
92.26000
27.31000
9.95000
16.27000
47.18000
18.64000
72.53000
21.33000
5.59000
87.04000
64.53000
7.75000
23.56000
47.25000
54.42000
99.64000
82.91000
35.80000
36.39000
49.91000
91.23000
15.95000
29.38000
32.19000
01.90000
04.73000
02.94000
02.37000
04.78000
04.73000
03.33000
03.12000
03.81000
03.17000
02.77000
02.84000
02.06000
02.38000
02.84000
02.36000
03.59000
01.68000
02.11000
03.52000
01.50000
01.41000
04.18000
01.15000
01.86000
02.88000
01.60000
03.06000
03.75000
04.44000
03.97000
02.09000
03.25000
01.40000
01.86000
04.07000
01.43000
02.10000
02.85000
03.82000
04.37000
03.87000
03.52000
01.18000
03.16000
01.02000
01.44000
04.97000
01.86000
04.90000
04.99000
04.10000
03.75000
04.80000
03.75000
04.01000
04.23000
03.62000
04.25000
02.36000
04.68000
01.75000
02.20000
04.12000
03.30000
02.62000
02.30000
03.23000
03.30000
02.70000
02.24000
02.64000
04.87000
03.44000
04.74000
02.32000
01.22000
03.30000
01.50000
03.21000
02.56000
01.72000
01.22000
03.27000
04.08000
03.15000
01.60000
01.45000
02.00000
01.06000
01.34000
01.71000
01.50000
01.90000
04.16000
04.99000
04.81000
01.11000
02.75000
01.24000
03.34000
02.17000
04.04000
01.36000
03.02000
04.25000
01.45000
03.95000
02.86000
04.87000
03.07000
04.75000
04.21000
04.61000
04.73000
02.82000
01.39000
01.04000
03.26000
02.25000
01.72000
04.74000
04.48000
04.11000
01.54000
03.29000
03.23000
02.49000
02.18000
01.26000
03.33000
04.46000
01.95000
04.24000
01.62000
02.09000
04.20000
02.80000
03.91000
04.48000
01.25000
04.53000
01.04000
01.69000
02.42000
01.99000
04.83000
04.80000
02.04000
04.78000
01.17000
03.65000
02.12000
04.56000
03.61000
04.92000
04.42000
02.66000
04.12000
01.52000
01.12000
01.06000
02.64000
02.65000
02.69000
03.47000
04.12000
02.52000
04.58000
02.59000
02.52000
04.32000
03.23000
04.12000
04.79000
04.26000
04.10000
02.77000
02.88000
03.54000
01.65000
02.24000
01.75000
04.37000
03.33000
03.23000
03.35000
01.95000
01.59000
03.45000
02.63000
04.48000
01.88000
01.60000
03.55000
01.17000
02.67000
01.38000
03.06000
02.21000
01.43000
01.21000
01.70000
03.15000
03.91000
03.24000
01.06000
02.86000
01.42000
03.71000
02.61000
01.80000
01.53000
01.45000
04.42000
01.30000
04.81000
04.30000
01.57000
03.70000
04.85000
01.08000
02.14000
04.32000
04.22000
01.62000
03.21000
03.48000
02.51000
04.74000
02.85000
02.52000
04.28000
02.28000
04.15000
03.77000
03.12000
03.07000
03.18000
02.55000
01.61000
04.92000
01.02000
03.19000
03.32000
02.68000
03.74000
03.02000
04.83000
04.16000
04.39000
03.40000
03.76000
04.34000
02.78000
04.75000
02.28000
01.08000
04.86000
04.62000
04.96000
03.44000
02.83000
04.46000
02.51000
03.37000
01.89000
02.72000
02.64000
01.83000
04.25000
02.86000
02.03000
04.77000
01.10000
01.34000
02.40000
03.15000
04.66000
03.60000
02.45000
04.90000
04.13000
04.09000
01.88000
03.00000
01.70000
02.28000
01.40000
03.39000
04.59000
02.61000
02.70000
01.02000
04.99000
02.54000
04.50000
03.86000
04.10000
04.51000
02.48000
02.16000
01.24000
02.18000
04.08000
02.49000
02.26000
03.28000
03.35000
02.00000
01.25000
03.46000
02.14000
01.75000
02.53000
02.30000
03.26000
03.83000
03.45000
04.38000
02.54000
03.31000
02.31000
03.28000
04.82000
04.27000
02.46000
01.57000
03.93000
03.79000
04.22000
02.84000
02.68000
03.95000
04.92000
03.66000
04.91000
03.83000
02.89000
01.61000
03.44000
03.50000
01.45000
03.27000
04.11000
04.04000
04.93000
04.22000
01.74000
03.53000
02.12000
04.57000
03.18000
04.55000
01.10000
01.34000
01.23000
04.44000
03.71000
03.14000
01.51000
04.57000
02.40000
03.66000
02.97000
01.16000
02.62000
01.61000
01.57000
03.40000
02.83000
04.70000
02.25000
01.50000
02.48000
01.61000
02.98000
02.66000
02.03000
02.07000
02.71000
03.09000
02.92000
04.77000
01.38000
03.98000
03.61000
01.41000
03.95000
03.55000
03.56000
04.70000
04.38000
04.99000
03.21000
04.34000
01.62000
04.51000
04.02000
03.04000
04.11000
02.39000
03.90000
04.59000
04.62000
01.18000
02.29000
01.62000
02.28000
01.67000
01.25000
01.40000
01.18000
03.19000
03.35000
01.74000
02.38000
02.07000
04.18000
01.49000
03.98000
03.64000
04.31000
04.46000
01.04000
02.23000
01.32000
03.50000
01.64000
01.16000
01.79000
04.41000
02.87000
04.76000
01.29000
02.04000
02.79000
02.37000
04.41000
04.20000
04.50000
04.30000
04.72000
03.74000
04.06000
01.90000
04.80000
02.47000
02.56000
03.48000
03.24000
02.10000
01.96000
02.96000
03.09000
01.54000
02.98000
02.88000
01.82000
04.82000
01.61000
04.00000
04.15000
01.89000
01.05000
02.76000
03.75000
03.70000
01.50000
04.62000
03.35000
02.21000
04.18000
04.02000
02.65000
02.38000
03.27000
04.43000
02.34000
02.15000
01.99000
02.30000
04.14000
04.48000
04.53000
03.08000
02.73000
01.31000
04.11000
01.21000
01.84000
01.62000
02.92000
04.17000
02.15000
03.34000
04.17000
04.39000
01.38000
01.43000
