50
7
13.84000
89.75000
29.61000
30.56000
64.80000
57.06000
34.62000
23.99000
87.21000
24.43000
76.12000
23.15000
47.58000
9.79000
59.52000
77.71000
25.33000
32.64000
77.39000
16.09000
64.30000
64.49000
62.96000
89.04000
24.27000
78.42000
37.67000
29.10000
26.41000
98.55000
61.58000
90.09000
7.84000
51.54000
84.96000
7.64000
68.09000
14.13000
96.75000
38.69000
23.61000
64.56000
75.03000
20.95000
51.28000
35.15000
36.59000
16.44000
44.90000
56.75000
33.95000
71.57000
30.46000
18.77000
63.21000
23.20000
49.88000
52.31000
24.29000
40.37000
42.00000
54.00000
11.71000
86.47000
46.41000
74.65000
47.26000
39.83000
5.25000
55.22000
30.55000
40.20000
10.70000
74.36000
85.47000
43.26000
57.50000
1.91000
15.70000
68.09000
92.41000
43.34000
47.25000
48.72000
63.78000
96.33000
85.89000
81.58000
69.96000
97.21000
63.71000
79.04000
12.88000
70.49000
87.59000
16.87000
43.50000
79.35000
92.70000
82.77000
51.13000
74.15000
96.62000
56.79000
14.21000
69.61000
40.79000
5.15000
72.24000
51.52000
2.24000
4.03000
85.75000
86.55000
40.28000
15.69000
52.95000
69.65000
30.16000
3.92000
60.22000
70.58000
9.53000
82.55000
34.62000
86.39000
29.96000
69.98000
90.39000
90.92000
8.46000
33.65000
83.41000
84.33000
73.94000
42.52000
56.75000
43.54000
22.76000
18.63000
92.17000
70.81000
61.18000
83.56000
62.57000
47.17000
62.89000
13.92000
77.54000
77.95000
67.55000
58.83000
80.17000
63.09000
3.61000
33.35000
76.45000
79.26000
42.36000
99.42000
21.00000
21.15000
17.65000
65.00000
51.62000
43.99000
12.38000
73.69000
35.45000
19.92000
12.02000
60.30000
14.38000
82.50000
53.04000
97.28000
56.62000
82.22000
74.50000
48.26000
9.19000
31.97000
66.49000
13.55000
42.37000
57.60000
20.64000
82.63000
6.28000
51.35000
78.64000
86.65000
74.29000
18.39000
86.71000
43.92000
99.62000
27.32000
41.14000
11.44000
11.72000
19.55000
18.88000
16.83000
68.82000
27.54000
19.33000
36.17000
26.08000
8.76000
64.64000
70.77000
71.20000
16.72000
9.16000
32.60000
59.31000
56.99000
42.92000
57.95000
57.45000
37.67000
48.11000
61.87000
97.09000
16.91000
44.60000
84.73000
25.62000
54.42000
41.43000
44.68000
50.85000
62.94000
86.31000
84.20000
97.53000
55.76000
18.12000
25.53000
54.80000
97.22000
11.43000
14.21000
23.75000
55.21000
31.95000
73.61000
69.88000
46.67000
2.56000
8.39000
99.51000
10.56000
71.69000
38.40000
12.94000
39.06000
24.94000
90.48000
73.34000
22.42000
66.65000
52.23000
58.87000
59.38000
80.93000
72.70000
95.75000
89.39000
77.22000
17.83000
14.75000
41.04000
41.74000
15.00000
93.67000
79.61000
86.01000
7.50000
17.86000
62.54000
1.34000
2.07000
18.74000
83.95000
1.36000
19.33000
32.24000
29.13000
78.47000
44.34000
45.37000
20.04000
53.38000
76.11000
46.68000
68.81000
20.59000
78.02000
54.10000
68.74000
30.60000
30.93000
38.87000
61.06000
20.17000
66.95000
85.19000
44.71000
11.40000
33.85000
52.03000
97.19000
86.83000
28.47000
84.58000
74.78000
95.38000
99.67000
69.65000
58.06000
97.91000
99.87000
81.26000
5.42000
20.70000
31.55000
34.10000
99.52000
1.97000
96.70000
30.00000
4.85000
45.32000
53.39000
11.50000
6.17000
69.32000
57.22000
9.30000
68.05000
55.93000
17.85000
92.75000
82.35000
1.04000
44.48000
23.40000
16.74000
07.40000
05.40000
09.36000
05.95000
08.71000
08.70000
09.23000
09.08000
09.42000
06.44000
07.41000
09.55000
07.11000
08.41000
05.71000
07.32000
07.25000
09.16000
07.62000
05.90000
05.69000
05.49000
05.75000
09.80000
06.18000
08.99000
09.36000
07.03000
07.85000
08.51000
06.83000
06.65000
07.74000
07.65000
08.22000
06.20000
08.27000
07.29000
07.69000
09.26000
09.74000
08.07000
06.07000
07.91000
07.86000
07.91000
08.30000
05.26000
06.22000
09.47000
07.50000
06.02000
09.68000
05.79000
09.35000
08.47000
07.42000
09.94000
07.22000
06.08000
08.76000
07.73000
09.31000
06.87000
05.19000
08.99000
09.81000
06.80000
07.98000
05.14000
06.43000
07.18000
05.66000
06.78000
07.91000
07.23000
06.52000
06.13000
06.47000
06.56000
06.14000
09.54000
05.39000
07.67000
09.84000
05.04000
06.44000
08.44000
05.22000
09.75000
07.40000
09.65000
09.64000
07.48000
09.59000
07.48000
07.72000
06.15000
05.33000
05.97000
09.50000
07.73000
09.91000
08.80000
06.59000
09.53000
09.58000
09.66000
05.61000
09.10000
06.72000
07.31000
05.21000
08.82000
09.83000
09.99000
08.16000
07.11000
05.32000
05.67000
08.86000
05.90000
09.97000
09.60000
05.87000
08.14000
08.49000
06.80000
09.38000
05.29000
05.93000
09.56000
08.73000
09.84000
05.28000
09.92000
09.89000
07.76000
09.87000
07.20000
07.96000
06.08000
05.97000
05.48000
09.72000
05.31000
05.21000
06.10000
06.06000
07.00000
09.66000
05.15000
05.94000
07.98000
07.78000
09.10000
07.47000
07.84000
07.28000
05.50000
07.54000
09.04000
05.86000
05.96000
07.77000
05.54000
08.44000
06.21000
05.79000
09.24000
09.74000
08.64000
07.76000
07.38000
06.71000
09.76000
05.84000
05.13000
06.10000
07.75000
05.71000
08.02000
06.91000
09.89000
09.07000
09.50000
07.91000
05.13000
06.13000
08.38000
05.13000
06.56000
08.11000
06.39000
09.36000
08.90000
09.77000
05.63000
08.67000
06.02000
08.24000
08.33000
08.34000
07.47000
05.42000
07.89000
06.95000
05.35000
05.30000
08.45000
05.09000
06.62000
06.95000
09.42000
07.34000
07.12000
09.81000
07.45000
07.39000
08.70000
06.23000
08.96000
05.59000
06.72000
08.94000
07.64000
06.44000
07.58000
08.57000
06.94000
06.07000
06.18000
06.12000
07.59000
09.75000
08.42000
05.50000
05.08000
09.38000
08.74000
06.01000
07.14000
06.03000
07.59000
09.82000
06.31000
07.38000
08.93000
09.52000
07.35000
06.94000
06.27000
05.42000
07.05000
08.91000
08.64000
06.65000
05.00000
06.65000
05.25000
07.56000
06.13000
06.68000
05.63000
09.27000
07.95000
09.08000
09.68000
05.16000
07.16000
09.90000
05.23000
08.36000
07.08000
08.74000
05.47000
09.28000
05.15000
06.20000
06.49000
08.09000
05.47000
06.40000
09.79000
07.25000
06.30000
09.47000
09.72000
08.94000
07.50000
09.07000
06.05000
07.64000
08.11000
09.85000
06.44000
07.59000
08.77000
10.00000
08.93000
06.17000
09.63000
05.74000
07.82000
05.52000
08.09000
05.34000
07.82000
09.37000
06.06000
07.26000
05.25000
06.58000
09.31000
06.50000
07.93000
07.68000
07.11000
08.46000
05.95000
07.29000
09.74000
06.40000
09.19000
06.71000
06.03000
09.00000
09.77000
06.36000
05.78000
07.83000
09.57000
08.32000
07.34000
09.82000
07.76000
08.79000
05.06000
09.82000
08.26000
05.61000
06.80000
08.07000
07.26000
05.79000
06.46000
07.68000
05.72000
07.94000
06.43000
