50
4
196.00000
120.53000
132.15000
180.71000
155.13000
133.38000
132.50000
158.61000
156.86000
161.48000
145.77000
172.07000
141.81000
145.46000
112.57000
161.73000
150.62000
125.96000
173.54000
168.22000
123.91000
143.59000
169.30000
132.14000
102.29000
138.97000
140.47000
194.15000
126.41000
152.74000
127.69000
194.84000
136.88000
125.52000
171.56000
174.86000
174.32000
197.93000
112.73000
174.82000
179.37000
110.61000
191.82000
135.36000
192.65000
104.16000
149.44000
197.09000
154.78000
119.23000
172.32000
147.90000
197.88000
170.95000
167.34000
188.87000
188.91000
122.38000
195.79000
117.18000
146.18000
143.96000
123.28000
198.44000
135.30000
101.31000
115.45000
198.28000
121.91000
160.04000
137.91000
182.32000
171.64000
185.80000
156.30000
116.19000
150.09000
144.19000
136.23000
165.51000
122.91000
100.85000
143.34000
195.92000
155.71000
121.41000
143.24000
173.03000
114.13000
171.48000
101.57000
162.46000
163.77000
116.69000
183.95000
129.85000
170.28000
122.67000
155.99000
140.82000
127.68000
100.95000
159.48000
141.39000
148.90000
198.25000
169.77000
157.84000
120.92000
131.50000
126.17000
155.56000
134.37000
191.35000
119.32000
125.18000
179.87000
168.40000
139.84000
157.33000
148.06000
153.29000
178.35000
142.62000
129.55000
136.65000
125.48000
171.69000
114.97000
109.09000
171.85000
135.16000
194.95000
161.24000
108.09000
123.65000
160.11000
183.73000
124.83000
127.79000
101.07000
167.18000
112.68000
138.21000
108.47000
102.22000
162.27000
145.53000
172.92000
179.47000
192.27000
189.29000
194.25000
150.33000
177.33000
121.58000
105.98000
180.00000
169.65000
127.53000
182.78000
191.13000
184.84000
122.75000
140.27000
199.35000
138.53000
122.89000
194.07000
120.30000
146.35000
143.55000
159.81000
169.59000
123.92000
100.38000
153.12000
162.85000
186.86000
108.98000
189.61000
115.71000
150.81000
184.99000
184.91000
143.79000
131.38000
144.04000
154.66000
162.71000
144.20000
101.74000
114.47000
188.10000
104.90000
173.72000
179.96000
135.58000
129.10000
175.62000
08.97000
08.59000
05.21000
08.88000
08.75000
05.61000
09.43000
06.78000
08.38000
06.60000
07.96000
05.59000
06.78000
05.46000
09.70000
09.22000
07.85000
06.09000
08.58000
06.58000
05.50000
07.40000
08.48000
06.57000
08.63000
08.30000
08.32000
08.10000
06.16000
07.69000
07.01000
05.07000
06.98000
09.48000
08.44000
06.40000
05.01000
07.57000
06.54000
05.98000
09.14000
05.88000
05.19000
07.73000
08.29000
08.30000
08.31000
05.55000
06.37000
08.74000
05.39000
08.70000
06.54000
09.13000
08.92000
08.14000
06.30000
07.64000
08.69000
05.74000
07.36000
06.87000
09.85000
06.65000
09.90000
06.99000
07.56000
06.02000
09.07000
08.15000
06.97000
09.01000
05.02000
05.51000
08.24000
05.78000
07.91000
09.22000
06.54000
06.47000
07.90000
09.44000
07.00000
06.26000
05.13000
06.33000
09.80000
05.29000
09.78000
05.04000
05.09000
08.72000
06.99000
05.73000
08.01000
06.70000
06.92000
08.55000
08.74000
09.41000
09.14000
09.92000
09.24000
08.88000
06.01000
05.68000
08.37000
07.40000
06.50000
07.31000
06.83000
09.97000
07.03000
06.19000
06.03000
08.02000
09.01000
08.75000
07.38000
07.93000
08.83000
06.37000
07.28000
06.12000
07.90000
05.48000
07.13000
09.00000
07.64000
07.48000
08.35000
07.97000
09.44000
08.77000
07.34000
09.43000
09.71000
05.75000
05.50000
09.79000
09.87000
09.85000
09.25000
05.47000
06.31000
07.45000
09.98000
07.86000
05.44000
09.98000
09.16000
05.54000
07.68000
06.60000
06.84000
08.95000
06.98000
06.03000
09.68000
07.56000
07.78000
09.49000
05.35000
09.03000
07.72000
09.63000
06.48000
06.01000
09.46000
09.12000
05.75000
06.16000
05.67000
05.60000
05.80000
07.14000
08.99000
06.74000
09.30000
06.60000
07.08000
05.19000
08.90000
07.20000
07.60000
08.60000
07.25000
06.60000
08.20000
09.64000
07.02000
07.44000
06.54000
05.96000
05.85000
07.40000
05.28000
05.21000
06.41000
09.11000
