50
10
153.08000
124.83000
137.50000
127.15000
161.93000
143.72000
134.62000
108.57000
127.87000
144.79000
128.08000
114.55000
185.67000
169.07000
165.15000
198.62000
195.08000
182.56000
118.09000
139.29000
140.87000
176.28000
184.18000
140.07000
132.82000
166.24000
185.67000
129.47000
105.67000
193.47000
169.83000
161.03000
119.21000
123.98000
108.93000
113.24000
158.19000
148.78000
100.24000
189.63000
132.39000
183.89000
166.01000
118.71000
176.56000
170.32000
153.52000
154.00000
150.47000
174.09000
188.25000
133.07000
100.14000
176.33000
137.68000
163.44000
175.15000
100.70000
163.38000
195.97000
179.76000
108.67000
178.25000
199.79000
139.36000
181.88000
120.18000
169.05000
104.34000
126.97000
152.05000
122.88000
150.08000
175.59000
161.76000
105.44000
176.98000
184.36000
162.20000
185.85000
110.43000
134.94000
191.26000
158.25000
100.82000
133.96000
111.83000
141.80000
123.54000
113.07000
111.80000
180.63000
178.98000
128.90000
104.06000
143.87000
192.54000
163.10000
126.50000
125.68000
191.30000
186.28000
166.70000
176.91000
163.68000
102.80000
150.63000
120.65000
185.03000
101.21000
163.42000
179.29000
171.39000
103.78000
133.59000
187.60000
163.75000
157.76000
114.66000
105.34000
128.15000
135.44000
185.13000
117.27000
155.58000
134.07000
148.53000
133.16000
162.08000
175.92000
133.38000
187.78000
188.65000
108.25000
193.18000
140.89000
101.31000
103.33000
106.45000
177.26000
191.07000
158.43000
176.71000
106.66000
173.96000
195.81000
132.48000
163.84000
190.98000
162.74000
146.77000
126.45000
141.50000
153.51000
146.01000
163.59000
175.95000
166.92000
148.57000
100.26000
132.67000
176.93000
198.60000
136.83000
168.30000
196.41000
165.24000
198.69000
164.48000
163.26000
142.63000
136.25000
127.86000
140.37000
149.91000
124.89000
190.07000
115.63000
131.22000
165.00000
107.76000
101.94000
155.69000
181.97000
162.56000
137.17000
117.48000
126.19000
161.12000
184.23000
135.72000
173.06000
135.08000
131.00000
154.55000
122.96000
141.07000
190.38000
143.11000
101.28000
148.45000
189.27000
146.09000
135.60000
172.26000
119.85000
168.02000
133.88000
188.51000
108.59000
152.90000
163.95000
194.46000
159.00000
110.50000
141.83000
112.38000
199.60000
175.56000
108.54000
189.54000
183.91000
107.88000
130.08000
198.20000
190.45000
192.20000
197.48000
135.62000
122.72000
138.29000
126.76000
124.08000
109.25000
180.92000
158.92000
110.83000
103.55000
179.86000
159.98000
168.14000
184.13000
119.87000
120.96000
193.28000
154.51000
110.71000
157.88000
108.52000
143.21000
135.73000
116.30000
119.68000
158.71000
126.02000
158.09000
124.32000
141.07000
110.74000
185.83000
157.98000
172.08000
165.30000
131.14000
108.53000
195.87000
190.08000
150.69000
188.88000
181.58000
110.47000
126.09000
136.91000
123.34000
176.86000
164.01000
115.51000
140.31000
164.64000
196.07000
112.58000
176.63000
174.21000
178.91000
140.99000
101.42000
130.95000
194.19000
138.66000
108.84000
185.26000
148.53000
168.45000
118.02000
112.52000
173.59000
118.28000
173.10000
113.12000
125.99000
121.03000
164.39000
123.15000
175.41000
117.39000
139.91000
129.99000
197.39000
126.22000
151.42000
160.42000
119.63000
126.01000
183.69000
105.46000
139.37000
120.30000
146.48000
181.12000
178.90000
137.59000
174.57000
128.42000
185.48000
131.40000
127.70000
113.37000
131.37000
180.24000
190.66000
126.99000
113.83000
187.64000
173.20000
185.29000
155.14000
182.10000
110.10000
129.29000
102.56000
117.14000
161.11000
125.00000
128.36000
171.28000
111.01000
163.45000
129.80000
148.04000
169.55000
136.27000
190.50000
174.58000
154.22000
157.67000
164.89000
121.52000
178.02000
153.69000
125.71000
143.27000
166.58000
130.95000
135.85000
158.97000
195.29000
121.12000
183.21000
112.76000
164.52000
180.82000
180.67000
173.79000
199.68000
191.70000
166.13000
136.19000
151.15000
160.40000
102.47000
119.10000
194.33000
118.56000
177.58000
166.66000
129.61000
122.82000
104.37000
148.02000
182.37000
154.82000
120.70000
157.32000
103.01000
121.20000
189.49000
113.70000
166.92000
153.60000
198.62000
151.75000
115.00000
169.69000
169.44000
131.24000
137.05000
160.29000
117.49000
144.77000
199.48000
186.69000
110.81000
152.11000
168.32000
121.15000
127.91000
138.01000
134.57000
160.94000
172.32000
112.26000
114.26000
128.33000
172.54000
109.60000
148.40000
170.57000
182.10000
189.81000
103.00000
159.94000
179.50000
137.66000
169.08000
193.71000
168.27000
162.90000
162.66000
194.12000
176.92000
100.31000
124.75000
108.46000
158.96000
109.65000
121.37000
108.99000
192.91000
175.68000
143.54000
145.26000
191.69000
164.99000
110.24000
142.91000
162.96000
193.90000
146.79000
109.41000
160.22000
107.47000
153.28000
182.66000
177.60000
156.11000
136.34000
125.54000
134.24000
115.21000
127.60000
125.95000
174.29000
185.16000
183.72000
196.78000
166.88000
191.34000
186.32000
175.91000
106.15000
184.14000
142.06000
126.24000
111.26000
138.97000
182.56000
135.66000
126.33000
156.20000
164.48000
117.05000
120.51000
161.23000
169.46000
108.32000
187.94000
104.46000
104.12000
172.35000
147.75000
05.81000
07.76000
08.13000
06.81000
08.90000
09.43000
09.39000
08.00000
06.24000
06.57000
09.00000
08.32000
07.61000
08.05000
09.89000
09.74000
09.06000
08.97000
06.22000
05.48000
07.86000
05.66000
08.38000
05.02000
07.55000
05.72000
08.04000
09.07000
07.91000
08.01000
08.12000
09.62000
09.99000
07.62000
07.76000
09.87000
06.06000
05.89000
07.39000
09.32000
09.66000
05.44000
08.67000
08.67000
05.58000
05.09000
09.49000
09.91000
09.85000
09.96000
06.58000
06.80000
09.65000
09.89000
08.94000
07.72000
05.82000
06.86000
05.17000
08.63000
07.87000
06.61000
08.33000
09.15000
06.98000
06.88000
07.75000
05.18000
05.60000
06.69000
08.99000
08.83000
07.41000
06.27000
08.87000
08.48000
07.37000
07.15000
05.45000
08.77000
06.65000
07.07000
08.05000
05.57000
07.71000
05.03000
07.23000
06.01000
09.23000
06.30000
09.82000
08.47000
06.15000
07.36000
08.88000
07.58000
09.67000
05.99000
08.72000
09.22000
06.83000
07.58000
09.13000
05.14000
08.91000
09.37000
08.39000
09.25000
06.45000
06.68000
06.12000
08.94000
07.06000
06.18000
08.06000
08.99000
09.57000
05.79000
06.18000
05.43000
09.10000
09.65000
08.70000
05.56000
06.98000
08.18000
05.09000
07.91000
05.82000
08.04000
06.08000
07.26000
09.45000
07.14000
08.64000
09.65000
07.99000
09.64000
05.99000
07.36000
07.77000
05.95000
07.60000
08.93000
06.40000
07.73000
09.21000
09.15000
07.72000
07.89000
06.09000
06.65000
09.42000
07.99000
07.62000
09.44000
05.82000
06.99000
08.96000
07.62000
09.20000
06.83000
08.49000
06.13000
06.04000
05.55000
05.84000
06.15000
09.12000
07.48000
06.89000
05.13000
07.43000
08.18000
08.78000
06.76000
06.23000
09.48000
09.87000
05.98000
07.02000
09.43000
09.79000
08.99000
07.55000
07.35000
09.44000
08.22000
06.84000
08.81000
05.92000
07.37000
05.12000
05.63000
07.64000
06.37000
08.92000
05.87000
09.20000
06.42000
05.34000
09.32000
08.57000
05.91000
09.47000
05.01000
09.39000
05.35000
07.55000
09.79000
08.57000
07.84000
09.98000
08.13000
09.67000
05.96000
08.43000
05.76000
07.45000
08.58000
05.81000
09.64000
07.96000
05.78000
06.27000
08.00000
08.48000
08.92000
05.23000
05.31000
07.55000
05.59000
09.35000
07.30000
09.95000
09.64000
06.54000
05.93000
06.71000
06.16000
05.95000
09.44000
05.13000
06.51000
08.01000
07.28000
08.74000
08.28000
09.36000
05.19000
09.02000
05.33000
07.29000
05.81000
09.78000
06.56000
08.55000
06.11000
06.69000
05.22000
05.78000
09.43000
08.43000
06.55000
05.78000
09.15000
09.95000
07.07000
06.62000
09.90000
07.45000
09.51000
07.62000
07.54000
08.35000
07.89000
09.35000
09.22000
06.36000
07.46000
08.63000
08.31000
06.42000
09.73000
08.51000
09.44000
09.71000
07.44000
08.32000
08.49000
08.68000
09.60000
08.62000
07.58000
07.01000
06.48000
06.23000
05.11000
09.66000
09.56000
08.44000
09.94000
05.88000
09.83000
07.70000
06.16000
07.47000
05.49000
07.90000
09.79000
08.34000
08.91000
07.27000
08.12000
09.83000
05.53000
05.28000
09.68000
09.54000
06.99000
07.66000
09.26000
06.32000
06.20000
06.36000
07.90000
05.26000
07.33000
09.63000
07.87000
07.72000
05.78000
06.92000
07.72000
06.28000
08.23000
08.97000
07.23000
09.80000
07.56000
07.74000
07.44000
08.38000
07.96000
06.46000
05.62000
08.36000
09.82000
09.60000
05.32000
07.27000
08.72000
06.33000
08.07000
07.50000
05.45000
07.89000
05.05000
06.85000
09.54000
08.54000
07.63000
09.33000
06.54000
05.41000
09.50000
05.19000
08.27000
06.87000
05.60000
05.92000
07.79000
07.57000
07.13000
09.30000
09.43000
08.37000
06.53000
09.31000
08.75000
06.41000
07.47000
06.21000
07.57000
05.06000
09.92000
06.52000
08.95000
08.95000
05.06000
07.97000
07.20000
08.97000
05.33000
09.58000
07.91000
07.24000
09.42000
06.60000
07.87000
06.27000
05.51000
06.84000
07.52000
05.32000
08.26000
05.64000
05.28000
07.09000
07.77000
06.88000
09.06000
07.59000
09.13000
09.72000
07.09000
09.13000
08.69000
09.58000
08.83000
05.22000
09.04000
08.11000
05.01000
05.67000
09.05000
08.22000
07.61000
06.49000
08.79000
09.08000
09.84000
09.98000
09.62000
06.09000
06.17000
09.68000
09.15000
05.91000
07.34000
05.36000
06.21000
06.46000
05.32000
08.07000
05.90000
06.90000
08.31000
05.08000
09.57000
05.36000
09.48000
06.78000
08.30000
09.55000
08.33000
08.93000
07.51000
08.72000
08.59000
08.70000
06.54000
07.19000
06.14000
08.52000
09.40000
05.53000
08.12000
07.08000
06.34000
05.55000
07.90000
09.33000
08.87000
05.32000
05.11000
06.45000
09.73000
09.16000
05.63000
05.89000
07.94000
07.63000
06.59000
06.35000
08.74000
07.55000
06.36000
07.75000
08.65000
06.98000
09.58000
06.30000
05.41000
05.25000
07.13000
09.43000
08.02000
07.92000
06.13000
