50
4
7.55000
41.39000
59.26000
70.29000
23.29000
54.24000
40.79000
47.77000
79.66000
31.15000
33.56000
9.41000
18.88000
12.33000
77.78000
94.44000
79.17000
38.01000
15.69000
46.08000
3.74000
49.41000
85.48000
3.54000
30.82000
86.74000
30.40000
7.04000
2.62000
91.23000
88.64000
96.81000
58.36000
4.08000
3.44000
16.06000
40.27000
63.53000
13.00000
3.01000
87.55000
12.79000
58.56000
97.88000
42.43000
90.07000
81.32000
43.88000
44.13000
38.60000
73.40000
30.04000
31.62000
61.38000
54.58000
47.05000
26.65000
81.79000
54.93000
87.09000
73.32000
9.21000
40.42000
17.14000
38.61000
7.63000
76.02000
1.16000
86.50000
43.00000
28.68000
5.12000
83.94000
81.29000
62.39000
93.99000
95.90000
88.48000
44.11000
35.74000
88.37000
30.53000
38.80000
93.33000
27.29000
71.41000
12.45000
34.74000
76.65000
78.08000
30.01000
23.93000
4.41000
16.53000
57.46000
26.88000
73.54000
50.72000
60.76000
9.55000
82.57000
25.78000
91.97000
31.18000
52.85000
83.37000
13.54000
45.08000
47.13000
1.77000
53.47000
63.65000
56.13000
68.68000
4.47000
77.60000
70.57000
76.85000
55.28000
77.65000
81.17000
16.97000
97.59000
54.52000
78.64000
77.77000
23.15000
97.93000
53.71000
51.97000
20.66000
99.61000
96.09000
29.29000
80.84000
50.26000
97.50000
99.45000
95.41000
39.60000
48.66000
55.16000
55.09000
58.36000
39.29000
85.15000
49.61000
97.25000
60.12000
81.13000
12.70000
27.65000
1.62000
60.93000
11.68000
82.27000
81.92000
44.12000
78.16000
22.64000
88.96000
19.79000
29.62000
62.23000
38.21000
3.41000
79.53000
18.51000
44.13000
10.46000
45.34000
5.94000
23.21000
56.39000
41.54000
40.00000
89.90000
57.69000
83.59000
37.14000
61.67000
29.80000
87.96000
12.85000
53.00000
87.22000
70.11000
81.59000
79.35000
47.40000
45.53000
60.83000
57.19000
24.81000
29.66000
65.03000
2.00000
34.93000
38.00000
10.67000
09.84000
09.72000
07.10000
08.10000
07.97000
08.60000
06.04000
07.97000
06.20000
09.18000
09.53000
06.49000
08.42000
05.36000
06.47000
07.56000
08.55000
06.05000
05.78000
05.09000
05.50000
05.16000
06.34000
07.99000
08.17000
06.58000
07.08000
05.16000
05.46000
09.23000
06.90000
05.52000
06.28000
07.01000
09.70000
07.96000
09.54000
08.84000
09.40000
06.39000
09.14000
08.61000
09.89000
09.72000
08.99000
05.23000
05.08000
06.86000
08.00000
07.60000
07.37000
09.05000
09.63000
09.13000
09.88000
08.95000
05.66000
09.14000
05.74000
06.60000
05.13000
09.48000
05.10000
07.17000
08.17000
05.32000
08.11000
05.81000
09.95000
06.80000
09.94000
07.68000
05.62000
09.10000
05.74000
07.94000
05.34000
07.35000
05.67000
06.73000
09.26000
06.73000
09.88000
09.23000
07.55000
07.38000
08.53000
05.58000
05.35000
09.46000
06.78000
05.94000
07.83000
08.14000
09.78000
05.46000
05.14000
08.55000
07.69000
09.31000
09.87000
09.46000
06.75000
07.11000
06.30000
07.98000
06.19000
07.86000
05.34000
08.83000
08.93000
09.16000
08.40000
08.42000
06.41000
07.41000
06.88000
08.17000
05.01000
09.01000
07.20000
09.48000
06.15000
05.38000
05.76000
08.76000
06.22000
07.91000
08.96000
07.40000
06.65000
08.02000
08.21000
06.82000
08.83000
07.11000
09.92000
08.43000
09.17000
06.59000
05.50000
08.63000
09.08000
07.85000
06.34000
08.82000
09.96000
07.32000
08.86000
05.41000
06.69000
08.33000
08.12000
09.44000
09.16000
05.18000
08.90000
07.74000
07.65000
05.59000
07.02000
08.43000
09.82000
07.22000
05.15000
09.16000
08.33000
07.72000
05.94000
07.60000
05.82000
09.75000
07.05000
06.39000
09.96000
05.97000
06.14000
08.20000
08.40000
09.03000
05.85000
05.67000
08.81000
06.59000
08.85000
06.48000
08.83000
06.30000
07.80000
08.26000
06.12000
05.82000
05.35000
08.68000
08.33000
07.81000
09.15000
05.40000
08.13000
09.92000
