50
10
81.56000
68.73000
69.00000
69.34000
1.88000
42.49000
43.05000
77.55000
22.80000
55.07000
82.32000
92.28000
30.24000
97.58000
85.10000
18.03000
33.86000
86.87000
73.42000
81.02000
68.09000
63.56000
94.10000
37.23000
93.10000
92.98000
20.66000
63.40000
93.79000
67.26000
48.40000
64.00000
79.84000
2.24000
1.37000
67.27000
85.67000
37.54000
25.36000
27.18000
71.45000
40.50000
92.90000
21.47000
22.09000
2.24000
3.30000
53.61000
46.26000
37.60000
20.71000
83.72000
21.08000
74.25000
90.35000
31.04000
11.24000
65.52000
38.27000
92.65000
56.23000
78.45000
25.74000
89.48000
32.68000
45.36000
40.76000
65.25000
39.98000
22.34000
96.11000
88.39000
4.26000
90.20000
31.30000
54.11000
74.41000
57.52000
7.57000
80.36000
28.07000
54.63000
12.96000
12.84000
63.62000
38.59000
60.21000
18.99000
8.20000
90.23000
87.84000
93.02000
10.70000
18.13000
59.12000
55.88000
46.75000
51.61000
61.04000
50.25000
69.12000
64.83000
4.03000
42.75000
54.84000
54.23000
47.97000
13.07000
96.01000
45.03000
53.20000
42.23000
59.98000
9.78000
97.45000
16.15000
36.87000
44.77000
85.19000
43.48000
42.53000
73.05000
44.66000
59.66000
18.56000
42.41000
28.84000
24.84000
30.32000
24.40000
16.46000
22.95000
68.91000
16.30000
11.00000
63.65000
51.20000
40.15000
40.68000
82.36000
17.78000
43.76000
59.49000
39.26000
34.01000
98.67000
46.17000
18.25000
91.00000
4.16000
77.79000
45.23000
64.75000
18.65000
21.36000
62.10000
68.32000
92.86000
30.87000
54.51000
82.33000
65.45000
1.53000
72.36000
14.36000
97.71000
51.27000
91.27000
93.74000
78.63000
25.80000
12.65000
79.54000
20.99000
92.57000
59.61000
52.58000
61.28000
47.78000
84.06000
19.44000
63.79000
9.38000
61.62000
11.45000
16.50000
21.06000
91.68000
84.67000
31.20000
52.28000
1.39000
22.93000
46.38000
97.23000
38.62000
30.81000
25.32000
75.86000
80.01000
25.19000
83.54000
14.30000
8.03000
67.43000
58.43000
82.92000
84.36000
72.03000
73.10000
10.44000
1.12000
85.77000
81.55000
54.03000
21.68000
81.19000
62.50000
99.61000
38.14000
55.59000
19.42000
57.84000
66.34000
31.01000
79.56000
62.15000
47.91000
54.25000
97.89000
72.70000
48.19000
97.84000
53.15000
74.41000
58.29000
60.08000
47.80000
76.95000
94.06000
62.02000
11.09000
15.73000
97.11000
51.44000
95.00000
48.93000
33.80000
99.89000
80.24000
9.98000
34.62000
78.01000
36.09000
94.16000
97.27000
34.48000
52.68000
99.35000
84.91000
69.93000
81.07000
50.70000
78.35000
23.90000
16.46000
97.09000
84.17000
57.63000
75.80000
16.16000
34.70000
60.13000
5.79000
6.29000
85.01000
44.18000
72.87000
92.63000
18.92000
47.28000
73.26000
28.06000
41.01000
32.70000
25.88000
85.21000
83.60000
87.43000
73.46000
66.48000
4.77000
26.26000
86.43000
95.99000
83.34000
84.69000
58.99000
25.64000
28.89000
86.30000
60.02000
14.59000
65.28000
60.58000
54.07000
8.91000
22.18000
78.90000
28.83000
83.04000
48.16000
70.49000
18.73000
79.59000
91.02000
88.34000
82.94000
63.91000
24.31000
12.17000
8.37000
27.12000
43.30000
43.47000
2.69000
84.07000
71.05000
12.46000
1.32000
77.36000
55.35000
71.13000
63.42000
72.34000
67.74000
99.21000
74.92000
60.13000
6.51000
1.17000
45.48000
56.58000
91.71000
3.26000
9.52000
3.29000
73.13000
59.44000
26.21000
68.54000
74.68000
98.06000
49.79000
14.33000
40.64000
57.15000
9.37000
22.38000
92.94000
4.44000
58.58000
49.78000
46.34000
8.39000
24.55000
78.34000
37.35000
63.20000
56.17000
15.64000
29.24000
88.83000
30.09000
91.00000
10.02000
29.96000
45.67000
63.51000
91.45000
54.04000
29.07000
13.98000
14.04000
56.29000
30.17000
47.98000
38.05000
55.64000
24.60000
97.85000
52.50000
95.79000
12.75000
21.65000
70.15000
47.20000
19.77000
98.22000
29.50000
51.11000
13.81000
55.10000
30.83000
69.98000
81.19000
76.07000
22.24000
18.13000
96.51000
52.82000
90.18000
4.23000
75.63000
7.38000
64.88000
62.70000
59.15000
85.55000
98.32000
54.71000
13.43000
61.88000
70.22000
64.18000
28.58000
32.66000
83.08000
1.77000
21.45000
19.92000
66.11000
99.91000
32.65000
70.47000
72.31000
21.75000
28.53000
57.84000
80.40000
49.23000
99.20000
78.33000
93.86000
93.00000
62.51000
54.99000
41.92000
88.48000
58.07000
37.67000
56.83000
94.14000
3.17000
16.60000
67.08000
23.96000
53.69000
14.96000
66.69000
13.63000
62.83000
20.78000
99.38000
63.54000
86.67000
46.81000
35.58000
99.82000
8.04000
31.57000
67.51000
73.36000
31.50000
37.31000
16.10000
58.80000
89.40000
52.05000
24.06000
56.53000
39.79000
88.54000
60.83000
91.68000
62.50000
85.31000
21.63000
16.13000
65.11000
5.61000
24.38000
3.53000
78.94000
35.45000
13.80000
54.26000
61.06000
88.60000
58.34000
07.59000
07.41000
07.29000
09.52000
09.71000
06.50000
07.67000
07.31000
09.39000
07.53000
05.98000
06.92000
08.94000
06.84000
07.64000
07.82000
06.87000
07.02000
09.29000
05.74000
07.97000
06.93000
08.86000
07.65000
08.29000
06.65000
05.50000
06.78000
05.11000
07.55000
09.62000
07.59000
06.95000
07.21000
07.89000
05.81000
08.61000
09.48000
08.20000
08.42000
06.12000
09.47000
09.73000
08.62000
06.77000
08.51000
07.88000
05.90000
09.09000
09.21000
06.06000
09.87000
06.17000
06.19000
05.91000
08.95000
05.71000
08.76000
09.51000
06.02000
07.26000
08.37000
07.43000
08.23000
09.50000
05.27000
06.48000
08.94000
07.38000
05.95000
09.74000
07.78000
07.10000
08.17000
06.52000
05.63000
06.08000
05.94000
07.38000
09.63000
08.03000
09.51000
09.15000
08.14000
07.88000
05.38000
09.89000
05.81000
06.83000
06.31000
08.91000
08.51000
07.32000
06.30000
06.78000
08.36000
08.03000
05.61000
05.32000
08.75000
08.26000
06.57000
09.55000
08.88000
08.98000
08.06000
05.36000
09.67000
09.12000
07.16000
09.84000
09.36000
08.76000
08.01000
06.23000
05.23000
09.26000
06.03000
08.99000
05.82000
08.21000
07.89000
08.85000
05.91000
09.47000
06.48000
07.77000
06.54000
08.12000
05.97000
08.99000
05.00000
05.52000
06.77000
06.97000
09.81000
09.26000
05.55000
07.44000
05.77000
08.20000
05.20000
07.37000
08.91000
07.42000
09.89000
09.98000
06.51000
08.29000
05.04000
08.98000
05.33000
08.81000
05.07000
09.57000
06.77000
05.46000
05.47000
05.48000
07.22000
05.85000
06.58000
07.58000
09.13000
08.96000
08.96000
08.02000
06.19000
05.07000
09.44000
05.17000
08.34000
05.66000
06.07000
08.65000
06.78000
08.50000
08.17000
09.35000
08.94000
07.59000
06.31000
09.39000
08.51000
08.18000
07.31000
07.15000
05.45000
06.78000
09.22000
07.27000
05.93000
06.14000
06.38000
05.62000
07.40000
05.26000
09.34000
09.33000
08.56000
06.53000
07.95000
08.87000
05.74000
08.46000
07.66000
08.20000
08.98000
08.90000
09.15000
06.73000
09.22000
05.77000
09.40000
05.48000
06.54000
08.22000
06.62000
06.74000
07.29000
06.68000
05.30000
09.05000
09.08000
07.79000
06.16000
07.20000
05.74000
09.47000
06.16000
07.20000
07.38000
05.88000
08.53000
06.36000
05.35000
07.42000
07.74000
08.21000
07.24000
05.77000
09.52000
07.53000
06.90000
08.82000
05.84000
05.36000
09.43000
05.74000
09.91000
06.31000
07.38000
07.18000
09.30000
08.49000
06.01000
06.36000
05.08000
07.94000
06.33000
08.88000
09.37000
05.86000
06.08000
09.07000
08.08000
09.70000
09.26000
07.48000
08.31000
08.14000
06.14000
05.93000
08.45000
06.12000
08.21000
07.49000
08.14000
09.84000
08.23000
06.48000
08.24000
06.74000
05.20000
08.46000
05.89000
05.51000
09.37000
05.25000
09.47000
06.08000
07.26000
09.91000
08.60000
09.66000
06.61000
06.77000
09.17000
08.69000
06.43000
08.29000
07.93000
09.72000
06.49000
06.52000
07.00000
08.83000
07.60000
05.90000
06.81000
08.66000
06.05000
07.14000
07.13000
08.05000
09.76000
07.22000
09.01000
07.11000
07.88000
09.35000
09.73000
07.18000
05.83000
08.01000
07.82000
05.86000
05.26000
08.92000
08.07000
07.00000
09.09000
09.06000
06.52000
05.70000
06.47000
06.65000
05.45000
08.29000
07.83000
06.15000
08.39000
07.39000
09.80000
08.31000
05.13000
06.84000
05.32000
05.07000
06.71000
09.05000
06.61000
09.70000
09.60000
06.33000
05.28000
05.12000
06.90000
09.49000
06.19000
07.64000
05.93000
05.03000
07.40000
06.89000
07.89000
05.71000
08.22000
08.75000
05.21000
05.53000
09.22000
05.34000
06.59000
09.74000
07.21000
05.04000
06.97000
09.85000
05.27000
07.49000
07.54000
08.61000
07.71000
08.56000
05.74000
05.02000
05.09000
05.39000
05.26000
09.34000
09.23000
06.34000
06.04000
08.08000
08.21000
06.05000
09.28000
08.99000
06.32000
05.59000
05.13000
06.06000
05.54000
09.33000
06.60000
05.89000
07.43000
06.61000
08.78000
05.24000
05.54000
05.95000
09.25000
05.77000
05.59000
07.13000
06.87000
05.37000
09.55000
06.20000
06.73000
08.22000
05.65000
05.43000
05.18000
09.72000
08.35000
08.37000
09.82000
06.54000
08.39000
09.80000
09.50000
06.58000
07.73000
05.74000
09.31000
09.01000
09.60000
08.50000
05.60000
09.23000
08.46000
06.60000
05.97000
08.90000
05.04000
09.83000
09.26000
08.95000
08.54000
05.08000
08.58000
06.60000
07.14000
07.83000
06.25000
06.62000
07.68000
06.82000
05.49000
05.82000
08.51000
07.00000
07.82000
07.27000
09.27000
09.55000
05.99000
05.29000
05.85000
06.93000
09.00000
05.44000
05.36000
07.81000
07.11000
09.54000
06.19000
07.14000
06.82000
05.65000
07.97000
06.12000
05.88000
08.10000
06.57000
07.18000
08.30000
07.45000
09.13000
09.02000
09.34000
05.51000
09.01000
06.57000
05.49000
05.35000
05.87000
