50
4
163.64000
193.97000
130.96000
169.79000
194.67000
128.91000
184.86000
113.92000
156.59000
192.40000
189.95000
156.91000
190.01000
125.04000
186.86000
139.38000
135.57000
167.48000
116.22000
101.94000
133.89000
160.34000
118.65000
185.24000
125.59000
144.23000
134.78000
129.89000
151.30000
159.79000
105.22000
176.51000
151.64000
147.64000
170.62000
165.74000
167.24000
148.40000
171.58000
138.20000
138.73000
102.71000
148.74000
134.51000
106.72000
151.18000
142.73000
195.29000
111.85000
134.43000
158.14000
138.99000
170.46000
109.05000
112.81000
191.37000
155.91000
169.16000
195.44000
150.62000
152.12000
168.94000
171.64000
182.34000
124.72000
174.02000
107.05000
152.18000
139.34000
150.03000
167.29000
125.76000
161.60000
162.58000
117.98000
168.69000
157.13000
177.30000
124.75000
146.61000
191.55000
159.82000
153.23000
125.14000
130.49000
175.77000
169.03000
169.91000
139.57000
190.76000
137.79000
146.53000
184.41000
170.43000
125.13000
120.64000
130.65000
180.39000
196.67000
157.87000
193.53000
192.34000
162.40000
112.14000
164.09000
104.80000
134.92000
119.15000
136.24000
129.01000
154.35000
133.21000
100.59000
155.58000
111.30000
144.95000
147.79000
175.15000
196.40000
145.00000
168.45000
178.33000
100.27000
123.97000
153.19000
155.76000
113.55000
172.51000
192.65000
198.05000
126.84000
181.22000
177.45000
195.84000
130.79000
140.74000
198.20000
139.75000
116.01000
141.69000
145.54000
120.40000
173.13000
174.70000
110.10000
128.41000
192.78000
130.38000
182.49000
154.43000
125.98000
156.04000
167.89000
137.57000
167.67000
137.33000
152.26000
194.75000
173.64000
174.31000
108.73000
165.44000
159.51000
182.60000
152.92000
165.25000
140.92000
177.83000
100.46000
109.81000
133.49000
175.63000
166.96000
114.75000
152.83000
191.62000
168.06000
195.69000
114.59000
141.41000
119.38000
168.25000
134.37000
140.65000
136.54000
148.07000
127.82000
104.95000
135.17000
150.76000
110.55000
149.94000
130.90000
191.95000
198.18000
191.24000
139.34000
187.27000
106.34000
144.48000
04.55000
01.86000
04.43000
02.84000
04.99000
02.08000
02.62000
02.46000
02.72000
03.87000
03.68000
03.21000
04.87000
02.37000
02.71000
04.23000
02.57000
04.69000
02.85000
04.64000
02.94000
01.96000
03.22000
03.56000
01.10000
01.31000
02.95000
04.11000
04.18000
01.86000
01.16000
01.43000
03.30000
02.73000
04.98000
02.64000
01.59000
03.05000
01.53000
02.86000
02.18000
01.95000
01.93000
01.21000
04.18000
02.55000
01.32000
04.83000
02.73000
03.97000
03.39000
02.22000
01.53000
04.55000
02.31000
03.66000
01.25000
01.56000
02.87000
01.27000
04.68000
02.81000
01.20000
03.19000
03.94000
04.43000
01.43000
01.54000
03.17000
02.54000
03.68000
04.44000
02.47000
01.26000
04.07000
04.01000
01.99000
04.72000
02.73000
04.39000
01.83000
01.04000
03.79000
01.69000
02.14000
02.35000
03.37000
04.04000
03.02000
04.78000
01.60000
03.58000
04.62000
04.45000
02.59000
04.41000
03.05000
01.48000
02.49000
02.67000
03.80000
04.67000
04.06000
02.94000
04.62000
04.72000
01.14000
04.14000
02.25000
04.35000
01.60000
01.49000
01.82000
04.70000
02.56000
04.12000
04.45000
02.89000
01.13000
01.15000
03.26000
04.05000
02.46000
01.72000
03.38000
01.30000
03.65000
02.93000
01.93000
03.76000
01.85000
01.93000
04.04000
04.57000
02.16000
03.82000
02.84000
04.84000
01.72000
01.75000
03.45000
01.70000
01.66000
04.83000
02.99000
04.27000
03.09000
02.18000
02.59000
01.69000
02.82000
01.77000
02.46000
01.78000
01.42000
01.86000
04.44000
01.27000
01.30000
04.28000
02.77000
04.14000
04.60000
03.13000
03.57000
04.52000
01.43000
04.56000
04.96000
04.52000
01.93000
02.67000
01.08000
02.28000
04.21000
03.61000
02.05000
03.92000
02.40000
01.48000
02.00000
03.56000
02.62000
02.43000
03.04000
03.34000
03.01000
04.56000
03.31000
01.37000
01.69000
02.02000
04.92000
03.77000
04.77000
04.91000
02.01000
04.69000
02.39000
03.37000
