50
10
93.80000
24.61000
96.16000
64.45000
56.03000
49.83000
76.70000
47.69000
3.14000
89.41000
65.50000
22.29000
37.60000
54.03000
78.43000
10.28000
88.65000
77.09000
57.10000
58.45000
11.27000
19.77000
66.85000
40.37000
81.19000
64.99000
98.80000
52.30000
4.88000
24.40000
69.79000
17.31000
8.58000
31.44000
20.45000
81.17000
46.27000
46.27000
16.11000
18.44000
96.68000
53.80000
47.89000
24.41000
64.29000
63.71000
32.64000
22.11000
76.33000
11.42000
54.58000
79.87000
26.86000
38.30000
28.10000
66.51000
97.02000
74.06000
26.39000
46.29000
6.51000
93.87000
80.75000
7.23000
96.02000
98.12000
49.27000
61.08000
38.00000
12.95000
12.76000
47.36000
24.65000
86.24000
76.81000
28.32000
74.93000
95.63000
74.74000
90.99000
34.52000
41.51000
62.61000
50.12000
70.89000
48.02000
22.27000
42.22000
79.22000
66.03000
59.27000
30.56000
78.47000
71.20000
6.95000
3.15000
13.34000
63.90000
20.37000
71.74000
83.80000
5.41000
86.21000
88.86000
92.45000
98.06000
55.01000
11.00000
88.79000
91.86000
25.61000
49.49000
57.73000
76.92000
94.30000
9.83000
8.93000
69.09000
85.12000
19.23000
75.81000
9.97000
44.86000
31.69000
20.55000
63.93000
45.07000
25.93000
26.05000
24.07000
83.04000
5.43000
2.99000
5.24000
81.81000
97.43000
84.79000
48.06000
88.17000
57.89000
33.61000
19.86000
74.67000
63.56000
32.37000
10.77000
38.61000
18.92000
90.74000
36.63000
74.06000
79.20000
85.43000
97.56000
97.27000
57.05000
77.90000
56.71000
71.46000
98.13000
49.39000
35.97000
58.90000
23.40000
74.54000
66.67000
47.61000
74.55000
54.74000
6.88000
50.34000
23.04000
15.13000
36.44000
5.61000
61.05000
5.59000
62.90000
74.67000
9.55000
1.76000
18.60000
47.55000
11.22000
4.03000
58.61000
36.00000
35.53000
37.53000
65.76000
77.53000
76.66000
53.16000
46.62000
36.40000
54.57000
26.54000
32.51000
98.63000
12.96000
56.58000
63.60000
65.82000
69.25000
69.92000
80.23000
80.93000
96.98000
1.05000
34.85000
68.15000
70.62000
14.31000
97.99000
6.22000
74.09000
1.80000
68.96000
96.62000
18.07000
78.40000
68.79000
70.56000
35.96000
86.70000
45.29000
80.05000
87.93000
92.05000
69.98000
4.80000
59.91000
85.57000
41.16000
46.30000
60.57000
83.10000
79.89000
34.77000
25.31000
26.26000
34.94000
23.21000
13.31000
79.40000
76.86000
89.33000
9.48000
35.62000
4.95000
84.80000
92.11000
23.02000
92.40000
29.50000
7.64000
14.57000
39.74000
88.11000
20.91000
15.03000
57.17000
56.80000
82.82000
30.95000
8.96000
53.54000
70.00000
93.68000
81.13000
23.02000
81.84000
61.28000
88.43000
33.69000
44.48000
14.57000
68.37000
79.76000
7.79000
59.14000
83.22000
81.16000
46.43000
28.30000
22.00000
81.60000
61.78000
77.14000
95.45000
50.53000
78.97000
88.47000
44.09000
81.15000
48.88000
68.86000
29.19000
93.41000
46.17000
78.21000
37.56000
98.93000
80.08000
81.18000
40.85000
9.94000
54.10000
82.08000
94.75000
62.92000
27.88000
28.70000
54.25000
20.06000
66.79000
91.58000
96.08000
64.26000
62.91000
70.01000
25.72000
7.19000
32.12000
85.05000
69.40000
81.28000
15.02000
84.48000
82.10000
48.68000
76.95000
40.84000
42.55000
92.33000
11.04000
50.43000
53.23000
23.88000
31.12000
36.30000
43.37000
75.75000
78.82000
45.22000
65.96000
10.12000
21.47000
49.76000
99.71000
99.72000
62.43000
31.42000
12.46000
77.91000
34.18000
4.87000
48.74000
99.32000
28.36000
31.03000
45.78000
90.09000
26.81000
48.39000
96.78000
1.10000
36.09000
20.22000
22.67000
6.00000
87.53000
33.53000
65.17000
6.17000
39.20000
2.08000
94.72000
26.74000
70.92000
62.39000
6.52000
18.60000
90.28000
78.72000
17.52000
56.40000
29.60000
39.08000
72.42000
41.50000
43.94000
55.22000
41.66000
98.07000
16.14000
65.67000
18.46000
77.96000
51.76000
79.50000
27.98000
43.07000
40.48000
40.41000
45.40000
41.81000
26.16000
56.19000
29.61000
81.69000
17.51000
56.08000
15.04000
5.32000
61.32000
93.04000
60.86000
76.05000
31.12000
46.82000
52.97000
86.99000
23.21000
19.89000
1.05000
54.00000
59.64000
40.49000
38.52000
17.68000
88.19000
62.59000
26.55000
43.39000
81.41000
64.93000
49.04000
23.23000
36.60000
50.98000
16.68000
72.05000
74.79000
48.98000
62.87000
32.47000
44.78000
12.90000
48.79000
3.46000
17.57000
28.72000
33.09000
76.46000
45.38000
77.11000
4.24000
12.17000
34.23000
62.66000
88.23000
64.68000
95.89000
53.83000
13.18000
17.80000
69.87000
44.81000
26.99000
76.12000
18.42000
54.55000
6.30000
72.96000
28.57000
27.76000
50.48000
64.39000
14.06000
32.87000
85.67000
32.24000
12.43000
64.09000
62.77000
82.08000
85.92000
41.38000
56.40000
47.23000
24.54000
8.41000
66.96000
82.77000
39.07000
33.66000
20.58000
71.52000
68.01000
03.94000
04.79000
02.98000
04.32000
01.74000
02.02000
01.69000
03.76000
03.62000
03.76000
01.64000
02.50000
01.16000
04.83000
04.92000
01.87000
02.95000
01.07000
02.60000
04.19000
02.55000
01.30000
02.77000
04.79000
02.55000
03.36000
02.50000
04.01000
02.52000
02.06000
03.86000
03.16000
03.05000
01.24000
01.94000
04.58000
01.70000
01.73000
04.81000
03.59000
01.06000
01.35000
01.56000
04.53000
04.71000
02.94000
02.25000
04.72000
01.22000
02.31000
04.87000
04.03000
02.20000
04.32000
03.08000
04.21000
04.82000
04.67000
02.54000
01.48000
03.17000
03.22000
03.45000
01.28000
03.95000
03.89000
03.02000
02.07000
02.86000
03.66000
03.45000
03.30000
04.61000
04.46000
03.94000
01.42000
02.89000
01.27000
04.70000
01.89000
04.42000
02.02000
02.92000
03.16000
04.89000
03.67000
04.82000
04.69000
01.01000
04.18000
01.59000
02.92000
02.48000
02.49000
01.43000
03.31000
04.00000
02.57000
01.56000
04.31000
03.91000
03.46000
01.35000
02.61000
01.90000
03.33000
01.30000
02.27000
03.62000
01.43000
03.27000
02.08000
02.93000
02.83000
03.60000
01.61000
02.63000
01.63000
03.63000
01.44000
02.55000
04.89000
01.67000
03.15000
03.54000
04.70000
01.05000
01.33000
03.41000
02.13000
02.11000
03.53000
04.99000
03.26000
02.17000
02.35000
04.11000
03.17000
03.56000
03.37000
01.60000
01.93000
01.60000
01.15000
03.28000
04.63000
04.64000
03.29000
03.99000
01.35000
01.37000
01.18000
03.62000
02.36000
01.87000
03.74000
01.97000
03.31000
04.57000
02.89000
03.12000
02.08000
01.90000
04.33000
02.01000
02.86000
03.34000
02.75000
02.60000
02.87000
03.33000
01.88000
01.85000
04.29000
01.31000
02.40000
01.69000
02.33000
01.76000
02.02000
01.10000
01.21000
02.11000
03.45000
04.01000
02.11000
04.83000
02.38000
03.40000
03.25000
01.36000
03.52000
01.19000
03.82000
04.16000
04.58000
04.36000
04.04000
02.69000
04.25000
02.99000
04.01000
02.51000
02.00000
03.22000
04.91000
01.65000
02.68000
03.66000
03.57000
02.42000
04.16000
04.40000
03.32000
03.40000
04.27000
02.52000
04.50000
04.17000
01.85000
04.08000
04.43000
01.30000
04.71000
04.17000
01.44000
04.37000
01.70000
02.87000
02.86000
03.96000
02.63000
01.25000
01.01000
03.66000
02.34000
01.40000
01.23000
04.03000
04.64000
02.39000
01.84000
02.65000
02.38000
04.30000
02.17000
02.11000
01.38000
04.20000
02.54000
04.07000
02.07000
01.34000
02.10000
03.40000
02.50000
03.12000
04.80000
01.18000
03.33000
04.07000
03.25000
02.10000
02.52000
03.39000
01.91000
03.88000
03.01000
01.29000
02.23000
01.20000
04.77000
02.98000
02.66000
01.79000
04.74000
02.64000
02.66000
02.33000
04.88000
03.49000
02.68000
04.54000
04.14000
01.73000
04.16000
03.12000
02.47000
02.57000
01.58000
01.76000
04.83000
04.20000
02.37000
01.18000
01.16000
01.83000
02.99000
03.07000
02.43000
02.41000
03.29000
03.95000
02.72000
03.71000
02.61000
01.52000
04.71000
03.51000
02.05000
04.13000
04.99000
04.14000
03.19000
04.61000
03.62000
04.93000
04.59000
04.79000
01.69000
02.20000
01.84000
03.49000
01.27000
01.29000
03.52000
04.55000
01.44000
04.52000
03.20000
04.78000
02.28000
03.22000
03.47000
02.03000
04.87000
01.72000
03.90000
03.11000
03.28000
01.34000
01.06000
03.86000
04.60000
04.42000
04.55000
01.10000
04.89000
02.28000
04.93000
02.66000
04.77000
03.38000
04.04000
04.24000
01.69000
03.66000
01.27000
04.84000
04.15000
01.81000
03.51000
01.40000
02.34000
01.27000
03.46000
03.88000
03.47000
02.50000
02.82000
03.22000
03.74000
02.95000
04.30000
03.40000
04.35000
01.08000
03.60000
01.34000
03.51000
04.34000
01.41000
03.02000
04.42000
01.17000
03.46000
03.38000
03.28000
01.05000
04.44000
02.38000
01.30000
02.41000
04.04000
04.96000
04.67000
04.71000
02.98000
01.09000
04.61000
03.81000
02.34000
04.18000
03.81000
03.02000
01.76000
01.93000
04.21000
01.83000
03.46000
04.95000
02.17000
04.82000
03.26000
04.30000
04.02000
01.56000
02.00000
04.08000
01.09000
02.64000
01.49000
01.35000
01.70000
03.62000
04.56000
02.19000
03.20000
01.10000
03.06000
01.69000
03.90000
04.64000
01.79000
03.93000
03.13000
04.83000
02.60000
01.97000
01.22000
01.25000
04.31000
01.90000
03.50000
02.46000
02.75000
02.79000
04.30000
02.06000
02.74000
02.36000
01.19000
02.90000
02.19000
03.77000
03.64000
03.41000
01.63000
02.06000
03.05000
03.79000
03.64000
02.45000
01.90000
03.74000
01.17000
03.14000
03.62000
03.96000
04.19000
03.32000
04.67000
02.16000
03.64000
03.21000
02.51000
01.04000
03.48000
04.00000
03.58000
04.30000
04.65000
03.91000
03.35000
04.64000
01.12000
02.12000
02.26000
03.77000
03.83000
02.85000
01.76000
04.40000
04.75000
03.29000
04.32000
02.21000
04.81000
01.66000
01.38000
