50
10
26.63000
40.09000
24.54000
43.32000
64.71000
13.03000
42.39000
43.26000
64.76000
68.70000
5.39000
13.20000
48.81000
37.30000
46.94000
92.72000
63.66000
70.84000
28.22000
50.20000
81.85000
49.03000
33.15000
74.72000
1.67000
74.35000
71.38000
83.16000
43.17000
76.05000
78.35000
17.11000
55.15000
8.09000
14.21000
40.93000
10.13000
47.22000
61.89000
46.73000
4.42000
97.90000
33.06000
50.35000
60.06000
89.37000
61.13000
92.41000
25.85000
74.61000
76.12000
77.22000
43.87000
13.94000
60.95000
60.54000
75.60000
73.21000
62.32000
58.18000
71.46000
23.23000
80.62000
27.20000
44.22000
31.46000
41.97000
48.44000
31.39000
92.10000
95.28000
29.46000
95.23000
26.09000
18.16000
1.60000
25.76000
75.14000
9.03000
20.92000
33.74000
10.69000
92.99000
69.26000
57.67000
24.95000
22.96000
54.17000
60.83000
37.86000
71.56000
7.00000
31.21000
93.12000
41.17000
82.80000
80.59000
61.18000
55.94000
65.42000
71.16000
89.76000
55.95000
75.30000
79.46000
99.95000
71.72000
57.43000
1.48000
3.85000
24.61000
9.25000
38.70000
9.11000
29.47000
51.82000
21.35000
51.18000
27.91000
33.92000
2.41000
90.20000
85.27000
27.09000
59.61000
12.10000
93.68000
28.63000
97.43000
24.54000
68.98000
60.59000
45.11000
62.96000
51.78000
70.75000
54.62000
87.50000
8.43000
31.66000
5.69000
83.09000
29.04000
39.60000
99.80000
59.41000
30.47000
17.64000
68.19000
50.86000
81.30000
30.52000
43.94000
44.66000
73.44000
79.85000
35.26000
70.41000
43.92000
26.43000
17.49000
83.31000
24.08000
56.25000
34.35000
83.74000
69.99000
83.08000
55.27000
96.84000
64.47000
45.42000
74.46000
73.50000
14.10000
5.56000
11.86000
88.36000
49.20000
50.48000
10.17000
42.80000
27.85000
93.96000
38.85000
60.95000
30.86000
74.51000
92.09000
93.71000
64.82000
54.39000
89.85000
17.71000
62.04000
21.61000
75.81000
31.34000
78.61000
87.93000
22.64000
76.33000
86.76000
17.69000
99.80000
40.25000
38.98000
47.77000
43.98000
32.17000
70.35000
24.05000
38.10000
43.18000
79.14000
49.01000
91.83000
89.15000
87.41000
51.89000
41.58000
12.69000
42.95000
85.67000
45.53000
77.14000
17.29000
30.07000
88.60000
75.61000
7.74000
86.58000
81.44000
23.96000
36.34000
85.42000
58.49000
61.79000
50.87000
79.58000
78.90000
56.46000
23.89000
47.79000
28.59000
98.08000
51.68000
92.53000
16.24000
4.49000
75.90000
7.48000
98.12000
83.48000
22.58000
14.76000
40.36000
24.12000
22.35000
38.88000
63.72000
37.46000
38.46000
98.78000
44.83000
55.83000
58.92000
40.15000
83.09000
36.31000
96.51000
30.45000
5.63000
59.72000
89.72000
63.87000
60.34000
33.64000
1.83000
60.36000
24.85000
88.39000
18.84000
63.64000
97.55000
82.05000
54.51000
43.13000
6.57000
95.43000
47.36000
92.04000
98.81000
36.11000
59.65000
31.33000
52.91000
34.43000
79.39000
3.69000
93.23000
56.95000
51.64000
36.90000
11.88000
41.53000
10.72000
96.00000
74.14000
41.44000
68.77000
79.36000
48.39000
29.22000
6.50000
70.90000
24.72000
2.17000
25.39000
80.27000
19.00000
81.33000
54.69000
42.91000
71.81000
16.49000
48.37000
17.98000
50.53000
77.20000
84.16000
89.40000
45.26000
62.74000
66.53000
68.83000
71.85000
94.16000
23.73000
89.69000
71.90000
20.26000
8.73000
13.16000
11.78000
11.58000
99.27000
22.14000
80.59000
65.40000
1.62000
39.98000
26.88000
56.53000
84.04000
63.06000
9.20000
88.22000
35.96000
87.98000
53.01000
94.10000
49.56000
65.63000
65.89000
37.43000
44.80000
70.65000
79.16000
5.23000
65.38000
4.42000
49.91000
10.26000
80.74000
90.08000
58.94000
90.03000
85.09000
80.52000
13.83000
9.80000
97.37000
50.37000
44.92000
54.58000
62.28000
99.02000
10.27000
39.13000
48.28000
53.61000
89.71000
99.97000
49.55000
63.02000
91.81000
2.36000
85.06000
3.90000
67.45000
33.97000
29.99000
74.39000
22.90000
15.26000
55.90000
15.58000
53.63000
75.01000
4.14000
83.38000
8.41000
68.21000
32.86000
46.15000
57.81000
72.57000
28.00000
92.99000
1.10000
91.59000
98.21000
41.75000
58.34000
54.49000
79.92000
32.04000
78.31000
14.26000
32.29000
30.21000
33.56000
48.62000
39.25000
27.38000
20.39000
62.06000
11.45000
39.40000
60.82000
82.80000
82.32000
7.86000
3.67000
64.83000
14.03000
97.13000
19.47000
85.87000
10.60000
62.56000
62.21000
43.16000
56.13000
34.36000
79.80000
81.05000
48.97000
81.19000
54.18000
33.28000
14.27000
85.87000
22.86000
92.05000
1.90000
54.98000
48.11000
78.33000
86.51000
19.84000
18.93000
35.79000
70.48000
36.53000
47.09000
32.91000
77.96000
86.86000
71.10000
63.87000
59.81000
78.43000
54.21000
48.62000
90.69000
42.54000
83.45000
30.86000
71.98000
35.28000
72.58000
79.04000
28.82000
38.46000
59.10000
88.37000
11.09000
58.66000
09.20000
09.21000
07.55000
09.92000
06.44000
08.90000
09.26000
09.42000
07.26000
08.87000
07.10000
06.29000
08.32000
09.85000
05.85000
09.36000
07.52000
08.79000
06.54000
08.74000
09.02000
08.94000
06.46000
05.77000
08.25000
09.75000
09.15000
08.05000
06.85000
06.96000
09.39000
09.43000
07.73000
07.54000
08.21000
05.01000
05.07000
09.70000
07.91000
06.13000
09.26000
07.93000
07.01000
05.39000
06.96000
07.93000
05.30000
06.63000
06.10000
06.70000
07.26000
08.07000
09.42000
08.40000
06.68000
05.91000
09.38000
09.89000
08.90000
06.90000
05.09000
08.25000
08.86000
07.53000
09.62000
08.10000
07.77000
05.57000
07.27000
05.33000
08.06000
05.01000
08.61000
07.05000
08.42000
06.12000
05.47000
06.65000
08.79000
05.38000
05.91000
08.77000
05.37000
05.56000
09.24000
09.27000
05.60000
05.66000
06.03000
05.29000
08.16000
05.94000
08.10000
05.20000
08.00000
07.90000
08.52000
08.64000
06.32000
09.29000
09.33000
07.72000
07.04000
06.61000
07.10000
09.03000
07.59000
08.58000
05.75000
09.26000
05.47000
07.96000
09.77000
06.95000
08.30000
06.40000
09.86000
06.87000
09.90000
06.81000
08.01000
05.06000
05.40000
08.35000
07.43000
08.81000
06.12000
06.45000
07.61000
06.66000
09.67000
07.74000
09.25000
08.38000
09.90000
05.15000
09.34000
05.02000
06.90000
07.84000
06.09000
08.86000
07.03000
06.21000
08.98000
08.43000
07.87000
06.93000
08.74000
08.52000
05.82000
06.93000
05.20000
05.10000
08.27000
05.16000
07.92000
09.56000
09.31000
09.27000
07.34000
06.28000
09.19000
06.09000
06.82000
05.21000
09.43000
08.67000
06.00000
07.52000
07.77000
06.33000
05.75000
05.67000
08.22000
09.64000
08.21000
08.35000
06.03000
05.42000
06.75000
05.49000
07.71000
06.73000
06.01000
08.29000
06.01000
07.88000
06.85000
09.19000
09.93000
09.45000
06.41000
06.89000
09.73000
08.25000
08.08000
06.31000
06.91000
07.35000
08.25000
08.31000
06.96000
05.02000
07.86000
05.14000
06.90000
05.75000
05.42000
05.55000
07.66000
07.43000
08.23000
05.88000
09.65000
09.55000
09.82000
08.73000
09.54000
07.83000
09.98000
07.93000
05.22000
09.24000
09.74000
08.60000
05.87000
07.01000
06.38000
07.08000
06.90000
05.60000
08.45000
05.97000
09.95000
05.74000
05.72000
09.11000
07.95000
09.40000
09.23000
06.60000
05.05000
09.81000
06.27000
09.79000
06.67000
06.43000
05.38000
06.28000
08.35000
09.88000
05.76000
08.87000
08.07000
06.12000
08.82000
05.37000
05.06000
05.13000
09.89000
06.17000
09.89000
09.03000
07.68000
06.51000
09.37000
06.20000
07.12000
07.91000
06.58000
06.26000
09.41000
08.12000
05.81000
05.11000
06.99000
06.14000
07.65000
09.87000
08.54000
07.22000
08.91000
08.91000
09.01000
07.88000
07.65000
06.86000
09.60000
05.85000
08.19000
09.61000
07.74000
05.16000
06.09000
09.28000
07.12000
06.04000
08.19000
09.26000
05.41000
08.88000
08.76000
06.50000
07.54000
07.35000
08.68000
05.09000
05.73000
06.31000
06.41000
07.97000
05.07000
09.93000
05.19000
07.42000
06.90000
08.60000
09.48000
06.98000
08.83000
08.99000
05.00000
06.44000
09.70000
09.02000
08.74000
06.82000
09.61000
07.83000
08.91000
05.42000
09.90000
05.85000
09.98000
05.77000
08.18000
09.73000
07.68000
07.65000
08.30000
07.37000
08.98000
07.10000
05.34000
07.95000
07.11000
06.41000
05.66000
06.87000
07.73000
06.15000
07.38000
09.97000
08.53000
07.89000
08.50000
08.07000
09.41000
09.67000
05.62000
05.38000
06.26000
08.92000
07.74000
07.49000
06.21000
09.33000
05.11000
06.20000
07.63000
05.86000
09.23000
09.58000
05.15000
09.68000
07.87000
06.96000
09.65000
08.24000
05.02000
08.88000
08.26000
05.24000
05.94000
07.18000
09.37000
05.61000
07.13000
09.92000
07.59000
05.54000
06.35000
06.41000
08.80000
07.48000
07.60000
07.22000
05.15000
05.11000
09.99000
05.63000
06.98000
06.49000
06.32000
05.62000
09.04000
06.45000
09.05000
06.53000
05.67000
05.05000
06.10000
05.34000
07.93000
07.38000
06.63000
05.27000
08.08000
09.78000
06.05000
05.80000
09.68000
09.85000
06.01000
07.63000
07.49000
06.45000
09.44000
07.76000
07.56000
09.66000
05.48000
09.39000
07.18000
05.83000
09.55000
07.01000
09.87000
07.57000
08.31000
06.33000
05.43000
08.72000
09.67000
09.33000
09.88000
09.38000
07.79000
09.23000
09.99000
09.73000
08.97000
05.44000
09.27000
08.38000
05.14000
09.24000
06.84000
05.98000
08.16000
06.32000
08.90000
05.27000
07.37000
07.58000
07.89000
05.27000
08.31000
05.13000
07.50000
06.22000
07.82000
07.36000
07.66000
09.64000
08.95000
08.90000
09.58000
08.26000
06.02000
05.62000
05.70000
06.11000
09.60000
09.65000
09.70000
08.43000
06.50000
09.38000
06.52000
06.72000
09.79000
09.43000
07.36000
08.74000
08.79000
05.68000
09.66000
08.50000
