50
10
92.59000
29.89000
44.35000
95.19000
26.46000
88.38000
97.36000
6.80000
7.66000
59.71000
41.65000
24.81000
76.79000
89.69000
29.21000
10.39000
2.21000
51.86000
38.77000
47.46000
72.04000
42.50000
73.82000
46.69000
5.11000
83.66000
63.57000
42.49000
40.04000
24.14000
61.02000
94.03000
44.19000
34.48000
44.89000
87.23000
8.65000
12.96000
18.66000
31.76000
48.29000
80.64000
10.57000
61.04000
5.71000
86.30000
73.59000
36.22000
45.27000
2.50000
69.17000
77.04000
3.64000
38.73000
28.71000
10.39000
76.35000
67.12000
80.10000
13.27000
24.54000
26.01000
93.80000
11.80000
28.04000
51.90000
63.99000
55.87000
93.42000
9.06000
9.63000
22.12000
54.00000
83.49000
73.43000
9.93000
64.86000
89.97000
26.82000
44.45000
8.83000
66.00000
62.00000
76.56000
90.48000
73.84000
98.94000
81.89000
44.12000
2.51000
82.32000
60.83000
24.85000
62.77000
80.59000
38.53000
14.47000
94.12000
87.96000
64.86000
47.97000
21.59000
4.00000
81.75000
23.57000
24.48000
88.54000
30.43000
95.72000
21.92000
5.30000
9.43000
88.44000
42.13000
85.70000
59.35000
48.55000
39.09000
91.90000
47.54000
47.57000
90.54000
8.82000
64.12000
82.81000
1.96000
44.13000
25.93000
77.30000
98.57000
34.25000
72.58000
77.84000
37.35000
38.34000
71.44000
56.97000
94.05000
41.33000
13.59000
11.99000
74.13000
52.89000
13.91000
63.93000
5.83000
8.42000
13.99000
61.59000
41.13000
29.18000
5.86000
90.31000
34.22000
95.20000
11.20000
78.70000
77.61000
2.95000
29.30000
4.92000
59.70000
49.84000
17.25000
79.75000
48.96000
62.99000
55.87000
43.70000
39.58000
92.30000
52.73000
58.02000
50.51000
14.39000
39.15000
11.73000
26.44000
27.65000
71.21000
16.58000
35.83000
58.23000
31.73000
11.10000
72.88000
57.01000
26.29000
57.55000
57.53000
98.62000
86.21000
44.92000
33.49000
84.45000
69.57000
85.00000
69.20000
39.65000
57.19000
71.73000
6.70000
80.20000
99.25000
68.21000
66.56000
52.44000
86.96000
88.24000
6.20000
22.12000
79.95000
36.29000
33.29000
5.11000
1.25000
39.61000
83.26000
42.00000
95.67000
52.16000
17.26000
99.15000
38.74000
52.69000
18.22000
68.67000
25.75000
44.66000
95.81000
65.40000
78.76000
56.31000
86.43000
30.97000
46.55000
41.63000
49.27000
30.72000
99.67000
78.33000
68.24000
55.75000
37.40000
70.91000
54.00000
22.93000
79.80000
47.59000
40.98000
33.07000
58.71000
85.03000
21.21000
67.33000
10.56000
31.08000
47.71000
78.40000
31.36000
16.00000
84.56000
97.60000
10.11000
83.49000
33.15000
81.99000
58.57000
4.99000
17.61000
13.42000
16.26000
71.72000
87.83000
96.44000
44.43000
5.62000
21.45000
65.38000
32.09000
48.38000
16.85000
75.33000
91.02000
70.47000
99.18000
9.10000
60.72000
66.06000
21.31000
71.26000
3.45000
54.12000
55.89000
95.14000
6.22000
78.35000
5.30000
37.82000
81.80000
98.25000
84.84000
50.50000
31.70000
10.06000
12.96000
40.79000
19.02000
71.97000
29.41000
46.80000
62.37000
70.90000
26.29000
65.82000
66.24000
16.52000
19.45000
20.89000
58.84000
42.24000
49.50000
57.81000
93.18000
9.24000
82.80000
50.11000
48.96000
1.42000
11.44000
94.10000
28.68000
28.47000
49.29000
13.81000
60.56000
25.79000
38.95000
54.03000
98.59000
52.56000
45.78000
88.32000
22.50000
93.69000
60.88000
14.96000
33.76000
59.85000
1.11000
96.67000
55.45000
77.31000
57.20000
89.73000
87.08000
15.65000
58.52000
10.58000
84.49000
58.32000
32.00000
20.48000
66.63000
81.95000
8.98000
8.44000
77.20000
86.93000
45.51000
86.22000
85.65000
98.39000
24.42000
93.33000
86.18000
67.22000
51.30000
92.03000
97.73000
68.05000
58.46000
70.35000
65.01000
2.29000
2.97000
41.03000
56.47000
93.05000
64.67000
41.59000
66.30000
93.22000
52.13000
35.30000
14.46000
77.46000
95.66000
10.15000
43.64000
84.46000
33.18000
39.86000
13.03000
74.04000
88.32000
13.42000
73.85000
69.58000
95.36000
96.77000
45.00000
37.42000
26.85000
70.63000
10.41000
67.68000
78.09000
37.49000
78.74000
77.20000
73.11000
25.58000
86.40000
7.60000
58.72000
87.88000
92.58000
23.22000
7.44000
5.11000
82.18000
16.19000
15.58000
77.76000
64.87000
2.34000
6.18000
37.07000
75.08000
22.28000
26.03000
35.00000
72.96000
42.38000
47.68000
50.29000
43.44000
53.74000
68.42000
42.56000
82.13000
15.99000
72.95000
20.94000
96.67000
79.11000
70.58000
15.75000
37.27000
4.17000
16.11000
21.21000
52.79000
94.76000
70.79000
56.26000
19.89000
85.19000
24.65000
65.60000
37.94000
31.55000
88.43000
18.67000
33.09000
14.65000
2.66000
8.69000
55.21000
41.06000
27.59000
54.59000
79.95000
43.12000
52.24000
2.07000
8.70000
76.90000
89.36000
18.59000
64.58000
25.21000
77.48000
98.35000
99.49000
92.65000
78.84000
62.29000
89.06000
04.24000
04.16000
02.61000
04.79000
01.86000
03.73000
04.91000
03.29000
03.98000
04.11000
02.63000
03.14000
01.70000
03.64000
01.36000
01.17000
03.09000
01.63000
03.68000
03.22000
01.22000
02.43000
01.15000
04.10000
02.18000
03.35000
02.36000
03.64000
01.05000
02.72000
04.90000
02.68000
01.89000
03.88000
03.32000
03.04000
01.80000
03.15000
01.23000
03.55000
02.84000
01.86000
03.18000
04.03000
04.10000
02.33000
02.76000
01.32000
01.65000
03.90000
04.56000
04.42000
01.16000
02.01000
03.84000
04.44000
02.85000
04.63000
04.24000
04.29000
03.88000
03.93000
01.46000
04.91000
02.46000
03.36000
04.20000
04.25000
01.79000
03.37000
02.17000
01.29000
02.07000
01.41000
02.06000
03.96000
04.51000
03.94000
03.59000
01.21000
03.30000
02.42000
03.46000
03.01000
01.66000
01.28000
03.36000
04.31000
03.78000
01.99000
02.00000
01.05000
02.88000
03.01000
03.09000
02.20000
01.14000
03.77000
03.33000
01.70000
01.38000
01.97000
04.64000
03.14000
01.75000
01.09000
04.92000
03.95000
04.67000
03.13000
03.80000
03.35000
03.46000
04.65000
01.09000
04.39000
04.45000
03.24000
01.62000
03.17000
02.98000
01.48000
03.23000
04.76000
03.37000
02.94000
04.73000
03.24000
02.95000
04.20000
01.97000
01.68000
04.04000
02.84000
03.76000
04.17000
01.98000
01.44000
03.93000
03.78000
01.10000
03.58000
01.31000
02.59000
02.71000
01.83000
03.74000
03.67000
01.15000
01.78000
04.99000
02.34000
02.89000
03.00000
01.68000
04.94000
03.11000
01.12000
01.80000
02.25000
03.12000
02.91000
01.31000
03.47000
01.37000
04.09000
01.15000
02.79000
01.31000
01.36000
03.29000
03.43000
03.39000
04.42000
02.68000
01.58000
01.06000
03.96000
03.26000
02.44000
04.79000
03.70000
02.00000
04.23000
02.02000
04.34000
04.84000
02.15000
01.21000
03.58000
02.73000
04.39000
03.81000
04.12000
03.64000
04.16000
04.26000
01.67000
04.51000
03.66000
04.75000
01.35000
03.55000
03.00000
03.40000
03.38000
04.27000
02.90000
01.45000
02.23000
03.54000
04.41000
02.46000
04.73000
03.45000
04.85000
03.03000
02.71000
03.07000
02.57000
04.74000
05.00000
02.50000
04.88000
02.14000
01.42000
02.79000
04.12000
02.84000
02.80000
02.03000
01.60000
03.40000
04.97000
03.30000
03.66000
01.40000
04.76000
02.68000
01.64000
03.43000
04.00000
01.24000
03.84000
01.05000
01.51000
01.07000
03.62000
02.85000
01.12000
02.74000
04.11000
02.91000
04.41000
02.59000
01.51000
01.58000
02.88000
01.50000
02.81000
03.79000
04.36000
03.68000
01.45000
04.23000
04.78000
02.32000
03.89000
02.63000
01.11000
03.64000
01.59000
03.67000
03.29000
02.83000
02.99000
01.06000
02.27000
04.10000
01.55000
01.50000
02.02000
04.65000
03.72000
04.71000
03.49000
02.68000
04.96000
03.37000
04.61000
01.40000
01.72000
03.20000
04.37000
01.01000
03.45000
02.89000
02.69000
02.71000
04.61000
03.55000
03.47000
03.57000
03.68000
02.27000
04.28000
01.91000
04.44000
01.05000
04.64000
04.59000
04.66000
01.72000
01.61000
03.95000
03.91000
03.10000
01.29000
01.30000
02.78000
01.01000
02.74000
02.99000
02.84000
04.30000
02.06000
04.33000
02.67000
02.78000
04.30000
01.66000
01.86000
03.29000
03.56000
04.30000
04.96000
01.65000
02.91000
02.59000
01.58000
02.69000
02.43000
03.84000
02.27000
04.24000
03.20000
04.39000
02.63000
01.12000
03.29000
03.14000
02.82000
01.62000
02.52000
04.30000
03.86000
03.53000
03.36000
02.46000
01.31000
01.05000
03.83000
02.08000
04.85000
01.13000
04.12000
04.60000
01.20000
03.72000
01.45000
04.49000
02.05000
01.77000
02.01000
01.20000
04.12000
01.24000
01.00000
03.17000
01.10000
01.08000
02.64000
03.86000
03.69000
01.24000
04.12000
01.73000
03.61000
02.68000
03.65000
04.23000
01.54000
03.35000
04.42000
03.81000
03.21000
02.20000
02.65000
01.93000
03.30000
04.25000
04.59000
02.80000
02.21000
04.36000
01.82000
03.97000
03.87000
02.00000
03.12000
02.09000
02.65000
01.24000
03.84000
03.74000
04.38000
03.17000
04.29000
04.47000
03.88000
01.87000
01.80000
04.89000
04.99000
04.40000
02.71000
02.56000
04.53000
02.85000
02.33000
04.07000
04.32000
02.31000
01.00000
04.98000
03.20000
04.83000
04.05000
01.89000
01.00000
01.51000
01.81000
04.36000
02.54000
04.42000
01.59000
02.98000
01.66000
02.64000
03.74000
02.96000
03.29000
04.46000
04.97000
03.21000
04.72000
02.56000
02.57000
01.71000
03.36000
01.65000
02.74000
03.18000
01.17000
04.92000
01.93000
01.31000
01.10000
04.59000
01.59000
02.81000
03.11000
01.84000
04.18000
03.38000
04.14000
02.90000
01.14000
03.71000
02.15000
02.95000
04.93000
01.53000
04.09000
02.20000
01.01000
03.52000
01.92000
01.86000
03.83000
01.40000
04.59000
04.13000
04.84000
03.86000
02.05000
04.21000
04.49000
04.61000
01.25000
