50
10
72.95000
72.95000
25.68000
96.76000
87.62000
31.03000
19.44000
57.96000
41.23000
51.91000
90.02000
24.93000
67.22000
77.20000
86.20000
50.63000
26.75000
73.25000
79.55000
14.80000
3.73000
31.17000
67.34000
19.92000
7.84000
65.80000
71.62000
94.22000
73.49000
19.77000
40.18000
92.69000
61.85000
57.41000
44.57000
93.04000
56.84000
70.85000
82.08000
98.77000
68.13000
75.92000
75.75000
39.10000
31.13000
14.25000
72.37000
66.01000
5.01000
50.18000
92.85000
42.40000
15.91000
80.83000
95.86000
21.90000
59.72000
20.36000
7.32000
34.48000
64.77000
73.59000
37.99000
49.58000
56.19000
24.35000
27.39000
61.39000
83.88000
77.21000
37.77000
88.87000
24.46000
65.49000
57.15000
76.72000
76.33000
45.27000
98.28000
93.39000
66.61000
97.38000
99.69000
34.07000
45.21000
30.38000
24.63000
16.72000
86.75000
73.60000
59.12000
85.03000
92.62000
85.11000
17.91000
10.46000
87.95000
46.75000
37.52000
84.20000
85.29000
68.46000
54.61000
19.59000
40.64000
25.74000
61.61000
93.54000
25.92000
45.53000
78.62000
64.68000
56.97000
50.87000
34.88000
66.42000
75.42000
88.56000
82.36000
58.94000
47.62000
32.14000
1.79000
27.15000
63.66000
76.90000
93.66000
79.72000
40.41000
46.88000
89.19000
53.07000
18.47000
87.88000
41.37000
6.36000
63.20000
73.44000
27.92000
23.51000
66.70000
99.86000
52.33000
15.20000
44.82000
90.17000
43.83000
15.83000
38.18000
91.17000
69.79000
91.37000
7.58000
58.84000
12.28000
91.50000
49.90000
50.95000
88.01000
23.09000
46.21000
70.61000
43.66000
84.52000
52.58000
31.60000
46.70000
3.94000
50.83000
70.43000
91.31000
29.23000
47.54000
51.34000
97.45000
37.03000
74.04000
61.37000
9.82000
27.72000
87.39000
14.26000
94.86000
26.45000
69.42000
46.54000
49.78000
83.09000
26.71000
22.45000
91.53000
74.28000
89.58000
29.02000
65.79000
99.41000
17.11000
79.00000
41.03000
84.62000
56.43000
26.58000
36.16000
33.63000
64.24000
24.08000
32.83000
39.37000
46.01000
60.59000
73.26000
58.02000
98.02000
40.60000
68.11000
6.44000
44.31000
91.34000
51.80000
24.24000
30.69000
67.78000
83.50000
77.76000
29.69000
47.66000
49.13000
59.12000
38.60000
34.46000
57.34000
83.17000
79.48000
56.41000
43.57000
91.52000
1.10000
67.49000
66.98000
50.52000
73.02000
46.43000
13.48000
50.27000
94.53000
95.71000
90.76000
7.63000
87.67000
45.57000
32.39000
24.30000
53.10000
13.93000
78.95000
67.70000
30.33000
63.47000
51.93000
29.13000
67.23000
93.11000
25.99000
38.90000
52.79000
47.53000
1.50000
54.09000
98.79000
94.19000
3.61000
56.52000
44.73000
29.29000
82.20000
52.77000
51.87000
69.78000
14.90000
74.17000
9.23000
61.35000
99.10000
77.78000
28.56000
72.46000
62.95000
45.43000
48.39000
97.30000
55.32000
82.70000
31.97000
55.83000
51.85000
22.91000
66.31000
90.73000
52.94000
21.13000
38.59000
33.30000
73.02000
68.04000
45.53000
27.34000
31.55000
98.79000
46.24000
38.44000
93.88000
12.23000
19.45000
51.54000
53.10000
3.65000
67.64000
76.28000
24.07000
95.08000
21.05000
48.11000
47.40000
36.34000
31.64000
26.17000
89.45000
96.94000
78.16000
94.40000
42.31000
76.20000
65.08000
64.45000
20.85000
95.15000
20.64000
69.75000
65.67000
2.59000
96.81000
70.46000
44.12000
68.06000
74.32000
51.51000
46.31000
90.85000
55.66000
22.55000
67.18000
33.39000
99.16000
13.96000
84.21000
73.49000
8.44000
19.45000
8.04000
32.09000
22.72000
20.98000
43.25000
70.46000
61.95000
93.19000
23.17000
77.61000
70.83000
38.47000
3.87000
66.30000
18.80000
79.94000
66.17000
74.04000
98.08000
69.51000
18.66000
64.09000
30.60000
81.81000
90.64000
24.47000
58.06000
18.21000
41.20000
66.94000
50.92000
2.87000
50.16000
31.00000
3.37000
85.66000
25.09000
77.93000
33.37000
44.22000
96.32000
96.73000
30.74000
48.62000
93.99000
52.87000
72.02000
65.51000
37.99000
36.72000
29.44000
4.83000
97.86000
46.84000
61.16000
30.92000
48.16000
61.94000
53.11000
35.90000
84.17000
85.50000
14.94000
35.61000
29.94000
46.76000
80.09000
70.66000
31.25000
97.69000
10.71000
8.41000
60.66000
19.04000
88.72000
37.97000
16.44000
12.27000
26.80000
76.18000
19.66000
6.62000
57.35000
64.66000
18.10000
55.06000
41.56000
68.76000
83.30000
37.34000
63.33000
79.58000
78.22000
68.05000
12.15000
35.60000
36.16000
94.23000
16.50000
92.39000
93.20000
78.07000
36.61000
51.34000
88.86000
13.78000
23.38000
18.03000
85.39000
19.29000
51.43000
23.79000
70.81000
39.31000
22.16000
25.68000
57.88000
43.29000
59.69000
5.54000
84.11000
25.42000
15.93000
68.94000
13.76000
4.66000
64.50000
49.20000
32.85000
24.71000
7.80000
2.39000
55.14000
55.00000
68.95000
9.34000
19.13000
89.76000
99.85000
76.63000
86.09000
48.91000
07.63000
06.60000
07.28000
09.89000
09.83000
07.45000
09.05000
09.17000
09.09000
06.59000
06.99000
05.39000
05.20000
07.88000
09.02000
05.53000
09.19000
06.42000
09.29000
07.80000
08.34000
08.54000
08.22000
06.67000
06.20000
06.85000
07.46000
07.88000
07.55000
05.20000
09.92000
08.39000
08.42000
08.68000
09.77000
06.43000
06.10000
08.64000
07.41000
06.47000
09.12000
07.68000
09.51000
09.22000
07.27000
09.65000
08.97000
06.67000
06.58000
09.64000
08.79000
09.63000
07.80000
05.88000
08.11000
08.21000
08.59000
05.68000
06.61000
07.09000
05.56000
08.55000
07.36000
05.90000
09.91000
07.27000
09.67000
05.53000
09.08000
05.83000
09.12000
08.08000
06.76000
09.48000
07.51000
06.96000
07.89000
09.74000
07.93000
06.79000
08.67000
09.35000
09.67000
08.43000
06.52000
07.32000
08.32000
09.04000
05.16000
08.90000
05.67000
06.97000
09.51000
05.60000
09.81000
06.87000
05.76000
05.16000
05.05000
09.61000
08.77000
07.57000
09.53000
08.63000
08.47000
08.31000
05.31000
08.09000
06.45000
07.38000
07.39000
05.95000
05.30000
06.46000
06.48000
06.98000
08.88000
08.45000
09.57000
07.22000
07.27000
07.51000
09.86000
08.95000
06.84000
09.06000
06.85000
05.72000
05.17000
09.74000
06.24000
07.30000
06.12000
07.48000
05.02000
09.74000
09.78000
06.43000
06.39000
05.31000
07.49000
07.00000
09.85000
07.55000
06.87000
05.86000
06.10000
06.24000
06.75000
05.91000
06.83000
07.32000
06.29000
05.14000
06.95000
05.66000
06.45000
07.36000
07.20000
09.70000
08.89000
05.71000
05.96000
09.38000
05.12000
08.26000
07.84000
05.90000
07.88000
09.34000
08.75000
06.68000
06.20000
09.50000
05.79000
05.42000
05.32000
05.57000
07.35000
07.07000
06.74000
05.60000
08.07000
07.82000
08.21000
08.92000
08.81000
05.10000
08.75000
06.09000
06.71000
07.61000
08.60000
08.93000
05.14000
05.29000
09.28000
05.50000
08.74000
09.34000
06.48000
07.35000
09.92000
07.32000
07.99000
08.01000
09.53000
05.63000
06.27000
05.57000
05.33000
09.80000
06.71000
09.50000
05.84000
07.43000
05.99000
05.53000
05.85000
07.36000
07.00000
05.62000
06.41000
09.68000
08.92000
08.01000
09.78000
05.75000
07.14000
07.17000
09.52000
08.17000
08.34000
08.81000
05.40000
05.77000
05.41000
09.91000
08.46000
08.67000
07.53000
08.69000
05.99000
08.21000
05.09000
09.62000
06.51000
06.98000
09.77000
08.44000
05.02000
05.88000
05.24000
06.79000
07.27000
06.81000
05.65000
06.95000
05.97000
05.47000
07.33000
05.43000
09.83000
07.12000
07.10000
05.62000
08.78000
08.27000
08.03000
07.15000
09.01000
06.65000
09.43000
05.90000
07.97000
06.29000
06.86000
08.99000
09.34000
07.43000
07.16000
09.80000
08.07000
06.57000
08.37000
07.96000
05.35000
06.48000
09.83000
09.36000
08.62000
06.15000
07.09000
06.12000
06.58000
05.84000
06.97000
06.62000
09.15000
07.05000
09.41000
09.47000
09.45000
08.25000
07.08000
07.92000
08.36000
07.54000
08.50000
06.59000
09.35000
07.42000
06.90000
07.78000
08.77000
08.30000
06.75000
05.01000
09.23000
06.83000
08.77000
08.07000
09.57000
05.93000
09.95000
08.00000
09.88000
09.76000
08.49000
07.08000
06.52000
08.73000
08.87000
08.85000
07.08000
09.50000
06.82000
08.10000
05.41000
09.97000
09.31000
05.84000
06.61000
09.32000
09.56000
09.38000
07.03000
07.94000
07.04000
07.25000
09.32000
05.27000
06.78000
09.63000
05.19000
07.09000
09.13000
09.35000
05.48000
06.57000
05.88000
09.98000
09.21000
09.28000
09.16000
05.22000
06.64000
07.03000
07.35000
10.00000
09.25000
07.89000
05.08000
05.51000
09.82000
06.18000
08.23000
09.21000
07.33000
07.45000
08.93000
09.77000
07.06000
08.54000
05.55000
07.15000
05.49000
07.50000
07.73000
07.52000
05.39000
08.65000
06.35000
08.34000
05.75000
07.56000
08.53000
08.30000
06.84000
06.05000
09.29000
06.56000
05.47000
08.60000
09.02000
05.06000
06.34000
06.01000
09.26000
08.13000
07.47000
07.25000
06.06000
05.86000
08.01000
05.56000
06.70000
09.60000
08.38000
05.39000
09.71000
06.96000
05.24000
07.48000
09.89000
06.77000
06.49000
08.79000
08.26000
09.13000
06.30000
07.54000
07.11000
05.40000
05.07000
08.22000
09.97000
08.17000
09.47000
06.55000
06.63000
06.29000
07.41000
09.48000
08.13000
09.85000
08.04000
05.26000
06.75000
05.21000
08.34000
07.22000
05.23000
06.24000
08.55000
07.79000
06.06000
07.33000
09.05000
05.08000
09.81000
08.55000
09.17000
09.99000
08.93000
08.91000
09.46000
09.62000
07.11000
08.67000
06.75000
07.38000
09.28000
09.33000
09.11000
07.87000
06.65000
08.63000
05.84000
06.99000
06.64000
05.59000
07.52000
06.86000
07.96000
05.47000
05.96000
05.86000
05.54000
09.75000
09.23000
08.62000
05.58000
06.20000
06.64000
06.01000
05.51000
08.82000
08.77000
05.18000
