50
4
192.02000
163.80000
142.53000
145.27000
178.12000
186.23000
103.84000
104.24000
149.78000
141.89000
171.03000
166.75000
147.65000
171.40000
184.73000
173.42000
112.33000
115.39000
185.56000
164.88000
184.47000
114.48000
114.15000
181.76000
104.67000
109.30000
111.12000
164.68000
113.57000
140.47000
117.10000
154.26000
151.79000
148.62000
172.72000
191.13000
159.96000
174.37000
118.59000
115.92000
178.70000
158.35000
195.35000
169.25000
148.63000
141.18000
143.62000
191.74000
110.39000
163.49000
103.96000
176.62000
102.55000
135.11000
129.22000
191.40000
129.68000
103.70000
174.63000
155.22000
159.77000
154.15000
105.80000
133.71000
158.43000
152.09000
188.37000
192.50000
191.30000
163.14000
187.95000
197.22000
124.00000
152.93000
170.17000
113.48000
122.16000
187.07000
100.66000
106.91000
151.39000
131.20000
145.04000
143.15000
177.33000
150.95000
168.94000
187.80000
165.59000
111.92000
137.98000
106.51000
181.81000
179.76000
117.79000
164.88000
191.61000
120.08000
173.98000
128.56000
119.74000
113.67000
102.57000
166.77000
100.64000
162.64000
125.28000
125.13000
112.82000
103.05000
124.58000
170.23000
146.89000
125.50000
191.08000
192.70000
193.49000
120.64000
115.43000
183.16000
143.24000
179.09000
188.24000
132.25000
186.76000
191.46000
100.13000
130.57000
114.68000
148.40000
141.73000
168.77000
117.62000
140.51000
103.68000
137.45000
186.22000
158.43000
176.58000
127.26000
111.09000
192.77000
151.07000
128.81000
182.86000
134.18000
117.78000
132.72000
192.15000
173.26000
186.71000
191.54000
191.75000
110.23000
196.45000
176.44000
102.77000
104.61000
137.66000
134.21000
153.08000
129.68000
125.97000
180.48000
158.29000
101.06000
176.99000
130.87000
134.03000
134.38000
106.36000
101.02000
195.93000
145.26000
129.70000
106.54000
159.62000
149.33000
162.64000
163.07000
140.71000
162.21000
120.79000
186.22000
154.83000
199.53000
119.79000
191.62000
117.61000
176.92000
175.26000
194.90000
144.67000
110.00000
102.82000
111.67000
151.64000
114.38000
118.10000
157.58000
03.87000
04.08000
01.52000
04.14000
01.20000
01.30000
02.33000
01.47000
01.27000
03.54000
03.43000
03.39000
03.19000
01.91000
03.95000
01.00000
02.09000
03.55000
03.01000
01.44000
01.10000
03.57000
03.74000
03.83000
03.34000
01.11000
01.27000
03.29000
03.93000
03.28000
02.72000
02.96000
02.01000
01.22000
03.21000
01.95000
04.70000
02.04000
01.87000
03.39000
03.11000
04.88000
01.82000
02.40000
04.38000
04.85000
02.19000
02.12000
03.64000
01.09000
02.47000
01.15000
04.00000
02.62000
04.41000
02.60000
02.22000
02.11000
04.94000
03.17000
01.09000
04.79000
04.18000
02.98000
04.72000
02.76000
02.24000
02.15000
01.26000
04.16000
03.27000
04.81000
02.81000
01.11000
03.38000
03.08000
01.51000
01.74000
02.70000
01.10000
01.48000
02.17000
01.35000
02.98000
02.84000
02.53000
03.46000
04.85000
01.72000
02.94000
01.15000
02.83000
02.25000
03.53000
02.55000
01.05000
04.55000
04.41000
03.78000
03.63000
01.82000
01.16000
04.15000
03.18000
04.91000
04.32000
02.72000
01.72000
01.23000
01.51000
01.09000
02.84000
03.93000
01.85000
04.40000
03.68000
02.13000
02.48000
01.77000
01.37000
04.95000
04.50000
02.32000
01.02000
01.52000
01.06000
03.18000
03.76000
04.96000
01.26000
01.48000
02.71000
04.39000
02.25000
02.33000
03.01000
04.95000
01.14000
02.87000
01.77000
03.75000
03.05000
04.22000
04.13000
01.93000
01.12000
03.51000
03.19000
04.60000
04.47000
02.04000
04.89000
03.86000
02.20000
03.97000
04.06000
02.14000
04.73000
03.13000
03.48000
04.71000
04.57000
01.64000
01.28000
01.68000
03.86000
01.61000
03.58000
03.20000
04.71000
01.19000
04.51000
03.37000
01.26000
02.49000
02.20000
04.33000
03.62000
03.64000
02.77000
04.20000
01.93000
02.77000
04.35000
01.11000
02.30000
01.99000
01.05000
01.17000
02.86000
03.43000
03.01000
02.53000
01.75000
01.23000
04.35000
03.29000
01.07000
01.49000
03.19000
