50
10
183.55000
151.96000
163.01000
111.34000
161.19000
148.04000
105.09000
114.86000
185.76000
153.64000
108.35000
145.30000
142.03000
159.79000
170.06000
106.16000
139.76000
182.50000
112.50000
125.96000
113.72000
162.78000
182.92000
158.22000
123.66000
166.65000
153.59000
181.46000
154.37000
185.12000
121.77000
199.18000
115.60000
134.22000
109.74000
139.91000
142.12000
154.96000
164.75000
157.15000
193.69000
113.34000
159.08000
129.43000
155.09000
100.40000
189.98000
160.27000
136.07000
132.14000
158.99000
167.54000
113.71000
111.74000
102.50000
167.57000
168.36000
110.08000
130.87000
115.86000
136.19000
113.10000
107.01000
131.54000
192.60000
152.46000
118.79000
158.74000
137.98000
184.80000
179.12000
166.62000
197.73000
191.75000
125.88000
149.30000
122.22000
179.95000
121.96000
125.94000
186.86000
181.06000
155.26000
140.67000
192.04000
151.70000
138.65000
162.63000
163.13000
173.52000
110.05000
185.97000
150.54000
153.15000
132.33000
129.81000
129.66000
122.25000
193.38000
138.32000
196.28000
108.58000
144.75000
195.22000
190.37000
127.09000
120.32000
179.63000
110.79000
142.33000
177.09000
168.77000
123.55000
126.58000
193.58000
147.43000
119.66000
177.09000
173.32000
125.36000
115.15000
116.13000
144.81000
137.33000
151.02000
190.96000
161.56000
143.10000
193.29000
173.86000
102.11000
127.44000
132.98000
162.09000
169.95000
100.12000
186.11000
177.91000
193.61000
195.91000
193.68000
168.60000
126.61000
174.55000
121.72000
106.40000
147.45000
120.84000
161.25000
188.60000
106.83000
136.13000
146.66000
114.82000
176.52000
166.18000
180.85000
169.19000
145.62000
129.35000
108.40000
128.74000
108.29000
176.01000
135.96000
156.37000
183.66000
181.57000
195.17000
139.95000
115.87000
146.41000
142.67000
192.39000
174.06000
195.92000
160.09000
151.58000
152.38000
180.50000
154.09000
180.40000
169.96000
175.54000
156.29000
166.75000
170.94000
181.42000
123.34000
123.51000
124.47000
123.54000
136.88000
188.58000
124.69000
152.28000
103.55000
124.85000
190.73000
143.04000
126.13000
157.27000
117.05000
155.76000
158.96000
199.02000
111.68000
197.63000
149.08000
101.27000
109.10000
148.64000
143.74000
117.54000
169.07000
174.80000
115.21000
126.34000
176.36000
167.13000
160.77000
131.20000
140.74000
141.64000
102.66000
160.62000
196.97000
139.36000
188.17000
168.13000
104.82000
126.28000
189.55000
132.23000
149.05000
193.44000
104.07000
156.45000
139.43000
156.84000
154.00000
169.29000
110.73000
157.51000
186.60000
124.28000
122.70000
161.45000
174.14000
199.93000
168.86000
156.04000
179.83000
155.44000
115.34000
173.35000
113.71000
105.13000
139.85000
197.70000
135.20000
199.55000
167.78000
110.73000
182.18000
132.85000
149.53000
119.08000
117.54000
124.16000
160.48000
154.39000
129.18000
117.62000
101.03000
173.29000
129.98000
182.38000
196.56000
157.44000
157.85000
112.58000
197.48000
113.47000
175.66000
127.35000
179.16000
173.02000
171.31000
170.84000
142.00000
192.73000
157.68000
112.19000
111.38000
154.25000
172.68000
145.53000
137.71000
164.21000
125.07000
171.60000
157.88000
183.13000
102.14000
101.84000
102.84000
186.00000
144.01000
157.92000
198.74000
153.97000
179.19000
174.60000
186.59000
134.30000
161.21000
111.65000
132.40000
199.26000
168.58000
153.83000
127.20000
146.11000
104.80000
110.91000
186.99000
197.11000
198.41000
117.65000
152.79000
199.54000
102.91000
133.83000
190.62000
125.65000
196.83000
144.20000
191.50000
172.72000
183.66000
158.53000
171.43000
163.00000
191.94000
111.58000
171.43000
143.77000
175.18000
163.13000
125.43000
101.83000
127.39000
157.61000
148.14000
143.74000
192.43000
184.48000
116.55000
180.67000
178.37000
159.70000
187.31000
125.52000
154.36000
108.65000
142.07000
116.18000
114.54000
181.73000
187.45000
115.53000
178.04000
154.33000
155.11000
111.47000
189.01000
126.84000
101.68000
116.89000
116.59000
124.65000
108.80000
169.68000
154.91000
198.14000
183.11000
132.73000
123.13000
122.72000
156.26000
193.93000
165.37000
198.76000
184.88000
166.17000
150.79000
151.67000
150.62000
187.35000
128.79000
135.39000
107.00000
105.86000
195.04000
140.09000
135.53000
156.48000
135.17000
162.52000
114.70000
104.72000
158.95000
118.69000
166.78000
179.09000
101.14000
149.63000
139.03000
133.11000
121.51000
121.35000
103.72000
145.28000
104.83000
124.86000
158.11000
119.13000
160.86000
176.18000
124.47000
183.17000
124.37000
116.32000
150.06000
190.92000
155.12000
111.31000
107.16000
120.89000
137.87000
152.15000
193.02000
176.60000
182.40000
154.86000
129.91000
186.57000
123.47000
160.46000
110.12000
140.40000
159.81000
190.75000
163.57000
130.56000
105.05000
125.49000
144.47000
142.79000
168.57000
101.25000
140.70000
121.24000
150.75000
174.68000
165.16000
135.05000
176.97000
127.40000
155.75000
178.36000
197.63000
166.07000
175.34000
170.30000
188.13000
122.33000
111.83000
155.02000
148.84000
152.81000
178.11000
101.67000
105.17000
139.15000
112.08000
104.37000
107.50000
188.01000
176.62000
182.28000
131.22000
131.00000
159.62000
179.53000
176.72000
124.79000
173.98000
165.26000
08.77000
07.94000
07.77000
09.37000
08.41000
09.90000
09.16000
09.12000
08.84000
08.24000
09.18000
07.64000
07.31000
09.32000
08.25000
09.42000
07.39000
05.72000
08.02000
05.16000
08.84000
06.30000
06.41000
06.85000
07.70000
06.16000
07.57000
07.71000
06.26000
06.63000
06.92000
07.20000
08.06000
05.33000
06.11000
06.06000
07.88000
06.09000
08.06000
06.25000
06.75000
09.02000
06.92000
06.00000
06.96000
05.45000
08.11000
09.78000
07.04000
08.00000
08.74000
09.87000
08.81000
06.25000
08.86000
07.21000
09.92000
09.00000
06.56000
07.63000
09.36000
06.37000
07.41000
08.25000
05.82000
08.59000
08.22000
07.46000
09.25000
07.18000
07.07000
09.87000
05.84000
09.90000
08.26000
06.38000
08.03000
05.73000
07.37000
09.11000
09.51000
09.95000
06.21000
06.44000
05.23000
09.04000
07.85000
07.99000
06.36000
05.77000
06.59000
09.65000
05.37000
09.15000
08.02000
08.55000
05.93000
09.41000
08.95000
08.06000
05.96000
08.33000
08.24000
07.43000
06.65000
06.69000
05.62000
07.31000
06.21000
08.36000
08.63000
09.29000
09.73000
07.48000
05.50000
05.66000
08.56000
09.48000
05.69000
09.96000
05.30000
06.01000
09.93000
06.96000
08.79000
09.99000
05.20000
07.70000
09.13000
05.56000
09.71000
09.46000
07.68000
08.16000
07.93000
05.79000
07.02000
09.42000
05.60000
06.47000
06.00000
07.27000
09.68000
07.53000
09.73000
05.86000
08.40000
06.26000
09.55000
05.60000
05.94000
07.03000
05.95000
09.05000
08.77000
07.76000
09.26000
08.79000
07.01000
08.83000
08.88000
08.07000
06.52000
07.70000
08.81000
07.45000
09.44000
08.04000
09.31000
08.74000
09.14000
09.81000
06.88000
05.02000
05.26000
09.18000
09.27000
05.60000
08.67000
08.61000
05.49000
06.05000
06.51000
06.78000
05.79000
08.18000
07.15000
08.64000
06.68000
05.06000
05.22000
05.37000
05.90000
06.01000
06.60000
09.42000
07.47000
06.59000
08.42000
09.48000
08.41000
05.55000
08.58000
05.26000
08.06000
06.45000
05.37000
05.03000
06.93000
06.07000
09.55000
06.26000
07.93000
06.41000
07.16000
09.02000
05.22000
05.68000
05.49000
09.66000
09.21000
08.36000
08.06000
05.80000
06.57000
05.16000
09.67000
06.26000
05.19000
08.06000
06.35000
06.16000
09.25000
05.29000
05.38000
06.83000
09.14000
06.31000
05.31000
05.88000
06.54000
06.85000
05.91000
07.15000
09.35000
08.88000
08.22000
05.74000
06.73000
05.62000
06.51000
07.29000
09.16000
07.65000
05.71000
09.07000
07.91000
09.74000
08.52000
05.11000
08.83000
05.42000
06.14000
08.16000
06.24000
05.59000
05.99000
07.23000
05.71000
07.36000
06.77000
07.56000
09.05000
09.13000
08.43000
05.67000
09.32000
05.52000
07.15000
09.30000
05.85000
07.40000
05.38000
07.46000
09.20000
06.91000
06.80000
05.41000
06.19000
07.42000
06.37000
09.64000
09.87000
08.57000
05.26000
07.92000
09.58000
06.22000
05.92000
09.25000
09.89000
05.14000
08.66000
05.89000
08.92000
05.02000
06.42000
06.29000
06.04000
08.84000
09.34000
09.73000
06.98000
06.38000
06.29000
09.13000
08.71000
08.68000
07.35000
08.65000
09.44000
08.03000
08.88000
08.70000
08.66000
07.94000
08.47000
05.93000
07.09000
08.23000
09.97000
08.27000
06.69000
09.91000
08.48000
09.87000
05.70000
05.27000
05.35000
06.13000
08.57000
07.85000
08.16000
08.73000
06.05000
07.44000
05.79000
05.56000
05.09000
05.06000
07.44000
08.53000
05.39000
07.51000
09.35000
07.01000
06.11000
05.91000
09.72000
06.56000
09.00000
07.36000
05.05000
05.23000
08.70000
08.07000
08.09000
07.34000
06.09000
05.47000
07.85000
08.45000
08.29000
08.26000
09.58000
05.39000
08.68000
06.37000
09.79000
06.23000
06.89000
06.00000
06.22000
05.27000
08.80000
09.59000
07.89000
08.08000
06.54000
05.83000
05.05000
06.48000
08.49000
09.67000
09.20000
08.54000
09.28000
07.28000
08.10000
08.57000
06.61000
06.08000
09.08000
06.62000
09.53000
08.31000
09.07000
05.87000
09.18000
05.69000
09.27000
08.29000
09.10000
05.82000
06.34000
09.60000
09.06000
07.55000
08.21000
06.77000
05.11000
05.98000
09.02000
08.04000
09.53000
07.45000
09.18000
07.86000
05.86000
09.56000
05.37000
06.97000
08.88000
06.16000
05.48000
07.34000
09.62000
07.35000
08.68000
07.18000
05.38000
09.47000
05.37000
05.98000
09.68000
05.12000
07.23000
09.45000
07.31000
08.16000
07.77000
09.78000
08.13000
07.27000
05.46000
07.67000
09.71000
08.63000
09.35000
07.56000
08.86000
09.14000
06.25000
07.83000
05.52000
05.32000
09.22000
08.10000
05.89000
09.92000
07.59000
09.27000
07.40000
06.93000
06.92000
08.45000
08.76000
06.63000
09.03000
09.03000
09.89000
05.50000
06.99000
05.63000
06.99000
06.30000
05.10000
09.14000
07.51000
08.04000
08.94000
06.67000
05.13000
05.97000
05.32000
06.62000
09.79000
06.59000
07.31000
08.61000
