50
10
2.47000
59.59000
51.62000
17.63000
45.50000
50.75000
75.05000
15.54000
71.86000
29.98000
55.71000
28.01000
85.03000
6.95000
9.45000
77.07000
14.24000
16.07000
75.88000
11.53000
11.48000
17.50000
23.34000
1.93000
55.46000
95.18000
40.96000
45.55000
50.67000
60.76000
45.58000
65.45000
25.34000
47.67000
77.80000
9.40000
32.46000
16.06000
4.99000
47.97000
50.75000
49.87000
16.25000
79.44000
83.69000
59.76000
28.43000
26.84000
60.51000
80.14000
88.83000
1.01000
61.40000
89.46000
47.06000
27.65000
72.17000
9.76000
16.12000
8.76000
56.85000
23.94000
27.34000
31.35000
59.13000
33.38000
37.79000
9.19000
48.46000
63.24000
29.30000
78.78000
19.04000
64.38000
8.44000
5.39000
88.82000
12.46000
6.54000
74.03000
4.50000
6.84000
79.66000
99.45000
32.53000
72.69000
11.64000
20.18000
68.10000
61.87000
7.05000
96.47000
31.17000
49.02000
97.21000
19.34000
64.44000
34.54000
41.19000
98.55000
78.87000
9.52000
59.04000
50.42000
98.33000
16.68000
37.87000
71.92000
79.18000
71.94000
41.71000
10.23000
6.32000
67.42000
67.83000
66.83000
87.44000
18.96000
39.29000
71.96000
59.94000
66.17000
2.87000
78.59000
81.99000
76.40000
30.13000
65.46000
39.52000
40.77000
19.34000
36.04000
41.19000
74.13000
91.56000
18.57000
22.41000
19.08000
95.58000
66.03000
42.36000
39.97000
3.95000
58.14000
85.96000
28.92000
11.94000
97.39000
63.87000
1.78000
81.56000
7.12000
65.94000
13.77000
53.50000
57.07000
99.18000
25.68000
36.75000
7.83000
23.27000
43.78000
93.59000
76.35000
11.86000
99.40000
14.02000
9.34000
65.32000
50.62000
8.80000
73.23000
10.79000
77.24000
16.44000
64.24000
96.17000
86.86000
99.21000
1.30000
99.09000
11.79000
47.12000
27.12000
19.93000
7.12000
70.92000
12.15000
81.83000
54.65000
10.14000
49.59000
37.68000
61.97000
26.04000
59.38000
61.11000
60.41000
7.61000
85.22000
95.42000
17.40000
35.04000
90.91000
92.89000
39.42000
70.62000
49.01000
56.08000
22.63000
76.77000
25.72000
50.37000
38.58000
32.22000
5.96000
66.84000
84.54000
39.44000
98.41000
22.37000
83.58000
27.68000
40.48000
56.56000
82.48000
49.90000
89.34000
36.75000
53.78000
84.84000
31.91000
53.06000
93.77000
36.98000
75.85000
22.34000
26.51000
33.55000
57.58000
84.20000
96.78000
28.53000
36.27000
6.99000
79.13000
99.66000
95.85000
78.82000
69.84000
77.81000
49.93000
57.69000
42.18000
28.10000
63.46000
84.99000
6.31000
28.86000
86.57000
8.27000
1.87000
74.30000
70.14000
32.10000
91.12000
84.35000
88.82000
88.80000
64.07000
3.73000
43.98000
36.46000
32.48000
98.88000
59.77000
54.90000
33.86000
66.99000
87.06000
51.68000
31.48000
26.03000
2.51000
58.14000
13.34000
19.68000
4.49000
31.35000
91.22000
17.39000
19.14000
52.12000
5.62000
13.38000
96.34000
28.05000
16.80000
26.58000
13.75000
73.33000
50.02000
48.20000
94.46000
77.04000
93.89000
33.44000
71.16000
2.89000
87.83000
35.35000
95.58000
95.67000
84.82000
14.12000
35.07000
30.90000
63.59000
53.65000
78.74000
3.90000
27.62000
64.62000
44.45000
36.70000
5.14000
81.45000
71.79000
77.10000
49.14000
64.30000
28.13000
97.64000
39.35000
97.10000
3.57000
95.60000
78.23000
90.50000
13.96000
93.04000
95.04000
78.92000
99.92000
37.75000
43.73000
22.55000
29.79000
1.27000
2.06000
82.79000
40.75000
72.20000
82.33000
18.22000
31.24000
70.18000
93.26000
7.70000
30.23000
82.20000
1.53000
76.37000
19.56000
46.75000
98.32000
76.12000
5.81000
26.09000
6.60000
81.57000
20.29000
8.25000
67.05000
93.12000
20.09000
5.98000
51.14000
36.91000
86.01000
56.79000
52.05000
61.81000
26.65000
24.95000
88.75000
44.47000
71.32000
96.46000
6.91000
84.28000
78.10000
86.09000
73.01000
8.36000
28.81000
31.35000
83.23000
64.61000
29.03000
71.78000
14.69000
34.95000
34.33000
93.38000
52.19000
6.98000
39.33000
69.30000
30.20000
68.10000
73.19000
27.78000
82.12000
60.93000
83.72000
21.80000
69.13000
50.82000
43.44000
30.08000
75.14000
28.87000
48.66000
56.11000
10.82000
10.93000
22.41000
29.12000
9.60000
37.62000
11.49000
2.08000
31.63000
75.29000
87.45000
52.73000
61.83000
16.05000
49.57000
85.55000
10.88000
73.74000
18.90000
29.77000
12.19000
90.98000
42.23000
37.37000
25.93000
47.65000
48.81000
44.57000
4.85000
23.36000
9.88000
1.09000
1.31000
45.87000
91.33000
29.35000
22.43000
72.25000
8.91000
98.81000
93.35000
84.33000
97.13000
5.65000
65.95000
88.68000
22.27000
65.84000
14.87000
17.62000
69.32000
26.06000
39.49000
26.24000
53.05000
53.77000
65.96000
96.35000
10.98000
44.17000
45.16000
36.52000
5.36000
16.21000
51.73000
76.09000
24.21000
13.58000
86.05000
73.13000
80.28000
5.74000
74.25000
9.46000
13.10000
03.24000
02.54000
04.11000
03.48000
02.25000
02.89000
04.62000
04.15000
01.52000
02.94000
04.56000
01.30000
04.65000
01.52000
02.02000
04.26000
04.20000
02.45000
04.06000
03.36000
01.76000
02.56000
02.78000
01.94000
03.90000
03.68000
03.24000
04.31000
02.21000
04.64000
03.53000
03.81000
01.25000
01.26000
02.72000
02.76000
02.61000
02.38000
04.89000
04.50000
04.86000
01.82000
03.13000
01.34000
03.59000
02.40000
03.50000
02.63000
03.38000
03.97000
02.82000
03.45000
03.62000
03.48000
01.89000
01.78000
04.44000
04.83000
03.89000
01.89000
04.68000
03.05000
01.04000
01.22000
03.03000
02.10000
02.52000
02.22000
03.20000
02.92000
02.56000
04.35000
01.90000
03.47000
04.34000
04.06000
04.82000
02.71000
04.07000
02.81000
02.67000
04.58000
02.97000
03.04000
03.15000
02.04000
03.21000
04.22000
02.97000
01.04000
04.02000
02.79000
03.82000
04.54000
01.60000
04.20000
04.42000
04.49000
01.14000
02.92000
03.49000
03.70000
03.13000
03.51000
03.17000
04.93000
04.86000
02.12000
01.77000
02.57000
01.80000
01.07000
01.14000
01.72000
02.30000
03.93000
04.09000
04.44000
03.67000
03.29000
02.46000
01.82000
04.24000
04.70000
01.07000
01.92000
03.35000
02.77000
01.76000
01.84000
01.31000
01.06000
03.34000
03.65000
03.47000
04.15000
01.65000
02.42000
04.14000
01.62000
01.52000
02.23000
02.66000
04.05000
04.77000
04.17000
03.35000
03.01000
02.23000
02.31000
03.32000
04.52000
04.34000
02.62000
01.04000
01.35000
04.75000
04.18000
01.63000
02.44000
02.64000
01.24000
01.56000
01.52000
04.97000
02.01000
02.27000
01.27000
03.68000
03.67000
02.22000
01.40000
03.73000
04.45000
04.86000
02.62000
03.07000
03.54000
02.64000
02.63000
04.66000
01.14000
01.02000
04.13000
04.45000
02.46000
02.46000
02.82000
03.39000
01.70000
02.39000
03.41000
03.43000
02.07000
01.28000
03.61000
03.53000
03.76000
04.58000
02.10000
04.01000
01.10000
03.48000
02.36000
01.17000
04.34000
03.13000
02.47000
04.73000
02.53000
04.61000
02.58000
02.77000
03.01000
02.49000
04.51000
04.37000
02.10000
04.33000
03.09000
03.61000
01.13000
02.73000
02.15000
03.56000
02.42000
03.26000
02.51000
04.31000
01.31000
04.50000
02.01000
02.93000
02.12000
02.02000
03.47000
01.50000
02.18000
04.41000
02.72000
03.10000
03.83000
01.24000
04.58000
03.81000
02.38000
03.09000
02.90000
04.70000
02.16000
04.53000
02.54000
04.25000
03.04000
02.18000
02.09000
04.69000
02.71000
01.97000
04.73000
02.00000
02.81000
04.59000
04.42000
03.36000
03.81000
03.75000
04.09000
04.99000
03.16000
02.15000
03.72000
04.09000
03.30000
03.50000
04.25000
02.86000
03.70000
04.49000
03.63000
04.51000
04.81000
02.84000
04.82000
01.23000
04.07000
01.23000
03.77000
02.23000
03.95000
03.39000
01.44000
01.71000
03.89000
02.01000
03.77000
02.89000
04.35000
02.78000
01.72000
03.49000
04.01000
02.08000
02.71000
03.70000
01.42000
01.65000
03.38000
03.59000
03.13000
01.46000
04.52000
01.51000
02.72000
02.32000
02.20000
04.77000
02.76000
02.06000
01.50000
01.70000
02.84000
03.52000
04.51000
01.64000
03.54000
02.51000
02.29000
02.90000
02.43000
03.87000
02.93000
04.82000
02.09000
01.43000
03.51000
03.73000
02.10000
02.02000
02.09000
04.95000
03.03000
01.46000
01.77000
02.81000
02.48000
04.58000
02.62000
04.64000
03.00000
01.07000
03.50000
02.29000
03.18000
02.84000
01.16000
02.60000
02.49000
02.30000
02.04000
01.46000
02.49000
04.42000
04.33000
02.33000
03.88000
03.14000
03.25000
01.65000
04.38000
01.42000
03.00000
04.88000
02.68000
03.22000
04.78000
02.47000
02.49000
01.47000
02.79000
01.88000
04.51000
02.14000
04.24000
03.55000
02.44000
04.19000
01.33000
04.95000
02.98000
03.55000
03.26000
04.52000
01.85000
01.20000
04.24000
01.72000
03.74000
03.07000
03.47000
03.98000
04.94000
03.90000
01.04000
02.84000
04.92000
03.89000
02.09000
01.48000
02.38000
03.33000
01.90000
04.48000
01.12000
01.30000
02.79000
01.43000
01.98000
01.87000
04.08000
02.90000
02.78000
02.13000
02.11000
04.47000
02.36000
04.15000
02.20000
02.71000
04.55000
03.01000
02.68000
03.21000
02.16000
02.79000
02.88000
04.55000
01.04000
04.57000
03.13000
02.29000
04.00000
02.43000
04.76000
01.02000
02.87000
03.43000
02.09000
02.33000
02.49000
02.11000
02.27000
01.58000
01.97000
02.31000
03.80000
04.23000
01.34000
01.09000
02.99000
02.44000
01.97000
03.65000
02.30000
03.90000
04.82000
04.19000
01.17000
01.32000
03.83000
01.91000
04.06000
04.40000
01.96000
01.03000
04.43000
03.85000
03.17000
02.74000
04.72000
03.37000
04.40000
01.24000
04.38000
03.66000
03.62000
03.75000
03.88000
02.43000
03.76000
02.46000
04.66000
02.38000
04.79000
02.57000
01.18000
03.21000
03.66000
02.29000
04.89000
