50
4
114.47000
149.03000
142.30000
142.58000
187.22000
152.63000
104.31000
146.78000
173.66000
117.60000
100.33000
182.65000
114.42000
184.53000
170.99000
190.81000
150.12000
194.07000
156.90000
111.89000
121.40000
186.84000
198.70000
186.51000
168.87000
103.46000
137.00000
155.29000
133.17000
184.56000
112.45000
158.86000
154.91000
170.76000
165.64000
137.85000
174.72000
102.69000
137.23000
132.87000
133.23000
120.97000
167.82000
184.57000
171.06000
166.23000
198.04000
133.55000
128.84000
179.09000
148.63000
198.77000
167.99000
190.91000
103.71000
194.13000
151.49000
116.65000
132.05000
191.67000
191.08000
177.39000
199.28000
157.00000
152.36000
138.73000
171.03000
155.76000
100.98000
166.31000
112.92000
153.57000
102.55000
125.74000
190.58000
116.04000
122.70000
182.67000
169.63000
108.82000
127.06000
102.70000
115.69000
197.52000
181.24000
151.47000
194.40000
147.77000
150.88000
194.60000
171.37000
125.19000
101.59000
197.72000
112.24000
195.40000
199.01000
126.44000
182.62000
124.04000
105.00000
108.68000
199.71000
189.67000
104.19000
132.97000
179.77000
112.41000
112.78000
126.82000
114.54000
100.02000
121.39000
180.84000
194.65000
143.12000
120.65000
185.67000
110.71000
132.34000
101.18000
131.94000
153.37000
158.30000
153.61000
110.25000
113.24000
111.63000
168.57000
111.25000
180.94000
182.95000
136.68000
125.56000
147.11000
162.90000
148.56000
143.79000
102.36000
142.08000
194.84000
156.58000
137.32000
111.13000
166.14000
154.56000
142.63000
160.68000
153.10000
128.33000
102.91000
107.97000
139.85000
102.69000
127.23000
120.72000
117.01000
126.49000
186.14000
109.47000
136.57000
184.10000
195.27000
189.84000
114.17000
191.15000
170.24000
177.47000
165.43000
163.26000
126.69000
187.98000
105.97000
116.06000
180.23000
136.98000
151.41000
165.18000
146.49000
140.11000
117.39000
126.23000
141.09000
112.99000
119.53000
114.85000
179.66000
171.25000
173.45000
146.65000
177.83000
130.51000
194.77000
137.27000
151.22000
106.39000
199.13000
102.33000
115.45000
114.53000
03.56000
03.49000
02.43000
04.59000
03.50000
03.97000
04.15000
01.50000
02.79000
02.09000
02.79000
03.61000
04.56000
04.97000
01.48000
02.05000
03.94000
03.74000
03.33000
03.93000
04.05000
01.52000
03.48000
04.39000
04.02000
01.44000
01.05000
02.55000
02.97000
02.62000
03.16000
01.54000
04.02000
04.19000
04.94000
04.47000
02.31000
01.27000
01.51000
02.48000
04.95000
04.99000
04.01000
02.69000
03.07000
02.48000
03.54000
04.23000
03.81000
04.85000
02.55000
01.19000
04.09000
01.12000
01.92000
01.97000
04.55000
02.75000
01.50000
03.49000
03.28000
01.19000
01.40000
01.88000
04.40000
04.56000
01.77000
01.25000
04.04000
04.98000
02.72000
01.74000
02.33000
02.57000
04.38000
03.47000
03.39000
01.47000
02.87000
02.57000
03.34000
01.79000
02.32000
03.15000
02.31000
03.66000
02.85000
01.35000
04.43000
03.21000
04.59000
01.28000
01.83000
04.57000
03.66000
03.08000
02.61000
03.85000
04.19000
02.87000
04.60000
02.01000
04.01000
03.19000
02.49000
01.14000
04.69000
03.00000
04.25000
04.91000
03.80000
04.02000
03.00000
02.47000
02.48000
03.39000
03.88000
02.93000
01.84000
02.22000
04.00000
03.42000
03.01000
01.65000
04.50000
01.06000
03.12000
02.79000
02.50000
04.98000
03.28000
02.77000
03.11000
04.30000
04.63000
02.71000
03.48000
04.15000
04.29000
03.75000
04.71000
01.65000
03.38000
03.00000
03.94000
01.94000
03.03000
01.60000
02.30000
02.12000
01.17000
01.24000
01.66000
03.93000
02.35000
02.06000
01.00000
03.92000
04.38000
02.77000
04.26000
04.86000
01.39000
01.47000
01.55000
04.87000
03.49000
04.31000
03.00000
02.06000
04.82000
01.40000
02.74000
02.58000
03.50000
02.87000
02.88000
04.54000
01.65000
02.85000
01.57000
02.06000
01.40000
03.45000
04.91000
01.28000
04.87000
02.81000
03.04000
04.32000
02.19000
03.05000
02.09000
01.29000
03.49000
02.30000
04.17000
02.34000
02.88000
02.67000
