50
10
69.96000
63.48000
74.34000
72.31000
18.70000
16.50000
89.09000
82.88000
89.50000
1.96000
85.33000
87.41000
56.91000
97.59000
47.99000
77.01000
17.22000
9.87000
85.71000
67.54000
91.47000
64.04000
34.94000
99.59000
29.46000
16.07000
53.83000
40.54000
1.73000
42.70000
28.30000
79.47000
5.57000
48.40000
67.02000
34.25000
63.02000
61.41000
6.40000
44.48000
22.89000
35.70000
4.63000
76.52000
55.70000
49.01000
46.60000
22.47000
59.76000
5.82000
34.16000
22.83000
97.28000
47.09000
81.14000
99.05000
76.30000
78.21000
1.58000
34.12000
49.62000
17.88000
43.35000
32.62000
79.51000
83.04000
83.10000
26.87000
54.97000
20.40000
22.22000
72.95000
87.77000
96.40000
83.83000
53.68000
17.41000
8.25000
20.83000
74.63000
5.17000
71.89000
6.85000
68.14000
39.05000
34.02000
42.28000
90.26000
32.82000
62.10000
53.25000
23.84000
23.98000
51.32000
89.66000
73.43000
74.79000
20.62000
28.14000
72.37000
62.80000
87.13000
52.04000
6.63000
11.73000
17.64000
63.74000
7.69000
71.60000
26.71000
86.03000
39.56000
97.40000
74.51000
85.27000
74.76000
67.85000
46.95000
52.56000
11.60000
85.45000
52.70000
3.76000
70.12000
79.41000
27.18000
78.48000
99.11000
3.72000
29.56000
45.06000
71.11000
35.11000
44.76000
92.62000
82.42000
78.06000
82.44000
39.02000
56.08000
61.79000
78.02000
23.84000
38.88000
39.30000
90.67000
13.46000
3.36000
88.31000
6.31000
62.93000
32.74000
3.67000
83.66000
89.96000
33.24000
32.58000
57.10000
88.38000
10.65000
20.71000
72.60000
40.00000
2.46000
61.24000
81.04000
50.42000
70.94000
74.12000
58.07000
51.95000
6.11000
4.06000
4.07000
1.66000
18.73000
18.50000
43.18000
79.38000
47.31000
12.65000
27.29000
93.69000
55.10000
5.45000
31.02000
75.91000
30.13000
40.60000
54.78000
82.10000
84.15000
87.55000
24.69000
94.11000
56.67000
41.50000
89.64000
19.49000
9.96000
71.99000
32.54000
75.10000
45.05000
42.40000
27.20000
43.94000
74.54000
15.18000
73.82000
4.52000
49.46000
24.76000
15.02000
3.63000
22.78000
31.29000
15.16000
13.82000
72.25000
19.71000
65.33000
32.38000
3.34000
98.67000
82.39000
81.35000
42.28000
5.60000
7.96000
9.53000
44.05000
96.66000
6.38000
86.45000
86.39000
59.77000
68.75000
12.41000
73.77000
3.60000
12.94000
7.46000
34.43000
61.56000
77.56000
19.39000
21.34000
94.83000
30.95000
75.67000
29.14000
80.92000
89.63000
26.89000
90.27000
48.96000
99.18000
61.35000
87.01000
4.53000
75.48000
92.82000
87.83000
71.78000
99.35000
59.81000
86.90000
3.58000
78.37000
24.58000
4.19000
72.58000
43.86000
74.14000
81.40000
81.15000
51.90000
23.27000
89.97000
54.45000
84.30000
8.46000
24.10000
42.35000
48.65000
91.98000
1.75000
20.49000
75.26000
63.84000
66.60000
88.26000
22.22000
35.80000
89.12000
72.79000
69.35000
45.38000
63.49000
52.12000
33.45000
92.89000
9.82000
85.80000
81.83000
61.44000
70.46000
39.58000
8.64000
78.67000
91.70000
28.32000
33.92000
73.81000
8.98000
92.62000
6.47000
99.86000
79.44000
99.83000
96.84000
36.52000
90.02000
41.07000
5.30000
85.29000
50.38000
31.19000
50.91000
76.40000
93.94000
11.78000
82.46000
62.83000
81.87000
48.22000
72.49000
23.30000
98.08000
32.60000
18.30000
60.31000
53.24000
79.78000
40.93000
4.07000
80.78000
32.37000
88.16000
72.07000
40.05000
83.74000
61.48000
76.08000
18.55000
27.47000
82.23000
16.86000
53.80000
75.24000
8.33000
37.13000
47.20000
85.11000
50.56000
7.31000
23.88000
38.91000
48.41000
20.63000
33.72000
42.22000
64.16000
96.02000
52.37000
27.36000
85.81000
79.18000
80.22000
50.41000
27.13000
38.56000
43.38000
93.18000
24.62000
67.37000
90.77000
63.26000
41.55000
85.54000
99.00000
90.96000
65.93000
37.79000
68.47000
34.37000
11.53000
91.56000
24.31000
12.79000
57.40000
88.15000
79.82000
29.72000
8.70000
39.02000
95.84000
34.52000
37.70000
97.07000
14.94000
24.48000
48.86000
73.97000
50.97000
21.66000
70.43000
4.12000
46.56000
72.83000
56.37000
45.70000
67.04000
51.55000
84.42000
84.63000
4.53000
54.11000
59.07000
31.58000
72.89000
3.55000
8.53000
19.96000
15.71000
45.66000
84.80000
9.94000
96.35000
53.99000
68.59000
85.44000
8.92000
25.83000
62.41000
58.13000
66.28000
82.22000
94.46000
51.92000
82.75000
67.02000
37.58000
31.98000
56.95000
77.54000
31.07000
63.77000
99.22000
25.52000
6.20000
23.93000
42.89000
96.96000
6.67000
11.84000
43.02000
7.63000
1.92000
52.65000
81.44000
92.03000
85.16000
97.22000
65.73000
16.44000
77.33000
22.22000
27.21000
65.86000
22.13000
26.01000
21.95000
55.06000
87.02000
34.74000
31.78000
21.54000
68.19000
98.29000
63.27000
27.57000
83.59000
93.30000
48.75000
61.16000
77.91000
20.16000
44.29000
07.94000
07.07000
09.99000
06.61000
08.09000
09.15000
06.55000
08.88000
07.57000
09.13000
08.73000
09.88000
05.52000
05.23000
08.80000
05.95000
07.35000
06.93000
05.32000
09.70000
09.74000
09.94000
08.06000
09.96000
05.59000
06.23000
08.05000
06.84000
09.05000
09.04000
07.59000
06.69000
05.55000
07.83000
05.20000
07.10000
06.73000
08.32000
05.68000
06.93000
05.51000
07.50000
05.06000
06.26000
06.05000
08.57000
05.62000
06.44000
08.76000
06.02000
06.35000
08.88000
06.24000
08.13000
05.72000
07.02000
08.56000
08.27000
09.57000
06.86000
07.06000
07.57000
05.36000
07.41000
07.31000
08.17000
06.76000
08.91000
06.11000
08.45000
08.73000
07.87000
06.53000
08.03000
07.44000
07.04000
07.90000
07.80000
05.35000
05.44000
05.78000
09.88000
06.15000
08.30000
06.98000
07.65000
09.77000
07.14000
09.57000
05.75000
07.41000
09.71000
07.86000
05.04000
06.51000
05.01000
07.43000
07.66000
05.75000
08.30000
05.11000
06.23000
06.84000
09.82000
06.26000
08.99000
07.38000
08.30000
08.40000
07.66000
09.13000
09.92000
08.52000
08.28000
07.18000
08.85000
09.84000
08.12000
07.88000
05.49000
06.82000
05.73000
08.83000
06.51000
05.20000
05.89000
08.88000
09.82000
06.95000
09.64000
08.13000
09.58000
05.29000
09.25000
07.92000
06.19000
09.68000
08.28000
05.85000
06.32000
05.86000
06.49000
05.77000
07.87000
05.80000
09.93000
07.78000
05.02000
07.71000
05.88000
09.30000
09.63000
09.18000
09.41000
05.83000
09.63000
05.58000
06.18000
07.02000
08.45000
08.48000
06.88000
05.60000
05.40000
08.75000
08.97000
05.59000
06.04000
08.52000
06.12000
07.24000
07.20000
06.17000
08.29000
07.05000
06.93000
06.34000
06.67000
07.78000
09.56000
09.88000
08.69000
08.43000
05.65000
08.95000
08.05000
09.25000
07.02000
06.91000
09.69000
06.75000
06.73000
08.39000
09.80000
08.69000
09.10000
09.28000
05.83000
09.06000
09.70000
07.02000
07.27000
09.66000
07.90000
07.17000
08.83000
06.45000
08.09000
09.78000
05.33000
07.31000
09.35000
09.62000
05.61000
05.15000
08.67000
07.73000
09.77000
09.12000
09.27000
06.41000
09.17000
09.63000
05.61000
09.18000
06.39000
08.35000
08.43000
05.82000
05.29000
08.18000
09.69000
07.38000
05.96000
08.29000
07.61000
06.14000
09.76000
09.08000
06.68000
05.63000
09.28000
07.22000
07.61000
05.64000
08.36000
05.61000
07.37000
07.21000
07.11000
09.54000
07.60000
06.72000
06.13000
07.95000
05.06000
05.24000
06.56000
09.07000
07.59000
05.96000
07.35000
05.94000
09.82000
05.07000
06.24000
07.90000
07.62000
05.02000
07.23000
05.51000
08.12000
09.49000
05.59000
05.58000
09.71000
08.43000
07.82000
06.19000
07.01000
08.03000
06.66000
06.64000
05.90000
05.73000
06.13000
07.51000
08.51000
05.21000
06.48000
05.60000
08.22000
06.44000
09.21000
09.00000
09.66000
05.58000
07.07000
07.00000
08.70000
07.10000
06.49000
07.66000
09.35000
06.18000
09.67000
05.52000
07.08000
05.18000
09.09000
08.81000
08.59000
06.69000
06.39000
08.26000
08.67000
09.57000
09.50000
05.84000
08.35000
08.91000
07.57000
09.78000
09.92000
06.06000
06.02000
09.54000
06.90000
08.62000
06.49000
05.85000
09.10000
05.43000
06.91000
05.69000
07.53000
06.60000
06.44000
07.27000
09.50000
08.46000
05.47000
05.07000
08.52000
08.62000
05.68000
09.80000
09.39000
05.93000
09.98000
06.19000
07.61000
05.09000
07.88000
08.24000
05.49000
06.43000
07.01000
05.19000
05.07000
07.32000
05.79000
05.40000
06.31000
09.27000
07.29000
08.52000
05.39000
05.02000
05.82000
05.41000
09.77000
08.59000
06.95000
08.21000
08.12000
05.22000
07.51000
05.30000
05.39000
06.42000
05.54000
06.30000
07.77000
09.94000
05.38000
07.10000
07.71000
09.80000
07.59000
09.82000
08.89000
06.23000
08.98000
07.84000
06.25000
05.75000
07.62000
05.79000
05.99000
05.45000
05.36000
05.03000
08.62000
06.84000
09.26000
07.83000
06.63000
07.87000
09.21000
07.21000
07.13000
08.97000
09.67000
06.69000
07.73000
06.79000
06.37000
06.07000
07.27000
09.23000
06.28000
06.37000
05.86000
05.47000
07.62000
09.89000
09.82000
05.91000
09.86000
05.16000
06.78000
07.20000
08.74000
06.97000
05.56000
07.27000
06.21000
06.34000
06.28000
05.27000
05.51000
05.57000
05.27000
06.62000
06.10000
08.19000
05.14000
07.96000
08.71000
08.33000
06.11000
05.03000
07.92000
06.90000
08.77000
06.64000
07.81000
07.95000
06.44000
08.04000
05.81000
05.16000
09.35000
06.05000
05.27000
08.48000
09.02000
08.73000
05.84000
09.10000
08.21000
05.40000
08.39000
09.46000
05.91000
06.63000
05.05000
08.25000
07.37000
09.22000
09.20000
05.42000
09.11000
06.25000
05.47000
07.15000
08.88000
07.04000
09.73000
05.88000
05.67000
07.15000
09.12000
05.32000
09.75000
08.39000
07.02000
05.39000
07.62000
