50
4
155.60000
130.00000
100.68000
136.22000
144.29000
121.63000
104.03000
116.33000
122.46000
175.39000
167.17000
178.89000
130.73000
131.91000
130.73000
164.53000
109.73000
131.82000
135.32000
113.86000
100.08000
115.73000
121.58000
167.51000
142.41000
124.27000
130.14000
166.10000
177.34000
198.08000
101.60000
150.27000
145.50000
177.77000
176.61000
160.64000
187.51000
103.96000
195.78000
137.82000
144.00000
117.29000
199.74000
122.46000
155.59000
158.38000
129.12000
155.16000
162.91000
167.86000
175.51000
187.43000
156.38000
199.78000
186.62000
187.47000
124.44000
121.21000
153.03000
196.70000
180.60000
134.66000
140.36000
180.77000
190.51000
105.75000
114.24000
105.29000
119.77000
100.10000
140.29000
135.89000
134.02000
183.35000
184.14000
138.19000
198.88000
121.12000
111.42000
177.83000
179.97000
179.02000
187.74000
120.41000
142.92000
122.70000
178.73000
131.58000
153.36000
117.76000
150.02000
176.95000
176.91000
129.84000
167.24000
122.15000
179.20000
124.57000
196.00000
132.80000
157.55000
145.44000
162.14000
164.53000
173.57000
124.25000
115.67000
160.94000
137.26000
135.90000
112.18000
135.49000
139.26000
171.02000
142.32000
178.82000
170.19000
120.21000
196.70000
181.54000
120.68000
174.12000
165.95000
134.29000
181.35000
123.37000
140.69000
127.69000
142.82000
158.58000
111.55000
152.37000
195.72000
170.38000
169.15000
198.94000
130.68000
149.38000
104.13000
158.04000
138.32000
186.23000
107.09000
120.29000
109.26000
171.54000
168.67000
176.31000
134.14000
195.93000
171.66000
187.75000
103.75000
131.64000
159.92000
103.70000
154.63000
130.90000
127.31000
165.19000
142.44000
183.52000
189.45000
187.83000
182.81000
105.10000
161.97000
187.26000
191.37000
111.27000
160.48000
179.09000
183.75000
117.67000
100.63000
178.96000
175.56000
139.91000
198.02000
102.48000
182.44000
193.62000
168.29000
165.28000
120.01000
194.43000
127.06000
183.00000
103.89000
157.95000
189.95000
171.24000
149.71000
199.82000
172.60000
145.64000
173.09000
135.66000
190.63000
121.83000
06.98000
07.55000
08.75000
07.81000
06.06000
06.51000
06.27000
09.12000
07.98000
07.40000
06.07000
09.32000
06.63000
09.13000
07.05000
07.30000
05.93000
05.59000
08.13000
06.98000
09.77000
05.71000
08.21000
07.27000
07.06000
08.39000
06.19000
07.06000
06.71000
07.52000
05.99000
05.26000
07.63000
07.02000
06.50000
05.79000
08.72000
05.80000
06.65000
07.54000
08.89000
07.75000
05.32000
09.43000
07.05000
06.79000
06.43000
05.35000
07.09000
06.83000
07.40000
06.19000
07.13000
05.11000
07.27000
05.53000
09.08000
06.86000
05.09000
09.74000
09.07000
06.07000
06.02000
08.98000
07.24000
07.87000
05.23000
08.40000
08.76000
07.44000
07.85000
08.15000
08.78000
09.93000
09.06000
08.40000
07.46000
05.48000
09.00000
09.30000
09.95000
09.27000
07.83000
06.01000
06.42000
06.44000
05.72000
08.68000
07.01000
07.15000
07.81000
07.47000
06.88000
06.56000
09.26000
07.54000
06.20000
09.82000
05.23000
09.04000
07.07000
09.09000
08.12000
08.13000
08.47000
06.38000
09.52000
08.41000
08.96000
10.00000
05.72000
08.21000
09.96000
06.34000
08.12000
08.95000
07.87000
06.82000
08.14000
07.02000
09.10000
07.85000
07.17000
08.85000
05.04000
05.82000
06.64000
05.82000
07.12000
07.15000
07.93000
09.36000
06.74000
08.24000
07.46000
05.86000
05.29000
05.50000
06.64000
06.73000
09.19000
05.34000
06.87000
08.38000
09.85000
09.15000
09.56000
07.21000
08.67000
08.36000
08.96000
08.42000
09.84000
08.93000
09.91000
08.03000
07.02000
06.67000
05.24000
07.06000
09.91000
07.65000
07.61000
08.16000
06.17000
09.54000
09.67000
09.00000
08.45000
09.99000
09.09000
07.23000
09.41000
06.66000
08.50000
05.50000
06.70000
07.20000
05.59000
06.47000
07.99000
09.27000
07.98000
07.80000
05.91000
05.53000
08.36000
07.15000
08.15000
08.62000
09.36000
07.16000
07.34000
06.22000
08.66000
05.50000
06.15000
05.97000
08.89000
09.83000
