50
4
10.57000
92.91000
86.05000
25.40000
34.59000
77.87000
9.72000
20.24000
90.72000
43.14000
84.62000
64.98000
21.20000
28.92000
53.97000
1.86000
64.23000
75.44000
57.00000
69.08000
62.05000
24.92000
34.91000
9.87000
54.86000
16.58000
27.92000
62.45000
82.88000
90.63000
76.26000
69.03000
87.34000
89.30000
22.15000
69.83000
9.46000
52.79000
4.79000
6.08000
87.44000
21.34000
64.42000
16.99000
64.52000
35.16000
43.25000
43.77000
79.90000
35.47000
67.43000
30.53000
72.45000
17.11000
85.94000
56.44000
4.64000
57.63000
47.05000
53.57000
60.41000
2.85000
15.72000
86.87000
7.73000
16.74000
56.93000
23.33000
10.56000
65.27000
37.64000
26.91000
34.89000
15.39000
22.82000
63.58000
46.67000
31.10000
77.44000
99.31000
11.87000
78.34000
68.47000
1.06000
94.47000
24.09000
60.87000
31.81000
62.43000
32.32000
20.63000
58.52000
79.72000
69.00000
12.70000
47.16000
13.31000
1.10000
3.05000
62.70000
27.44000
19.47000
43.44000
98.46000
98.52000
21.03000
55.36000
58.28000
98.46000
11.03000
41.01000
1.87000
17.99000
79.16000
90.10000
18.97000
45.82000
18.15000
94.36000
1.29000
73.68000
16.72000
44.50000
38.54000
92.29000
65.59000
30.25000
22.46000
92.35000
56.48000
42.31000
42.75000
64.60000
79.10000
71.42000
90.13000
98.74000
25.17000
9.28000
56.33000
86.50000
83.42000
44.62000
31.05000
18.60000
46.56000
69.16000
5.03000
83.75000
4.31000
97.47000
72.21000
77.75000
6.83000
75.48000
80.53000
43.10000
60.12000
56.79000
34.15000
19.50000
16.94000
56.89000
47.55000
22.41000
90.77000
91.24000
37.18000
67.30000
99.08000
76.30000
18.53000
70.65000
57.33000
27.55000
7.05000
47.92000
80.00000
59.45000
18.23000
14.58000
83.55000
88.48000
67.51000
85.09000
83.44000
31.10000
71.39000
76.93000
95.16000
1.78000
45.31000
5.57000
35.16000
15.99000
4.76000
84.47000
17.92000
89.20000
64.20000
01.06000
02.65000
01.12000
02.17000
04.81000
03.39000
01.53000
02.21000
01.67000
03.51000
04.62000
01.20000
02.76000
02.15000
01.50000
02.26000
03.21000
02.42000
03.30000
04.53000
02.14000
03.46000
01.14000
03.12000
02.68000
04.39000
02.15000
01.16000
03.94000
04.33000
01.45000
01.78000
01.07000
02.40000
02.18000
04.09000
01.17000
01.74000
03.44000
03.23000
03.38000
01.47000
04.38000
02.33000
02.83000
04.71000
04.11000
04.49000
02.62000
02.58000
04.63000
01.26000
02.89000
04.87000
02.37000
04.34000
03.58000
02.69000
04.06000
03.92000
02.30000
01.05000
01.83000
04.11000
03.16000
04.09000
03.81000
01.03000
02.29000
03.94000
02.13000
02.83000
03.82000
04.71000
04.90000
01.61000
03.87000
02.53000
04.26000
01.51000
02.57000
01.54000
04.32000
02.64000
04.03000
01.84000
01.22000
01.14000
04.39000
03.57000
03.07000
01.13000
03.77000
02.85000
02.01000
02.73000
02.30000
03.80000
02.16000
02.07000
04.67000
02.99000
04.50000
03.31000
03.84000
02.84000
03.34000
04.72000
04.64000
01.09000
02.37000
01.09000
04.18000
02.87000
02.71000
01.56000
03.60000
01.30000
01.48000
03.24000
04.01000
01.52000
03.81000
03.27000
02.54000
04.63000
02.83000
02.75000
04.32000
03.77000
03.66000
02.83000
02.48000
04.07000
03.42000
04.63000
02.13000
02.65000
03.24000
01.27000
04.40000
04.63000
04.25000
01.87000
02.42000
03.13000
03.56000
03.56000
01.31000
03.29000
01.87000
01.11000
04.19000
02.09000
02.64000
04.46000
02.99000
04.48000
04.00000
03.43000
01.45000
03.57000
04.09000
04.16000
01.70000
01.47000
01.03000
04.77000
01.86000
04.31000
04.95000
03.38000
04.06000
02.23000
01.96000
02.12000
02.41000
01.33000
02.19000
03.12000
03.06000
03.75000
03.77000
04.50000
04.11000
03.62000
04.83000
04.38000
03.70000
03.05000
03.49000
04.89000
03.95000
04.17000
01.86000
04.16000
02.99000
01.11000
02.09000
04.30000
