50
4
26.44000
67.93000
83.01000
93.18000
59.63000
31.71000
97.46000
37.06000
65.39000
89.49000
55.08000
95.04000
83.93000
83.49000
95.10000
10.35000
56.48000
53.92000
59.74000
21.21000
23.26000
41.00000
88.20000
68.82000
24.47000
84.95000
22.72000
94.42000
1.35000
28.00000
2.51000
39.21000
93.11000
9.35000
67.79000
42.43000
42.96000
69.23000
60.77000
45.28000
89.13000
49.86000
21.69000
87.99000
73.84000
90.46000
89.74000
12.78000
37.30000
33.23000
89.47000
40.71000
41.92000
88.71000
29.71000
12.14000
36.22000
4.75000
69.56000
87.04000
63.61000
7.25000
75.98000
33.37000
90.05000
62.17000
14.94000
15.12000
81.52000
36.48000
50.41000
97.25000
3.99000
94.16000
49.36000
47.72000
21.41000
3.17000
76.76000
30.51000
99.78000
26.48000
98.58000
11.58000
7.04000
31.06000
80.78000
55.90000
6.17000
81.87000
88.33000
30.45000
63.14000
45.89000
87.21000
99.18000
44.92000
87.08000
43.38000
30.08000
30.02000
48.36000
36.93000
55.13000
27.80000
91.69000
50.97000
20.75000
80.53000
26.76000
16.31000
21.96000
79.91000
42.30000
22.67000
49.49000
16.67000
30.01000
60.75000
94.06000
79.52000
79.62000
22.30000
47.40000
61.18000
82.85000
96.01000
98.21000
51.38000
30.42000
74.62000
39.21000
40.83000
12.04000
47.84000
59.13000
20.25000
18.44000
6.39000
49.68000
79.35000
40.33000
39.98000
1.59000
10.86000
68.43000
40.34000
4.57000
3.50000
93.46000
41.69000
64.58000
57.70000
60.75000
90.21000
89.86000
79.27000
5.32000
88.68000
81.33000
9.01000
22.81000
52.57000
54.45000
60.40000
29.68000
96.33000
24.69000
50.91000
41.42000
37.45000
7.53000
95.00000
73.48000
89.38000
18.43000
10.15000
42.33000
69.60000
72.86000
9.81000
62.45000
92.58000
87.29000
10.47000
50.31000
74.79000
77.19000
27.59000
21.36000
31.69000
58.02000
76.64000
90.09000
77.75000
45.26000
74.08000
73.96000
30.44000
54.37000
09.10000
08.45000
06.88000
08.64000
07.09000
07.27000
08.34000
06.10000
05.49000
08.10000
09.65000
07.51000
08.19000
09.84000
09.73000
06.80000
09.12000
06.40000
07.48000
07.86000
07.17000
06.68000
06.81000
09.60000
06.26000
09.61000
06.62000
05.93000
05.28000
09.06000
05.83000
05.75000
08.14000
08.97000
08.33000
07.97000
08.76000
08.23000
08.04000
06.49000
06.03000
05.74000
08.85000
05.22000
08.86000
05.42000
09.68000
08.07000
06.17000
06.17000
09.10000
07.22000
08.48000
06.03000
05.31000
06.52000
07.12000
09.35000
07.68000
06.39000
07.01000
05.81000
06.37000
07.00000
08.28000
05.59000
06.52000
08.48000
06.11000
08.82000
08.31000
06.01000
05.64000
05.68000
06.88000
09.73000
07.03000
06.31000
07.38000
09.81000
05.44000
05.88000
09.98000
06.40000
06.03000
09.53000
09.84000
09.66000
08.94000
07.43000
07.10000
09.73000
09.34000
09.72000
06.93000
06.79000
07.39000
06.58000
09.48000
05.98000
05.28000
09.11000
08.78000
07.80000
05.04000
07.28000
06.71000
08.37000
07.72000
08.11000
08.26000
09.80000
09.74000
07.99000
09.84000
08.48000
07.49000
08.34000
07.87000
05.84000
07.39000
05.56000
08.75000
08.28000
05.85000
06.05000
08.87000
07.19000
09.26000
06.23000
09.67000
08.99000
09.03000
07.50000
07.52000
05.08000
06.57000
06.27000
08.85000
06.87000
08.29000
08.94000
05.06000
05.77000
05.59000
06.92000
07.55000
08.18000
09.88000
06.61000
09.28000
05.33000
07.85000
08.32000
06.74000
09.13000
05.02000
09.97000
08.03000
09.30000
07.36000
06.82000
05.82000
08.50000
07.51000
06.53000
07.75000
09.38000
08.14000
06.75000
06.49000
09.61000
06.90000
05.15000
09.69000
06.83000
06.44000
09.37000
10.00000
08.71000
09.43000
07.07000
05.08000
07.90000
08.52000
05.92000
07.59000
07.06000
06.37000
08.55000
05.18000
08.84000
05.63000
07.64000
05.52000
05.90000
08.95000
05.84000
06.25000
05.90000
