50
10
138.58000
135.37000
199.30000
175.47000
123.96000
146.34000
137.24000
160.92000
152.85000
146.23000
123.58000
193.31000
191.27000
107.30000
136.83000
157.39000
130.23000
126.83000
180.50000
162.93000
185.74000
127.07000
183.12000
144.70000
198.84000
155.30000
198.19000
162.46000
135.52000
183.79000
104.24000
100.98000
186.81000
109.78000
104.77000
170.02000
168.72000
155.56000
128.31000
104.35000
122.27000
168.39000
128.37000
163.74000
113.47000
120.53000
183.46000
132.94000
133.33000
109.24000
124.27000
101.49000
149.28000
136.26000
165.51000
113.64000
194.87000
150.08000
160.86000
188.60000
138.52000
148.77000
104.46000
176.74000
186.86000
195.22000
115.45000
153.46000
171.53000
177.31000
137.96000
119.16000
149.18000
107.95000
141.15000
199.22000
101.44000
125.03000
119.15000
144.02000
134.96000
191.42000
191.10000
128.98000
181.37000
195.03000
101.14000
154.46000
197.33000
148.74000
118.42000
145.87000
164.46000
190.44000
137.06000
153.60000
189.41000
183.03000
176.23000
153.02000
113.49000
163.40000
146.15000
141.72000
140.34000
194.09000
193.39000
168.62000
116.67000
152.47000
185.61000
121.85000
189.72000
192.05000
182.57000
167.42000
131.78000
191.36000
169.04000
196.35000
140.10000
153.91000
154.78000
124.64000
136.95000
108.21000
174.56000
193.33000
169.60000
107.78000
188.14000
168.41000
110.31000
131.14000
180.30000
140.92000
156.35000
181.79000
160.79000
126.86000
129.99000
188.27000
164.39000
167.24000
178.48000
104.07000
150.85000
128.10000
174.10000
107.73000
129.36000
172.94000
190.95000
165.74000
172.00000
140.72000
148.34000
130.74000
122.36000
120.23000
173.02000
195.16000
105.84000
193.09000
102.89000
153.14000
172.81000
165.97000
100.82000
123.82000
198.68000
170.49000
154.72000
151.34000
183.84000
163.30000
177.48000
104.85000
153.66000
126.04000
106.98000
178.48000
158.56000
165.34000
106.11000
191.37000
173.90000
112.85000
162.77000
187.66000
100.10000
125.22000
189.84000
136.51000
162.53000
184.07000
125.23000
132.03000
111.58000
196.06000
137.48000
179.24000
100.89000
106.33000
130.05000
113.66000
107.45000
196.97000
154.61000
116.10000
182.13000
144.90000
139.67000
121.33000
165.95000
197.38000
138.75000
189.11000
124.92000
126.66000
130.37000
104.22000
150.07000
130.03000
118.04000
176.41000
157.39000
129.74000
130.28000
140.45000
187.92000
173.06000
120.59000
156.11000
107.65000
132.25000
167.51000
108.16000
107.63000
104.59000
174.54000
106.35000
103.84000
112.33000
170.20000
185.46000
137.32000
102.74000
108.00000
105.25000
148.81000
169.81000
101.19000
140.66000
161.04000
199.29000
170.60000
107.45000
123.67000
103.48000
115.60000
152.27000
193.33000
195.28000
105.34000
100.52000
151.67000
112.57000
133.95000
102.58000
105.34000
118.25000
120.57000
133.84000
185.96000
100.20000
109.35000
194.71000
150.17000
171.32000
169.42000
110.55000
179.64000
169.49000
194.93000
131.78000
180.98000
157.62000
105.01000
133.77000
185.84000
123.58000
143.82000
116.92000
150.86000
180.27000
180.47000
106.62000
157.69000
165.58000
144.66000
140.14000
151.71000
121.29000
166.64000
183.00000
169.58000
181.17000
104.70000
160.78000
130.27000
105.85000
168.59000
189.49000
156.05000
123.85000
193.08000
110.15000
194.19000
188.68000
137.94000
188.78000
116.96000
178.85000
187.94000
116.38000
121.62000
197.89000
152.83000
108.99000
130.44000
174.31000
167.38000
107.60000
190.67000
161.63000
191.37000
178.24000
174.60000
138.35000
109.55000
111.93000
179.48000
108.01000
131.69000
124.68000
127.58000
199.10000
192.56000
157.49000
102.14000
119.89000
186.44000
141.38000
107.23000
103.48000
185.66000
109.39000
119.45000
163.84000
132.85000
123.12000
126.69000
145.10000
128.38000
139.19000
141.85000
116.40000
197.64000
139.26000
102.82000
171.89000
191.04000
129.96000
172.49000
130.70000
183.95000
142.92000
138.74000
136.98000
176.77000
134.80000
114.47000
159.87000
194.88000
187.24000
137.58000
193.51000
188.69000
106.87000
170.94000
157.04000
133.58000
125.33000
102.45000
194.60000
129.94000
199.26000
145.00000
175.32000
123.15000
108.92000
168.98000
122.27000
133.94000
141.89000
108.32000
196.33000
171.46000
128.23000
141.76000
144.28000
126.70000
165.22000
172.81000
175.87000
115.69000
175.11000
130.00000
125.87000
179.44000
105.17000
166.82000
154.06000
183.97000
127.67000
161.81000
145.19000
120.30000
139.87000
118.47000
109.03000
104.43000
164.04000
165.33000
180.35000
177.38000
147.45000
155.89000
118.91000
105.18000
162.36000
168.67000
109.48000
178.83000
106.03000
107.20000
161.82000
114.36000
100.74000
194.90000
101.11000
192.27000
101.45000
177.44000
123.80000
162.94000
125.22000
162.91000
189.36000
143.00000
176.42000
170.45000
173.19000
164.07000
142.97000
144.22000
175.67000
182.81000
137.75000
153.34000
122.21000
180.85000
198.64000
191.95000
163.18000
164.83000
188.55000
179.21000
173.99000
166.40000
195.35000
159.25000
155.02000
142.19000
131.95000
101.21000
131.66000
173.85000
136.23000
199.22000
154.30000
168.01000
171.08000
172.44000
198.33000
156.32000
124.39000
165.00000
164.15000
03.11000
03.62000
04.97000
01.98000
03.71000
02.22000
02.39000
04.76000
01.34000
04.39000
04.25000
04.16000
04.08000
01.47000
01.13000
02.01000
01.00000
01.79000
04.61000
01.13000
02.19000
02.67000
03.27000
01.35000
02.72000
02.44000
02.69000
03.51000
02.66000
04.43000
01.43000
01.42000
03.10000
04.97000
03.09000
01.92000
02.12000
01.39000
04.24000
04.83000
02.79000
04.01000
02.45000
02.99000
01.20000
04.16000
04.32000
02.22000
02.41000
02.18000
01.46000
03.32000
04.74000
03.72000
02.14000
01.06000
01.02000
03.37000
04.57000
03.50000
01.79000
01.10000
01.47000
04.62000
02.24000
01.34000
02.53000
03.35000
02.58000
01.56000
02.46000
03.66000
04.02000
04.20000
04.95000
02.50000
04.75000
04.71000
02.72000
01.81000
03.98000
03.56000
01.47000
04.56000
01.92000
02.20000
03.89000
02.69000
03.76000
03.07000
01.70000
01.16000
03.71000
01.63000
03.59000
01.93000
04.97000
02.33000
03.27000
03.94000
01.41000
01.63000
02.04000
01.31000
04.85000
02.67000
04.16000
01.93000
04.60000
02.64000
03.13000
01.64000
03.00000
03.11000
03.78000
04.52000
03.36000
02.67000
03.94000
03.65000
02.02000
04.88000
02.44000
01.10000
04.31000
02.34000
03.10000
03.95000
04.55000
04.61000
02.75000
04.29000
02.08000
02.28000
03.23000
03.19000
01.21000
02.93000
03.35000
02.72000
03.29000
03.12000
02.96000
01.98000
02.63000
04.45000
02.87000
01.02000
02.56000
01.48000
04.49000
01.10000
02.04000
03.68000
03.32000
03.47000
01.22000
02.51000
01.46000
04.68000
04.57000
01.66000
03.89000
02.94000
03.56000
01.83000
04.54000
01.45000
02.62000
04.73000
02.38000
04.41000
03.22000
01.06000
01.35000
01.03000
03.81000
02.51000
02.41000
01.50000
03.83000
01.81000
03.52000
01.04000
03.75000
04.64000
03.62000
03.84000
01.02000
01.71000
02.67000
03.11000
02.09000
04.73000
01.62000
01.06000
02.41000
02.40000
02.42000
04.87000
01.35000
02.87000
02.19000
03.10000
01.71000
01.27000
04.00000
03.89000
04.49000
01.76000
03.89000
04.04000
02.25000
04.17000
04.93000
01.91000
04.58000
01.32000
03.20000
04.80000
02.06000
03.05000
03.78000
01.06000
02.26000
04.17000
04.75000
04.00000
01.77000
04.52000
01.18000
03.97000
02.15000
04.92000
01.16000
04.27000
02.00000
03.21000
01.76000
01.25000
04.88000
02.22000
01.06000
04.23000
03.37000
01.76000
02.14000
03.54000
03.06000
02.67000
01.44000
03.71000
03.25000
02.59000
03.23000
02.99000
02.30000
03.52000
03.22000
01.56000
04.53000
03.33000
02.61000
01.86000
01.64000
02.98000
03.62000
03.35000
02.34000
04.42000
01.43000
02.48000
04.32000
02.61000
04.26000
04.72000
02.30000
01.50000
01.31000
04.50000
03.97000
02.04000
02.78000
01.28000
02.04000
02.19000
03.87000
03.52000
02.21000
04.89000
04.79000
04.68000
03.18000
02.10000
02.74000
03.19000
04.66000
02.78000
03.92000
02.52000
04.06000
01.71000
04.07000
02.37000
02.71000
01.92000
04.34000
03.65000
01.68000
04.18000
01.72000
03.41000
03.79000
02.58000
01.53000
02.23000
04.89000
04.20000
02.12000
01.67000
01.79000
01.11000
02.80000
04.32000
04.33000
02.40000
03.90000
01.76000
03.33000
02.13000
02.75000
02.56000
02.61000
03.40000
01.68000
04.31000
03.02000
02.27000
04.02000
01.57000
02.37000
03.82000
02.09000
01.94000
03.50000
02.14000
01.23000
01.98000
02.23000
04.30000
01.22000
03.08000
02.86000
02.04000
04.18000
01.18000
04.64000
02.13000
02.53000
02.32000
04.92000
04.99000
01.72000
01.20000
03.65000
03.81000
04.22000
01.52000
01.78000
04.81000
01.47000
03.99000
01.26000
03.18000
01.93000
02.31000
01.05000
03.13000
03.04000
03.19000
01.11000
01.85000
03.27000
02.32000
02.37000
01.57000
02.07000
04.41000
02.81000
01.47000
03.88000
03.17000
01.36000
01.75000
02.16000
01.29000
01.99000
03.64000
03.37000
02.48000
04.23000
03.88000
04.50000
04.07000
03.03000
01.08000
03.00000
01.47000
04.88000
02.13000
04.46000
04.25000
02.85000
03.35000
04.46000
03.25000
03.02000
02.08000
03.57000
02.28000
04.46000
04.63000
03.37000
02.19000
03.27000
02.34000
02.45000
04.79000
04.51000
03.53000
04.37000
04.91000
02.26000
01.54000
01.72000
02.39000
03.60000
02.70000
04.07000
02.04000
04.61000
02.32000
02.01000
01.71000
02.37000
04.74000
03.11000
04.21000
02.96000
03.28000
02.41000
01.11000
02.63000
01.26000
01.38000
04.83000
03.15000
02.97000
04.25000
03.65000
02.80000
01.64000
04.73000
04.53000
01.78000
02.72000
01.50000
03.43000
01.28000
04.67000
02.29000
01.28000
03.52000
02.93000
03.78000
04.06000
03.70000
01.95000
03.69000
02.70000
02.01000
03.20000
04.72000
01.17000
03.67000
01.13000
02.56000
04.42000
02.88000
03.18000
01.93000
02.39000
02.83000
01.82000
04.52000
02.05000
03.74000
02.48000
01.04000
03.34000
