50
7
179.57000
181.98000
165.97000
109.40000
149.49000
138.25000
110.84000
113.57000
163.68000
137.52000
109.24000
186.59000
116.04000
153.76000
124.59000
115.72000
177.04000
125.01000
171.89000
127.27000
143.69000
103.36000
167.69000
136.62000
189.58000
104.98000
180.11000
198.22000
114.85000
160.10000
178.82000
155.57000
196.21000
162.99000
185.06000
191.25000
136.94000
122.01000
121.64000
176.88000
116.87000
109.58000
162.92000
123.15000
142.39000
112.16000
184.83000
129.83000
196.46000
180.29000
131.35000
108.55000
141.34000
135.00000
191.74000
109.47000
196.62000
124.79000
166.25000
187.97000
199.28000
174.84000
199.93000
109.81000
120.18000
170.47000
126.93000
117.34000
194.23000
148.53000
120.43000
179.44000
170.41000
147.45000
142.70000
141.59000
161.74000
157.23000
195.04000
175.79000
195.35000
169.41000
167.85000
130.64000
162.37000
127.12000
190.56000
181.28000
168.05000
175.02000
181.68000
179.41000
181.66000
109.36000
198.77000
103.32000
186.55000
127.95000
188.48000
107.83000
171.11000
115.82000
152.43000
170.64000
195.01000
173.99000
113.07000
148.93000
186.55000
145.98000
190.83000
135.26000
151.35000
123.73000
123.36000
197.34000
196.58000
188.25000
124.88000
166.97000
180.98000
159.60000
136.15000
189.99000
164.86000
146.93000
174.51000
176.33000
160.09000
198.42000
183.86000
149.94000
180.08000
151.32000
184.65000
198.87000
189.83000
181.96000
123.91000
125.22000
155.90000
155.72000
125.22000
195.15000
196.39000
177.04000
138.72000
188.89000
130.99000
139.42000
142.75000
144.06000
196.88000
188.17000
181.19000
116.69000
111.22000
124.72000
194.03000
154.32000
195.34000
124.21000
131.79000
184.45000
188.06000
196.14000
159.08000
136.12000
117.24000
126.61000
104.56000
189.96000
149.85000
128.26000
110.96000
128.13000
141.89000
190.31000
185.05000
184.39000
188.42000
128.51000
147.70000
194.02000
173.57000
135.20000
183.81000
143.91000
120.54000
129.29000
192.36000
122.47000
141.58000
106.23000
136.39000
169.70000
188.02000
188.04000
192.99000
127.15000
161.66000
113.59000
148.81000
167.11000
117.70000
109.33000
195.75000
183.52000
133.90000
155.73000
111.31000
181.92000
165.07000
100.20000
144.85000
148.00000
192.62000
104.22000
147.30000
156.50000
174.50000
193.33000
121.15000
121.26000
195.24000
107.12000
170.46000
145.15000
115.92000
149.25000
150.83000
170.12000
124.19000
137.46000
119.45000
127.17000
184.25000
153.53000
185.06000
186.37000
186.88000
193.30000
157.95000
106.85000
199.41000
116.69000
200.00000
186.80000
115.74000
197.68000
149.13000
127.53000
133.07000
118.55000
144.08000
168.00000
116.38000
152.89000
195.97000
155.04000
182.87000
165.71000
198.29000
115.36000
176.82000
128.26000
183.62000
102.23000
156.60000
113.32000
173.60000
145.49000
144.60000
145.27000
128.91000
101.52000
177.31000
150.04000
199.30000
103.31000
155.26000
105.12000
173.61000
110.35000
193.05000
189.56000
129.70000
158.74000
169.34000
133.97000
184.53000
111.12000
176.86000
170.53000
144.09000
106.71000
172.39000
182.99000
153.46000
111.27000
142.21000
196.89000
193.66000
100.01000
111.49000
170.38000
191.01000
188.67000
133.82000
178.63000
127.60000
149.27000
150.74000
162.03000
102.03000
122.98000
155.37000
100.02000
139.44000
165.04000
142.38000
161.11000
141.53000
194.71000
158.03000
152.87000
136.58000
145.36000
150.10000
171.92000
129.42000
114.39000
117.97000
153.96000
151.45000
113.29000
162.55000
123.75000
110.63000
117.58000
136.36000
145.10000
141.47000
116.87000
193.43000
170.89000
155.07000
164.81000
139.38000
193.08000
02.02000
01.28000
01.94000
04.62000
03.09000
03.56000
02.54000
01.44000
01.41000
02.75000
02.29000
03.06000
03.71000
03.96000
03.56000
01.01000
03.53000
04.64000
02.56000
02.13000
03.25000
04.52000
03.31000
02.57000
04.01000
03.68000
03.62000
01.81000
03.81000
04.48000
01.14000
04.62000
03.44000
01.60000
03.32000
03.10000
04.52000
04.06000
01.42000
02.64000
03.45000
01.15000
04.52000
03.97000
01.47000
04.50000
01.50000
01.11000
02.63000
02.05000
04.07000
01.72000
01.42000
04.27000
01.95000
02.94000
04.70000
01.36000
01.20000
01.42000
04.36000
04.78000
02.42000
03.26000
01.89000
02.29000
03.49000
01.37000
03.10000
03.48000
01.65000
01.51000
04.12000
01.72000
03.43000
04.20000
01.39000
04.23000
02.65000
02.80000
01.64000
02.01000
02.48000
01.49000
03.95000
03.88000
01.39000
01.25000
01.68000
02.50000
03.15000
01.87000
04.52000
04.31000
02.85000
03.96000
04.47000
03.57000
04.90000
02.94000
02.62000
02.51000
01.88000
01.43000
01.93000
03.54000
03.81000
02.82000
04.68000
01.97000
02.25000
01.31000
04.21000
04.77000
02.68000
02.77000
01.65000
04.22000
01.40000
01.39000
03.95000
03.91000
03.50000
01.67000
01.87000
04.75000
04.92000
04.41000
04.00000
02.95000
02.38000
04.73000
02.71000
04.05000
03.43000
02.09000
04.22000
04.88000
04.43000
02.21000
02.53000
03.59000
04.55000
03.17000
01.48000
01.67000
03.76000
01.33000
04.69000
01.87000
04.94000
03.10000
01.61000
01.27000
03.93000
02.44000
02.77000
01.96000
02.05000
01.54000
02.62000
01.67000
03.25000
03.10000
02.50000
01.25000
01.76000
01.64000
01.07000
04.36000
04.15000
01.48000
04.29000
03.50000
03.29000
02.77000
03.44000
01.95000
04.38000
03.45000
01.11000
03.83000
02.90000
01.28000
01.21000
04.04000
02.66000
03.85000
02.95000
02.34000
01.80000
02.53000
02.87000
01.25000
02.74000
02.54000
04.81000
04.14000
02.24000
04.89000
01.98000
03.59000
02.02000
02.27000
03.65000
04.57000
02.32000
02.06000
02.66000
03.54000
01.94000
03.07000
02.44000
04.81000
04.97000
01.02000
03.22000
02.99000
03.29000
04.94000
04.04000
01.02000
02.60000
03.18000
04.76000
04.15000
04.43000
01.38000
04.05000
01.94000
04.09000
04.51000
01.39000
02.27000
04.72000
02.86000
03.08000
01.32000
03.27000
02.01000
04.23000
01.58000
04.51000
04.87000
02.74000
01.87000
03.02000
01.66000
01.37000
03.32000
02.19000
02.37000
04.64000
03.39000
02.37000
01.79000
04.00000
03.07000
04.77000
04.18000
01.43000
04.90000
04.18000
04.34000
01.63000
02.32000
02.70000
01.87000
03.59000
04.60000
03.72000
03.20000
02.63000
02.82000
01.97000
03.56000
04.37000
03.86000
01.46000
04.99000
02.74000
04.43000
01.55000
02.36000
01.99000
01.04000
02.89000
01.32000
02.69000
04.01000
01.44000
04.37000
03.70000
03.49000
02.48000
04.79000
04.21000
03.43000
02.62000
04.71000
04.42000
03.17000
04.99000
04.26000
04.23000
04.79000
01.45000
03.84000
03.22000
03.31000
01.77000
02.86000
02.43000
03.87000
04.11000
02.36000
04.68000
02.94000
03.46000
01.73000
04.60000
02.30000
01.60000
04.64000
02.66000
03.05000
01.15000
01.10000
03.10000
03.58000
03.53000
01.41000
04.01000
01.62000
02.97000
02.21000
03.27000
04.18000
04.52000
04.42000
04.59000
01.63000
02.03000
03.29000
03.48000
01.60000
04.17000
02.39000
01.27000
03.07000
