50
7
112.19000
198.51000
122.83000
122.40000
170.93000
198.53000
158.75000
114.95000
142.55000
169.21000
199.80000
197.98000
121.32000
131.80000
128.54000
174.74000
115.60000
109.10000
116.61000
125.08000
197.79000
175.48000
174.70000
155.39000
154.38000
106.86000
102.57000
148.62000
135.89000
130.74000
139.03000
114.31000
106.93000
176.16000
111.97000
138.53000
196.16000
123.74000
188.33000
133.93000
146.31000
155.67000
124.11000
189.72000
164.15000
105.68000
114.39000
121.67000
170.55000
109.06000
152.60000
191.53000
117.14000
181.84000
128.90000
171.25000
195.76000
139.75000
111.64000
152.61000
161.17000
127.50000
149.40000
126.76000
156.47000
174.53000
117.32000
198.94000
126.35000
199.34000
167.12000
138.43000
167.04000
159.50000
177.06000
128.58000
176.35000
101.65000
101.98000
116.80000
103.64000
111.47000
123.28000
164.57000
199.84000
163.73000
198.91000
197.43000
167.44000
172.24000
113.40000
154.97000
110.50000
139.88000
127.83000
140.86000
184.62000
108.60000
129.85000
172.81000
161.74000
120.05000
160.93000
110.92000
176.50000
153.82000
166.89000
156.24000
164.81000
192.95000
119.50000
110.70000
163.90000
157.90000
106.81000
139.30000
150.11000
195.70000
130.92000
108.59000
188.81000
129.91000
157.98000
136.68000
184.44000
110.70000
168.22000
143.25000
130.52000
164.77000
105.93000
199.54000
159.60000
145.39000
129.45000
178.36000
193.33000
182.40000
161.20000
104.06000
192.38000
132.19000
137.66000
102.58000
106.53000
127.72000
159.36000
151.41000
124.59000
128.51000
102.90000
148.67000
160.40000
169.19000
188.05000
199.39000
199.10000
194.17000
175.65000
113.99000
148.34000
167.07000
101.02000
176.58000
100.45000
172.81000
151.00000
110.37000
174.32000
110.36000
114.03000
127.60000
165.42000
142.77000
130.11000
179.61000
195.77000
147.12000
140.78000
106.76000
163.94000
164.59000
139.16000
188.50000
195.10000
150.39000
119.92000
193.34000
190.94000
123.81000
129.32000
128.84000
179.74000
118.21000
115.14000
191.65000
166.33000
131.00000
176.75000
117.44000
153.62000
104.22000
154.25000
113.12000
190.16000
181.75000
168.09000
191.71000
114.42000
174.72000
192.37000
192.26000
144.13000
140.31000
158.11000
178.98000
161.08000
187.26000
135.38000
142.65000
161.10000
125.88000
183.30000
150.59000
104.13000
118.03000
100.07000
196.71000
164.12000
127.13000
172.94000
151.45000
179.11000
168.18000
128.24000
111.85000
101.21000
157.73000
181.35000
151.49000
146.58000
163.90000
186.70000
170.51000
145.45000
156.36000
187.80000
145.63000
192.09000
156.35000
181.82000
135.95000
135.96000
133.58000
142.65000
122.66000
150.20000
125.17000
183.59000
113.98000
199.13000
130.04000
164.17000
124.53000
161.78000
126.07000
120.47000
132.95000
168.79000
130.22000
115.13000
131.97000
152.33000
148.47000
187.38000
178.38000
196.13000
125.91000
102.97000
143.03000
185.51000
196.66000
104.25000
160.83000
157.32000
133.91000
160.11000
180.76000
149.99000
199.93000
116.00000
115.85000
153.52000
196.02000
143.96000
193.20000
159.45000
112.57000
192.55000
103.97000
131.90000
157.36000
154.61000
193.83000
166.72000
138.44000
190.51000
176.62000
138.21000
151.69000
104.17000
119.59000
182.07000
128.51000
107.07000
123.65000
123.05000
176.85000
174.74000
141.30000
124.97000
131.23000
196.78000
126.59000
140.70000
102.74000
126.86000
185.14000
162.20000
129.02000
132.69000
124.12000
170.47000
124.29000
146.07000
102.27000
185.58000
129.31000
112.85000
179.90000
116.66000
161.43000
142.93000
168.88000
111.89000
164.52000
160.29000
182.62000
108.55000
159.07000
07.30000
08.73000
05.75000
06.81000
07.67000
05.98000
08.65000
06.47000
06.19000
07.08000
09.61000
05.76000
06.22000
06.35000
08.75000
06.69000
09.00000
07.87000
07.81000
09.80000
06.17000
07.98000
07.70000
06.60000
07.26000
07.79000
05.95000
07.18000
07.19000
05.68000
09.23000
07.59000
08.77000
09.80000
05.88000
07.42000
05.20000
05.54000
08.34000
07.27000
07.57000
08.08000
05.71000
06.28000
07.36000
09.86000
06.24000
09.56000
08.94000
08.09000
07.63000
09.95000
05.92000
08.88000
08.87000
08.27000
08.72000
07.07000
09.84000
06.43000
07.96000
09.62000
05.77000
08.24000
09.67000
09.61000
07.87000
05.43000
09.65000
06.75000
05.90000
05.10000
05.95000
09.92000
05.60000
07.25000
06.42000
09.62000
06.27000
07.27000
06.14000
05.50000
08.18000
08.43000
09.98000
08.84000
05.14000
09.41000
05.06000
05.07000
06.98000
06.76000
08.28000
06.26000
07.03000
07.44000
08.79000
08.62000
09.64000
06.28000
05.04000
08.51000
09.41000
09.65000
06.97000
05.97000
09.89000
09.79000
09.20000
08.33000
08.45000
08.02000
08.64000
05.02000
09.39000
07.07000
06.34000
06.49000
09.88000
09.48000
10.00000
06.70000
07.51000
05.02000
06.44000
05.62000
07.74000
08.24000
09.15000
06.76000
06.42000
05.96000
05.73000
09.61000
07.32000
09.75000
05.44000
07.21000
09.55000
08.46000
06.69000
08.60000
05.16000
05.70000
09.49000
06.33000
06.56000
07.35000
08.04000
08.97000
09.13000
06.01000
06.27000
08.35000
08.69000
06.14000
07.84000
07.07000
09.83000
08.02000
08.53000
08.68000
09.77000
06.53000
06.99000
07.95000
07.96000
05.69000
07.89000
07.52000
08.65000
06.16000
09.40000
05.44000
08.34000
07.74000
05.74000
07.64000
08.29000
06.88000
09.60000
05.46000
07.03000
09.15000
09.72000
08.11000
07.87000
06.79000
08.34000
05.18000
06.38000
06.16000
08.72000
09.20000
07.87000
05.27000
07.63000
08.03000
09.94000
06.25000
05.20000
05.01000
09.49000
09.99000
05.70000
08.06000
08.75000
05.42000
05.62000
05.74000
07.77000
08.25000
09.81000
06.98000
09.40000
06.36000
08.48000
07.98000
05.63000
08.64000
09.77000
09.67000
05.09000
07.47000
07.20000
05.29000
05.55000
06.29000
07.15000
07.82000
06.42000
07.01000
06.43000
07.51000
06.26000
07.58000
09.72000
09.38000
05.26000
09.48000
07.11000
05.70000
07.74000
05.17000
06.54000
08.54000
09.69000
05.64000
06.39000
07.20000
05.27000
07.56000
09.14000
07.22000
10.00000
06.63000
09.03000
08.42000
05.92000
07.59000
05.66000
08.94000
06.59000
05.74000
09.69000
09.62000
09.11000
06.79000
09.01000
05.41000
06.58000
09.33000
06.31000
07.92000
05.61000
07.33000
06.53000
07.87000
08.85000
07.68000
09.36000
07.66000
07.43000
07.64000
06.78000
08.80000
08.53000
07.35000
05.52000
09.45000
07.83000
07.37000
09.59000
06.92000
07.03000
06.12000
07.75000
05.14000
06.32000
07.44000
07.73000
06.35000
09.78000
07.17000
07.20000
07.88000
07.57000
09.11000
10.00000
07.80000
06.27000
08.98000
08.27000
08.88000
06.66000
09.14000
05.80000
07.44000
09.92000
09.22000
05.52000
05.79000
05.10000
08.60000
07.00000
09.78000
06.65000
08.94000
08.94000
06.25000
06.91000
06.68000
06.69000
05.58000
08.62000
05.49000
09.74000
09.15000
07.40000
08.83000
09.23000
06.86000
09.27000
07.43000
05.42000
09.63000
08.11000
06.76000
05.23000
06.88000
