50
7
48.74000
13.71000
10.52000
34.16000
67.04000
92.44000
6.31000
92.45000
78.16000
58.80000
70.79000
67.25000
95.01000
1.86000
7.27000
29.86000
45.42000
12.28000
4.23000
28.37000
19.64000
33.73000
90.81000
38.19000
22.85000
11.45000
87.34000
11.50000
24.62000
40.72000
50.80000
25.79000
8.49000
20.35000
27.36000
36.35000
21.39000
98.22000
2.86000
24.75000
25.18000
27.75000
51.31000
48.39000
45.13000
9.40000
87.39000
91.93000
21.47000
47.19000
82.17000
35.60000
47.49000
89.97000
83.58000
18.59000
52.06000
32.90000
11.11000
45.15000
22.09000
31.86000
79.93000
26.11000
68.31000
35.56000
36.49000
84.20000
6.02000
80.87000
99.06000
9.56000
97.56000
45.37000
17.17000
2.30000
12.82000
92.77000
12.18000
28.89000
66.74000
29.47000
34.73000
69.78000
80.78000
47.05000
12.27000
69.79000
26.49000
78.74000
96.53000
86.70000
74.93000
46.97000
20.05000
43.69000
52.23000
11.81000
36.67000
75.88000
72.29000
41.50000
69.08000
57.44000
1.31000
90.13000
96.22000
50.31000
72.94000
26.70000
75.38000
92.65000
45.63000
38.52000
13.29000
19.85000
13.47000
42.22000
29.58000
64.88000
59.78000
30.19000
10.32000
16.71000
9.51000
21.14000
53.49000
61.91000
72.78000
10.59000
23.50000
42.05000
3.41000
20.33000
95.68000
97.28000
39.38000
48.96000
13.78000
22.78000
61.33000
22.38000
30.47000
11.28000
38.09000
41.27000
65.84000
9.56000
76.14000
34.63000
7.59000
8.07000
86.15000
48.99000
2.19000
83.68000
6.25000
88.38000
33.44000
57.21000
79.28000
43.93000
6.35000
30.49000
68.72000
18.26000
75.00000
45.06000
61.33000
28.92000
97.98000
32.60000
21.70000
57.87000
83.94000
62.50000
39.68000
2.02000
43.09000
94.28000
82.92000
19.66000
36.66000
27.15000
46.40000
85.05000
28.47000
46.51000
98.86000
37.83000
33.34000
79.41000
39.35000
28.58000
67.66000
42.07000
39.73000
73.30000
99.87000
87.39000
89.45000
67.15000
80.66000
7.69000
97.94000
63.10000
7.99000
7.11000
6.31000
71.43000
40.22000
34.65000
48.65000
18.82000
28.61000
23.94000
27.49000
80.99000
61.08000
33.91000
56.30000
39.19000
16.74000
1.28000
14.94000
22.73000
11.37000
87.07000
94.22000
63.47000
50.90000
33.11000
53.34000
46.32000
80.96000
3.49000
61.47000
55.71000
36.34000
40.14000
54.15000
29.16000
88.50000
13.26000
79.87000
4.70000
2.07000
66.86000
52.54000
71.42000
21.71000
27.06000
33.86000
97.09000
18.42000
66.27000
50.30000
63.88000
94.65000
83.95000
61.05000
2.26000
80.37000
14.11000
14.43000
7.87000
79.37000
52.20000
8.82000
17.07000
23.74000
11.56000
45.13000
54.35000
20.36000
65.99000
76.33000
83.90000
4.39000
7.18000
56.94000
59.07000
85.82000
86.26000
91.50000
70.88000
4.92000
73.28000
88.13000
1.53000
72.74000
98.70000
5.99000
68.88000
32.66000
9.93000
3.76000
83.99000
99.84000
14.77000
42.53000
14.18000
81.85000
51.96000
87.13000
58.41000
27.06000
95.66000
70.77000
97.55000
85.03000
22.78000
47.35000
32.75000
87.68000
1.29000
59.95000
38.96000
29.34000
52.23000
91.30000
20.40000
17.30000
99.18000
14.33000
56.12000
24.22000
17.75000
37.62000
53.45000
36.74000
81.11000
61.92000
94.51000
5.87000
19.47000
26.67000
89.74000
94.57000
59.61000
58.47000
25.35000
34.21000
83.32000
25.59000
12.87000
65.10000
72.97000
82.48000
41.61000
05.18000
07.29000
06.50000
07.58000
05.04000
08.55000
08.86000
08.22000
06.05000
06.30000
09.64000
09.73000
08.78000
09.52000
06.15000
08.78000
06.65000
06.99000
07.32000
05.59000
08.50000
09.74000
06.24000
06.40000
06.03000
08.58000
07.63000
05.94000
06.35000
06.55000
05.37000
09.97000
09.47000
06.50000
09.94000
07.77000
05.76000
08.52000
06.00000
09.63000
08.51000
07.46000
09.84000
09.36000
06.40000
05.47000
06.88000
06.77000
05.97000
09.42000
07.84000
09.85000
05.28000
09.56000
06.25000
06.15000
05.13000
08.53000
06.55000
05.92000
09.66000
07.83000
08.65000
05.18000
09.59000
07.75000
08.46000
07.83000
05.43000
05.19000
05.41000
08.17000
09.90000
06.20000
09.96000
08.38000
05.54000
08.48000
06.05000
06.04000
07.13000
08.86000
08.68000
06.61000
09.20000
05.81000
06.33000
05.95000
08.59000
06.95000
08.51000
07.81000
06.86000
06.54000
08.25000
06.33000
07.87000
07.97000
09.59000
08.53000
05.07000
08.13000
07.78000
09.70000
08.41000
09.22000
08.48000
08.66000
06.47000
08.00000
06.52000
09.57000
08.35000
08.58000
08.40000
09.89000
07.29000
06.09000
08.48000
06.80000
08.17000
09.19000
06.52000
09.79000
05.02000
07.54000
05.18000
08.09000
08.48000
09.33000
07.51000
08.20000
08.38000
08.74000
09.43000
06.38000
06.14000
08.49000
07.27000
06.17000
07.35000
07.31000
05.26000
05.87000
09.24000
07.44000
08.00000
06.04000
08.17000
07.15000
07.72000
06.93000
08.30000
09.12000
06.81000
06.65000
08.71000
09.06000
07.29000
08.17000
06.66000
06.78000
06.07000
08.56000
05.48000
09.23000
07.30000
09.01000
09.51000
06.26000
09.90000
07.39000
06.64000
08.09000
05.06000
05.68000
05.74000
07.85000
08.74000
07.52000
09.21000
09.05000
09.15000
05.66000
05.48000
08.10000
09.29000
09.53000
06.46000
06.78000
09.40000
07.68000
05.11000
09.79000
09.50000
05.30000
07.89000
07.20000
06.87000
06.72000
07.19000
07.90000
08.38000
09.94000
05.33000
09.13000
09.16000
08.18000
06.21000
05.43000
05.38000
07.86000
06.87000
05.42000
07.07000
06.54000
09.73000
09.97000
08.41000
07.79000
05.10000
09.73000
05.21000
08.70000
08.68000
07.60000
07.44000
07.37000
09.06000
06.26000
06.69000
05.42000
05.22000
05.65000
08.71000
05.48000
09.04000
05.46000
05.86000
08.70000
07.77000
07.67000
09.69000
07.25000
06.58000
09.02000
08.34000
06.82000
06.00000
08.51000
05.59000
09.48000
09.96000
08.65000
05.88000
09.06000
05.43000
07.05000
07.32000
09.47000
08.71000
06.08000
08.18000
08.22000
05.13000
08.75000
05.24000
08.20000
07.30000
07.21000
06.27000
05.19000
07.57000
05.24000
07.59000
05.35000
05.56000
05.77000
06.52000
07.74000
05.67000
08.37000
08.90000
06.82000
09.57000
06.74000
06.57000
09.93000
08.66000
06.24000
09.92000
09.79000
06.64000
06.36000
05.32000
07.04000
06.96000
08.22000
07.66000
07.68000
06.85000
07.26000
09.33000
07.05000
08.23000
05.19000
09.24000
05.73000
07.67000
07.10000
09.64000
09.02000
09.51000
05.46000
08.51000
08.98000
09.71000
06.27000
09.19000
09.92000
08.41000
06.53000
07.94000
05.92000
07.34000
06.77000
06.39000
08.33000
07.42000
08.53000
09.07000
08.25000
06.16000
06.86000
05.90000
09.06000
05.26000
07.85000
09.70000
08.90000
08.03000
06.07000
08.65000
08.19000
06.92000
07.13000
08.86000
07.09000
06.05000
05.14000
