50
10
72.50000
31.38000
67.12000
36.65000
49.89000
50.59000
15.83000
81.36000
97.62000
2.56000
21.14000
97.70000
45.93000
20.72000
24.68000
33.46000
46.78000
65.22000
91.79000
59.20000
78.92000
22.00000
15.58000
73.19000
46.82000
98.72000
9.90000
97.48000
77.71000
32.79000
16.36000
79.87000
26.58000
81.38000
1.31000
91.90000
70.15000
31.41000
54.87000
31.85000
13.91000
90.56000
93.88000
20.79000
84.07000
95.23000
59.95000
6.49000
36.64000
5.59000
40.96000
74.47000
98.24000
74.44000
64.31000
19.37000
92.35000
81.80000
89.59000
15.04000
63.83000
93.71000
73.89000
74.23000
81.15000
36.31000
98.03000
36.46000
39.50000
58.49000
69.58000
62.99000
56.84000
36.87000
19.87000
42.82000
77.85000
70.85000
4.97000
87.73000
71.99000
86.56000
6.70000
37.22000
33.46000
34.90000
31.64000
52.56000
80.20000
89.49000
12.12000
22.75000
57.92000
52.72000
4.20000
59.56000
35.07000
48.74000
88.72000
2.50000
79.01000
52.88000
60.58000
21.37000
53.42000
79.29000
50.25000
96.34000
8.17000
30.43000
96.24000
76.13000
51.92000
21.18000
22.59000
87.98000
21.08000
92.12000
74.11000
85.86000
73.83000
11.63000
25.32000
48.51000
96.08000
67.79000
71.53000
78.41000
97.51000
78.48000
36.78000
5.78000
13.52000
84.28000
66.85000
81.61000
2.30000
51.57000
35.30000
86.63000
48.75000
70.44000
38.42000
24.32000
63.54000
57.75000
98.24000
21.91000
81.09000
54.11000
1.75000
84.35000
79.22000
14.75000
26.15000
72.38000
73.84000
74.76000
34.40000
38.95000
43.23000
33.07000
14.53000
27.77000
86.78000
44.76000
78.29000
8.28000
31.63000
91.64000
65.19000
73.68000
26.66000
81.29000
37.51000
44.92000
47.51000
45.04000
82.24000
64.70000
94.56000
38.96000
14.15000
3.46000
93.96000
44.88000
68.76000
53.42000
95.59000
69.36000
11.32000
35.51000
75.09000
44.73000
27.84000
92.44000
32.84000
27.08000
32.10000
94.65000
34.00000
73.00000
50.29000
85.17000
70.43000
94.65000
97.19000
43.08000
23.49000
84.05000
77.92000
38.55000
82.26000
38.51000
94.96000
81.26000
64.62000
79.07000
77.53000
7.62000
11.16000
54.52000
78.63000
74.80000
86.25000
36.41000
76.98000
69.72000
82.98000
22.02000
76.06000
2.04000
17.21000
33.41000
5.10000
5.19000
28.56000
18.36000
16.08000
39.33000
83.36000
48.42000
87.74000
89.38000
73.74000
21.87000
25.55000
66.00000
15.54000
59.78000
90.62000
42.39000
48.97000
58.01000
57.49000
15.37000
42.00000
82.33000
28.82000
57.09000
95.36000
11.62000
23.56000
44.20000
42.39000
31.90000
85.39000
76.08000
38.14000
56.91000
84.78000
78.86000
64.46000
25.18000
15.91000
3.44000
28.90000
97.97000
95.75000
23.44000
61.80000
65.29000
70.98000
40.26000
21.23000
38.89000
10.06000
79.03000
87.02000
56.30000
6.19000
90.64000
67.73000
80.78000
78.31000
50.73000
93.69000
1.32000
72.13000
58.68000
31.78000
63.55000
41.81000
52.31000
48.66000
2.33000
77.51000
38.59000
68.48000
27.70000
25.10000
23.47000
63.81000
19.38000
67.49000
97.06000
31.92000
79.85000
16.34000
77.22000
93.87000
39.34000
5.08000
4.55000
98.45000
49.84000
92.88000
43.40000
18.20000
90.08000
66.65000
85.89000
48.41000
64.53000
35.06000
48.86000
13.12000
1.42000
32.53000
71.92000
58.13000
52.74000
19.22000
22.44000
56.99000
98.22000
79.06000
89.50000
6.98000
42.34000
79.57000
4.16000
69.73000
21.01000
96.27000
1.75000
88.85000
81.01000
3.43000
48.46000
69.78000
91.33000
48.95000
51.87000
74.80000
70.90000
10.47000
43.29000
91.90000
63.44000
86.36000
78.81000
34.86000
38.39000
4.76000
41.24000
40.19000
88.95000
13.57000
36.16000
71.14000
36.07000
88.41000
94.90000
16.72000
22.45000
31.68000
75.53000
87.71000
17.53000
66.52000
58.87000
24.61000
15.52000
44.80000
51.49000
87.68000
35.36000
41.16000
84.73000
12.82000
42.05000
13.69000
68.12000
35.68000
7.44000
39.77000
81.64000
25.63000
80.78000
81.09000
6.84000
35.65000
24.23000
4.99000
14.27000
44.46000
20.72000
99.58000
2.23000
55.55000
79.91000
83.73000
91.76000
97.15000
38.22000
97.03000
32.65000
24.24000
53.82000
6.84000
94.44000
13.55000
12.63000
2.27000
76.43000
68.56000
23.31000
99.16000
99.66000
19.50000
21.29000
41.14000
12.93000
18.35000
65.72000
91.55000
85.76000
43.84000
42.54000
39.26000
40.80000
59.98000
36.16000
88.21000
8.69000
69.83000
72.12000
1.81000
20.00000
80.65000
68.16000
58.89000
13.24000
86.64000
74.17000
68.03000
50.67000
7.75000
65.77000
60.54000
21.30000
85.68000
43.36000
92.50000
36.89000
91.88000
32.08000
46.74000
35.95000
20.55000
81.81000
28.83000
80.75000
88.64000
69.18000
70.09000
60.30000
42.84000
93.59000
28.60000
86.35000
50.62000
81.17000
84.19000
97.43000
7.15000
81.81000
45.42000
56.78000
03.32000
03.08000
04.92000
02.43000
02.53000
04.29000
02.74000
01.67000
03.47000
03.90000
03.94000
02.60000
02.71000
01.73000
03.61000
03.55000
01.83000
02.62000
01.82000
03.84000
03.40000
04.40000
03.66000
03.80000
03.02000
01.88000
03.20000
04.77000
01.24000
02.91000
03.51000
01.06000
03.66000
04.30000
04.68000
04.02000
04.86000
03.90000
03.79000
01.95000
04.40000
04.51000
02.91000
04.21000
02.86000
01.98000
01.12000
01.10000
01.84000
01.13000
01.72000
04.70000
03.38000
04.58000
03.15000
03.20000
04.47000
01.63000
04.59000
03.79000
04.55000
02.38000
03.24000
04.93000
03.33000
03.78000
01.32000
02.07000
01.51000
03.78000
02.02000
03.67000
04.79000
01.34000
01.55000
03.19000
03.87000
04.42000
01.11000
03.06000
02.46000
01.95000
02.91000
02.75000
01.26000
03.91000
02.14000
02.70000
01.97000
01.23000
03.01000
04.38000
03.30000
01.88000
02.72000
02.24000
04.95000
02.80000
03.48000
03.72000
01.35000
01.88000
04.95000
04.59000
02.74000
01.03000
01.61000
04.98000
04.76000
03.55000
01.70000
03.15000
02.24000
03.52000
02.53000
03.69000
03.02000
04.02000
02.45000
04.17000
03.91000
01.12000
04.77000
03.17000
02.74000
03.91000
01.83000
04.27000
02.36000
02.46000
02.95000
04.04000
02.57000
03.86000
02.47000
04.07000
04.22000
04.17000
03.70000
02.94000
01.12000
04.48000
02.99000
04.21000
04.12000
02.86000
01.65000
04.48000
01.02000
02.40000
01.90000
02.13000
04.76000
04.60000
03.51000
04.71000
04.11000
02.58000
03.33000
02.14000
02.76000
01.14000
02.80000
01.13000
04.67000
01.48000
04.39000
01.37000
02.80000
01.80000
03.54000
03.57000
03.09000
01.31000
04.72000
01.44000
04.51000
04.20000
01.36000
01.67000
02.99000
03.70000
03.93000
03.97000
03.51000
01.98000
03.88000
01.04000
04.00000
02.27000
01.66000
02.59000
03.43000
04.76000
02.72000
03.32000
01.74000
02.65000
01.52000
02.93000
03.65000
01.11000
03.94000
01.93000
04.33000
04.65000
02.48000
02.32000
01.37000
02.34000
03.29000
04.41000
03.84000
02.52000
01.95000
03.01000
01.83000
02.52000
03.03000
01.98000
02.41000
04.65000
04.12000
02.12000
01.65000
04.26000
03.79000
01.27000
04.65000
01.66000
01.63000
02.26000
01.47000
02.19000
02.20000
04.91000
03.19000
04.18000
03.09000
02.06000
01.89000
02.94000
02.88000
03.53000
02.66000
02.82000
01.14000
04.14000
03.56000
01.14000
04.70000
04.24000
02.15000
03.04000
02.59000
02.96000
01.00000
01.65000
04.20000
01.59000
04.79000
04.04000
03.21000
03.09000
01.71000
03.65000
02.35000
03.42000
04.98000
02.93000
01.30000
03.53000
04.80000
01.35000
04.78000
01.36000
04.36000
03.34000
02.48000
03.88000
03.88000
02.37000
01.11000
03.03000
04.55000
04.88000
04.37000
03.77000
04.58000
02.34000
04.97000
04.06000
03.17000
03.19000
04.61000
02.83000
04.53000
04.89000
01.99000
04.06000
04.03000
01.44000
02.48000
01.01000
02.89000
03.83000
04.19000
04.77000
03.65000
01.98000
02.83000
02.95000
01.62000
02.46000
04.23000
04.63000
01.15000
04.86000
03.21000
03.88000
03.55000
01.74000
03.61000
03.79000
03.16000
02.69000
02.25000
04.42000
03.29000
02.28000
04.97000
02.87000
04.29000
04.10000
02.58000
01.21000
03.48000
04.73000
02.93000
02.51000
03.18000
01.73000
02.82000
02.86000
02.73000
01.69000
04.11000
03.32000
02.45000
04.18000
05.00000
03.54000
03.25000
01.34000
03.16000
02.58000
03.25000
04.94000
02.86000
03.92000
04.13000
02.82000
02.03000
02.76000
02.34000
04.68000
03.64000
03.31000
03.33000
01.21000
03.63000
02.76000
01.56000
04.13000
02.96000
03.31000
04.48000
02.13000
03.59000
04.18000
04.55000
04.92000
04.45000
01.57000
03.21000
03.20000
01.52000
04.67000
02.92000
04.67000
03.74000
03.69000
03.14000
02.04000
01.07000
01.84000
04.31000
01.02000
04.45000
03.32000
02.95000
02.00000
04.42000
01.45000
01.90000
02.98000
02.11000
01.72000
03.09000
01.12000
04.20000
02.95000
04.10000
01.26000
02.77000
04.46000
03.50000
01.22000
02.90000
02.58000
04.88000
03.83000
02.67000
02.63000
04.81000
04.92000
01.15000
02.96000
04.87000
01.32000
02.43000
02.88000
03.64000
02.84000
03.59000
02.72000
04.69000
04.34000
02.69000
03.82000
04.61000
01.62000
02.82000
04.49000
04.98000
03.51000
04.06000
04.07000
04.36000
03.86000
01.48000
02.65000
01.19000
02.71000
03.05000
01.60000
03.62000
03.54000
01.28000
03.55000
02.19000
01.46000
02.36000
03.94000
01.59000
02.43000
01.51000
03.22000
03.54000
01.39000
02.92000
02.84000
02.72000
02.29000
03.80000
01.27000
02.85000
02.10000
02.35000
01.95000
04.62000
02.77000
01.78000
01.33000
01.75000
03.24000
02.28000
04.88000
04.93000
03.47000
01.06000
03.04000
01.86000
04.42000
04.33000
03.26000
01.26000
04.03000
03.28000
02.00000
