50
10
103.64000
152.75000
183.96000
109.29000
163.51000
155.72000
145.86000
146.37000
148.64000
174.65000
153.52000
123.04000
156.27000
113.08000
116.71000
155.35000
108.69000
199.51000
170.18000
184.28000
153.16000
187.46000
173.70000
175.87000
161.94000
155.44000
112.05000
121.13000
132.30000
106.98000
194.99000
136.07000
186.50000
170.58000
157.27000
161.72000
171.81000
199.76000
158.67000
164.07000
160.50000
173.05000
183.96000
134.16000
149.82000
193.94000
142.90000
187.99000
162.06000
190.97000
170.78000
138.39000
123.83000
197.75000
135.60000
181.67000
138.17000
179.26000
190.17000
131.20000
126.83000
179.73000
109.89000
118.64000
177.70000
143.29000
195.14000
100.60000
103.68000
139.08000
171.32000
158.75000
142.65000
161.24000
188.81000
199.72000
157.50000
128.92000
123.00000
155.14000
136.13000
186.25000
174.29000
181.67000
191.43000
102.38000
168.07000
160.93000
161.29000
171.44000
154.72000
199.58000
108.59000
112.58000
109.65000
129.24000
121.23000
169.94000
133.23000
106.57000
180.97000
120.21000
130.02000
108.83000
198.16000
159.13000
174.09000
173.12000
185.62000
116.86000
149.57000
170.48000
121.86000
178.16000
147.47000
198.16000
110.41000
152.79000
183.80000
178.43000
179.78000
175.53000
199.57000
158.57000
183.47000
106.13000
160.82000
110.83000
100.02000
129.36000
158.54000
132.48000
132.93000
155.00000
108.76000
145.79000
110.71000
117.80000
152.50000
198.02000
186.89000
177.52000
155.76000
161.44000
139.99000
118.95000
109.56000
133.31000
173.51000
151.83000
176.50000
106.15000
162.24000
193.27000
135.33000
101.17000
194.26000
147.86000
189.08000
127.93000
171.40000
162.52000
144.40000
149.33000
112.81000
112.63000
132.93000
153.25000
162.62000
198.59000
111.31000
152.59000
189.98000
145.78000
161.18000
185.24000
189.02000
104.61000
189.18000
114.09000
178.89000
150.45000
126.95000
127.02000
103.73000
183.70000
131.14000
136.93000
132.67000
129.75000
183.38000
181.71000
159.87000
138.98000
190.31000
124.26000
104.45000
186.80000
183.58000
152.45000
120.83000
175.36000
190.58000
165.41000
187.16000
133.08000
196.93000
140.54000
170.34000
139.00000
171.89000
118.74000
130.14000
159.13000
187.73000
178.55000
151.33000
184.49000
141.70000
123.47000
143.66000
131.09000
156.08000
182.02000
141.91000
139.96000
178.14000
107.71000
105.84000
177.11000
180.13000
179.07000
120.21000
133.55000
159.33000
199.60000
194.79000
125.30000
137.99000
197.82000
164.36000
193.37000
163.39000
127.25000
188.66000
103.79000
107.79000
166.40000
152.47000
147.56000
130.22000
110.76000
141.32000
174.78000
159.43000
153.06000
161.95000
105.01000
102.82000
191.64000
162.56000
125.49000
198.26000
120.67000
193.55000
142.85000
108.65000
159.27000
130.31000
188.73000
121.87000
151.59000
173.23000
119.77000
150.83000
166.76000
147.69000
117.61000
133.40000
198.93000
104.10000
188.90000
132.49000
167.25000
117.84000
165.27000
135.97000
115.84000
189.29000
103.37000
156.75000
113.85000
143.86000
184.83000
132.71000
155.42000
131.93000
116.30000
126.74000
159.70000
159.00000
191.19000
108.64000
149.86000
111.99000
177.49000
165.58000
108.89000
154.99000
192.94000
104.89000
142.59000
128.99000
184.82000
180.09000
110.71000
100.03000
125.39000
169.71000
198.03000
159.10000
111.91000
177.25000
114.32000
122.24000
166.65000
131.23000
194.33000
130.45000
136.87000
185.17000
197.83000
149.75000
194.84000
117.59000
109.59000
171.16000
137.83000
131.99000
139.38000
110.68000
188.10000
156.90000
121.95000
109.35000
192.92000
145.82000
117.08000
133.16000
124.55000
166.38000
121.56000
160.58000
192.27000
153.71000
149.24000
114.56000
105.79000
113.50000
101.82000
172.46000
153.79000
114.91000
104.71000
115.91000
174.16000
152.06000
108.28000
151.55000
129.78000
144.11000
187.93000
111.03000
108.56000
135.18000
144.06000
150.98000
123.38000
194.42000
102.04000
153.05000
112.13000
115.97000
112.28000
123.87000
137.71000
118.98000
150.16000
195.09000
187.99000
147.57000
116.08000
123.35000
175.88000
170.90000
135.42000
190.29000
139.27000
183.11000
158.57000
118.07000
104.03000
192.15000
124.51000
197.21000
111.91000
152.42000
186.22000
191.05000
106.47000
110.40000
120.74000
121.86000
116.21000
100.86000
169.09000
136.91000
194.66000
183.57000
197.28000
108.46000
120.34000
143.28000
196.32000
133.77000
196.75000
189.76000
182.23000
135.12000
152.42000
157.78000
196.03000
159.76000
140.86000
107.11000
103.74000
179.96000
140.58000
122.51000
196.36000
193.00000
155.11000
113.74000
189.91000
121.12000
112.95000
115.58000
125.42000
111.61000
167.62000
100.78000
178.27000
103.97000
119.25000
151.52000
178.26000
116.14000
135.03000
197.09000
120.85000
170.21000
168.58000
137.89000
162.65000
179.07000
189.05000
199.29000
185.33000
180.62000
190.59000
131.70000
195.51000
137.73000
192.32000
110.50000
124.83000
138.31000
138.40000
136.08000
129.95000
195.25000
197.96000
133.84000
192.49000
146.43000
165.14000
154.16000
119.10000
154.74000
159.09000
172.44000
141.42000
108.08000
123.94000
189.06000
116.09000
119.33000
128.84000
129.42000
124.74000
05.91000
07.71000
09.86000
05.89000
05.88000
08.79000
05.93000
05.76000
09.88000
05.29000
07.95000
07.51000
08.31000
06.68000
09.46000
08.72000
07.83000
08.68000
05.23000
08.25000
06.36000
08.27000
06.31000
06.20000
08.06000
08.66000
09.98000
08.91000
08.33000
09.33000
09.77000
08.98000
08.84000
06.01000
05.47000
05.25000
07.49000
05.66000
08.11000
07.83000
08.45000
06.51000
09.99000
08.07000
07.12000
08.03000
09.63000
08.55000
05.18000
05.94000
08.40000
08.21000
09.43000
09.27000
09.22000
05.47000
05.48000
05.95000
06.90000
07.11000
05.70000
05.10000
05.12000
08.37000
06.91000
05.11000
08.82000
05.77000
07.16000
05.59000
09.20000
07.05000
05.77000
07.42000
08.69000
06.22000
08.31000
07.75000
05.99000
08.54000
06.60000
09.93000
06.03000
05.50000
08.70000
08.61000
05.02000
09.87000
08.93000
09.66000
05.38000
05.64000
07.85000
05.22000
05.82000
08.07000
07.29000
08.65000
06.27000
08.66000
06.11000
07.29000
09.63000
08.67000
08.49000
05.25000
06.89000
09.23000
08.15000
08.19000
07.25000
07.63000
08.31000
08.42000
07.07000
09.31000
08.43000
09.46000
08.93000
05.90000
09.24000
06.09000
06.68000
05.33000
07.71000
09.36000
05.43000
06.76000
07.07000
06.54000
06.52000
05.59000
06.79000
06.17000
07.55000
08.48000
07.59000
08.05000
07.36000
08.34000
06.44000
08.20000
06.05000
09.34000
06.57000
08.90000
09.98000
06.89000
07.44000
08.70000
06.18000
07.87000
06.25000
06.84000
07.05000
07.77000
06.29000
05.45000
08.99000
08.21000
09.88000
05.37000
06.01000
09.77000
09.15000
05.28000
08.36000
09.26000
07.46000
05.12000
07.54000
09.76000
09.46000
06.10000
06.32000
05.57000
06.01000
05.64000
08.68000
07.26000
09.25000
07.44000
09.90000
06.66000
07.56000
06.44000
06.46000
06.82000
05.57000
08.83000
06.13000
07.06000
09.15000
07.06000
07.91000
07.95000
05.44000
09.82000
07.05000
06.30000
05.38000
09.99000
06.30000
09.79000
07.66000
08.64000
08.99000
09.73000
05.23000
07.88000
09.20000
07.03000
09.11000
07.79000
06.08000
09.90000
06.60000
09.74000
05.06000
07.82000
06.23000
06.30000
07.79000
06.50000
07.79000
06.35000
07.18000
07.92000
07.31000
09.96000
07.40000
05.31000
07.07000
08.49000
08.84000
08.14000
05.62000
09.54000
08.18000
07.12000
07.73000
06.95000
08.32000
09.23000
09.44000
05.82000
08.42000
07.70000
08.03000
07.50000
07.87000
08.44000
08.71000
08.56000
08.57000
07.88000
08.35000
09.97000
07.46000
08.19000
06.31000
08.15000
08.85000
05.25000
05.03000
07.12000
08.31000
06.18000
08.19000
07.12000
07.66000
09.37000
05.74000
09.65000
09.96000
09.44000
08.88000
07.48000
09.54000
07.28000
05.03000
09.60000
06.94000
05.00000
07.89000
06.28000
09.00000
06.00000
07.42000
09.01000
08.78000
09.90000
09.78000
05.54000
05.60000
07.57000
07.44000
09.89000
05.01000
06.16000
09.92000
06.42000
10.00000
05.18000
07.72000
05.55000
06.11000
09.81000
09.83000
08.12000
07.68000
06.05000
05.10000
07.04000
06.68000
09.94000
08.63000
06.47000
06.33000
08.76000
06.77000
06.82000
06.10000
06.05000
07.11000
09.74000
06.72000
06.59000
08.50000
08.16000
05.15000
06.42000
06.04000
06.23000
09.63000
07.82000
06.07000
09.35000
09.63000
09.34000
06.20000
09.20000
05.85000
05.75000
05.27000
08.68000
05.29000
08.08000
08.39000
06.95000
07.38000
08.56000
05.94000
06.00000
06.00000
08.09000
09.73000
05.31000
09.07000
09.19000
08.23000
09.76000
06.20000
08.06000
09.22000
08.66000
08.29000
07.14000
06.69000
07.58000
07.46000
05.11000
05.90000
08.35000
07.08000
06.94000
08.35000
09.02000
06.80000
08.79000
06.79000
08.92000
07.47000
08.12000
05.24000
08.60000
06.25000
08.61000
08.93000
09.89000
06.49000
05.21000
09.39000
05.86000
07.84000
09.11000
09.35000
05.81000
06.17000
07.76000
07.91000
07.70000
06.08000
07.07000
06.56000
09.60000
08.96000
09.81000
05.80000
06.32000
09.99000
09.44000
07.32000
08.58000
08.97000
09.81000
09.01000
08.34000
06.92000
06.02000
05.04000
08.83000
06.13000
09.41000
05.82000
09.52000
05.14000
07.58000
08.01000
06.14000
08.73000
09.38000
09.51000
05.65000
07.94000
09.91000
09.49000
06.28000
05.05000
05.51000
08.36000
07.51000
08.59000
08.79000
07.78000
05.04000
08.36000
08.59000
05.66000
05.87000
06.38000
06.35000
09.42000
07.20000
08.38000
09.17000
09.87000
07.81000
06.48000
05.91000
09.34000
06.06000
05.60000
08.08000
05.90000
06.59000
06.94000
08.44000
08.88000
05.27000
07.94000
05.98000
08.83000
09.23000
07.30000
05.96000
07.58000
06.86000
09.95000
09.88000
08.18000
07.77000
07.09000
05.51000
09.97000
07.85000
06.15000
06.83000
08.49000
09.24000
05.84000
09.11000
05.57000
05.29000
06.08000
08.86000
09.28000
05.66000
08.08000
08.81000
