50
7
68.84000
49.83000
78.67000
37.10000
48.54000
10.15000
53.34000
98.25000
58.25000
97.44000
71.83000
81.49000
26.95000
47.71000
82.44000
82.46000
58.44000
56.40000
84.57000
37.52000
84.80000
35.88000
79.11000
70.16000
14.90000
60.91000
19.05000
45.57000
80.92000
22.21000
56.89000
16.09000
95.83000
71.90000
99.19000
72.76000
96.91000
79.03000
54.05000
97.77000
98.22000
75.06000
78.64000
11.99000
41.12000
6.40000
34.65000
22.45000
41.78000
80.85000
70.72000
21.09000
89.15000
7.05000
61.17000
48.30000
54.47000
8.98000
40.17000
20.93000
83.05000
42.84000
61.61000
38.12000
6.81000
78.59000
69.57000
76.81000
18.08000
38.26000
46.78000
41.24000
26.14000
43.44000
64.17000
10.44000
3.68000
68.75000
33.31000
89.75000
36.30000
90.34000
52.98000
64.30000
75.04000
36.44000
62.58000
42.51000
84.85000
34.81000
89.74000
10.60000
94.10000
66.25000
2.72000
80.11000
46.10000
14.14000
54.97000
42.33000
69.35000
72.73000
99.85000
58.87000
56.82000
14.38000
42.13000
90.10000
80.40000
74.22000
49.41000
77.56000
31.21000
55.57000
94.01000
48.08000
98.86000
47.88000
26.01000
91.91000
29.05000
80.32000
18.81000
16.22000
64.00000
72.21000
24.60000
87.61000
2.00000
80.53000
21.87000
91.59000
38.86000
52.45000
64.92000
75.09000
25.47000
72.81000
36.31000
98.99000
12.23000
17.62000
92.43000
89.56000
1.62000
98.55000
19.95000
86.00000
96.64000
21.47000
41.36000
13.41000
87.22000
10.05000
93.95000
25.72000
75.01000
19.57000
41.62000
52.98000
69.32000
21.87000
92.19000
7.93000
18.88000
60.42000
71.39000
2.88000
59.56000
56.47000
66.36000
3.15000
68.91000
56.57000
79.21000
74.65000
12.67000
84.06000
76.41000
37.30000
93.23000
89.60000
38.40000
9.58000
7.17000
99.62000
9.02000
62.02000
83.72000
67.87000
46.04000
68.70000
47.31000
23.87000
72.64000
53.73000
57.01000
23.47000
25.94000
42.79000
93.27000
59.36000
32.64000
32.59000
75.39000
57.11000
33.25000
50.08000
93.94000
56.38000
33.82000
18.12000
39.25000
63.90000
67.76000
30.83000
25.93000
1.30000
71.02000
72.49000
46.38000
51.65000
30.59000
67.08000
20.32000
15.93000
34.02000
26.71000
42.25000
55.55000
21.90000
2.21000
34.98000
48.84000
35.36000
33.53000
96.09000
36.55000
67.59000
1.34000
52.49000
73.34000
14.32000
72.46000
4.87000
79.33000
20.34000
56.37000
80.22000
87.51000
78.02000
97.71000
23.81000
85.67000
49.99000
50.28000
33.81000
25.65000
68.37000
7.30000
9.46000
55.81000
37.02000
29.22000
53.40000
33.19000
96.44000
4.82000
84.17000
14.40000
79.35000
96.67000
83.73000
8.09000
55.10000
97.64000
47.99000
24.48000
82.24000
74.37000
36.24000
25.79000
59.98000
20.83000
22.74000
74.83000
74.69000
6.77000
45.13000
87.43000
53.45000
29.25000
55.99000
79.99000
11.47000
62.11000
71.32000
20.93000
2.65000
6.50000
3.68000
85.64000
78.03000
57.29000
56.86000
8.33000
10.93000
35.26000
72.93000
85.42000
21.45000
97.71000
77.56000
69.16000
43.22000
47.17000
48.46000
47.50000
36.18000
96.08000
63.89000
97.52000
36.04000
25.33000
55.17000
38.00000
5.81000
25.72000
54.14000
72.90000
83.33000
54.46000
44.72000
48.82000
36.70000
82.69000
12.35000
98.56000
6.83000
45.98000
92.53000
96.57000
61.94000
91.81000
26.30000
5.50000
49.02000
35.09000
1.76000
24.64000
01.76000
03.83000
01.54000
01.19000
04.05000
01.05000
02.97000
04.47000
01.27000
04.94000
04.66000
02.26000
04.02000
01.51000
02.86000
04.96000
01.73000
01.05000
03.66000
02.29000
04.62000
04.20000
04.93000
01.28000
01.74000
03.89000
02.39000
04.26000
02.94000
03.37000
03.55000
02.90000
04.91000
02.20000
01.72000
04.17000
01.11000
02.24000
02.06000
04.33000
03.85000
01.70000
03.50000
02.98000
02.23000
01.06000
04.83000
01.03000
04.17000
01.14000
01.07000
03.97000
01.58000
02.08000
04.73000
04.38000
03.07000
02.09000
04.84000
01.97000
02.95000
03.79000
04.88000
02.72000
03.61000
04.82000
01.61000
03.43000
03.72000
04.63000
03.12000
01.70000
04.28000
02.50000
02.83000
01.95000
02.60000
03.48000
01.45000
01.42000
02.31000
04.48000
01.01000
04.15000
03.34000
04.19000
02.86000
03.00000
03.93000
01.13000
01.63000
01.64000
02.66000
03.62000
03.31000
04.55000
04.39000
03.80000
03.17000
03.03000
02.09000
04.66000
01.10000
04.02000
02.16000
01.11000
03.68000
02.39000
01.42000
02.30000
04.94000
04.14000
03.06000
02.07000
02.25000
04.00000
02.10000
03.57000
03.76000
01.04000
03.36000
01.26000
02.47000
04.62000
03.49000
02.94000
02.16000
04.44000
04.94000
03.69000
03.45000
04.50000
01.96000
03.91000
01.75000
01.10000
02.63000
03.32000
01.31000
04.86000
02.85000
02.96000
01.15000
02.73000
04.32000
03.15000
01.14000
03.95000
04.54000
01.56000
02.19000
03.36000
02.98000
04.91000
02.79000
02.29000
04.72000
03.21000
04.17000
02.98000
04.72000
04.96000
03.14000
01.99000
03.22000
02.87000
02.82000
03.72000
01.73000
04.49000
02.65000
02.37000
01.10000
02.19000
04.38000
03.94000
03.49000
03.13000
02.07000
04.27000
02.36000
03.29000
04.09000
02.99000
04.48000
01.47000
03.13000
01.57000
03.96000
01.28000
02.18000
01.25000
04.19000
01.14000
04.55000
01.11000
03.90000
04.27000
03.87000
04.05000
03.23000
02.40000
01.77000
01.94000
04.17000
02.52000
03.99000
02.95000
01.25000
02.52000
01.79000
01.01000
01.78000
03.58000
01.10000
02.73000
01.85000
01.21000
03.70000
04.00000
04.39000
03.21000
01.15000
04.03000
01.13000
03.70000
04.85000
03.37000
02.62000
01.12000
04.00000
01.85000
04.21000
04.22000
03.61000
04.62000
04.08000
02.06000
02.50000
04.15000
01.20000
02.01000
03.33000
02.22000
01.36000
03.76000
02.52000
03.93000
03.19000
01.31000
04.07000
04.24000
01.35000
02.33000
04.41000
04.63000
04.86000
01.78000
04.19000
01.05000
04.60000
01.86000
01.05000
04.17000
02.13000
01.91000
03.98000
01.46000
01.31000
01.05000
03.25000
03.22000
02.34000
04.24000
04.44000
04.56000
03.71000
04.25000
02.47000
03.41000
04.23000
03.64000
03.55000
02.48000
01.03000
04.81000
03.21000
03.33000
03.54000
03.96000
04.29000
04.31000
03.51000
01.10000
02.95000
02.60000
01.00000
02.07000
02.65000
04.18000
01.01000
01.10000
02.43000
04.19000
03.06000
02.29000
01.08000
04.46000
03.16000
01.83000
02.89000
02.55000
04.22000
03.74000
01.90000
04.40000
02.92000
03.37000
04.96000
02.26000
03.79000
01.38000
01.75000
04.69000
01.15000
01.72000
02.74000
02.55000
01.14000
01.69000
01.25000
03.04000
03.71000
01.86000
03.36000
03.66000
04.62000
04.15000
02.00000
02.21000
01.46000
01.77000
02.90000
02.81000
03.60000
01.25000
02.62000
01.91000
02.25000
04.44000
