50
10
82.14000
35.99000
34.20000
71.18000
44.74000
79.41000
82.49000
17.81000
6.33000
55.41000
10.84000
28.68000
81.77000
85.02000
45.51000
39.23000
14.65000
17.04000
41.46000
9.61000
68.35000
22.01000
76.42000
23.74000
35.95000
97.22000
54.88000
91.29000
32.33000
66.72000
5.07000
48.69000
98.08000
76.30000
78.97000
54.09000
1.56000
98.50000
57.31000
92.41000
30.87000
31.62000
42.56000
74.33000
3.87000
95.70000
62.96000
34.27000
60.17000
40.52000
38.35000
43.56000
18.83000
74.60000
46.10000
26.97000
36.69000
9.76000
7.65000
59.39000
27.10000
90.05000
65.69000
42.23000
46.13000
31.22000
90.67000
99.61000
75.61000
68.79000
76.79000
83.43000
23.11000
67.01000
43.00000
68.31000
18.96000
13.90000
33.00000
54.65000
20.22000
21.23000
16.24000
67.59000
8.74000
27.49000
85.92000
58.00000
90.07000
94.96000
62.99000
1.53000
97.54000
13.65000
90.14000
96.57000
87.23000
93.32000
37.82000
71.24000
42.62000
14.01000
10.50000
98.15000
43.76000
58.97000
84.04000
86.39000
86.92000
13.02000
71.39000
56.61000
70.38000
77.62000
81.23000
24.66000
16.20000
83.01000
48.97000
31.14000
70.15000
82.18000
33.78000
42.42000
6.79000
53.84000
20.57000
49.59000
21.41000
1.49000
19.03000
68.52000
37.05000
52.35000
63.55000
40.80000
1.51000
61.40000
15.32000
31.80000
85.32000
7.37000
57.25000
32.62000
87.78000
91.74000
1.00000
59.11000
30.93000
45.75000
53.52000
7.03000
66.64000
96.57000
40.04000
81.65000
42.62000
87.62000
70.55000
92.87000
96.82000
77.33000
21.69000
71.99000
19.25000
10.39000
91.86000
75.09000
20.68000
54.24000
9.17000
84.01000
39.61000
5.10000
21.53000
6.30000
39.31000
79.91000
5.57000
71.30000
7.78000
25.37000
60.68000
38.07000
56.80000
8.92000
13.98000
86.45000
25.87000
24.77000
14.38000
25.01000
76.25000
91.87000
37.50000
83.07000
96.96000
55.91000
83.74000
19.71000
52.40000
47.96000
18.54000
90.97000
14.00000
26.05000
64.76000
90.30000
37.43000
89.26000
84.83000
40.38000
2.43000
24.53000
69.86000
37.50000
11.46000
39.51000
35.71000
4.71000
92.77000
69.64000
22.98000
87.79000
2.34000
75.06000
97.03000
61.29000
15.89000
40.71000
50.95000
21.50000
37.91000
75.25000
98.62000
89.47000
96.62000
15.09000
82.63000
14.98000
47.01000
18.42000
68.33000
67.59000
65.81000
70.13000
46.84000
46.58000
57.49000
80.91000
89.45000
13.77000
1.69000
68.73000
94.39000
9.30000
7.16000
88.43000
24.70000
40.89000
37.20000
23.74000
84.95000
71.82000
11.75000
48.29000
9.47000
90.09000
73.52000
63.46000
52.34000
9.45000
92.94000
94.40000
96.37000
65.44000
64.22000
91.99000
49.14000
23.30000
6.31000
31.87000
40.97000
69.05000
61.91000
13.43000
28.95000
17.44000
2.46000
61.80000
93.88000
5.00000
20.18000
28.86000
44.36000
93.98000
34.99000
88.26000
10.69000
74.40000
5.28000
91.68000
79.89000
72.48000
36.80000
4.45000
97.66000
85.25000
52.52000
6.71000
2.36000
93.33000
12.60000
64.80000
63.55000
75.46000
99.97000
70.84000
80.51000
35.12000
27.29000
40.68000
75.30000
99.54000
26.98000
14.92000
94.69000
24.69000
59.21000
58.92000
12.24000
86.32000
9.89000
64.79000
23.23000
89.89000
86.71000
48.38000
50.71000
63.65000
27.06000
50.29000
42.48000
60.57000
88.12000
36.89000
70.07000
59.37000
56.82000
98.28000
93.50000
56.52000
30.67000
11.07000
62.56000
36.59000
5.92000
31.02000
50.28000
91.88000
15.49000
70.70000
94.18000
18.59000
10.28000
37.69000
58.52000
33.68000
64.92000
62.30000
30.31000
81.83000
80.80000
2.61000
22.31000
33.50000
83.05000
38.44000
72.03000
80.90000
22.56000
77.38000
43.74000
44.96000
72.97000
51.74000
24.44000
68.39000
36.66000
17.60000
26.91000
21.63000
37.78000
55.78000
88.65000
96.89000
27.20000
73.86000
73.92000
16.12000
34.12000
92.11000
87.08000
37.02000
92.27000
66.83000
83.38000
55.12000
83.28000
87.42000
54.50000
15.66000
47.76000
2.69000
53.42000
76.80000
51.06000
82.18000
58.88000
25.45000
84.29000
26.17000
74.35000
69.30000
64.30000
54.72000
29.05000
44.74000
31.70000
16.61000
74.99000
10.97000
51.85000
82.39000
91.87000
51.88000
16.84000
51.35000
83.19000
78.15000
41.55000
44.54000
77.18000
25.20000
67.56000
9.74000
27.81000
51.19000
61.24000
18.51000
85.89000
66.24000
89.66000
82.91000
74.96000
37.64000
48.04000
79.74000
16.67000
87.83000
39.69000
16.34000
78.46000
43.97000
46.42000
29.23000
56.54000
54.93000
74.82000
81.67000
68.84000
96.35000
57.21000
62.66000
60.08000
69.61000
49.65000
83.98000
98.69000
98.86000
33.98000
84.13000
79.88000
35.98000
16.77000
26.38000
22.60000
54.60000
29.35000
96.73000
69.54000
56.12000
28.78000
10.95000
91.17000
65.67000
95.89000
4.55000
81.66000
34.14000
01.08000
02.68000
01.79000
03.34000
03.97000
04.83000
01.41000
02.34000
01.22000
01.40000
01.81000
03.81000
02.92000
01.72000
03.59000
03.57000
04.16000
04.12000
04.30000
02.44000
04.99000
03.93000
02.53000
02.26000
02.52000
01.47000
01.87000
01.86000
02.81000
02.08000
02.88000
01.06000
04.93000
04.07000
03.14000
04.69000
04.98000
02.79000
01.24000
02.58000
04.03000
02.56000
04.75000
01.56000
04.15000
04.70000
02.25000
01.45000
04.42000
03.55000
04.46000
01.84000
04.86000
02.39000
04.65000
02.54000
03.95000
03.06000
02.69000
01.55000
02.61000
02.40000
01.28000
02.82000
02.06000
02.85000
04.13000
03.31000
04.49000
03.86000
03.94000
04.96000
01.11000
01.89000
02.42000
02.73000
04.12000
02.39000
02.26000
04.58000
02.72000
03.82000
03.17000
03.46000
03.11000
01.63000
01.85000
01.31000
04.51000
04.27000
04.01000
01.09000
03.11000
01.19000
04.35000
02.77000
04.11000
02.85000
02.57000
03.28000
03.54000
03.09000
01.74000
03.72000
01.57000
01.86000
04.11000
04.49000
04.74000
01.91000
03.18000
01.70000
01.41000
02.80000
01.77000
01.42000
04.89000
01.12000
03.71000
02.73000
01.51000
02.44000
01.84000
01.72000
02.60000
01.35000
01.98000
03.44000
04.49000
01.42000
02.95000
02.00000
04.50000
03.23000
04.59000
04.45000
04.97000
04.35000
03.72000
02.89000
01.22000
03.37000
02.17000
02.39000
01.58000
03.87000
02.77000
01.03000
03.38000
02.42000
03.64000
03.99000
02.74000
02.61000
04.72000
04.95000
03.22000
01.82000
04.71000
01.84000
02.47000
01.45000
02.57000
02.88000
01.93000
04.19000
02.26000
01.25000
04.08000
01.75000
04.72000
03.18000
04.35000
02.84000
03.92000
03.85000
03.20000
01.15000
02.79000
03.48000
02.09000
03.39000
01.30000
03.26000
03.46000
01.26000
04.41000
01.40000
02.78000
03.47000
02.05000
01.10000
04.49000
03.71000
01.19000
02.56000
02.05000
04.70000
01.78000
03.00000
01.54000
04.49000
03.85000
04.51000
01.17000
01.18000
04.35000
03.75000
03.55000
01.80000
02.26000
03.21000
03.27000
04.18000
02.67000
03.22000
03.90000
03.15000
03.66000
01.11000
02.01000
02.54000
04.30000
03.20000
03.20000
03.16000
04.67000
04.82000
02.03000
02.86000
01.86000
02.30000
02.08000
04.46000
01.93000
04.97000
03.94000
03.79000
03.96000
03.16000
01.17000
01.67000
04.04000
04.20000
04.37000
03.94000
03.25000
04.40000
01.10000
01.42000
01.95000
02.79000
04.43000
03.25000
04.10000
01.64000
02.65000
01.30000
03.55000
04.38000
02.13000
01.84000
03.50000
03.45000
04.60000
03.80000
04.16000
04.30000
04.74000
03.15000
02.71000
01.39000
02.26000
04.85000
01.38000
02.17000
01.87000
02.83000
03.36000
03.10000
01.27000
04.06000
04.85000
01.62000
03.16000
04.48000
03.07000
04.19000
03.25000
01.06000
04.20000
02.26000
02.23000
03.75000
03.46000
04.29000
01.81000
03.49000
01.04000
03.73000
01.20000
01.72000
02.77000
04.19000
02.17000
01.14000
02.53000
02.61000
03.30000
03.96000
02.24000
03.85000
01.42000
02.27000
01.23000
02.49000
02.37000
01.13000
03.84000
02.11000
04.96000
02.64000
03.38000
03.27000
01.04000
01.86000
02.19000
03.57000
03.41000
02.87000
03.59000
01.57000
01.93000
02.76000
03.92000
04.86000
03.40000
03.59000
04.50000
02.01000
03.67000
04.46000
03.66000
02.61000
03.55000
01.43000
04.72000
01.22000
04.88000
03.59000
01.01000
02.36000
04.13000
01.15000
03.82000
04.40000
04.32000
02.49000
04.63000
01.58000
04.60000
01.68000
02.87000
02.59000
02.92000
01.94000
03.01000
01.14000
02.24000
03.46000
02.50000
03.94000
02.51000
03.45000
03.79000
02.67000
04.68000
04.11000
02.33000
02.06000
02.70000
04.64000
02.57000
03.79000
03.53000
01.25000
01.98000
02.58000
03.12000
03.14000
02.99000
02.13000
02.43000
04.52000
01.08000
03.13000
03.40000
04.58000
04.68000
03.30000
03.67000
02.46000
04.77000
04.69000
04.22000
02.18000
03.94000
04.28000
03.16000
02.60000
04.42000
01.09000
03.56000
02.03000
03.77000
03.97000
01.51000
03.80000
04.58000
02.73000
02.08000
04.25000
02.43000
04.20000
03.35000
04.70000
01.89000
04.21000
04.40000
03.48000
04.55000
03.59000
01.31000
03.92000
04.97000
04.17000
03.15000
02.34000
02.75000
04.77000
04.00000
04.08000
02.45000
01.22000
02.95000
03.45000
01.66000
02.35000
04.06000
03.80000
01.62000
02.33000
04.82000
04.24000
03.33000
03.73000
02.37000
04.70000
03.02000
03.84000
04.14000
04.70000
04.41000
03.60000
04.33000
03.70000
04.20000
04.96000
02.14000
02.16000
04.08000
02.88000
01.78000
01.53000
02.78000
01.32000
04.45000
04.26000
03.97000
01.21000
04.35000
01.81000
04.38000
04.53000
04.69000
02.63000
01.70000
02.21000
01.67000
04.17000
02.64000
02.22000
04.49000
04.88000
02.90000
01.50000
03.36000
04.22000
03.18000
02.01000
