50
4
95.87000
21.05000
73.88000
14.44000
87.00000
79.48000
65.99000
60.31000
65.39000
23.85000
65.47000
61.73000
71.27000
92.38000
13.55000
58.93000
45.84000
28.28000
49.43000
92.11000
29.33000
69.79000
15.34000
3.49000
61.96000
59.12000
50.49000
31.31000
84.95000
36.48000
96.11000
17.77000
39.51000
42.09000
93.42000
3.09000
64.87000
17.18000
82.63000
27.50000
3.23000
1.96000
4.96000
32.21000
92.83000
36.65000
98.63000
57.43000
76.88000
62.47000
21.25000
73.51000
77.27000
51.34000
16.06000
42.85000
6.64000
31.42000
44.74000
25.17000
51.86000
56.97000
73.24000
85.44000
79.89000
93.95000
67.55000
90.63000
56.71000
9.34000
92.62000
6.70000
47.28000
66.09000
15.43000
96.63000
17.57000
32.18000
98.94000
29.38000
32.55000
71.58000
12.14000
67.92000
58.19000
51.26000
17.97000
79.22000
60.46000
36.18000
82.41000
29.25000
5.33000
91.31000
72.44000
81.98000
56.76000
83.63000
53.02000
5.38000
9.18000
79.71000
26.24000
18.03000
40.22000
42.40000
87.07000
3.16000
29.51000
72.40000
52.01000
50.96000
66.79000
61.44000
10.80000
53.16000
43.76000
99.23000
53.13000
99.47000
50.14000
77.48000
70.75000
81.61000
76.66000
85.93000
54.35000
89.29000
15.03000
16.28000
93.67000
14.24000
53.97000
57.26000
80.41000
45.18000
85.20000
1.58000
5.31000
73.82000
99.44000
37.97000
57.07000
90.88000
87.41000
58.13000
28.42000
87.08000
39.83000
52.80000
44.31000
51.11000
71.22000
43.78000
33.23000
80.79000
56.00000
3.18000
91.97000
72.78000
19.33000
81.14000
38.01000
42.56000
75.69000
95.11000
84.81000
5.60000
42.56000
60.58000
49.85000
76.36000
34.39000
92.00000
47.59000
72.32000
66.65000
6.86000
93.50000
8.94000
55.82000
18.61000
5.05000
99.69000
17.37000
43.73000
94.71000
63.04000
65.76000
97.68000
80.94000
13.46000
18.46000
96.94000
78.22000
65.42000
88.93000
56.97000
3.02000
36.39000
04.20000
04.72000
03.82000
04.60000
03.44000
04.05000
03.44000
01.95000
01.22000
02.21000
03.17000
01.70000
04.67000
02.31000
02.13000
02.95000
04.92000
03.50000
03.44000
04.84000
01.09000
04.88000
02.24000
02.50000
04.29000
01.59000
01.64000
03.04000
01.67000
04.75000
04.78000
01.60000
04.34000
01.48000
02.77000
01.29000
03.44000
02.91000
02.74000
01.24000
02.07000
04.17000
03.82000
04.59000
03.37000
04.38000
01.13000
02.44000
02.47000
02.67000
03.55000
04.25000
01.38000
02.67000
03.66000
01.69000
01.92000
03.31000
04.66000
02.56000
01.41000
03.44000
02.68000
02.98000
03.99000
03.19000
01.85000
03.08000
01.78000
02.67000
02.29000
02.98000
02.90000
02.02000
04.12000
02.80000
03.47000
01.35000
03.47000
02.68000
03.63000
04.80000
04.47000
02.74000
03.50000
04.49000
03.24000
03.09000
03.20000
04.55000
03.91000
03.88000
02.86000
01.09000
02.59000
01.21000
02.61000
02.25000
03.42000
03.22000
02.80000
01.48000
02.25000
02.60000
02.33000
01.54000
02.67000
04.44000
03.91000
02.44000
03.70000
03.69000
04.68000
01.31000
02.49000
01.46000
01.76000
03.27000
04.15000
02.88000
04.28000
01.44000
01.80000
01.09000
01.35000
04.96000
04.58000
01.20000
02.11000
02.94000
01.60000
04.33000
03.68000
04.51000
02.00000
03.62000
03.19000
02.80000
02.89000
04.19000
01.75000
02.93000
01.40000
03.16000
04.50000
02.02000
02.67000
01.66000
04.55000
01.21000
03.58000
03.81000
01.99000
03.50000
02.52000
04.06000
01.94000
04.77000
02.00000
01.89000
01.48000
04.67000
04.14000
03.40000
02.75000
01.33000
03.07000
02.73000
03.87000
04.87000
04.91000
02.01000
02.96000
01.41000
03.79000
03.35000
02.15000
01.08000
01.82000
04.88000
03.57000
02.01000
01.15000
04.73000
01.33000
02.32000
03.88000
01.03000
01.57000
04.13000
04.15000
03.89000
02.40000
01.57000
04.08000
03.44000
01.96000
04.77000
01.80000
01.81000
