50
4
150.14000
175.24000
161.06000
188.70000
178.34000
139.18000
119.54000
156.76000
127.26000
196.51000
169.06000
138.51000
137.53000
187.84000
150.24000
174.58000
149.78000
153.81000
103.72000
105.60000
104.63000
135.04000
170.11000
172.19000
142.71000
172.15000
190.04000
114.98000
104.65000
105.77000
104.13000
174.59000
131.06000
176.52000
153.01000
191.64000
162.57000
125.03000
177.31000
106.77000
139.81000
191.93000
117.65000
160.59000
103.41000
117.83000
114.66000
193.73000
193.98000
143.37000
120.92000
114.11000
144.39000
141.71000
187.55000
164.97000
108.59000
154.60000
190.73000
106.29000
142.15000
140.75000
196.08000
103.69000
110.70000
165.80000
169.22000
122.79000
179.85000
195.36000
175.79000
129.22000
115.24000
195.06000
181.41000
188.60000
182.50000
130.53000
151.70000
166.56000
147.23000
167.39000
152.29000
128.73000
175.08000
171.27000
148.80000
140.72000
131.66000
107.79000
106.86000
168.17000
182.60000
142.58000
192.09000
176.70000
193.53000
141.26000
170.12000
131.94000
117.04000
161.29000
155.05000
167.71000
132.72000
197.58000
173.86000
187.21000
127.32000
197.95000
166.91000
116.11000
191.48000
153.03000
124.83000
145.03000
115.82000
153.45000
138.25000
164.60000
190.96000
189.83000
197.78000
165.45000
107.53000
152.80000
194.05000
138.19000
156.17000
132.98000
117.70000
173.46000
127.48000
120.99000
159.33000
161.88000
112.09000
107.47000
109.59000
194.08000
100.64000
183.04000
159.08000
160.67000
183.74000
138.31000
198.45000
152.29000
152.03000
163.93000
164.10000
112.43000
147.00000
192.28000
149.29000
145.62000
185.42000
199.41000
194.85000
105.59000
142.03000
141.13000
116.41000
107.97000
132.45000
133.07000
129.60000
168.38000
172.31000
190.86000
150.04000
102.45000
177.24000
130.12000
193.36000
125.80000
162.85000
166.47000
175.18000
154.06000
144.78000
115.54000
111.12000
102.85000
138.65000
192.96000
116.81000
187.80000
160.07000
114.34000
107.88000
124.53000
124.69000
195.32000
199.95000
128.67000
148.12000
151.52000
108.65000
115.84000
08.67000
07.26000
06.83000
07.69000
09.34000
07.88000
08.57000
08.31000
08.14000
05.73000
07.91000
08.13000
08.99000
09.74000
08.75000
06.05000
05.80000
08.80000
10.00000
05.98000
07.46000
06.82000
05.56000
06.82000
07.89000
07.71000
09.33000
07.48000
06.00000
05.37000
05.24000
06.87000
05.68000
08.71000
07.17000
08.89000
05.84000
06.64000
09.05000
07.45000
05.40000
08.06000
09.76000
06.46000
08.25000
06.88000
08.23000
09.82000
08.31000
07.01000
08.50000
05.73000
08.09000
08.60000
07.54000
09.94000
08.12000
09.14000
07.35000
06.84000
08.99000
09.94000
08.08000
06.58000
05.87000
06.15000
09.89000
09.31000
08.90000
07.94000
07.94000
05.19000
08.25000
05.45000
07.38000
09.38000
09.07000
08.85000
08.37000
07.03000
06.52000
08.30000
06.06000
08.30000
05.75000
08.93000
05.62000
08.35000
06.92000
05.93000
07.19000
07.32000
05.19000
09.43000
05.94000
05.39000
05.71000
09.60000
07.02000
07.70000
09.34000
08.53000
06.63000
05.72000
08.29000
09.70000
05.73000
05.03000
06.64000
07.51000
09.95000
09.18000
05.82000
08.36000
05.68000
09.58000
07.22000
08.65000
09.35000
07.63000
07.24000
09.81000
07.34000
09.74000
07.31000
08.23000
06.07000
07.31000
08.81000
05.31000
06.95000
06.76000
08.16000
07.47000
06.38000
09.48000
06.77000
06.11000
05.76000
06.89000
06.04000
07.63000
06.51000
05.39000
07.37000
08.45000
05.03000
06.38000
07.18000
09.97000
05.82000
06.06000
05.32000
07.43000
09.73000
05.59000
06.87000
06.49000
05.84000
07.34000
06.95000
06.61000
06.79000
08.99000
08.20000
05.44000
05.25000
08.18000
08.28000
05.65000
08.88000
07.57000
09.86000
09.89000
05.32000
09.82000
05.58000
05.81000
07.23000
07.58000
08.11000
06.08000
07.28000
08.52000
05.09000
08.34000
08.12000
05.27000
09.19000
05.26000
07.40000
05.52000
08.06000
09.49000
07.78000
06.90000
09.36000
08.69000
06.91000
07.07000
