50
10
197.11000
121.74000
197.88000
156.80000
197.82000
164.88000
148.14000
110.47000
139.11000
122.15000
150.10000
142.52000
199.51000
178.29000
194.80000
150.21000
182.51000
143.09000
198.24000
155.80000
116.65000
151.29000
101.45000
106.57000
155.43000
162.68000
170.43000
174.77000
177.37000
162.02000
196.21000
157.68000
185.98000
159.06000
194.79000
177.55000
109.79000
188.58000
107.20000
181.66000
102.30000
110.35000
199.45000
142.27000
142.04000
109.12000
162.55000
156.65000
132.52000
194.67000
103.82000
114.40000
180.04000
144.55000
164.33000
197.43000
117.65000
153.56000
152.58000
170.02000
183.20000
130.45000
175.21000
195.06000
195.82000
150.61000
163.86000
160.43000
199.67000
114.42000
175.17000
179.04000
163.86000
147.29000
190.79000
188.76000
182.56000
199.59000
117.35000
152.49000
174.90000
146.73000
186.50000
158.13000
185.01000
189.08000
154.87000
118.55000
182.05000
152.05000
104.10000
171.66000
160.14000
186.02000
140.84000
180.34000
138.44000
166.38000
196.73000
132.48000
104.94000
100.43000
114.12000
102.74000
136.44000
100.26000
120.78000
117.64000
180.09000
168.60000
141.37000
105.93000
195.68000
171.47000
148.15000
146.13000
167.97000
199.88000
138.38000
141.76000
106.71000
169.86000
134.33000
121.33000
146.68000
122.40000
183.26000
138.36000
147.65000
123.54000
157.45000
171.36000
194.37000
164.28000
154.15000
123.84000
196.61000
160.64000
195.63000
124.34000
189.15000
153.64000
129.16000
126.35000
131.74000
109.30000
127.00000
108.40000
109.15000
118.62000
131.81000
193.39000
122.66000
192.82000
197.47000
164.71000
196.14000
130.99000
135.12000
115.14000
157.42000
192.21000
182.64000
138.82000
156.90000
183.13000
102.91000
154.88000
169.95000
135.38000
183.84000
107.48000
196.97000
105.60000
138.31000
165.74000
163.36000
175.44000
104.21000
123.82000
119.49000
151.54000
144.43000
100.85000
140.77000
165.54000
146.86000
140.97000
127.59000
174.07000
124.40000
113.32000
105.33000
158.78000
114.94000
112.05000
124.38000
126.30000
181.35000
156.29000
174.08000
148.09000
166.46000
150.48000
105.13000
145.65000
149.10000
130.92000
146.48000
117.67000
184.43000
181.34000
139.17000
111.43000
125.97000
161.50000
149.19000
199.19000
152.23000
156.18000
167.57000
178.21000
166.73000
175.12000
110.32000
170.77000
197.99000
153.10000
118.46000
124.12000
199.51000
149.89000
157.99000
110.54000
149.82000
150.25000
119.95000
127.28000
152.43000
163.95000
120.34000
196.62000
135.86000
125.75000
100.18000
165.82000
153.61000
195.41000
125.49000
107.14000
109.13000
153.26000
112.97000
142.39000
148.93000
132.23000
148.32000
198.61000
144.00000
143.93000
120.40000
147.12000
163.50000
113.73000
110.85000
125.82000
101.56000
192.03000
126.30000
197.58000
177.32000
154.23000
198.40000
150.31000
134.92000
100.71000
183.79000
196.89000
143.50000
156.87000
164.10000
175.22000
197.21000
173.09000
145.99000
148.18000
115.18000
124.76000
161.08000
103.67000
141.55000
112.29000
166.02000
154.57000
145.47000
161.04000
142.45000
138.78000
121.08000
121.43000
166.16000
165.15000
151.93000
176.40000
167.49000
184.67000
194.55000
172.42000
128.84000
161.18000
130.19000
161.56000
172.47000
123.20000
193.62000
184.83000
145.65000
124.23000
144.61000
108.26000
120.64000
142.80000
167.92000
122.85000
194.71000
182.43000
173.32000
144.63000
190.12000
171.61000
195.56000
114.61000
154.14000
163.89000
194.43000
198.80000
159.04000
137.75000
154.67000
188.22000
102.08000
196.74000
186.07000
198.89000
105.52000
169.35000
123.38000
171.82000
116.64000
109.10000
103.16000
110.32000
136.49000
193.36000
103.63000
165.12000
139.80000
167.85000
106.75000
195.33000
142.82000
142.93000
112.90000
157.57000
158.45000
187.74000
147.47000
133.49000
124.56000
196.43000
160.86000
129.73000
104.07000
188.13000
128.46000
177.93000
184.85000
106.99000
150.64000
134.73000
179.80000
122.14000
152.82000
181.77000
126.80000
127.72000
185.37000
125.68000
188.75000
142.89000
123.69000
198.13000
153.54000
111.77000
168.17000
155.73000
134.06000
103.50000
144.20000
180.14000
199.97000
110.71000
152.77000
193.74000
100.52000
115.89000
160.08000
157.30000
187.35000
162.15000
127.31000
188.69000
163.99000
159.25000
170.48000
110.18000
158.94000
141.94000
130.59000
169.03000
125.72000
170.00000
173.67000
137.50000
142.85000
128.20000
190.73000
112.86000
113.84000
126.30000
197.79000
117.38000
167.22000
199.06000
135.85000
198.32000
156.48000
106.24000
170.95000
127.95000
160.16000
132.63000
194.09000
103.53000
181.77000
187.98000
121.29000
147.33000
149.81000
107.05000
195.42000
109.06000
146.05000
177.14000
166.94000
162.97000
109.72000
187.70000
177.54000
149.02000
175.15000
171.21000
158.84000
155.09000
186.48000
128.07000
167.50000
194.08000
112.86000
183.66000
185.14000
103.88000
148.43000
188.38000
118.41000
147.37000
112.32000
117.62000
198.96000
112.45000
148.68000
171.77000
183.42000
112.02000
126.65000
176.21000
153.43000
183.95000
140.37000
181.35000
115.64000
191.14000
108.97000
162.57000
101.68000
121.48000
176.61000
120.25000
168.19000
187.86000
01.40000
01.35000
04.51000
03.38000
02.29000
04.21000
02.58000
02.10000
04.56000
03.62000
04.69000
01.67000
02.78000
01.42000
03.93000
02.40000
04.54000
04.43000
02.36000
01.64000
02.42000
04.48000
03.07000
01.71000
01.99000
02.40000
02.14000
01.94000
01.83000
04.02000
04.65000
02.65000
01.52000
04.16000
04.67000
01.17000
01.63000
02.65000
01.27000
03.84000
03.75000
04.32000
02.55000
01.98000
02.46000
03.00000
01.58000
03.91000
01.32000
01.52000
03.74000
02.64000
03.44000
03.15000
01.23000
04.99000
03.81000
04.51000
03.65000
04.84000
01.07000
01.97000
02.19000
02.66000
04.93000
02.49000
01.05000
03.88000
02.10000
02.03000
01.45000
02.96000
04.28000
01.52000
01.58000
03.36000
04.16000
02.94000
04.64000
01.53000
03.46000
01.22000
02.85000
02.92000
04.87000
04.33000
01.40000
01.99000
04.11000
01.22000
02.50000
02.18000
01.87000
01.83000
01.34000
03.95000
03.85000
01.13000
02.14000
04.76000
04.91000
04.94000
03.42000
01.80000
03.92000
03.81000
02.53000
01.99000
03.71000
04.70000
02.22000
03.62000
01.13000
03.71000
01.82000
01.26000
01.99000
01.89000
01.65000
02.51000
01.13000
01.35000
03.05000
03.94000
02.36000
01.14000
04.34000
03.12000
02.53000
01.35000
04.84000
02.63000
03.46000
03.06000
04.90000
02.05000
03.98000
04.34000
01.83000
01.97000
03.91000
04.28000
01.97000
03.95000
04.08000
02.95000
04.64000
02.57000
02.33000
01.43000
02.43000
04.41000
04.03000
02.76000
03.62000
01.48000
02.41000
03.94000
04.42000
01.31000
02.49000
02.60000
04.28000
04.60000
02.25000
01.94000
03.67000
01.05000
04.62000
02.17000
04.02000
01.37000
01.57000
04.50000
03.80000
01.25000
02.05000
03.12000
02.46000
01.41000
04.00000
01.24000
04.45000
03.55000
02.39000
03.07000
03.23000
02.36000
01.17000
01.80000
01.24000
01.56000
01.28000
03.64000
01.94000
01.84000
04.68000
03.79000
01.79000
04.91000
01.08000
02.51000
02.51000
02.78000
02.95000
01.47000
01.32000
04.91000
01.84000
01.73000
04.05000
04.89000
04.81000
01.64000
04.29000
03.56000
03.96000
04.52000
04.61000
02.73000
04.35000
02.70000
04.59000
01.24000
04.07000
01.50000
04.82000
02.92000
02.19000
03.26000
02.86000
04.59000
02.79000
03.30000
01.29000
04.08000
02.96000
01.95000
03.70000
04.23000
04.76000
04.54000
02.66000
04.84000
03.27000
01.40000
03.75000
02.77000
02.58000
03.85000
03.35000
04.87000
03.55000
03.12000
04.95000
03.34000
01.81000
02.44000
04.17000
02.13000
03.91000
02.93000
04.71000
02.19000
04.06000
04.06000
03.27000
01.49000
01.46000
02.26000
01.56000
02.96000
04.31000
03.00000
02.28000
02.58000
01.82000
04.73000
01.13000
01.28000
04.19000
02.89000
02.81000
01.03000
02.61000
01.95000
01.03000
04.77000
01.31000
03.36000
02.50000
04.45000
01.47000
01.57000
02.90000
01.05000
01.30000
04.03000
02.96000
04.49000
03.76000
03.28000
03.39000
02.38000
01.01000
04.41000
04.82000
01.46000
01.31000
04.95000
01.32000
03.61000
01.99000
01.48000
04.75000
03.91000
01.36000
03.58000
03.91000
02.45000
02.78000
01.82000
04.65000
04.29000
02.55000
03.79000
01.79000
03.53000
02.01000
02.06000
03.15000
03.23000
03.49000
02.21000
01.58000
03.47000
02.31000
02.82000
02.88000
01.34000
02.80000
03.46000
01.90000
02.91000
02.30000
04.72000
02.46000
03.25000
03.13000
04.17000
01.65000
01.31000
02.96000
03.44000
02.28000
01.99000
01.38000
01.88000
02.85000
01.87000
04.09000
04.50000
03.30000
02.15000
01.53000
03.00000
04.60000
01.05000
01.16000
02.09000
04.68000
01.75000
03.43000
03.47000
02.51000
04.47000
01.81000
01.83000
02.04000
02.41000
02.73000
04.89000
04.22000
01.77000
01.66000
01.35000
03.00000
01.75000
03.04000
04.91000
01.35000
02.56000
04.33000
02.27000
03.20000
01.41000
03.98000
01.14000
01.52000
04.48000
03.95000
01.38000
01.45000
04.28000
02.11000
02.05000
01.92000
03.06000
04.16000
04.03000
01.45000
03.96000
01.69000
02.16000
02.11000
04.29000
03.27000
04.28000
03.00000
02.39000
02.48000
03.19000
04.18000
01.58000
01.89000
04.75000
02.73000
02.20000
01.10000
03.76000
04.73000
01.57000
04.66000
04.06000
01.26000
02.01000
02.17000
02.49000
04.39000
02.87000
04.21000
04.85000
03.21000
04.46000
02.34000
02.00000
03.80000
04.11000
01.14000
01.74000
02.80000
03.64000
03.20000
03.22000
02.22000
04.74000
03.68000
03.65000
01.20000
02.23000
04.21000
03.57000
03.95000
01.57000
03.48000
02.94000
03.67000
01.20000
01.19000
02.71000
02.55000
04.59000
02.05000
04.83000
03.81000
04.19000
03.77000
04.26000
03.65000
01.45000
01.03000
04.96000
03.27000
02.82000
01.55000
03.87000
04.87000
03.75000
02.04000
02.94000
03.66000
04.71000
04.18000
01.14000
03.84000
03.13000
02.70000
02.40000
02.61000
01.48000
