50
10
62.43000
86.00000
55.91000
24.66000
73.47000
66.32000
22.74000
20.37000
23.26000
31.90000
60.01000
37.12000
32.86000
10.97000
4.13000
16.51000
50.05000
56.52000
13.28000
23.90000
47.39000
48.27000
72.37000
50.38000
22.15000
88.70000
92.07000
12.83000
95.39000
8.05000
7.79000
50.83000
16.89000
57.29000
76.71000
31.75000
56.21000
17.16000
85.74000
45.69000
12.62000
89.14000
44.56000
9.51000
7.19000
4.45000
86.57000
62.81000
86.69000
14.08000
24.77000
79.72000
76.35000
54.07000
13.69000
79.89000
94.37000
25.76000
8.31000
9.30000
16.20000
50.64000
9.03000
23.01000
52.60000
98.15000
40.99000
3.86000
43.08000
63.49000
55.07000
57.42000
49.91000
64.60000
26.90000
17.01000
61.10000
46.19000
55.88000
37.71000
89.40000
76.71000
68.13000
2.34000
73.33000
51.35000
14.56000
16.48000
75.16000
88.06000
68.79000
12.45000
82.89000
32.55000
33.21000
46.32000
10.28000
52.26000
31.95000
99.92000
8.86000
79.05000
79.90000
31.92000
4.42000
92.36000
21.84000
67.44000
14.25000
25.67000
50.93000
49.45000
41.83000
86.65000
84.05000
99.00000
16.38000
12.72000
62.78000
64.88000
89.89000
61.04000
52.50000
18.64000
43.09000
18.54000
44.30000
56.56000
77.46000
92.89000
54.04000
2.68000
23.22000
21.50000
23.33000
2.81000
32.37000
61.53000
17.52000
29.49000
83.63000
98.92000
27.71000
80.00000
81.47000
44.32000
69.77000
77.39000
54.14000
31.15000
50.42000
30.78000
22.07000
72.68000
76.42000
58.68000
91.33000
34.45000
94.69000
22.48000
16.94000
71.55000
37.56000
9.21000
40.59000
85.34000
60.10000
31.61000
32.72000
1.98000
45.13000
28.21000
86.54000
69.36000
98.23000
61.27000
23.00000
65.09000
52.72000
19.78000
83.80000
88.58000
63.68000
15.53000
40.38000
65.96000
13.93000
86.02000
84.94000
47.12000
9.05000
95.50000
38.44000
7.69000
80.36000
32.00000
43.57000
47.06000
85.92000
7.28000
58.02000
57.81000
29.92000
75.76000
93.44000
76.29000
40.18000
74.53000
22.17000
74.80000
7.37000
21.06000
27.14000
44.46000
27.79000
17.82000
19.02000
1.13000
24.48000
93.04000
32.22000
84.40000
44.23000
2.70000
26.92000
62.64000
59.60000
22.54000
87.02000
25.94000
67.86000
57.03000
24.20000
89.17000
91.06000
35.40000
70.88000
94.93000
77.01000
10.64000
88.22000
9.57000
97.23000
60.47000
61.14000
22.21000
50.02000
89.37000
98.32000
49.69000
45.49000
48.91000
54.48000
46.91000
62.00000
2.66000
73.51000
52.34000
71.26000
36.66000
63.83000
45.40000
36.54000
70.86000
1.07000
57.42000
44.85000
49.96000
83.63000
45.46000
9.95000
42.41000
39.65000
90.36000
68.35000
42.41000
18.00000
99.69000
84.32000
68.90000
93.33000
5.77000
45.86000
66.59000
68.02000
62.68000
64.73000
4.92000
66.21000
54.24000
79.46000
76.10000
38.79000
86.02000
53.29000
2.06000
60.38000
90.35000
73.25000
24.53000
46.17000
25.31000
9.23000
20.95000
48.76000
72.57000
15.91000
19.74000
48.02000
12.95000
24.09000
68.09000
10.30000
17.00000
12.50000
51.92000
25.72000
82.01000
83.63000
79.88000
11.12000
32.03000
67.71000
87.40000
7.11000
12.85000
17.71000
34.65000
79.05000
96.01000
11.37000
5.55000
20.05000
80.80000
52.17000
9.75000
43.96000
88.27000
69.33000
81.69000
92.37000
66.22000
16.84000
82.52000
32.66000
86.17000
71.44000
96.17000
53.93000
46.43000
33.65000
74.72000
26.53000
59.09000
30.05000
18.35000
90.66000
92.54000
58.37000
52.00000
32.21000
39.86000
13.80000
27.55000
55.75000
62.30000
14.28000
19.64000
93.61000
48.88000
4.52000
28.65000
3.85000
12.36000
52.97000
79.73000
65.31000
89.25000
54.83000
24.75000
86.55000
44.82000
29.04000
37.36000
98.91000
65.06000
19.31000
18.94000
59.45000
63.76000
94.08000
93.62000
49.00000
78.41000
49.56000
14.31000
74.14000
72.29000
3.68000
53.62000
99.70000
53.51000
92.61000
27.04000
23.47000
62.28000
13.36000
33.61000
98.30000
52.06000
80.73000
19.84000
73.99000
75.83000
56.88000
51.08000
22.09000
13.32000
25.74000
19.44000
38.88000
66.01000
95.98000
39.77000
47.42000
64.13000
5.01000
53.67000
94.49000
60.66000
10.00000
27.51000
53.63000
34.33000
95.87000
51.38000
21.14000
87.62000
74.29000
42.15000
19.07000
50.76000
78.67000
40.42000
94.19000
75.74000
69.18000
12.54000
21.07000
42.28000
75.77000
75.24000
29.46000
72.58000
83.62000
46.87000
41.08000
55.38000
27.95000
8.45000
48.16000
15.95000
32.91000
40.81000
88.22000
47.49000
49.38000
51.51000
25.51000
69.94000
53.00000
71.89000
46.05000
28.02000
44.15000
59.02000
63.59000
89.15000
47.97000
93.72000
16.66000
49.56000
15.35000
83.57000
66.51000
27.18000
20.92000
59.89000
3.16000
65.71000
65.08000
78.75000
37.36000
35.61000
73.95000
22.98000
8.63000
30.07000
97.43000
97.16000
06.92000
08.21000
06.56000
09.33000
09.51000
08.04000
07.26000
05.72000
09.19000
07.91000
05.09000
06.75000
07.63000
08.54000
09.85000
06.24000
07.72000
06.92000
07.57000
09.31000
08.64000
06.26000
05.54000
07.29000
05.79000
06.04000
07.29000
07.79000
05.83000
06.97000
07.60000
09.65000
06.67000
06.04000
07.51000
07.98000
07.48000
06.46000
09.31000
09.12000
08.66000
07.71000
06.54000
05.66000
06.87000
05.51000
08.96000
06.45000
05.02000
06.83000
08.35000
06.30000
08.42000
06.56000
08.39000
07.84000
06.71000
07.57000
07.88000
05.42000
09.89000
05.84000
06.76000
05.53000
06.02000
05.99000
06.22000
05.94000
09.42000
08.90000
08.70000
05.64000
05.66000
06.70000
07.90000
09.89000
06.55000
07.78000
08.74000
05.20000
05.15000
06.75000
07.44000
09.31000
05.79000
09.51000
06.42000
06.24000
09.04000
08.17000
09.38000
06.23000
06.70000
06.12000
06.26000
05.79000
06.85000
07.98000
08.25000
07.67000
08.47000
06.86000
08.75000
06.33000
09.42000
08.95000
06.73000
06.46000
06.02000
05.98000
09.32000
07.51000
07.75000
06.47000
09.11000
06.14000
05.32000
05.21000
09.95000
05.26000
05.71000
08.25000
06.95000
09.03000
07.14000
07.86000
06.43000
07.86000
09.09000
07.57000
06.02000
08.41000
07.27000
07.18000
09.54000
08.59000
08.66000
07.72000
07.11000
07.56000
06.49000
06.48000
05.06000
05.73000
05.22000
06.98000
06.00000
09.77000
05.58000
09.02000
07.86000
09.56000
06.50000
09.15000
06.43000
07.29000
08.66000
09.56000
06.48000
05.05000
07.91000
08.87000
08.26000
09.64000
07.61000
07.01000
08.29000
09.14000
07.40000
05.20000
09.31000
07.87000
08.16000
05.85000
05.34000
06.38000
07.01000
07.68000
06.61000
06.50000
07.34000
05.61000
09.64000
06.29000
08.76000
05.83000
07.19000
05.06000
07.17000
05.80000
08.24000
08.40000
09.69000
09.21000
08.07000
08.10000
09.70000
05.98000
08.17000
07.24000
09.16000
05.19000
07.47000
05.93000
06.34000
05.02000
09.86000
07.65000
07.50000
05.68000
06.60000
05.09000
09.91000
08.52000
08.08000
07.73000
07.12000
06.14000
05.97000
06.30000
08.92000
07.40000
08.17000
07.77000
06.33000
07.38000
08.86000
05.35000
06.64000
07.44000
08.43000
08.53000
08.39000
05.17000
08.55000
08.02000
06.36000
09.42000
07.13000
05.81000
06.59000
05.29000
08.33000
05.10000
06.36000
09.12000
07.56000
05.37000
09.21000
08.51000
09.38000
05.34000
09.42000
06.78000
09.77000
05.94000
07.09000
09.71000
06.58000
09.70000
09.43000
09.83000
05.36000
08.74000
05.11000
07.38000
07.93000
06.45000
09.09000
08.89000
07.37000
07.44000
07.56000
07.09000
07.98000
07.60000
07.95000
05.99000
05.33000
09.06000
08.96000
05.85000
06.24000
05.20000
05.54000
08.17000
08.77000
05.64000
08.86000
05.71000
07.25000
06.27000
06.38000
07.46000
07.23000
09.21000
06.79000
08.68000
05.54000
07.84000
05.37000
09.31000
08.64000
05.19000
06.04000
09.54000
07.60000
09.17000
05.02000
08.77000
09.14000
08.45000
07.42000
06.17000
06.48000
05.32000
09.58000
07.15000
09.11000
08.31000
09.10000
08.36000
07.74000
07.22000
09.83000
07.71000
09.34000
08.07000
06.87000
09.38000
07.14000
08.15000
06.55000
08.76000
05.62000
05.99000
06.49000
07.51000
05.48000
06.38000
05.53000
08.55000
08.71000
05.36000
08.76000
06.04000
08.53000
05.22000
07.53000
05.39000
08.37000
06.69000
08.55000
06.01000
08.45000
06.72000
08.52000
05.09000
09.01000
08.42000
07.39000
07.53000
05.92000
09.24000
09.14000
08.90000
06.32000
07.86000
09.03000
06.01000
08.58000
09.24000
08.57000
06.94000
07.34000
09.55000
05.52000
06.00000
08.47000
06.24000
08.86000
08.75000
09.10000
08.01000
08.87000
07.02000
07.61000
09.79000
07.04000
08.86000
08.63000
07.78000
06.13000
08.60000
08.04000
09.41000
05.14000
06.80000
07.97000
08.38000
09.50000
09.88000
07.51000
06.49000
06.88000
06.95000
06.75000
07.80000
09.18000
09.72000
06.59000
05.01000
09.31000
05.15000
08.06000
08.21000
06.44000
06.46000
08.44000
08.76000
05.97000
08.13000
06.28000
09.24000
09.56000
05.88000
06.36000
08.50000
05.13000
06.68000
09.71000
06.65000
06.83000
08.76000
08.62000
05.03000
05.08000
06.59000
06.62000
06.24000
06.53000
05.89000
08.50000
09.12000
09.10000
08.64000
05.30000
08.78000
06.94000
08.05000
09.67000
07.67000
09.11000
06.47000
05.90000
07.60000
07.43000
09.86000
07.08000
09.36000
06.75000
06.94000
09.38000
05.71000
06.39000
08.57000
05.25000
05.66000
06.91000
06.89000
08.38000
09.45000
05.13000
05.28000
08.71000
08.59000
09.12000
08.36000
07.43000
05.84000
08.19000
07.02000
06.98000
05.20000
07.91000
08.39000
06.07000
06.91000
05.09000
05.84000
09.62000
07.50000
07.80000
09.00000
08.82000
09.70000
05.36000
08.75000
06.13000
07.53000
