50
4
70.77000
41.80000
13.15000
38.81000
62.95000
68.40000
27.19000
48.99000
34.66000
22.72000
40.87000
56.49000
26.11000
43.96000
94.41000
2.53000
77.54000
73.34000
30.02000
26.32000
31.14000
52.09000
85.93000
69.08000
26.15000
20.43000
5.35000
72.04000
3.78000
18.56000
26.50000
75.40000
4.26000
86.71000
90.60000
20.40000
67.79000
67.11000
39.86000
46.24000
36.60000
98.96000
13.52000
94.15000
49.90000
24.48000
51.78000
6.35000
48.93000
81.91000
93.68000
32.62000
64.12000
80.15000
73.20000
86.84000
67.15000
11.30000
16.98000
34.92000
17.42000
66.81000
88.98000
40.85000
78.89000
14.64000
57.17000
70.58000
19.54000
18.77000
85.51000
90.08000
3.33000
45.15000
40.99000
65.34000
95.23000
59.76000
87.56000
61.30000
63.22000
28.57000
92.20000
43.95000
71.25000
16.55000
20.87000
78.25000
85.30000
88.67000
37.54000
31.17000
71.34000
12.88000
9.19000
66.68000
94.33000
52.17000
99.77000
51.74000
79.18000
39.47000
56.26000
48.21000
46.88000
48.26000
62.26000
63.21000
39.36000
42.39000
38.89000
58.89000
47.33000
12.56000
75.88000
25.98000
61.51000
48.50000
64.93000
54.20000
72.62000
41.92000
95.78000
35.26000
71.38000
82.55000
60.13000
58.88000
48.50000
62.10000
47.71000
16.79000
93.72000
70.29000
49.24000
97.70000
98.74000
97.84000
55.43000
94.32000
54.28000
36.47000
57.00000
96.39000
50.07000
74.90000
44.68000
94.61000
76.81000
5.85000
90.98000
64.67000
92.17000
35.29000
79.11000
88.53000
53.73000
40.70000
42.71000
29.85000
97.49000
20.80000
96.25000
3.10000
40.92000
90.06000
57.19000
23.74000
97.49000
65.96000
40.00000
8.26000
84.66000
62.95000
60.16000
71.10000
17.92000
96.52000
34.13000
29.76000
11.72000
83.12000
76.37000
97.68000
81.53000
38.23000
4.37000
92.34000
44.83000
76.32000
31.59000
29.22000
16.08000
14.85000
74.49000
22.77000
10.75000
67.29000
49.54000
88.47000
04.57000
02.40000
02.26000
03.60000
03.18000
01.09000
02.72000
04.78000
01.27000
01.54000
04.23000
03.28000
01.97000
02.88000
01.90000
02.24000
04.40000
04.23000
02.87000
04.77000
03.69000
04.72000
02.26000
02.00000
02.96000
03.48000
03.19000
01.05000
01.33000
03.62000
04.79000
01.06000
01.94000
04.27000
02.18000
01.14000
03.91000
04.56000
02.50000
04.42000
02.35000
03.61000
04.85000
02.03000
04.40000
04.55000
04.38000
01.08000
01.18000
02.51000
02.69000
02.99000
02.64000
04.72000
04.15000
01.65000
01.75000
02.79000
02.94000
02.17000
04.25000
02.79000
03.19000
04.68000
02.28000
04.84000
01.03000
01.30000
03.95000
01.07000
04.57000
04.16000
01.39000
03.60000
01.94000
01.39000
02.73000
04.55000
01.27000
01.10000
04.08000
04.06000
02.69000
03.43000
01.59000
02.24000
02.31000
04.50000
03.36000
03.23000
04.26000
04.44000
01.53000
03.14000
04.68000
03.36000
04.22000
02.10000
03.67000
01.40000
01.58000
02.49000
03.62000
04.83000
04.28000
04.47000
02.19000
02.55000
04.98000
01.22000
01.31000
03.61000
04.80000
01.87000
02.11000
01.14000
04.87000
03.55000
01.73000
04.26000
02.32000
03.39000
01.28000
02.09000
02.26000
02.51000
01.89000
03.77000
01.82000
02.02000
04.68000
02.41000
02.13000
03.07000
02.79000
03.14000
04.31000
02.77000
01.33000
03.09000
01.49000
02.25000
01.42000
03.38000
02.78000
02.63000
04.21000
01.13000
01.33000
01.04000
03.28000
03.40000
04.56000
01.51000
01.82000
03.86000
02.82000
04.70000
04.33000
03.32000
04.12000
03.97000
04.94000
03.91000
02.57000
01.42000
01.78000
03.76000
04.32000
03.20000
04.96000
04.99000
03.47000
03.41000
04.62000
01.73000
02.17000
04.20000
02.88000
04.09000
02.52000
03.67000
01.86000
02.21000
02.66000
03.96000
03.69000
02.21000
04.71000
03.20000
02.49000
02.21000
02.80000
03.50000
04.39000
04.34000
03.04000
03.00000
03.52000
02.73000
