50
7
94.99000
3.05000
64.16000
78.26000
83.81000
26.70000
54.51000
46.98000
87.33000
40.00000
87.68000
46.80000
56.99000
17.97000
23.05000
4.01000
94.23000
73.29000
43.29000
56.82000
5.08000
10.80000
10.88000
10.84000
42.59000
70.03000
12.59000
81.64000
65.38000
83.68000
12.98000
53.17000
82.08000
22.11000
2.92000
20.32000
3.91000
42.87000
49.07000
42.41000
90.11000
45.17000
46.38000
93.68000
7.47000
16.38000
64.62000
13.78000
67.83000
81.57000
78.07000
39.22000
34.51000
74.84000
3.61000
81.01000
68.24000
50.74000
27.51000
69.94000
7.80000
99.33000
9.51000
78.07000
72.60000
52.14000
70.82000
30.52000
25.75000
64.02000
49.55000
51.97000
15.49000
68.59000
45.21000
21.13000
30.75000
25.77000
72.28000
16.26000
49.64000
70.29000
10.62000
67.67000
88.93000
66.17000
51.03000
9.22000
55.57000
52.23000
51.73000
22.80000
93.18000
93.58000
82.86000
93.88000
37.53000
34.13000
79.99000
60.95000
63.37000
29.56000
93.62000
24.12000
25.06000
54.46000
96.16000
45.29000
70.61000
64.50000
83.44000
43.17000
26.91000
15.35000
50.18000
85.57000
93.66000
25.10000
42.18000
80.99000
1.85000
27.78000
7.74000
26.08000
53.25000
20.81000
45.25000
55.19000
80.96000
15.55000
56.62000
93.83000
92.85000
86.80000
93.81000
7.17000
24.10000
26.25000
12.35000
45.56000
83.68000
85.03000
15.78000
3.04000
11.86000
33.18000
12.22000
58.79000
20.71000
1.18000
30.97000
44.63000
44.48000
31.19000
26.39000
77.62000
31.65000
87.87000
99.02000
66.56000
45.43000
74.08000
76.91000
8.50000
38.41000
6.21000
74.28000
75.30000
26.57000
50.70000
46.03000
69.09000
39.85000
78.52000
35.23000
65.82000
72.59000
11.71000
24.63000
68.72000
34.05000
70.83000
85.13000
57.84000
94.93000
32.52000
29.33000
39.51000
43.82000
70.94000
54.99000
95.84000
29.78000
15.30000
2.53000
38.28000
17.74000
92.36000
97.55000
51.05000
93.87000
58.94000
64.61000
59.79000
45.68000
21.62000
24.08000
57.76000
39.51000
98.33000
15.77000
80.51000
12.86000
64.54000
8.90000
77.51000
3.77000
80.88000
48.48000
61.69000
2.33000
49.65000
7.80000
59.86000
99.18000
60.34000
33.96000
63.28000
40.00000
43.08000
3.37000
77.11000
67.03000
16.21000
66.20000
70.96000
77.53000
36.71000
2.95000
28.34000
69.35000
51.76000
65.91000
95.19000
91.34000
47.17000
38.66000
35.36000
94.92000
96.98000
39.43000
36.48000
2.33000
51.01000
37.21000
58.57000
14.82000
76.74000
82.14000
58.20000
35.86000
19.17000
7.69000
93.52000
85.33000
17.67000
57.27000
26.23000
73.27000
89.39000
42.67000
66.07000
47.38000
79.79000
86.64000
28.33000
44.55000
9.13000
78.33000
76.37000
41.34000
22.95000
19.83000
78.06000
3.47000
45.61000
75.62000
51.35000
34.34000
27.75000
28.14000
15.70000
28.52000
94.82000
20.22000
41.65000
18.25000
2.54000
10.64000
3.27000
52.95000
7.31000
71.67000
2.28000
55.25000
62.20000
16.13000
35.77000
76.67000
78.87000
77.82000
28.03000
4.46000
85.71000
39.56000
45.32000
49.11000
26.01000
81.71000
44.11000
1.96000
5.49000
39.66000
19.50000
76.62000
44.79000
47.36000
54.78000
67.49000
29.98000
91.82000
73.92000
92.28000
59.03000
62.57000
89.05000
47.51000
95.37000
98.21000
51.98000
53.96000
17.30000
41.87000
2.67000
11.24000
63.60000
84.73000
19.79000
43.24000
90.92000
03.29000
01.70000
01.95000
04.74000
02.13000
03.66000
02.64000
03.13000
04.76000
03.93000
02.70000
01.82000
03.05000
03.54000
01.18000
03.73000
02.72000
02.84000
01.94000
02.11000
01.26000
03.48000
03.64000
02.53000
02.02000
02.43000
01.77000
04.87000
04.12000
01.97000
02.62000
01.29000
04.52000
03.69000
01.29000
02.31000
03.99000
02.49000
03.72000
02.73000
01.09000
04.60000
04.63000
03.68000
02.23000
01.53000
01.57000
02.59000
03.59000
04.13000
04.50000
01.66000
02.10000
04.71000
02.93000
03.96000
01.70000
03.02000
03.51000
02.23000
01.79000
01.09000
01.23000
01.74000
01.75000
01.33000
03.40000
01.55000
04.31000
02.98000
03.64000
04.57000
01.50000
04.07000
03.89000
03.48000
04.65000
03.47000
04.39000
02.81000
02.43000
02.85000
01.72000
04.89000
02.80000
04.68000
02.73000
03.84000
03.04000
02.27000
02.62000
03.62000
03.73000
01.71000
02.89000
03.99000
02.80000
03.94000
01.33000
02.54000
03.69000
02.90000
04.93000
03.82000
01.04000
02.16000
01.86000
03.82000
02.79000
01.30000
02.21000
03.71000
03.92000
03.67000
04.60000
01.26000
02.23000
04.96000
01.50000
01.57000
04.32000
03.17000
01.17000
03.04000
03.61000
04.62000
01.67000
03.40000
02.33000
01.92000
04.91000
01.66000
01.54000
04.00000
02.58000
04.17000
03.08000
02.13000
02.19000
02.58000
03.63000
03.86000
01.08000
03.87000
04.67000
03.05000
04.38000
04.30000
02.49000
01.91000
01.31000
02.64000
01.86000
04.61000
04.25000
03.22000
02.57000
04.86000
04.89000
03.71000
02.13000
03.21000
02.07000
02.45000
04.27000
03.67000
03.96000
04.63000
01.05000
04.08000
02.02000
04.22000
02.85000
02.08000
01.02000
02.01000
04.36000
01.10000
01.06000
03.62000
02.57000
04.43000
03.54000
01.46000
02.79000
01.12000
01.19000
04.76000
04.64000
04.08000
04.02000
01.58000
04.07000
04.00000
01.39000
04.77000
03.32000
03.40000
03.94000
01.99000
01.95000
04.00000
03.14000
01.02000
01.22000
01.78000
04.51000
01.30000
02.96000
04.80000
04.54000
04.65000
04.74000
02.28000
04.96000
03.17000
03.96000
04.74000
02.31000
01.31000
03.81000
02.03000
01.95000
01.82000
03.31000
01.31000
04.05000
03.76000
03.29000
01.03000
01.59000
04.49000
04.38000
04.98000
02.37000
01.71000
01.03000
04.25000
02.99000
03.42000
03.51000
03.24000
02.88000
01.91000
03.90000
01.68000
02.27000
03.83000
02.08000
04.59000
03.91000
03.64000
01.20000
01.96000
01.03000
04.27000
03.81000
03.18000
04.49000
03.18000
04.46000
01.05000
04.49000
03.33000
02.72000
04.69000
01.52000
03.47000
03.50000
02.02000
04.39000
04.20000
03.02000
01.77000
04.22000
01.89000
02.80000
03.48000
04.45000
02.74000
03.70000
03.52000
02.83000
04.78000
03.86000
01.04000
01.42000
03.82000
04.74000
04.04000
04.59000
03.50000
01.14000
03.31000
01.02000
01.28000
03.14000
02.45000
01.72000
02.43000
01.51000
04.45000
04.37000
03.78000
04.88000
03.52000
04.28000
02.73000
02.49000
03.28000
01.54000
01.74000
02.01000
02.30000
04.48000
02.77000
03.93000
01.45000
01.24000
01.11000
03.55000
01.91000
01.76000
03.35000
04.96000
03.19000
03.82000
01.39000
03.08000
01.08000
02.98000
02.45000
01.66000
01.72000
02.64000
03.06000
03.24000
03.54000
04.00000
03.06000
03.16000
03.29000
04.07000
03.61000
03.61000
02.03000
01.68000
01.16000
03.57000
03.13000
