50
4
97.92000
23.39000
63.44000
92.65000
73.74000
8.10000
84.33000
34.65000
75.49000
65.94000
52.25000
20.37000
44.40000
39.10000
7.44000
90.04000
20.67000
66.82000
89.12000
85.86000
44.54000
90.31000
40.49000
48.07000
57.22000
50.79000
99.78000
16.87000
98.93000
87.47000
10.20000
32.49000
11.88000
42.58000
9.99000
36.15000
34.30000
55.34000
40.35000
68.06000
8.40000
66.96000
42.50000
69.44000
73.41000
18.66000
56.66000
80.52000
71.54000
49.67000
70.06000
81.53000
26.04000
61.61000
50.82000
6.27000
41.13000
22.62000
17.48000
44.53000
25.12000
30.63000
35.03000
63.29000
42.96000
51.63000
69.42000
28.51000
60.64000
51.57000
86.62000
5.17000
44.11000
95.43000
52.61000
58.22000
58.36000
50.17000
32.35000
54.65000
69.34000
79.77000
90.82000
59.41000
43.03000
51.19000
94.97000
38.48000
44.39000
29.40000
10.78000
56.83000
39.40000
79.38000
2.22000
80.42000
93.01000
68.08000
35.26000
75.23000
28.66000
35.32000
48.80000
6.30000
56.96000
17.31000
14.85000
42.45000
7.93000
80.54000
47.43000
56.19000
70.31000
17.72000
38.28000
38.24000
36.80000
17.57000
77.10000
78.32000
96.13000
70.82000
55.61000
68.16000
41.01000
69.17000
63.54000
97.46000
60.17000
3.36000
91.61000
57.95000
45.32000
62.09000
31.53000
39.35000
86.19000
38.08000
72.02000
32.38000
74.48000
21.07000
5.79000
27.75000
99.92000
1.75000
21.58000
16.18000
54.23000
69.86000
5.62000
87.31000
72.59000
89.30000
93.59000
18.43000
21.07000
37.54000
30.20000
37.17000
23.91000
31.64000
28.89000
59.99000
96.57000
87.05000
6.15000
3.37000
56.54000
21.25000
76.43000
80.77000
18.26000
47.71000
57.22000
10.66000
96.22000
82.90000
62.97000
6.50000
8.88000
43.28000
10.16000
83.78000
68.72000
43.32000
13.25000
59.95000
93.19000
98.49000
87.72000
49.49000
97.77000
26.27000
51.02000
67.87000
97.92000
40.11000
17.65000
31.55000
01.08000
03.19000
01.47000
01.12000
04.68000
01.95000
04.10000
01.57000
02.13000
04.86000
02.15000
01.71000
04.56000
03.02000
02.75000
04.68000
03.10000
03.58000
01.01000
01.60000
04.87000
01.65000
04.07000
03.60000
05.00000
04.35000
03.05000
01.79000
02.61000
02.82000
01.07000
03.31000
04.82000
04.17000
01.26000
03.29000
02.77000
03.54000
02.74000
04.83000
03.57000
04.05000
04.65000
03.08000
02.36000
04.81000
02.09000
01.15000
02.25000
04.97000
03.80000
04.06000
03.00000
03.46000
04.11000
01.41000
03.64000
04.91000
03.12000
02.00000
01.06000
01.67000
04.97000
01.95000
03.38000
01.85000
01.78000
01.39000
02.71000
01.58000
01.67000
04.45000
03.19000
04.99000
04.77000
03.24000
04.94000
04.21000
03.20000
01.90000
04.08000
03.35000
01.09000
04.55000
04.75000
02.54000
02.57000
03.32000
03.06000
01.90000
03.75000
02.32000
03.14000
01.57000
04.76000
01.68000
01.12000
01.67000
01.74000
01.54000
03.88000
01.93000
02.21000
02.34000
02.24000
02.15000
04.61000
04.50000
02.97000
01.52000
03.95000
02.37000
03.20000
01.18000
01.35000
01.08000
04.05000
02.23000
01.93000
01.76000
02.65000
01.82000
02.83000
01.54000
04.12000
01.06000
01.15000
01.52000
01.58000
01.07000
02.04000
02.85000
04.17000
02.99000
02.61000
02.64000
01.01000
03.94000
04.00000
02.03000
01.22000
01.04000
03.31000
02.13000
01.92000
03.42000
01.69000
04.07000
04.25000
04.21000
03.24000
03.02000
02.05000
02.83000
04.68000
01.72000
04.89000
03.95000
01.46000
02.80000
02.15000
04.52000
03.72000
04.38000
03.94000
02.66000
01.58000
04.60000
04.40000
04.48000
01.16000
01.57000
01.64000
04.13000
04.59000
01.42000
01.79000
03.71000
02.00000
02.27000
02.98000
01.37000
03.50000
02.26000
03.33000
03.21000
03.23000
03.50000
04.96000
03.38000
03.30000
04.12000
02.01000
03.98000
01.85000
02.24000
04.59000
03.16000
01.00000
04.00000
