50
7
181.54000
166.21000
153.10000
171.99000
185.59000
144.16000
159.27000
193.65000
188.83000
177.62000
153.17000
191.60000
149.99000
186.67000
175.57000
111.69000
129.38000
180.44000
143.82000
163.84000
138.86000
107.13000
101.80000
172.03000
191.87000
103.98000
169.97000
124.28000
153.38000
147.31000
195.36000
122.70000
189.95000
102.51000
101.55000
133.45000
119.70000
174.03000
138.69000
136.76000
162.30000
155.36000
133.48000
176.91000
189.01000
179.07000
139.20000
112.25000
172.61000
166.80000
136.43000
123.92000
143.31000
142.34000
127.51000
155.80000
198.72000
150.41000
176.87000
127.98000
159.35000
135.76000
113.17000
121.08000
192.16000
111.05000
179.14000
117.26000
153.14000
165.47000
181.55000
150.27000
137.36000
114.80000
141.27000
155.42000
128.96000
151.38000
143.21000
119.56000
151.12000
194.11000
186.33000
131.13000
116.11000
138.43000
133.67000
130.12000
175.24000
106.37000
162.34000
158.07000
168.90000
196.52000
113.50000
108.11000
176.52000
134.02000
142.37000
174.91000
103.01000
169.61000
130.52000
132.62000
114.06000
129.91000
128.32000
123.89000
140.24000
118.50000
113.77000
126.35000
139.51000
160.93000
189.38000
153.80000
196.38000
196.78000
159.20000
109.14000
171.94000
129.74000
178.83000
134.30000
153.84000
177.52000
105.45000
160.29000
106.29000
121.90000
147.82000
157.19000
120.05000
158.75000
116.22000
184.11000
162.47000
147.96000
172.53000
139.26000
127.43000
163.51000
180.17000
109.89000
185.40000
143.45000
154.13000
122.32000
133.40000
139.87000
105.46000
167.51000
143.24000
109.53000
126.73000
170.21000
115.52000
198.83000
199.76000
118.21000
142.36000
129.40000
146.18000
141.35000
146.18000
125.62000
126.68000
196.03000
163.46000
113.39000
191.02000
115.19000
194.73000
170.23000
128.02000
158.36000
154.59000
175.17000
115.56000
161.64000
121.70000
158.84000
170.58000
187.65000
188.79000
153.41000
199.09000
175.62000
112.64000
142.63000
146.16000
191.31000
164.11000
111.79000
145.91000
177.06000
178.10000
197.76000
171.54000
101.77000
106.74000
178.35000
158.43000
131.12000
194.17000
143.20000
137.74000
145.66000
188.05000
131.39000
198.78000
197.28000
183.08000
111.42000
143.25000
105.28000
125.48000
190.87000
199.44000
103.00000
163.06000
166.37000
172.16000
187.85000
195.18000
173.61000
192.82000
171.31000
122.78000
137.34000
169.39000
128.93000
198.34000
121.39000
136.37000
150.28000
175.91000
178.63000
104.85000
189.05000
161.12000
101.01000
112.48000
112.95000
161.14000
169.53000
173.47000
153.77000
134.70000
104.27000
181.29000
194.26000
151.55000
140.23000
132.10000
142.63000
124.62000
168.61000
106.67000
141.69000
148.87000
121.39000
157.09000
107.99000
139.66000
172.16000
199.53000
109.67000
151.46000
121.07000
164.22000
116.39000
127.76000
144.81000
145.43000
149.39000
151.13000
146.68000
151.52000
131.47000
193.21000
106.49000
154.91000
137.01000
164.68000
130.64000
142.06000
141.93000
165.30000
102.10000
163.51000
173.71000
133.89000
130.38000
183.87000
161.42000
198.33000
101.57000
131.79000
185.67000
169.38000
152.03000
146.98000
105.13000
102.36000
170.00000
138.11000
138.57000
139.77000
109.87000
130.43000
107.27000
150.51000
120.62000
162.36000
173.48000
180.03000
115.28000
123.90000
138.52000
100.37000
120.95000
106.59000
192.77000
160.10000
128.80000
153.55000
165.67000
134.37000
144.04000
109.46000
175.74000
174.89000
135.97000
170.56000
180.53000
159.93000
187.94000
134.66000
126.68000
144.32000
147.36000
151.11000
199.88000
109.47000
175.69000
170.84000
174.90000
113.33000
198.49000
04.03000
04.29000
01.53000
01.65000
02.85000
03.07000
01.12000
03.97000
01.33000
02.24000
04.75000
03.19000
02.42000
01.41000
01.52000
03.81000
04.88000
01.48000
03.35000
02.65000
01.29000
02.66000
02.98000
02.83000
04.05000
02.48000
03.95000
03.79000
03.35000
01.78000
02.61000
03.26000
01.20000
02.73000
02.14000
03.32000
01.43000
02.78000
02.51000
04.34000
03.68000
04.71000
02.54000
03.00000
01.41000
02.62000
01.81000
02.29000
03.86000
03.91000
01.71000
03.94000
01.62000
02.25000
04.51000
01.29000
01.97000
01.49000
04.37000
01.37000
04.77000
02.02000
03.87000
04.50000
03.96000
04.32000
03.86000
02.82000
02.84000
03.68000
01.55000
02.29000
03.99000
04.22000
04.42000
04.66000
03.31000
04.85000
04.29000
01.52000
04.03000
01.31000
03.27000
04.24000
02.68000
04.14000
03.82000
02.04000
03.09000
04.69000
02.66000
03.93000
02.42000
01.15000
04.87000
04.73000
01.13000
04.48000
01.82000
03.08000
01.12000
02.63000
02.38000
01.73000
03.31000
01.99000
01.70000
04.66000
04.26000
02.02000
02.06000
01.31000
02.99000
01.66000
01.17000
04.02000
03.38000
02.14000
04.53000
02.45000
04.08000
01.03000
03.48000
01.56000
04.59000
02.21000
01.15000
03.63000
03.19000
01.86000
02.49000
02.26000
03.00000
02.48000
04.27000
04.35000
01.93000
02.87000
01.07000
04.11000
02.72000
04.17000
03.27000
01.08000
02.91000
03.80000
03.07000
02.10000
04.86000
01.52000
04.38000
01.43000
02.94000
02.39000
01.52000
04.50000
01.74000
04.60000
01.51000
02.70000
02.05000
01.42000
03.76000
02.45000
03.19000
03.93000
02.98000
02.97000
02.78000
03.01000
03.20000
02.32000
02.76000
03.37000
03.77000
03.34000
03.36000
01.52000
01.33000
03.72000
01.16000
03.78000
03.86000
01.93000
03.02000
04.30000
04.64000
03.28000
04.13000
03.02000
04.24000
01.85000
01.99000
03.71000
04.59000
02.58000
02.41000
03.95000
02.90000
03.20000
01.22000
04.09000
04.82000
01.78000
03.97000
02.88000
02.57000
04.39000
03.51000
03.93000
03.08000
02.61000
02.47000
01.01000
04.14000
04.12000
01.31000
03.24000
04.36000
02.93000
04.29000
05.00000
01.16000
01.35000
01.49000
04.01000
04.76000
04.00000
02.79000
03.30000
04.22000
03.81000
03.90000
01.22000
01.39000
04.03000
04.33000
01.42000
04.94000
04.23000
01.41000
02.87000
04.36000
02.27000
04.28000
01.84000
03.94000
04.35000
03.88000
01.93000
02.25000
02.83000
04.01000
03.56000
03.31000
04.15000
04.69000
03.30000
03.59000
04.94000
04.29000
04.67000
02.82000
01.22000
02.96000
04.85000
01.08000
02.82000
04.17000
01.82000
04.73000
03.38000
04.71000
04.36000
04.46000
02.35000
04.66000
02.10000
01.27000
02.99000
01.43000
03.44000
04.46000
02.38000
03.74000
01.63000
01.66000
01.40000
01.60000
04.70000
04.81000
02.76000
04.38000
01.51000
04.16000
04.98000
02.71000
03.74000
02.26000
04.37000
02.40000
02.78000
02.87000
02.54000
02.90000
04.66000
04.93000
02.85000
01.43000
01.97000
04.40000
03.98000
03.73000
02.85000
02.68000
04.48000
02.33000
03.71000
02.98000
02.18000
02.60000
03.32000
04.29000
04.24000
04.70000
04.73000
03.46000
01.12000
01.63000
01.31000
01.12000
04.61000
01.16000
02.75000
03.71000
01.79000
03.91000
01.05000
01.51000
01.07000
01.31000
04.52000
02.59000
02.17000
01.57000
03.78000
02.84000
02.11000
03.76000
01.77000
