50
10
180.36000
198.76000
141.48000
199.72000
117.14000
116.40000
150.75000
180.52000
174.77000
137.81000
160.75000
198.10000
169.28000
185.25000
100.02000
187.21000
141.68000
105.99000
122.05000
107.64000
157.97000
172.29000
105.36000
144.13000
109.19000
181.41000
153.48000
106.46000
111.34000
155.63000
194.92000
129.39000
105.44000
142.21000
183.18000
172.68000
157.50000
113.42000
196.80000
121.11000
158.55000
166.52000
139.28000
184.44000
124.59000
123.77000
139.13000
197.44000
196.64000
132.45000
165.46000
130.97000
181.65000
100.97000
144.33000
178.22000
144.18000
147.93000
173.41000
121.86000
175.85000
188.35000
196.83000
162.29000
133.30000
135.13000
183.74000
124.89000
198.19000
126.15000
128.26000
160.05000
177.14000
124.31000
149.56000
143.18000
101.80000
117.49000
191.75000
174.64000
128.82000
118.59000
123.99000
179.85000
139.82000
165.49000
140.42000
109.18000
141.45000
121.10000
160.17000
138.02000
165.36000
173.29000
127.39000
166.78000
168.18000
134.96000
111.22000
120.84000
171.33000
159.60000
112.11000
142.43000
111.89000
181.15000
186.73000
142.61000
166.76000
132.72000
146.17000
146.46000
133.21000
117.85000
100.20000
170.00000
133.51000
165.05000
183.58000
154.23000
114.91000
127.83000
156.07000
165.18000
149.69000
184.71000
102.45000
193.86000
135.11000
139.20000
132.48000
156.29000
193.44000
119.81000
180.93000
193.48000
171.94000
180.08000
107.55000
171.45000
142.88000
198.50000
197.12000
181.21000
103.52000
178.60000
159.40000
138.78000
176.13000
148.90000
133.85000
116.46000
156.06000
137.36000
174.87000
176.95000
134.87000
136.86000
107.20000
170.26000
139.57000
131.88000
106.24000
128.03000
158.05000
166.56000
172.38000
106.90000
103.19000
110.03000
131.00000
188.51000
112.89000
156.44000
132.50000
179.50000
150.03000
124.92000
152.26000
111.51000
102.52000
159.62000
190.69000
141.18000
183.23000
129.68000
173.16000
150.16000
130.06000
129.23000
150.07000
145.08000
105.90000
177.43000
196.82000
157.58000
198.65000
118.40000
113.78000
144.31000
133.79000
170.50000
130.22000
137.94000
186.75000
114.33000
104.59000
114.17000
124.04000
116.03000
174.43000
112.53000
124.18000
160.36000
130.75000
130.27000
190.68000
157.09000
189.56000
189.67000
152.06000
140.98000
191.89000
138.00000
161.83000
171.80000
103.74000
147.51000
198.52000
134.32000
116.14000
115.47000
165.63000
138.30000
145.09000
164.16000
191.69000
118.50000
131.62000
140.83000
130.20000
134.70000
141.75000
117.75000
159.68000
171.66000
166.47000
192.18000
183.65000
139.14000
118.32000
187.66000
155.43000
109.17000
149.04000
176.85000
110.13000
121.21000
101.26000
149.34000
186.52000
194.88000
181.60000
168.03000
103.73000
105.56000
121.72000
120.81000
105.91000
153.66000
178.25000
120.56000
162.20000
164.55000
132.83000
105.19000
166.74000
188.63000
192.10000
137.57000
138.66000
101.29000
187.72000
105.61000
122.12000
102.92000
176.30000
122.19000
186.24000
118.92000
139.50000
125.20000
125.18000
199.66000
183.96000
177.53000
158.07000
120.55000
141.31000
167.07000
194.82000
169.19000
151.99000
193.72000
158.25000
124.39000
112.47000
135.86000
177.59000
191.86000
130.62000
195.15000
112.61000
137.60000
178.70000
150.10000
148.08000
152.63000
153.99000
104.22000
193.76000
152.97000
178.75000
186.04000
184.41000
179.64000
100.24000
149.06000
179.81000
198.65000
190.74000
171.81000
164.71000
101.01000
147.50000
157.79000
148.89000
102.74000
192.79000
135.53000
167.11000
144.87000
173.87000
158.54000
179.14000
193.39000
163.02000
105.33000
169.73000
139.33000
175.09000
196.61000
197.93000
195.99000
128.16000
166.27000
155.69000
179.37000
146.96000
108.79000
195.00000
179.56000
169.38000
118.31000
166.25000
103.19000
158.31000
113.96000
144.83000
181.91000
101.63000
139.90000
131.13000
172.35000
112.25000
165.25000
150.54000
156.16000
128.06000
184.17000
153.45000
139.97000
111.93000
115.79000
115.26000
155.43000
151.77000
104.25000
136.35000
159.17000
160.46000
118.69000
142.12000
132.85000
175.90000
153.26000
182.95000
183.09000
160.97000
127.09000
173.01000
136.46000
153.24000
138.40000
190.68000
119.07000
194.38000
125.78000
162.41000
119.90000
131.95000
126.88000
129.22000
186.22000
119.49000
101.48000
157.11000
190.29000
135.49000
134.34000
137.11000
129.37000
183.49000
135.21000
185.23000
125.74000
191.99000
138.88000
142.49000
126.65000
114.51000
105.10000
174.90000
104.37000
129.57000
118.65000
173.48000
156.18000
140.67000
189.28000
154.24000
104.32000
176.34000
151.76000
158.20000
196.08000
190.10000
165.86000
151.38000
103.71000
183.94000
182.93000
178.34000
168.10000
103.32000
127.42000
140.17000
186.72000
171.74000
198.39000
132.46000
191.39000
158.32000
121.22000
136.87000
119.98000
157.22000
146.30000
160.04000
135.40000
187.57000
149.03000
133.60000
125.53000
193.51000
129.79000
114.21000
103.26000
144.18000
113.97000
183.49000
106.49000
133.73000
151.97000
148.08000
198.11000
181.29000
119.17000
139.64000
166.00000
131.00000
115.97000
114.80000
123.05000
152.01000
167.76000
155.20000
107.16000
138.46000
124.92000
05.00000
02.29000
03.55000
02.10000
04.93000
01.58000
01.91000
02.94000
04.61000
02.67000
02.44000
01.61000
02.12000
02.89000
01.70000
01.95000
04.53000
04.56000
01.28000
04.79000
03.92000
03.02000
03.75000
03.94000
01.37000
02.58000
04.70000
02.25000
02.96000
04.58000
04.70000
03.53000
03.77000
03.35000
01.33000
04.62000
03.87000
02.22000
01.17000
03.35000
04.34000
01.51000
03.79000
02.53000
03.26000
02.55000
01.78000
02.01000
03.71000
03.67000
02.60000
04.25000
01.69000
03.16000
04.26000
03.27000
01.44000
04.34000
04.15000
02.97000
01.14000
02.56000
04.97000
03.31000
02.00000
04.26000
02.42000
01.24000
02.22000
04.91000
01.21000
02.71000
01.00000
04.94000
03.03000
02.68000
02.55000
01.83000
02.60000
01.10000
04.06000
02.01000
03.61000
02.91000
03.74000
04.95000
02.77000
02.09000
04.80000
03.09000
01.77000
01.57000
03.43000
01.90000
03.34000
01.31000
04.85000
03.81000
03.16000
02.26000
01.25000
02.23000
01.65000
02.13000
04.54000
01.87000
01.98000
03.45000
04.37000
04.15000
02.39000
02.59000
01.05000
04.66000
01.69000
01.61000
03.93000
03.97000
03.72000
03.60000
03.32000
03.66000
01.30000
04.63000
02.56000
02.31000
04.27000
01.79000
01.96000
03.49000
03.45000
01.14000
02.88000
03.79000
02.68000
01.78000
03.62000
04.78000
02.77000
03.77000
03.51000
01.04000
01.55000
04.20000
02.90000
04.15000
01.87000
01.14000
03.09000
02.69000
04.91000
01.21000
01.94000
03.18000
01.43000
01.96000
04.05000
03.36000
03.24000
03.01000
03.30000
04.34000
01.30000
04.59000
01.15000
04.81000
03.56000
03.88000
04.05000
04.47000
02.96000
03.09000
03.45000
04.03000
01.47000
01.42000
03.81000
01.19000
02.04000
03.08000
02.58000
02.66000
04.62000
01.28000
02.21000
04.13000
02.17000
02.20000
02.16000
02.31000
04.63000
01.07000
02.87000
02.91000
02.96000
02.07000
01.81000
04.62000
01.12000
02.42000
02.44000
03.94000
04.07000
04.08000
01.05000
02.71000
03.24000
04.09000
03.80000
04.80000
01.21000
03.70000
01.26000
04.01000
03.05000
03.23000
01.00000
03.19000
02.84000
04.02000
03.61000
02.16000
03.66000
04.38000
02.66000
01.74000
01.58000
03.65000
04.73000
03.78000
01.69000
02.15000
01.40000
03.08000
02.07000
01.22000
01.24000
03.50000
01.78000
03.18000
01.84000
01.84000
04.91000
03.36000
01.78000
03.94000
04.54000
02.09000
04.63000
04.62000
02.94000
01.78000
01.33000
01.33000
04.01000
03.40000
03.65000
02.32000
02.74000
03.26000
03.61000
04.18000
02.36000
01.84000
02.92000
01.84000
03.05000
04.57000
04.29000
03.26000
02.02000
01.92000
03.41000
01.39000
01.47000
01.33000
05.00000
02.19000
04.61000
03.26000
02.75000
04.61000
03.64000
01.16000
03.36000
04.61000
03.77000
01.49000
02.54000
03.13000
03.19000
03.69000
01.00000
02.13000
01.10000
04.23000
04.43000
04.57000
01.73000
04.55000
02.56000
04.12000
01.31000
04.32000
01.74000
04.35000
01.97000
01.24000
04.45000
01.35000
01.95000
02.35000
03.53000
03.21000
04.59000
02.23000
04.81000
03.00000
02.21000
04.45000
03.12000
02.81000
04.15000
01.61000
02.27000
01.71000
04.74000
03.27000
03.11000
03.77000
03.29000
04.01000
03.46000
02.09000
04.14000
03.42000
02.14000
02.73000
04.61000
02.06000
02.99000
04.77000
03.04000
01.52000
02.83000
04.29000
02.75000
04.38000
03.50000
02.38000
01.18000
02.96000
04.94000
03.32000
03.88000
04.23000
01.20000
03.07000
02.94000
01.01000
03.92000
01.05000
01.81000
02.00000
03.07000
04.47000
04.96000
04.90000
01.58000
01.53000
01.82000
04.41000
03.41000
01.43000
02.87000
04.25000
01.52000
02.37000
03.54000
01.11000
01.87000
03.57000
04.29000
04.69000
03.39000
01.22000
02.57000
01.71000
02.05000
04.52000
04.85000
03.85000
02.80000
03.69000
02.56000
03.83000
03.59000
01.91000
04.17000
03.35000
04.65000
02.35000
01.54000
04.66000
04.12000
03.09000
01.32000
01.96000
03.36000
03.90000
03.79000
03.86000
01.44000
03.11000
02.50000
03.20000
02.45000
04.03000
04.06000
01.79000
03.44000
03.00000
04.02000
02.47000
02.52000
01.34000
02.97000
01.07000
02.74000
01.39000
02.49000
02.40000
04.20000
02.48000
01.16000
04.31000
03.97000
04.92000
02.55000
01.62000
04.13000
02.05000
03.24000
02.16000
03.75000
04.20000
04.81000
02.75000
02.91000
02.70000
01.31000
03.25000
04.64000
03.97000
01.36000
01.85000
03.72000
03.80000
03.78000
01.53000
03.40000
01.56000
04.27000
03.23000
01.88000
04.69000
03.53000
04.91000
02.35000
01.66000
03.27000
01.53000
01.03000
01.91000
02.18000
01.03000
03.11000
03.90000
03.98000
04.37000
02.80000
03.08000
01.36000
01.50000
03.30000
03.90000
04.04000
03.37000
04.82000
03.82000
02.70000
01.95000
04.55000
01.29000
01.06000
02.18000
04.71000
03.76000
03.81000
02.01000
