50
4
192.41000
156.74000
152.89000
136.95000
104.09000
138.55000
163.61000
191.63000
174.01000
151.25000
102.88000
197.50000
142.78000
135.45000
111.31000
195.19000
151.03000
131.79000
129.53000
125.33000
139.38000
180.89000
198.16000
128.54000
148.45000
123.37000
157.84000
145.45000
118.88000
199.86000
149.18000
116.68000
191.29000
150.99000
112.81000
182.86000
106.30000
117.37000
189.35000
184.60000
104.54000
139.63000
119.44000
162.54000
126.63000
158.41000
143.69000
157.31000
113.19000
114.32000
112.23000
108.51000
181.74000
136.85000
130.32000
120.22000
116.16000
129.32000
122.46000
159.87000
157.43000
132.57000
154.28000
193.11000
171.19000
112.20000
191.39000
185.55000
123.06000
133.86000
199.42000
102.82000
178.67000
163.15000
144.00000
110.54000
103.63000
165.71000
190.76000
174.35000
163.59000
107.16000
105.31000
159.85000
124.15000
153.13000
153.29000
132.69000
150.94000
169.24000
100.31000
158.48000
109.60000
121.11000
112.01000
102.85000
165.74000
174.38000
154.00000
131.42000
137.22000
159.38000
189.64000
172.39000
116.08000
143.22000
140.38000
108.20000
111.37000
128.65000
102.87000
190.90000
113.71000
106.29000
167.72000
111.13000
113.73000
166.77000
125.57000
159.51000
102.06000
100.71000
167.03000
126.67000
169.32000
198.73000
182.74000
103.22000
106.13000
151.47000
163.32000
179.80000
103.13000
149.55000
199.39000
147.03000
150.93000
183.58000
181.57000
195.53000
140.16000
144.21000
100.51000
115.94000
161.44000
122.04000
146.80000
198.86000
105.41000
107.72000
131.66000
131.14000
144.20000
170.31000
185.50000
192.36000
170.02000
124.22000
137.22000
117.86000
151.54000
150.22000
102.43000
123.26000
104.36000
163.94000
196.77000
124.20000
144.12000
181.00000
135.87000
136.30000
186.45000
117.04000
135.33000
175.18000
146.97000
187.67000
110.80000
156.46000
141.30000
108.52000
177.90000
195.78000
185.06000
195.21000
152.25000
108.76000
193.90000
163.37000
149.47000
111.02000
183.42000
128.63000
185.19000
118.18000
169.25000
106.61000
175.04000
145.88000
05.58000
07.03000
08.79000
09.95000
08.72000
09.97000
07.70000
07.58000
09.37000
09.52000
08.58000
08.77000
06.45000
09.59000
05.33000
07.45000
08.85000
09.09000
06.87000
07.51000
05.49000
06.93000
07.09000
07.86000
05.27000
07.02000
09.91000
07.40000
07.10000
08.25000
09.22000
05.05000
09.88000
09.54000
08.95000
09.70000
07.53000
09.78000
07.98000
05.27000
08.93000
07.90000
05.24000
05.66000
08.01000
07.79000
09.62000
09.77000
08.67000
08.36000
08.99000
09.50000
09.17000
09.76000
05.30000
09.59000
08.66000
08.36000
06.77000
06.73000
08.38000
06.60000
08.53000
06.09000
08.48000
09.62000
05.74000
07.82000
09.10000
07.59000
08.57000
07.08000
05.42000
05.67000
07.17000
09.02000
07.58000
09.01000
06.69000
08.79000
05.75000
07.76000
07.29000
06.56000
05.07000
07.09000
09.12000
07.48000
05.71000
07.14000
07.35000
06.71000
07.82000
08.08000
07.13000
09.40000
06.56000
05.06000
08.62000
05.71000
08.93000
05.19000
06.56000
08.88000
08.40000
09.22000
05.87000
05.75000
06.65000
09.27000
09.67000
06.83000
05.10000
06.73000
09.37000
08.53000
05.15000
08.02000
06.36000
07.26000
08.20000
09.54000
07.07000
09.42000
05.66000
07.70000
07.89000
06.43000
08.93000
08.90000
05.22000
09.68000
09.43000
09.55000
05.49000
05.58000
08.56000
06.06000
05.08000
05.54000
07.73000
09.83000
05.42000
05.97000
08.33000
07.26000
07.90000
08.26000
06.79000
09.77000
09.24000
05.56000
06.80000
05.53000
07.85000
05.88000
05.24000
07.57000
08.04000
07.81000
06.58000
05.05000
07.44000
09.00000
08.47000
05.62000
08.73000
07.11000
08.57000
06.93000
09.56000
09.80000
09.53000
06.66000
07.58000
09.72000
09.02000
07.44000
05.44000
09.53000
09.68000
06.94000
05.82000
06.88000
09.18000
07.81000
06.36000
09.44000
05.17000
07.71000
09.71000
09.85000
05.31000
09.30000
08.54000
05.78000
07.25000
05.23000
05.51000
09.87000
