50
7
32.82000
77.87000
44.65000
25.14000
86.45000
17.13000
69.99000
25.44000
61.88000
14.79000
65.35000
83.81000
25.00000
36.57000
54.08000
67.77000
92.73000
86.87000
85.82000
56.74000
86.57000
60.26000
88.01000
94.55000
77.04000
87.99000
14.39000
40.98000
37.22000
92.47000
92.51000
17.21000
90.22000
34.79000
81.18000
59.36000
63.71000
63.20000
13.04000
68.95000
34.42000
67.63000
46.02000
60.44000
80.60000
26.20000
17.84000
12.70000
34.55000
54.66000
46.56000
10.85000
43.61000
11.90000
17.12000
91.36000
51.92000
80.21000
41.85000
44.65000
3.86000
67.98000
20.73000
57.26000
10.58000
69.70000
16.17000
69.79000
23.88000
8.19000
5.49000
24.38000
83.72000
80.04000
29.46000
13.20000
70.77000
13.14000
43.73000
30.99000
52.84000
7.18000
67.40000
24.53000
37.43000
90.16000
34.50000
41.14000
21.20000
68.87000
41.45000
80.20000
39.48000
73.37000
99.62000
43.61000
17.79000
12.56000
85.79000
82.36000
77.36000
91.94000
55.36000
25.88000
54.41000
25.93000
33.39000
43.49000
14.68000
67.94000
39.36000
44.67000
48.03000
15.86000
83.49000
87.96000
23.12000
27.99000
29.02000
72.56000
32.90000
78.59000
37.74000
84.86000
48.14000
7.29000
25.50000
51.92000
65.88000
63.69000
8.68000
87.96000
59.97000
65.78000
54.71000
48.88000
30.56000
43.48000
34.58000
76.75000
53.59000
90.14000
68.31000
55.32000
33.29000
16.02000
79.49000
55.50000
48.71000
90.82000
63.09000
99.29000
5.46000
13.59000
54.47000
13.26000
25.66000
44.40000
9.26000
98.09000
65.42000
66.52000
43.24000
19.82000
18.53000
12.80000
63.34000
15.26000
40.21000
65.16000
15.19000
50.52000
2.60000
11.04000
31.57000
68.51000
39.27000
84.93000
85.95000
38.44000
99.70000
27.89000
41.96000
5.31000
97.80000
28.00000
98.91000
40.43000
60.39000
76.89000
49.27000
92.89000
77.73000
19.26000
21.18000
39.09000
55.99000
97.33000
32.98000
29.22000
33.95000
48.74000
85.31000
95.33000
54.54000
84.90000
51.24000
15.15000
83.02000
90.38000
84.88000
20.75000
72.36000
29.34000
22.42000
2.84000
76.07000
53.14000
72.81000
14.54000
99.71000
54.80000
75.34000
23.89000
51.39000
15.51000
44.07000
62.37000
88.25000
54.16000
19.36000
76.36000
72.00000
80.76000
18.38000
75.69000
14.39000
44.05000
84.57000
84.08000
27.71000
79.89000
40.21000
89.69000
77.29000
65.85000
30.83000
94.61000
31.03000
66.65000
22.05000
78.24000
70.07000
37.35000
1.52000
74.95000
97.46000
58.92000
17.99000
33.62000
56.74000
51.23000
44.16000
27.89000
57.50000
20.61000
66.63000
33.92000
99.49000
49.21000
36.43000
78.92000
23.15000
47.43000
17.53000
92.66000
54.08000
1.51000
38.29000
55.95000
60.55000
22.96000
42.01000
50.14000
98.01000
2.11000
35.41000
9.64000
62.57000
53.56000
39.13000
68.39000
37.53000
70.73000
38.24000
15.39000
45.84000
72.32000
31.72000
37.19000
39.37000
1.64000
10.53000
45.48000
81.10000
81.73000
95.31000
97.16000
50.60000
82.51000
3.32000
99.00000
98.07000
72.59000
27.85000
9.00000
3.98000
35.48000
67.71000
71.32000
20.63000
18.12000
72.78000
73.79000
30.59000
81.36000
93.48000
90.43000
91.26000
52.50000
33.27000
35.92000
88.30000
69.73000
94.17000
12.10000
82.18000
37.67000
34.23000
60.51000
60.69000
72.89000
9.06000
13.83000
87.38000
58.34000
27.31000
40.43000
54.11000
88.91000
02.60000
02.69000
02.40000
01.05000
01.22000
01.50000
04.48000
04.24000
02.87000
02.29000
02.75000
04.45000
01.58000
03.22000
04.39000
03.74000
01.17000
01.75000
01.38000
02.49000
01.29000
04.67000
04.51000
01.38000
03.37000
02.07000
01.39000
03.42000
04.69000
01.34000
02.44000
03.90000
04.32000
01.21000
02.90000
04.45000
01.14000
01.71000
04.80000
03.01000
03.87000
02.18000
03.02000
03.83000
01.02000
03.27000
03.20000
03.47000
02.90000
04.95000
02.31000
03.63000
03.81000
01.18000
03.92000
04.86000
01.12000
01.92000
01.02000
03.07000
02.32000
04.98000
03.74000
01.66000
03.95000
04.92000
02.52000
01.82000
01.84000
01.09000
02.10000
04.56000
01.16000
03.65000
03.54000
04.72000
02.36000
03.59000
02.23000
04.93000
03.23000
02.71000
01.83000
01.64000
04.85000
03.61000
04.36000
03.12000
01.64000
03.71000
04.11000
03.44000
03.30000
01.25000
01.73000
04.49000
04.87000
01.27000
02.13000
01.97000
03.96000
02.08000
02.85000
03.16000
01.07000
04.99000
02.37000
02.22000
02.79000
04.88000
04.08000
04.33000
04.20000
04.23000
04.72000
04.40000
03.24000
01.85000
02.87000
04.65000
02.64000
02.88000
04.93000
04.60000
03.94000
04.75000
03.09000
03.10000
01.50000
03.20000
01.37000
04.30000
04.49000
02.30000
01.60000
03.67000
02.89000
04.41000
01.40000
01.98000
01.49000
04.23000
04.24000
03.34000
01.91000
02.75000
01.38000
01.13000
04.56000
01.29000
03.10000
04.72000
02.08000
02.77000
01.15000
01.36000
03.42000
01.78000
02.70000
03.85000
04.45000
03.40000
03.71000
02.67000
04.05000
01.78000
01.47000
03.12000
01.39000
04.86000
04.56000
03.31000
01.99000
04.41000
02.89000
04.15000
03.64000
02.00000
01.68000
03.38000
02.48000
03.03000
03.46000
01.54000
02.94000
02.70000
02.06000
03.99000
03.76000
04.01000
04.65000
02.90000
04.01000
03.80000
01.68000
03.26000
01.05000
02.70000
04.95000
04.85000
04.36000
03.67000
04.10000
04.96000
02.92000
03.17000
02.31000
03.34000
04.08000
01.45000
02.88000
01.38000
03.55000
04.85000
03.66000
02.34000
04.84000
01.04000
01.32000
01.78000
01.28000
04.97000
01.35000
01.55000
02.00000
04.92000
04.04000
03.86000
01.96000
04.50000
02.49000
01.20000
03.92000
04.59000
04.63000
02.39000
04.46000
01.42000
03.19000
02.53000
03.96000
04.52000
01.71000
01.08000
04.63000
02.73000
04.56000
03.77000
04.48000
02.20000
02.39000
04.48000
04.17000
01.83000
02.35000
03.81000
03.61000
01.18000
01.89000
03.31000
02.36000
02.63000
02.32000
04.06000
01.15000
03.43000
03.26000
02.94000
02.00000
03.61000
04.64000
02.67000
02.26000
04.03000
04.72000
01.74000
04.58000
04.37000
02.05000
04.49000
02.93000
01.10000
01.51000
03.06000
04.58000
01.53000
04.29000
03.40000
04.13000
01.75000
01.87000
03.27000
01.49000
04.69000
02.08000
02.25000
03.86000
02.08000
03.03000
03.72000
02.49000
02.25000
04.43000
02.48000
02.71000
02.90000
02.96000
01.85000
04.24000
01.21000
02.47000
02.32000
02.88000
02.89000
01.43000
02.98000
03.24000
03.93000
02.08000
04.25000
04.75000
04.63000
04.52000
01.83000
03.62000
03.63000
04.63000
04.76000
02.92000
03.85000
04.10000
01.37000
02.49000
02.55000
04.46000
01.32000
05.00000
01.28000
01.03000
01.59000
01.94000
03.93000
04.95000
04.44000
03.60000
02.66000
01.16000
03.47000
01.09000
04.00000
