50
4
80.50000
27.66000
74.82000
62.49000
18.38000
8.86000
89.48000
57.43000
95.12000
27.60000
65.10000
60.52000
53.94000
25.10000
41.91000
12.97000
34.05000
41.56000
60.12000
54.01000
75.67000
18.22000
60.96000
25.85000
21.02000
94.29000
84.63000
67.70000
9.32000
12.99000
72.37000
21.80000
80.80000
12.54000
64.38000
27.35000
77.65000
34.15000
1.89000
25.58000
40.12000
19.05000
24.12000
56.71000
8.41000
7.46000
72.28000
61.95000
22.74000
39.59000
27.16000
91.58000
56.65000
71.12000
87.26000
9.42000
40.48000
38.37000
60.56000
17.58000
19.50000
29.43000
12.04000
82.03000
58.67000
10.26000
6.65000
69.74000
24.98000
45.84000
10.38000
45.68000
82.38000
3.14000
88.20000
74.82000
97.84000
46.11000
8.06000
24.13000
37.34000
41.74000
32.94000
57.57000
64.84000
54.99000
29.80000
42.12000
47.32000
51.83000
63.63000
42.74000
49.73000
97.22000
1.37000
25.40000
38.05000
58.14000
7.01000
55.07000
73.61000
67.98000
74.68000
46.39000
48.69000
12.62000
81.10000
64.51000
84.13000
27.66000
93.74000
49.40000
71.64000
4.83000
4.30000
90.78000
1.94000
33.85000
1.51000
80.36000
63.74000
6.42000
76.09000
8.87000
49.78000
12.28000
20.76000
65.01000
49.76000
42.14000
24.23000
41.51000
54.40000
86.72000
77.23000
28.10000
54.43000
37.74000
71.47000
15.48000
40.56000
83.91000
96.67000
93.38000
3.51000
17.96000
44.55000
54.51000
33.00000
28.61000
32.11000
58.91000
38.88000
41.10000
61.95000
74.59000
78.49000
49.93000
90.45000
80.43000
25.51000
7.15000
34.10000
91.90000
93.40000
27.24000
7.36000
25.48000
99.64000
26.67000
25.69000
94.62000
59.69000
20.90000
5.57000
17.80000
88.01000
25.40000
61.46000
8.49000
2.09000
55.64000
10.83000
82.15000
15.38000
28.09000
67.16000
56.26000
44.36000
57.22000
47.91000
45.28000
5.49000
59.50000
67.55000
64.68000
13.25000
50.39000
42.54000
30.94000
01.76000
04.86000
01.90000
02.22000
04.45000
02.55000
03.79000
02.75000
03.31000
04.70000
03.41000
03.29000
01.47000
02.41000
03.89000
02.97000
02.05000
02.83000
04.34000
04.91000
04.16000
01.08000
03.90000
04.23000
02.95000
04.27000
01.70000
04.07000
01.53000
03.54000
04.85000
03.55000
03.04000
02.01000
04.48000
01.79000
02.58000
02.80000
03.72000
01.92000
03.29000
01.04000
01.69000
03.06000
04.30000
03.86000
01.52000
04.34000
04.73000
02.38000
04.10000
02.56000
03.63000
03.28000
01.29000
03.25000
02.57000
02.48000
02.00000
01.99000
03.09000
03.79000
02.36000
02.90000
01.32000
03.34000
02.49000
02.12000
01.38000
01.25000
02.51000
03.76000
03.40000
01.65000
02.56000
03.95000
03.50000
04.67000
02.75000
02.82000
01.81000
02.43000
03.21000
04.50000
02.45000
03.05000
04.06000
01.10000
01.56000
02.66000
01.44000
04.75000
03.24000
01.38000
03.46000
03.58000
03.63000
03.35000
02.26000
01.71000
02.31000
03.47000
02.20000
02.23000
01.62000
02.72000
02.21000
01.07000
02.61000
02.44000
02.47000
04.94000
02.42000
03.74000
04.10000
02.97000
02.15000
03.76000
04.22000
04.27000
02.95000
03.63000
03.97000
01.98000
01.93000
04.46000
04.47000
01.21000
04.22000
03.38000
02.84000
03.10000
02.95000
01.51000
04.20000
04.76000
03.24000
03.99000
01.69000
03.33000
02.21000
03.93000
04.42000
03.93000
04.99000
02.46000
01.53000
03.68000
04.70000
04.71000
02.94000
04.00000
02.29000
03.46000
01.92000
02.95000
04.59000
03.74000
02.07000
04.09000
03.12000
03.27000
01.50000
01.55000
03.99000
04.19000
02.34000
01.45000
01.33000
04.61000
02.72000
01.93000
01.28000
02.66000
04.77000
01.09000
01.95000
04.47000
02.59000
01.07000
01.46000
04.15000
02.33000
03.99000
01.95000
03.85000
02.10000
03.98000
01.54000
01.67000
04.04000
03.16000
02.36000
03.74000
02.26000
03.66000
02.52000
04.20000
02.89000
03.61000
