50
4
33.75000
54.44000
88.84000
19.24000
63.59000
33.05000
74.42000
26.67000
64.46000
54.61000
1.62000
97.16000
76.56000
60.34000
9.68000
72.93000
41.13000
90.46000
39.80000
93.20000
97.36000
86.18000
33.21000
99.18000
87.50000
87.73000
30.12000
32.10000
51.74000
36.32000
70.76000
31.17000
30.32000
71.17000
96.34000
37.61000
63.46000
34.51000
48.08000
91.64000
92.36000
65.54000
65.20000
35.49000
58.25000
6.50000
88.92000
8.36000
1.35000
95.59000
98.62000
54.46000
25.38000
40.99000
82.99000
35.60000
32.09000
9.28000
54.04000
56.78000
57.96000
99.60000
76.73000
83.98000
68.97000
79.92000
18.05000
83.16000
31.09000
15.21000
41.96000
20.31000
9.28000
69.45000
15.42000
59.37000
68.51000
10.59000
3.41000
67.33000
75.75000
2.61000
70.90000
10.16000
95.97000
11.47000
84.85000
51.81000
95.14000
3.16000
11.23000
59.26000
39.23000
42.62000
14.01000
97.48000
92.20000
95.84000
59.16000
33.44000
97.52000
2.59000
58.77000
37.75000
71.65000
9.50000
60.76000
52.80000
74.43000
30.37000
86.75000
27.66000
96.57000
55.89000
28.47000
52.04000
29.78000
76.80000
74.62000
17.66000
62.80000
83.82000
17.92000
14.24000
87.33000
67.65000
47.11000
32.51000
94.09000
19.03000
53.88000
63.17000
73.81000
27.66000
28.97000
96.95000
17.21000
84.27000
62.10000
25.57000
13.99000
80.57000
44.97000
37.74000
54.88000
7.30000
67.31000
25.19000
31.60000
53.15000
20.18000
7.41000
8.86000
48.76000
29.11000
76.23000
95.24000
17.53000
48.31000
23.07000
51.12000
70.05000
93.24000
61.39000
89.98000
23.79000
80.39000
8.66000
29.28000
92.21000
25.22000
78.36000
82.50000
92.79000
42.19000
87.94000
67.09000
40.99000
47.78000
52.88000
97.54000
51.29000
57.45000
87.65000
90.31000
40.15000
86.68000
9.71000
60.86000
23.03000
51.93000
32.54000
24.67000
15.42000
67.67000
72.60000
96.21000
32.77000
50.37000
46.37000
05.14000
09.36000
06.58000
07.14000
05.51000
07.81000
09.28000
06.84000
06.52000
05.99000
07.08000
08.24000
07.08000
07.83000
08.88000
05.24000
06.09000
07.22000
08.58000
06.75000
07.46000
08.08000
05.10000
06.68000
05.10000
09.30000
07.33000
08.92000
07.91000
09.79000
09.19000
07.39000
09.80000
08.46000
09.59000
06.00000
09.67000
09.23000
07.42000
08.64000
06.43000
05.98000
06.59000
09.23000
09.00000
07.63000
06.01000
06.67000
06.26000
08.09000
07.00000
09.90000
06.21000
08.96000
08.41000
09.60000
09.85000
06.23000
08.08000
09.49000
06.84000
06.27000
06.17000
09.71000
07.33000
09.22000
07.85000
05.43000
06.48000
05.25000
08.26000
06.80000
09.44000
09.50000
07.56000
08.98000
06.38000
07.14000
05.91000
07.12000
07.44000
08.32000
08.47000
06.38000
07.78000
08.19000
05.39000
06.91000
07.57000
06.93000
06.83000
08.88000
06.95000
09.67000
07.94000
07.43000
06.08000
06.57000
08.88000
07.73000
08.68000
08.89000
07.54000
06.71000
08.89000
09.46000
09.16000
06.67000
06.02000
09.16000
08.40000
08.97000
06.47000
09.40000
06.65000
05.01000
06.63000
06.59000
05.33000
06.20000
07.93000
07.14000
05.85000
08.96000
06.76000
07.45000
09.60000
09.68000
09.54000
08.93000
08.00000
09.77000
07.66000
07.98000
07.45000
05.63000
07.53000
06.02000
09.35000
08.69000
05.57000
09.44000
05.12000
05.33000
08.17000
09.65000
06.16000
06.97000
06.75000
08.07000
05.18000
09.61000
08.84000
06.69000
05.52000
08.69000
08.07000
06.55000
05.55000
07.49000
08.31000
09.97000
07.93000
08.69000
07.24000
09.61000
05.32000
09.93000
07.50000
08.12000
05.37000
08.87000
06.75000
08.16000
05.74000
08.17000
07.65000
07.38000
09.08000
05.49000
07.85000
08.45000
08.05000
08.47000
05.01000
09.01000
05.31000
09.78000
06.79000
06.73000
08.52000
07.07000
05.84000
09.26000
05.32000
08.01000
09.81000
09.26000
08.38000
05.23000
