50
10
112.53000
147.06000
102.25000
101.75000
190.39000
160.76000
104.75000
190.14000
162.16000
170.03000
118.54000
144.60000
118.84000
172.12000
147.12000
174.90000
176.46000
189.31000
119.03000
115.80000
176.03000
168.86000
187.76000
127.07000
183.56000
183.04000
131.84000
193.47000
190.08000
129.10000
154.79000
124.76000
111.59000
129.33000
185.12000
155.73000
189.11000
130.97000
176.34000
146.12000
188.66000
106.30000
106.97000
180.71000
101.25000
152.59000
180.53000
169.26000
142.90000
192.09000
161.08000
193.53000
128.41000
140.98000
197.20000
192.85000
117.51000
143.72000
140.95000
114.73000
170.68000
103.59000
111.46000
134.57000
119.57000
108.49000
152.87000
152.75000
120.80000
171.31000
134.33000
194.68000
156.02000
129.93000
149.98000
110.73000
131.87000
147.26000
118.95000
176.29000
180.00000
111.17000
185.38000
191.77000
157.03000
134.56000
118.43000
182.54000
144.62000
155.31000
112.23000
199.01000
149.41000
136.33000
185.91000
116.55000
103.03000
165.50000
183.62000
135.57000
186.42000
173.99000
131.14000
197.62000
129.69000
151.66000
132.49000
187.33000
104.06000
194.91000
172.96000
153.75000
181.81000
182.25000
137.31000
187.90000
160.20000
117.21000
135.30000
105.79000
161.50000
128.30000
101.71000
148.45000
132.96000
169.03000
196.31000
181.89000
146.87000
117.92000
103.84000
197.12000
100.48000
178.49000
134.09000
110.15000
116.06000
179.25000
121.82000
162.02000
140.87000
173.72000
126.78000
118.72000
147.18000
140.41000
133.76000
171.28000
132.26000
182.84000
160.14000
108.29000
111.55000
190.18000
112.99000
161.38000
118.41000
182.87000
108.33000
167.21000
139.83000
128.50000
196.55000
132.41000
138.69000
146.20000
153.03000
188.64000
102.89000
180.12000
178.17000
192.54000
145.33000
199.39000
197.37000
125.73000
103.88000
198.17000
161.00000
194.87000
141.44000
195.58000
144.46000
131.59000
145.90000
135.77000
148.15000
192.54000
130.15000
187.89000
197.44000
159.36000
132.09000
146.06000
142.74000
138.68000
114.60000
129.44000
159.43000
162.14000
184.22000
157.71000
187.28000
117.86000
131.19000
122.40000
101.56000
120.23000
123.04000
124.27000
109.36000
161.52000
113.29000
123.06000
176.68000
114.00000
180.44000
103.54000
194.54000
174.93000
128.02000
175.49000
178.97000
166.59000
184.54000
173.67000
170.97000
136.22000
103.52000
157.83000
136.56000
156.11000
163.48000
112.76000
166.75000
123.52000
167.92000
148.21000
177.57000
160.70000
145.36000
198.94000
110.02000
114.93000
149.33000
124.74000
130.13000
158.48000
158.33000
110.35000
197.02000
119.19000
187.51000
168.83000
161.35000
183.69000
188.91000
103.64000
192.10000
145.16000
194.42000
151.25000
170.90000
141.50000
198.17000
162.05000
104.40000
135.61000
119.32000
111.43000
124.23000
115.36000
101.99000
199.79000
187.03000
193.66000
115.33000
152.50000
174.45000
108.39000
153.49000
119.96000
193.12000
122.44000
135.59000
177.57000
174.70000
123.70000
105.79000
125.71000
175.81000
125.07000
133.22000
189.78000
178.09000
164.43000
112.03000
120.16000
188.20000
104.68000
126.37000
173.03000
107.69000
194.52000
179.80000
193.54000
175.95000
129.11000
193.45000
149.35000
143.68000
141.40000
102.08000
181.48000
158.14000
184.89000
165.44000
155.96000
191.60000
138.10000
168.32000
163.79000
141.33000
104.56000
120.46000
120.99000
129.59000
112.76000
156.65000
168.58000
103.65000
116.24000
136.64000
172.58000
135.77000
193.50000
145.20000
123.99000
123.21000
148.06000
192.10000
138.83000
188.25000
108.44000
112.10000
158.13000
178.16000
128.16000
164.97000
147.88000
168.19000
112.24000
102.17000
177.99000
118.84000
157.11000
117.47000
180.92000
173.89000
182.27000
190.49000
145.58000
146.23000
156.84000
146.62000
153.60000
173.75000
174.98000
136.25000
111.64000
119.34000
155.81000
134.78000
151.31000
170.90000
143.49000
142.59000
129.28000
141.31000
107.15000
185.07000
127.17000
168.46000
140.94000
112.62000
151.63000
115.25000
163.99000
100.62000
134.30000
169.57000
120.44000
149.47000
131.82000
144.30000
179.44000
184.56000
125.83000
177.34000
135.12000
193.56000
106.62000
117.82000
149.61000
176.92000
153.66000
164.29000
100.44000
162.39000
185.71000
192.76000
169.28000
165.98000
125.04000
131.72000
190.92000
128.71000
118.92000
134.71000
125.11000
116.59000
139.62000
180.24000
156.62000
120.63000
184.39000
171.81000
195.22000
156.87000
175.50000
137.95000
175.67000
166.30000
160.23000
132.18000
157.74000
114.94000
110.83000
133.00000
126.19000
193.82000
124.57000
143.93000
190.79000
118.94000
123.72000
193.50000
186.30000
131.33000
155.54000
112.41000
179.80000
196.82000
128.17000
110.53000
191.60000
194.21000
105.31000
190.10000
131.05000
191.99000
107.16000
195.25000
198.53000
146.81000
146.61000
195.15000
119.43000
140.31000
161.56000
183.91000
144.14000
179.13000
114.89000
180.69000
148.07000
194.90000
194.50000
129.62000
131.58000
144.28000
113.27000
199.85000
120.09000
108.90000
109.10000
185.52000
163.97000
195.39000
144.88000
105.76000
138.62000
135.41000
108.50000
104.72000
144.43000
185.59000
112.85000
151.53000
106.78000
04.43000
02.97000
04.93000
03.71000
02.18000
01.49000
02.85000
02.39000
02.92000
02.79000
01.67000
03.39000
03.71000
03.20000
04.96000
01.54000
02.65000
04.04000
01.31000
04.66000
02.80000
03.66000
04.28000
01.60000
04.24000
01.37000
04.46000
02.16000
04.06000
01.50000
01.43000
01.19000
04.32000
01.38000
03.77000
02.51000
04.12000
03.34000
01.04000
02.95000
03.52000
02.72000
03.84000
04.34000
03.61000
03.82000
03.73000
01.49000
02.46000
03.99000
04.76000
03.07000
02.09000
03.06000
04.31000
04.59000
03.40000
02.30000
03.19000
03.65000
01.28000
02.93000
03.10000
03.21000
03.91000
02.41000
02.76000
03.22000
04.52000
03.19000
01.87000
04.63000
01.30000
04.72000
01.12000
01.40000
01.45000
03.46000
02.22000
04.47000
01.18000
04.85000
03.88000
01.81000
01.69000
03.36000
01.79000
02.36000
01.18000
02.44000
04.66000
04.07000
02.86000
02.53000
02.20000
01.91000
02.93000
01.10000
01.10000
03.82000
02.17000
01.43000
01.47000
01.79000
03.89000
01.08000
01.35000
03.13000
04.12000
03.11000
02.78000
01.51000
02.20000
02.10000
03.59000
02.00000
02.45000
01.63000
02.62000
02.71000
02.21000
02.27000
03.68000
02.68000
03.79000
01.61000
03.62000
02.02000
02.53000
02.21000
04.25000
01.79000
02.76000
03.67000
04.40000
04.07000
01.80000
02.55000
03.91000
03.95000
01.98000
04.43000
03.60000
01.49000
02.64000
03.90000
01.30000
01.78000
04.09000
04.54000
02.33000
02.45000
02.23000
01.47000
02.18000
04.84000
01.72000
03.23000
01.18000
01.14000
03.72000
02.88000
01.29000
02.57000
04.67000
02.14000
01.45000
01.33000
02.03000
03.70000
01.63000
02.61000
02.26000
03.26000
02.76000
04.63000
04.80000
01.54000
02.82000
02.59000
02.11000
04.23000
04.75000
04.69000
03.64000
02.03000
04.50000
04.13000
03.84000
02.66000
03.02000
03.12000
02.18000
02.81000
02.28000
04.85000
03.09000
04.18000
01.22000
01.54000
01.55000
03.83000
03.77000
04.22000
03.64000
02.85000
04.90000
03.85000
02.59000
03.66000
01.06000
01.05000
03.98000
03.09000
04.33000
03.17000
02.40000
02.97000
03.79000
02.51000
01.41000
02.12000
01.50000
04.43000
01.60000
04.38000
04.56000
03.23000
04.55000
02.56000
01.04000
02.25000
04.82000
02.51000
04.01000
01.83000
02.01000
03.04000
03.56000
03.27000
04.69000
03.98000
02.76000
04.93000
02.44000
02.17000
01.70000
02.11000
01.83000
03.43000
04.01000
03.20000
04.37000
01.74000
01.79000
04.53000
01.83000
04.76000
03.85000
02.46000
03.05000
02.49000
04.40000
04.47000
04.73000
04.88000
02.64000
02.99000
04.57000
02.90000
02.76000
03.49000
01.28000
04.49000
01.98000
04.41000
02.55000
02.60000
02.49000
01.21000
01.10000
03.20000
03.50000
02.34000
02.63000
01.23000
01.22000
01.25000
01.83000
04.64000
04.84000
04.41000
02.42000
02.39000
04.57000
03.25000
01.09000
04.44000
03.61000
02.24000
01.38000
02.46000
04.61000
04.40000
04.51000
01.59000
03.08000
04.97000
02.65000
02.74000
03.86000
02.47000
03.65000
04.99000
01.29000
02.47000
04.34000
04.40000
02.68000
03.56000
02.53000
02.05000
04.37000
01.30000
01.05000
04.04000
03.69000
04.29000
03.75000
01.42000
02.97000
02.10000
03.43000
02.29000
01.52000
01.30000
01.94000
03.72000
03.69000
01.47000
02.10000
03.79000
02.79000
03.20000
03.73000
01.57000
01.17000
04.06000
03.67000
01.15000
01.45000
02.22000
02.25000
02.99000
01.19000
03.22000
04.36000
01.15000
04.65000
02.83000
03.79000
04.14000
02.29000
04.76000
01.49000
02.18000
01.55000
01.71000
03.43000
02.47000
02.90000
03.39000
04.55000
01.21000
03.78000
04.50000
04.80000
03.61000
02.65000
04.74000
01.15000
03.87000
02.95000
04.81000
03.53000
01.19000
01.16000
02.43000
02.91000
03.77000
02.70000
04.28000
03.24000
04.82000
02.05000
02.08000
01.47000
02.54000
02.65000
04.53000
01.22000
04.16000
02.21000
04.92000
03.57000
03.92000
04.10000
01.36000
03.91000
03.74000
02.41000
01.88000
04.33000
04.93000
01.70000
02.32000
03.90000
01.82000
03.57000
03.50000
02.70000
01.75000
02.58000
03.26000
01.81000
01.04000
02.31000
04.41000
03.31000
01.01000
03.35000
02.79000
02.28000
04.01000
03.26000
03.23000
02.79000
01.34000
04.64000
03.55000
01.92000
01.36000
03.05000
02.58000
01.75000
01.37000
03.07000
04.16000
01.36000
03.71000
01.28000
03.70000
02.18000
03.21000
04.63000
02.98000
01.75000
04.77000
02.46000
03.18000
01.52000
03.61000
01.47000
04.28000
02.70000
02.20000
01.37000
03.21000
03.48000
03.97000
02.84000
01.94000
03.08000
01.39000
03.61000
03.41000
01.69000
03.90000
02.37000
03.58000
04.51000
01.96000
02.82000
03.40000
01.76000
03.03000
01.67000
04.82000
04.64000
03.55000
04.62000
02.81000
01.34000
04.98000
02.37000
01.30000
01.07000
01.78000
02.63000
01.26000
