50
7
141.76000
175.79000
110.89000
192.68000
169.84000
112.75000
138.90000
141.69000
144.70000
128.23000
199.91000
106.39000
107.91000
162.61000
192.50000
127.96000
152.58000
195.33000
141.82000
161.61000
173.38000
194.89000
149.58000
126.64000
116.56000
168.88000
144.04000
156.39000
129.93000
113.90000
130.05000
148.28000
112.83000
165.67000
138.99000
113.77000
166.21000
148.94000
178.83000
128.41000
142.55000
127.51000
184.09000
181.80000
195.91000
154.29000
165.86000
127.60000
131.90000
121.20000
115.47000
113.57000
101.97000
121.01000
100.84000
129.73000
182.12000
178.37000
172.97000
193.17000
174.87000
167.65000
105.81000
167.31000
167.47000
159.31000
137.41000
167.15000
186.24000
150.37000
119.86000
109.24000
146.57000
114.42000
169.33000
161.70000
102.90000
151.61000
116.05000
194.19000
198.73000
138.64000
154.29000
127.98000
116.63000
178.78000
192.42000
185.84000
128.24000
151.87000
102.83000
142.16000
144.24000
164.31000
172.01000
172.86000
164.39000
199.05000
150.50000
105.43000
147.46000
107.26000
105.65000
172.98000
110.29000
104.13000
179.23000
135.97000
144.45000
192.14000
106.82000
101.88000
115.71000
142.14000
173.73000
104.85000
166.40000
189.05000
116.83000
118.08000
165.42000
181.83000
174.55000
103.83000
158.23000
133.52000
136.86000
163.40000
116.85000
171.22000
195.33000
187.18000
189.86000
186.10000
193.08000
104.61000
152.41000
183.37000
174.77000
134.21000
156.21000
132.34000
136.65000
133.53000
179.53000
116.33000
176.53000
149.21000
177.21000
182.78000
103.51000
183.14000
143.97000
163.70000
118.90000
118.19000
176.37000
151.53000
191.87000
164.11000
160.54000
106.37000
114.35000
158.56000
164.23000
135.39000
167.34000
115.74000
119.21000
197.33000
170.93000
176.43000
171.34000
152.50000
134.23000
157.95000
130.52000
112.77000
105.44000
104.22000
120.73000
191.55000
121.82000
135.67000
130.02000
153.84000
159.69000
199.34000
160.47000
166.19000
184.42000
118.81000
178.25000
146.73000
100.47000
144.23000
163.59000
115.11000
101.33000
102.31000
170.77000
110.74000
185.67000
136.95000
158.43000
194.81000
109.14000
116.38000
104.85000
192.41000
189.29000
164.50000
137.52000
142.35000
135.64000
145.89000
185.48000
172.51000
134.27000
189.22000
129.35000
149.85000
197.84000
137.22000
151.32000
130.36000
115.54000
196.67000
185.11000
109.11000
103.16000
188.42000
166.04000
170.24000
153.02000
197.38000
180.96000
136.94000
184.02000
122.53000
118.32000
121.46000
191.63000
126.91000
118.08000
175.12000
197.85000
187.61000
121.82000
138.31000
191.41000
111.06000
182.14000
157.00000
122.51000
185.54000
180.78000
172.61000
148.01000
122.39000
105.16000
196.95000
115.33000
170.97000
140.96000
111.41000
185.96000
182.21000
162.94000
173.96000
185.41000
158.60000
184.93000
169.11000
153.30000
104.19000
109.80000
157.95000
193.29000
174.60000
179.49000
128.13000
123.10000
127.01000
125.02000
143.86000
124.52000
170.16000
116.44000
195.91000
193.39000
114.34000
112.90000
151.60000
189.63000
121.43000
112.58000
104.85000
187.22000
154.85000
165.46000
130.81000
191.35000
135.29000
124.10000
161.98000
165.73000
181.90000
123.05000
120.07000
112.34000
122.70000
189.03000
149.38000
102.42000
190.26000
175.32000
108.25000
108.77000
106.21000
111.74000
119.11000
155.77000
131.24000
154.69000
118.42000
169.33000
115.12000
137.14000
106.72000
126.94000
146.65000
118.59000
198.61000
107.67000
103.72000
135.15000
172.75000
142.12000
103.27000
149.45000
121.87000
162.47000
151.31000
100.69000
102.75000
152.47000
192.91000
154.67000
186.25000
02.23000
01.45000
04.67000
04.89000
02.97000
03.46000
01.46000
01.23000
03.67000
01.10000
02.84000
03.75000
01.32000
03.55000
03.00000
01.51000
02.77000
03.25000
04.92000
01.89000
02.63000
02.00000
02.38000
04.56000
01.38000
04.88000
02.01000
03.53000
03.27000
02.29000
01.21000
01.10000
02.37000
03.96000
02.22000
01.90000
04.58000
04.91000
02.09000
02.87000
01.60000
03.49000
02.66000
03.25000
04.94000
03.34000
04.62000
02.60000
03.92000
03.45000
01.01000
01.97000
01.26000
04.26000
03.80000
02.03000
04.96000
01.39000
02.25000
01.97000
04.22000
03.27000
01.47000
04.18000
02.55000
03.41000
02.90000
04.88000
02.80000
04.19000
02.29000
04.07000
01.13000
02.78000
03.71000
03.58000
01.00000
01.15000
01.51000
01.04000
03.19000
04.10000
02.40000
03.92000
03.80000
01.25000
03.36000
03.46000
04.23000
05.00000
01.71000
04.76000
01.19000
04.59000
01.07000
04.69000
04.71000
04.07000
01.38000
01.96000
02.80000
01.26000
01.54000
03.95000
04.59000
03.55000
04.57000
04.59000
04.39000
04.96000
02.69000
01.93000
04.30000
03.00000
03.65000
01.89000
01.24000
03.47000
01.03000
01.69000
04.94000
02.50000
04.22000
03.84000
03.95000
04.52000
04.42000
02.20000
03.62000
04.29000
04.65000
03.91000
04.13000
04.85000
01.72000
03.45000
02.46000
03.59000
04.28000
04.59000
02.40000
02.19000
02.78000
02.43000
04.56000
04.65000
03.49000
01.37000
04.36000
03.27000
03.74000
03.94000
04.38000
03.43000
01.90000
04.95000
03.28000
02.64000
04.21000
03.21000
02.03000
03.36000
01.64000
04.21000
02.50000
02.74000
02.48000
04.24000
02.87000
03.74000
02.30000
04.42000
03.65000
01.10000
02.02000
04.66000
01.65000
03.43000
01.86000
01.69000
03.99000
03.09000
03.34000
03.06000
02.10000
02.29000
03.30000
01.13000
01.73000
03.05000
03.90000
03.06000
04.95000
01.19000
02.60000
04.85000
04.12000
04.35000
02.19000
01.28000
01.65000
03.70000
03.32000
04.99000
03.18000
04.49000
01.58000
03.12000
01.23000
02.73000
03.61000
03.07000
02.48000
03.74000
02.26000
03.09000
01.47000
02.19000
01.19000
01.74000
02.51000
04.04000
04.90000
03.89000
01.74000
04.57000
04.67000
02.73000
01.11000
02.38000
04.62000
01.76000
02.39000
01.36000
03.66000
04.78000
01.15000
04.74000
01.52000
01.93000
04.78000
01.04000
04.75000
03.63000
02.49000
02.10000
04.72000
02.63000
03.28000
01.09000
02.00000
04.30000
04.22000
04.68000
02.74000
01.29000
02.13000
03.77000
04.22000
02.36000
04.03000
04.37000
02.74000
03.58000
01.61000
02.72000
04.93000
04.85000
03.92000
01.86000
01.72000
03.86000
03.29000
01.65000
02.36000
02.13000
01.37000
04.76000
04.41000
02.98000
03.14000
02.67000
03.74000
01.56000
02.87000
01.68000
04.55000
02.81000
02.15000
04.89000
01.32000
03.50000
03.90000
02.23000
04.87000
02.20000
02.32000
04.43000
04.32000
01.30000
03.57000
04.67000
04.40000
03.17000
04.81000
02.28000
03.28000
02.21000
01.77000
04.72000
01.05000
01.01000
01.24000
04.67000
03.17000
01.65000
02.85000
01.15000
02.90000
03.56000
05.00000
01.44000
03.31000
01.43000
02.93000
03.19000
03.30000
03.31000
02.68000
04.32000
03.56000
04.54000
03.12000
01.08000
04.62000
01.76000
01.90000
02.03000
04.79000
02.94000
01.52000
02.05000
02.21000
01.37000
03.27000
04.32000
04.84000
01.63000
01.25000
02.33000
