50
10
6.57000
43.42000
19.36000
74.39000
81.78000
20.84000
77.48000
76.54000
27.78000
3.72000
42.17000
73.52000
70.81000
26.50000
53.03000
13.13000
65.84000
49.33000
76.42000
65.91000
90.61000
57.13000
4.43000
31.15000
49.59000
59.57000
50.94000
29.89000
70.02000
91.07000
58.53000
9.94000
6.87000
12.79000
92.58000
42.82000
36.88000
7.66000
45.18000
26.84000
64.53000
85.34000
31.18000
83.04000
19.05000
82.25000
91.20000
60.21000
52.41000
57.56000
56.34000
36.67000
54.35000
45.23000
19.53000
50.97000
92.71000
16.02000
69.74000
77.35000
45.03000
2.20000
65.03000
29.59000
78.76000
28.88000
86.25000
44.20000
89.10000
46.97000
40.95000
84.43000
95.00000
32.10000
59.47000
39.30000
41.15000
83.65000
98.88000
20.57000
95.02000
28.76000
42.00000
65.75000
52.79000
16.32000
93.41000
39.10000
32.41000
21.97000
86.43000
27.64000
77.60000
46.09000
77.13000
44.12000
58.78000
14.82000
47.35000
27.06000
52.69000
80.07000
70.02000
2.15000
30.18000
87.50000
12.49000
94.49000
60.70000
67.63000
34.48000
90.11000
54.92000
36.31000
59.04000
17.25000
47.26000
34.14000
33.96000
27.87000
96.89000
27.48000
30.78000
1.71000
89.73000
7.44000
46.80000
41.25000
35.45000
88.87000
5.06000
75.72000
67.45000
15.37000
51.36000
59.10000
46.92000
50.31000
59.22000
69.12000
57.77000
85.79000
25.96000
10.26000
10.66000
38.66000
72.61000
9.76000
39.01000
48.53000
64.23000
71.51000
42.79000
54.39000
66.75000
37.28000
58.07000
23.31000
14.46000
17.17000
58.96000
74.60000
93.37000
54.89000
45.83000
66.35000
19.24000
20.87000
43.83000
79.37000
27.59000
8.32000
3.83000
21.24000
81.67000
36.19000
99.49000
22.28000
70.49000
49.18000
34.18000
39.57000
6.83000
16.73000
31.04000
54.94000
27.19000
32.05000
40.96000
74.95000
94.83000
15.08000
39.57000
31.93000
98.76000
9.53000
27.27000
80.96000
51.75000
83.84000
23.22000
15.47000
15.52000
79.26000
11.29000
84.27000
99.91000
58.80000
62.93000
45.03000
17.58000
49.60000
70.25000
93.05000
69.01000
61.35000
49.10000
52.38000
84.43000
29.45000
40.09000
68.80000
17.83000
13.08000
9.58000
15.86000
45.93000
96.14000
47.67000
88.85000
73.22000
90.31000
71.21000
12.81000
28.92000
30.02000
21.81000
32.54000
65.01000
73.41000
63.83000
21.58000
61.24000
7.42000
89.37000
76.23000
21.06000
39.71000
15.29000
20.52000
82.54000
46.68000
97.24000
7.09000
59.64000
97.56000
81.16000
77.60000
76.77000
30.01000
12.49000
14.41000
53.89000
17.68000
21.56000
3.52000
34.68000
60.94000
65.44000
57.71000
87.60000
85.93000
26.96000
16.49000
8.85000
43.55000
11.68000
41.10000
15.38000
8.42000
50.94000
20.58000
51.88000
79.94000
2.80000
66.67000
87.81000
85.23000
47.10000
18.89000
18.37000
74.20000
91.40000
38.50000
60.50000
22.46000
68.03000
14.52000
59.90000
29.42000
66.60000
48.82000
64.05000
10.88000
26.99000
45.20000
67.25000
66.36000
13.54000
27.61000
55.03000
69.39000
97.78000
73.79000
12.31000
11.09000
79.03000
88.22000
47.77000
6.30000
78.30000
99.13000
96.81000
95.64000
43.41000
60.49000
20.62000
47.46000
45.89000
50.04000
2.10000
50.86000
83.03000
71.26000
50.92000
22.71000
77.89000
53.37000
3.50000
3.60000
77.24000
49.37000
18.02000
58.88000
53.65000
37.98000
79.38000
80.68000
4.38000
22.68000
73.54000
84.26000
24.73000
34.10000
27.37000
55.73000
97.77000
73.39000
80.50000
62.39000
93.95000
98.57000
84.81000
11.83000
75.55000
29.59000
15.94000
34.36000
30.56000
9.15000
72.28000
87.06000
70.76000
6.70000
80.96000
52.76000
35.65000
16.44000
91.87000
37.02000
86.49000
57.31000
80.65000
71.18000
13.29000
74.02000
47.68000
13.30000
26.83000
36.02000
18.09000
43.21000
65.60000
36.49000
41.79000
68.50000
92.88000
94.41000
94.40000
21.47000
53.70000
4.28000
75.06000
95.50000
55.27000
81.02000
41.95000
71.09000
22.38000
41.41000
72.02000
80.58000
8.01000
43.62000
32.64000
96.49000
89.89000
72.57000
13.90000
17.14000
73.50000
38.92000
31.67000
62.56000
86.07000
76.10000
27.54000
81.54000
81.58000
45.27000
66.88000
46.63000
38.77000
30.35000
41.78000
54.12000
60.11000
41.01000
67.11000
27.05000
74.83000
12.67000
84.48000
12.22000
36.92000
4.48000
60.22000
81.16000
24.10000
1.38000
75.40000
99.17000
57.73000
62.14000
81.20000
29.72000
79.35000
4.29000
36.74000
64.02000
38.51000
16.36000
22.84000
41.57000
28.43000
49.21000
46.06000
24.64000
68.05000
78.50000
38.74000
1.24000
3.06000
5.60000
56.96000
83.13000
99.92000
53.65000
82.52000
10.82000
55.83000
74.54000
23.01000
44.57000
87.74000
43.91000
8.76000
73.40000
41.34000
61.14000
95.83000
11.06000
84.09000
52.37000
68.05000
93.08000
12.18000
67.49000
30.99000
84.70000
02.54000
02.61000
01.45000
02.34000
04.90000
03.88000
01.00000
01.74000
01.17000
02.74000
02.13000
04.02000
03.92000
03.02000
03.91000
03.50000
02.75000
01.53000
02.42000
03.51000
04.22000
04.12000
02.75000
04.38000
03.91000
01.61000
02.96000
03.45000
02.41000
01.83000
02.13000
03.02000
01.29000
01.60000
04.35000
02.45000
03.12000
02.76000
02.70000
02.05000
03.49000
04.13000
03.24000
03.14000
02.98000
01.54000
01.06000
04.07000
03.16000
03.82000
04.97000
02.14000
01.31000
04.48000
04.68000
03.23000
04.03000
04.96000
02.10000
03.09000
01.44000
03.83000
02.43000
04.20000
01.23000
02.04000
03.86000
02.00000
04.11000
01.54000
01.60000
04.94000
03.77000
01.28000
03.86000
02.47000
02.93000
01.22000
03.84000
01.06000
01.28000
02.32000
03.74000
04.15000
03.53000
02.52000
02.76000
04.20000
03.37000
04.77000
01.11000
02.65000
03.53000
01.04000
03.99000
01.97000
03.69000
04.27000
01.61000
01.60000
02.53000
02.32000
01.29000
02.16000
02.54000
02.77000
02.67000
03.44000
02.38000
04.77000
04.67000
02.69000
04.86000
02.42000
04.60000
04.50000
01.83000
02.78000
04.80000
02.43000
02.10000
01.93000
04.60000
03.07000
03.50000
04.96000
04.31000
02.00000
04.86000
01.94000
01.28000
03.80000
02.02000
03.94000
01.83000
02.04000
03.79000
03.06000
01.29000
03.29000
04.01000
04.35000
03.98000
03.15000
01.51000
01.91000
03.24000
02.18000
04.11000
02.82000
04.19000
01.30000
02.54000
04.91000
03.45000
01.58000
02.38000
04.93000
01.60000
04.39000
04.21000
03.22000
04.11000
04.45000
04.00000
04.97000
01.41000
01.45000
02.68000
04.40000
04.96000
04.10000
02.22000
04.70000
03.22000
02.10000
01.57000
02.07000
01.64000
02.16000
04.67000
01.73000
02.68000
03.97000
04.49000
01.87000
01.78000
04.24000
02.98000
01.70000
03.39000
04.68000
03.09000
01.42000
04.98000
03.98000
04.78000
02.23000
05.00000
01.85000
01.69000
02.57000
04.39000
04.64000
03.23000
03.39000
01.39000
01.40000
03.32000
03.56000
04.84000
03.05000
03.03000
03.40000
02.33000
04.41000
04.44000
04.24000
02.43000
01.31000
02.63000
04.41000
02.73000
02.58000
01.68000
03.23000
01.79000
02.05000
02.66000
01.05000
03.21000
02.54000
03.66000
03.17000
03.55000
03.89000
03.74000
03.94000
04.40000
02.91000
03.00000
02.68000
04.33000
01.44000
02.50000
03.72000
02.92000
02.32000
04.32000
04.38000
04.29000
02.08000
02.41000
03.07000
03.94000
02.35000
01.37000
03.09000
02.99000
01.23000
02.94000
03.56000
03.15000
01.67000
03.35000
01.95000
03.10000
03.62000
03.78000
04.70000
02.57000
04.03000
02.45000
03.26000
02.24000
04.86000
02.56000
02.09000
03.83000
01.06000
04.30000
02.65000
02.03000
04.58000
04.89000
03.38000
04.56000
04.38000
02.53000
03.73000
04.10000
02.41000
04.41000
04.17000
02.38000
01.62000
02.75000
02.15000
02.08000
01.97000
03.29000
04.46000
02.77000
02.76000
04.00000
02.87000
03.42000
01.14000
03.79000
01.23000
04.19000
04.12000
01.99000
02.10000
02.90000
04.78000
02.92000
01.08000
02.39000
01.21000
03.92000
02.73000
02.48000
04.48000
03.31000
04.63000
04.00000
02.67000
04.42000
01.37000
04.78000
04.85000
03.58000
04.52000
03.65000
01.11000
02.11000
02.66000
04.43000
02.53000
02.35000
01.37000
03.95000
01.17000
03.62000
03.22000
04.05000
02.13000
02.25000
03.80000
01.09000
04.93000
03.57000
02.36000
01.87000
02.15000
04.03000
03.48000
02.87000
03.34000
02.06000
02.55000
02.04000
03.73000
02.11000
01.29000
02.33000
03.50000
01.62000
02.40000
03.70000
03.87000
03.07000
01.58000
03.08000
03.03000
01.89000
03.53000
02.45000
04.19000
02.55000
01.95000
04.76000
03.55000
02.48000
03.55000
01.94000
02.32000
04.16000
04.04000
02.97000
02.70000
03.03000
04.11000
01.79000
03.89000
03.54000
01.47000
01.35000
02.09000
04.23000
02.56000
02.72000
01.61000
04.76000
01.04000
02.58000
01.48000
03.72000
03.88000
01.03000
03.49000
02.68000
03.90000
02.15000
02.97000
04.23000
02.92000
03.02000
04.25000
03.94000
03.79000
01.71000
04.66000
02.39000
02.32000
01.31000
02.52000
01.15000
03.34000
01.89000
01.16000
02.82000
04.68000
04.53000
04.91000
02.95000
01.17000
03.31000
03.10000
02.14000
04.65000
01.30000
02.06000
01.96000
03.92000
02.59000
01.11000
04.98000
04.83000
01.21000
03.43000
01.07000
02.92000
03.01000
01.91000
01.08000
02.12000
03.15000
04.07000
04.91000
01.10000
03.84000
01.36000
01.26000
01.81000
04.28000
02.23000
03.84000
03.20000
04.67000
04.13000
03.34000
01.23000
02.22000
01.52000
03.48000
04.85000
03.12000
01.85000
04.95000
04.01000
02.59000
01.58000
01.46000
01.66000
04.82000
02.15000
03.72000
01.76000
03.02000
02.02000
03.42000
01.27000
03.39000
04.65000
01.26000
02.13000
01.14000
02.48000
