50
10
5.69000
65.54000
59.83000
18.54000
48.32000
61.76000
26.50000
40.94000
38.89000
13.76000
69.68000
2.29000
92.25000
42.57000
19.63000
36.02000
51.03000
95.99000
28.32000
3.28000
79.56000
47.57000
74.48000
87.00000
69.96000
92.60000
62.58000
98.84000
38.08000
55.11000
20.87000
73.22000
24.53000
80.91000
2.32000
69.32000
94.66000
43.53000
84.65000
72.04000
41.58000
39.27000
73.37000
91.07000
79.14000
90.18000
95.68000
61.80000
49.95000
45.04000
82.74000
89.11000
66.21000
48.69000
68.24000
93.18000
91.97000
22.31000
43.10000
58.10000
76.36000
3.38000
51.04000
83.26000
75.45000
4.66000
61.49000
94.79000
71.07000
63.67000
68.67000
43.59000
69.79000
44.66000
91.51000
4.28000
3.93000
34.64000
74.72000
76.25000
28.57000
46.39000
86.74000
86.65000
26.53000
18.41000
22.79000
85.35000
4.39000
12.96000
99.79000
48.00000
92.47000
18.05000
64.46000
73.98000
49.85000
46.45000
84.25000
89.43000
5.20000
24.10000
74.20000
34.37000
53.50000
7.55000
70.37000
22.20000
68.01000
96.54000
53.05000
39.96000
46.04000
96.53000
31.93000
4.50000
9.62000
35.77000
41.41000
55.43000
5.54000
66.24000
41.66000
60.11000
6.35000
67.66000
17.61000
9.64000
9.35000
43.51000
77.91000
18.87000
36.56000
22.02000
58.99000
29.42000
35.80000
56.19000
20.02000
7.63000
78.59000
25.72000
44.90000
43.61000
63.24000
33.12000
44.32000
54.23000
11.79000
7.60000
40.80000
63.04000
48.20000
56.95000
6.22000
29.55000
70.37000
93.81000
26.45000
17.73000
33.08000
65.89000
77.15000
58.90000
23.36000
16.91000
59.70000
11.13000
53.96000
15.30000
98.23000
54.24000
63.39000
55.27000
44.63000
95.81000
14.92000
56.78000
72.54000
68.16000
94.55000
63.50000
83.34000
27.37000
18.06000
44.90000
3.17000
54.27000
20.94000
94.18000
79.92000
56.42000
66.46000
32.29000
91.22000
65.15000
43.64000
1.91000
37.47000
37.53000
82.53000
40.82000
71.47000
89.42000
2.73000
85.39000
87.89000
55.47000
82.21000
89.80000
27.11000
94.47000
2.70000
38.96000
78.25000
5.71000
64.70000
41.55000
59.16000
9.24000
98.42000
32.98000
10.44000
52.85000
57.85000
72.41000
96.45000
10.09000
20.71000
45.77000
11.29000
76.24000
89.50000
61.72000
67.83000
75.35000
94.43000
55.68000
9.66000
54.21000
88.50000
86.82000
1.14000
84.36000
50.42000
41.06000
33.37000
64.10000
82.69000
27.07000
78.29000
1.25000
72.02000
81.82000
57.10000
50.70000
56.78000
49.48000
46.36000
97.55000
2.69000
42.58000
52.64000
6.05000
27.68000
36.75000
8.27000
61.23000
76.46000
32.37000
68.32000
77.83000
19.48000
54.58000
16.62000
93.38000
48.94000
54.28000
57.73000
71.13000
84.79000
7.09000
24.98000
98.10000
71.72000
12.41000
73.45000
88.05000
78.19000
95.36000
85.97000
78.48000
98.39000
8.84000
69.09000
32.67000
52.27000
25.48000
54.16000
37.62000
37.12000
49.41000
28.38000
37.93000
80.99000
1.99000
8.22000
27.86000
82.76000
92.00000
96.21000
11.55000
2.60000
87.81000
66.88000
66.75000
23.43000
79.52000
16.53000
97.93000
55.91000
82.97000
66.20000
34.32000
35.47000
39.79000
64.69000
27.90000
21.27000
15.32000
83.53000
57.40000
97.23000
99.66000
21.02000
27.31000
75.01000
11.69000
97.21000
64.85000
88.05000
88.99000
61.88000
25.00000
96.49000
99.93000
85.58000
84.50000
85.27000
35.61000
85.36000
12.50000
39.63000
11.81000
17.08000
4.34000
20.07000
73.69000
27.78000
7.98000
45.67000
42.39000
55.99000
17.62000
67.31000
23.46000
64.97000
52.21000
60.63000
48.24000
42.73000
56.45000
26.02000
73.80000
2.03000
98.78000
87.61000
81.96000
79.38000
74.42000
97.28000
79.30000
40.04000
2.29000
30.69000
97.14000
70.03000
25.12000
86.20000
92.56000
83.11000
13.34000
90.97000
47.38000
17.78000
60.15000
94.87000
67.17000
35.32000
85.51000
80.72000
50.97000
64.83000
76.88000
50.29000
82.12000
58.40000
26.90000
99.67000
83.35000
25.24000
91.05000
71.47000
2.47000
18.34000
31.51000
31.04000
10.00000
16.42000
31.19000
68.50000
4.24000
22.97000
99.76000
1.70000
7.24000
66.22000
73.63000
69.23000
65.79000
1.14000
11.99000
39.47000
53.43000
4.46000
97.74000
2.51000
66.45000
79.68000
43.55000
73.21000
27.90000
57.01000
81.84000
94.17000
83.58000
88.44000
73.77000
31.75000
8.01000
99.22000
20.02000
52.61000
47.99000
33.56000
53.84000
35.92000
75.53000
55.10000
78.30000
38.56000
4.19000
34.30000
19.52000
42.37000
69.45000
64.37000
26.40000
53.92000
36.59000
65.24000
74.56000
5.54000
91.62000
80.62000
65.40000
52.30000
49.30000
79.95000
24.04000
77.01000
46.14000
57.45000
99.39000
86.27000
45.40000
32.05000
69.07000
12.39000
35.10000
47.45000
32.48000
10.44000
27.99000
73.11000
14.74000
62.25000
61.60000
4.22000
65.75000
02.09000
04.58000
01.92000
02.70000
02.27000
03.45000
02.43000
03.52000
03.01000
01.93000
03.92000
01.99000
02.39000
01.35000
02.96000
01.94000
03.48000
04.03000
01.13000
04.19000
02.37000
01.31000
01.00000
02.58000
04.13000
01.51000
02.17000
03.93000
02.84000
01.97000
01.20000
04.07000
01.58000
01.00000
03.67000
03.83000
04.43000
01.94000
04.16000
01.03000
04.46000
01.12000
02.25000
02.51000
03.76000
03.86000
02.52000
04.10000
01.39000
04.49000
04.69000
01.67000
04.23000
02.39000
02.57000
02.87000
01.36000
01.40000
02.00000
01.07000
03.75000
03.76000
01.67000
04.21000
04.62000
03.92000
01.28000
01.25000
02.15000
01.34000
01.54000
02.15000
03.56000
04.46000
04.15000
01.86000
01.05000
02.74000
03.81000
04.32000
03.81000
02.63000
04.23000
02.50000
02.07000
03.59000
02.12000
02.35000
03.00000
02.07000
03.16000
02.82000
02.83000
03.52000
02.07000
03.86000
02.75000
02.39000
02.55000
02.43000
02.56000
02.10000
04.00000
03.19000
01.87000
03.33000
02.75000
03.01000
03.52000
02.02000
01.38000
01.46000
03.84000
01.74000
02.73000
04.60000
04.17000
03.08000
02.61000
03.52000
02.82000
03.61000
01.87000
02.31000
03.14000
01.91000
02.32000
02.02000
01.43000
01.56000
02.80000
04.75000
03.04000
03.13000
03.12000
01.57000
02.30000
04.22000
04.13000
04.56000
02.52000
03.38000
03.65000
02.79000
04.04000
04.21000
04.51000
02.35000
04.19000
03.27000
03.54000
03.31000
02.84000
01.02000
02.18000
04.37000
04.71000
01.68000
02.41000
03.06000
02.05000
02.44000
03.21000
03.57000
04.29000
02.01000
04.52000
03.12000
01.90000
04.08000
03.29000
03.89000
02.33000
01.36000
01.48000
01.11000
02.02000
03.56000
02.03000
02.96000
02.43000
01.38000
04.92000
02.66000
02.02000
02.51000
03.08000
02.41000
04.24000
03.66000
02.46000
01.40000
01.53000
02.55000
02.04000
03.85000
03.37000
01.86000
01.74000
02.95000
03.12000
04.34000
02.17000
03.18000
02.77000
03.97000
01.28000
01.46000
01.36000
02.72000
03.99000
01.14000
01.47000
02.42000
03.39000
02.56000
02.68000
01.89000
01.55000
03.04000
01.56000
04.96000
01.56000
04.92000
03.70000
04.47000
03.48000
03.51000
03.68000
02.23000
04.40000
03.15000
01.06000
01.09000
02.39000
01.17000
04.44000
04.85000
04.54000
03.89000
03.38000
02.36000
02.92000
02.65000
04.47000
03.45000
02.61000
01.76000
03.28000
02.93000
02.41000
03.16000
02.51000
04.02000
02.73000
02.48000
02.24000
03.38000
02.04000
02.37000
02.93000
03.91000
03.53000
03.28000
02.28000
04.56000
03.41000
02.66000
02.99000
01.28000
02.89000
02.96000
04.78000
03.03000
04.16000
03.64000
04.34000
03.76000
02.43000
01.16000
03.37000
02.42000
01.90000
04.95000
04.58000
02.97000
03.78000
01.49000
03.68000
02.35000
02.27000
02.21000
01.36000
02.53000
04.57000
03.58000
03.33000
02.46000
02.88000
03.05000
01.33000
04.58000
04.50000
01.61000
03.80000
02.17000
03.85000
01.80000
01.62000
01.36000
04.35000
01.00000
03.62000
02.21000
01.31000
01.78000
03.63000
01.82000
03.08000
03.73000
04.48000
02.25000
02.97000
03.41000
01.99000
02.58000
03.31000
02.41000
05.00000
02.89000
03.44000
03.31000
03.33000
04.26000
03.67000
01.68000
03.80000
04.78000
01.35000
02.10000
02.26000
03.50000
02.79000
02.15000
03.52000
04.53000
03.33000
04.41000
01.41000
04.92000
01.85000
03.30000
02.40000
04.17000
04.20000
02.92000
04.96000
03.42000
01.22000
01.36000
02.30000
02.22000
04.36000
03.32000
04.37000
03.77000
02.09000
02.51000
02.12000
04.27000
03.85000
01.62000
03.51000
04.93000
04.10000
04.37000
01.48000
03.94000
02.29000
03.45000
02.00000
04.52000
02.88000
04.57000
04.01000
02.86000
03.31000
02.43000
03.48000
04.17000
02.04000
04.74000
01.34000
02.65000
02.53000
04.20000
03.56000
01.50000
01.22000
02.50000
04.76000
03.93000
01.70000
03.84000
03.05000
03.81000
04.21000
02.68000
01.91000
01.57000
04.20000
01.94000
04.42000
03.54000
03.26000
02.44000
02.67000
01.04000
03.96000
02.02000
01.73000
02.39000
01.89000
03.49000
03.67000
04.94000
01.62000
02.69000
03.59000
03.00000
04.73000
04.45000
01.54000
03.91000
01.80000
02.59000
02.62000
03.99000
04.41000
03.95000
04.90000
04.58000
01.13000
04.34000
03.45000
03.99000
01.54000
04.60000
02.37000
01.56000
04.62000
04.29000
01.42000
04.34000
03.95000
01.13000
02.95000
04.06000
04.97000
03.36000
02.38000
04.03000
03.37000
03.92000
01.93000
03.68000
03.86000
04.78000
04.78000
03.48000
04.13000
04.88000
03.15000
04.88000
02.89000
04.19000
02.24000
02.33000
03.85000
03.64000
04.24000
03.28000
03.71000
01.20000
04.38000
04.18000
04.17000
03.81000
02.83000
02.50000
03.93000
03.44000
04.82000
04.67000
02.70000
01.03000
04.55000
02.17000
01.18000
02.54000
