50
10
152.13000
144.10000
164.24000
157.89000
163.41000
188.83000
113.35000
113.92000
116.84000
174.24000
165.73000
124.90000
190.93000
185.10000
112.40000
188.08000
189.19000
131.17000
169.38000
125.73000
140.15000
147.21000
177.69000
185.11000
197.31000
193.00000
103.34000
138.50000
139.20000
153.29000
137.34000
183.15000
169.32000
137.86000
195.72000
141.33000
116.20000
181.47000
119.48000
160.31000
133.35000
143.89000
174.65000
112.35000
199.28000
109.87000
152.23000
194.72000
117.52000
189.19000
184.13000
163.27000
187.42000
126.93000
189.78000
110.59000
164.70000
107.26000
137.23000
186.52000
133.99000
144.52000
133.13000
153.97000
114.41000
114.12000
109.11000
100.81000
150.11000
116.44000
121.82000
139.95000
110.23000
176.86000
152.89000
109.26000
188.91000
145.79000
108.97000
171.65000
105.30000
198.62000
121.69000
115.01000
103.52000
135.72000
147.70000
152.22000
152.73000
182.50000
168.64000
121.17000
147.06000
189.35000
191.15000
184.75000
105.66000
131.65000
146.87000
130.87000
194.17000
169.21000
171.91000
198.09000
181.94000
197.58000
185.63000
104.81000
108.43000
146.02000
189.84000
186.49000
133.42000
180.55000
156.80000
121.63000
141.67000
192.19000
183.77000
113.77000
142.93000
196.96000
193.03000
191.41000
171.99000
135.85000
131.83000
108.07000
188.61000
174.91000
172.45000
142.27000
177.54000
105.13000
112.14000
197.51000
148.56000
142.53000
173.18000
102.33000
136.43000
128.13000
102.82000
110.22000
100.92000
127.95000
173.35000
199.72000
126.79000
133.00000
132.51000
172.52000
165.47000
136.12000
154.65000
150.70000
152.45000
150.68000
187.83000
172.05000
116.30000
102.36000
169.94000
130.71000
107.39000
197.79000
163.87000
145.83000
101.14000
168.62000
157.52000
161.53000
197.91000
171.49000
163.77000
146.97000
123.11000
188.03000
120.51000
196.28000
127.12000
124.90000
190.64000
128.61000
185.34000
113.72000
162.05000
188.09000
198.15000
111.14000
147.62000
143.87000
190.96000
198.81000
185.25000
190.08000
114.13000
183.35000
137.82000
145.86000
159.33000
101.66000
155.64000
106.60000
148.61000
110.96000
109.78000
124.57000
199.76000
171.29000
118.19000
139.08000
153.79000
129.92000
134.36000
109.89000
176.73000
159.11000
136.82000
121.77000
159.59000
156.13000
129.07000
184.49000
118.38000
143.24000
139.65000
132.81000
194.11000
167.71000
122.06000
126.50000
152.82000
101.81000
154.81000
150.32000
185.50000
142.79000
141.43000
114.04000
108.19000
112.94000
110.43000
152.42000
161.88000
159.50000
115.32000
125.24000
112.60000
154.76000
186.58000
108.06000
150.68000
145.15000
100.42000
142.72000
179.61000
189.09000
133.61000
199.16000
159.33000
164.38000
155.28000
102.78000
171.48000
108.92000
159.57000
103.96000
122.70000
185.59000
165.63000
178.09000
144.63000
182.29000
117.59000
125.58000
193.91000
111.90000
184.59000
171.79000
152.18000
112.33000
160.78000
167.14000
126.08000
146.44000
165.30000
187.00000
147.25000
102.15000
142.29000
131.78000
172.34000
192.34000
160.88000
126.85000
182.97000
154.89000
115.22000
122.61000
154.57000
112.21000
107.73000
180.12000
172.33000
182.93000
142.56000
115.61000
126.68000
112.20000
196.98000
195.78000
139.86000
128.53000
105.75000
161.66000
159.16000
185.45000
128.64000
179.25000
156.83000
161.47000
150.41000
139.57000
130.14000
160.10000
180.83000
158.64000
101.36000
109.86000
154.66000
177.47000
117.75000
164.26000
131.68000
162.08000
151.58000
101.83000
196.64000
103.48000
100.11000
126.07000
159.31000
117.69000
185.61000
165.50000
154.45000
145.73000
155.34000
173.64000
121.51000
119.00000
186.39000
136.92000
119.86000
184.57000
169.61000
116.70000
109.91000
139.61000
191.60000
161.15000
192.06000
140.74000
165.25000
139.38000
191.70000
169.62000
128.47000
145.55000
159.21000
132.87000
144.13000
198.80000
169.99000
162.15000
100.13000
143.27000
124.43000
114.09000
109.36000
148.09000
147.92000
170.33000
109.71000
107.41000
190.85000
137.52000
164.06000
140.37000
128.61000
147.29000
160.32000
191.11000
161.59000
156.28000
111.37000
128.78000
115.18000
146.14000
168.98000
155.26000
130.77000
177.17000
100.41000
107.34000
107.25000
138.41000
119.69000
127.06000
195.21000
144.05000
130.33000
124.18000
110.66000
116.34000
160.85000
133.46000
194.63000
102.55000
164.77000
114.68000
113.12000
174.96000
120.60000
152.58000
157.16000
130.81000
131.85000
156.95000
142.76000
192.39000
127.04000
162.55000
110.93000
106.95000
159.69000
129.14000
127.69000
146.76000
108.32000
141.49000
184.06000
109.08000
176.43000
109.36000
196.04000
116.19000
192.55000
167.52000
151.64000
107.67000
108.23000
150.66000
151.11000
133.67000
144.39000
190.34000
103.73000
130.88000
146.37000
192.04000
141.11000
187.17000
158.31000
156.15000
119.90000
115.44000
149.37000
108.06000
121.75000
153.58000
113.67000
198.16000
153.29000
164.48000
170.36000
101.83000
146.17000
136.04000
163.58000
119.48000
157.02000
181.13000
162.47000
176.49000
167.49000
137.65000
161.17000
123.25000
184.21000
168.50000
178.83000
135.16000
138.83000
161.56000
159.57000
112.60000
187.98000
129.73000
01.56000
03.69000
03.82000
04.77000
02.18000
03.35000
03.02000
04.20000
03.99000
04.39000
04.08000
03.30000
01.58000
04.62000
04.08000
02.37000
02.51000
02.88000
01.09000
02.77000
03.37000
02.99000
02.19000
02.80000
01.73000
01.78000
03.46000
01.80000
04.18000
01.08000
01.98000
04.11000
02.28000
03.71000
03.82000
03.04000
04.63000
01.52000
04.07000
04.92000
04.79000
03.31000
02.79000
01.08000
01.36000
02.93000
01.08000
03.86000
01.89000
03.20000
02.99000
01.91000
03.95000
02.90000
04.07000
01.55000
04.55000
04.70000
04.38000
02.01000
02.37000
03.92000
03.13000
03.73000
03.09000
03.51000
04.51000
04.17000
01.44000
03.43000
01.74000
01.79000
01.10000
04.62000
01.02000
04.04000
02.79000
01.04000
01.54000
03.37000
04.20000
03.64000
03.52000
01.24000
04.04000
04.38000
04.15000
04.09000
02.02000
04.20000
01.64000
03.38000
02.83000
01.07000
03.19000
03.57000
04.18000
01.94000
01.01000
02.10000
02.22000
02.95000
01.00000
01.13000
03.47000
03.39000
04.27000
03.29000
02.33000
03.68000
02.92000
02.72000
03.62000
03.88000
04.30000
01.97000
01.16000
01.08000
04.72000
04.64000
01.79000
01.36000
01.52000
03.29000
01.34000
03.79000
01.02000
03.52000
04.63000
04.45000
02.56000
03.88000
01.50000
04.42000
02.46000
03.98000
02.76000
01.78000
02.04000
04.37000
04.25000
03.61000
03.64000
02.65000
02.80000
01.98000
02.59000
01.38000
04.23000
01.97000
02.49000
03.31000
03.54000
02.46000
01.90000
04.55000
01.29000
03.47000
04.24000
04.87000
02.07000
04.27000
04.95000
04.96000
03.83000
04.07000
04.49000
02.53000
01.52000
03.07000
04.32000
04.27000
03.10000
02.48000
02.89000
01.90000
01.52000
04.50000
03.65000
04.11000
02.73000
04.33000
03.05000
04.61000
01.68000
02.18000
02.54000
02.10000
02.34000
03.24000
04.59000
04.29000
01.64000
01.73000
04.64000
03.87000
01.55000
04.83000
03.15000
02.55000
04.12000
03.60000
01.58000
04.06000
04.00000
02.14000
04.80000
02.69000
02.71000
04.81000
03.77000
03.98000
03.32000
01.94000
04.05000
04.77000
01.92000
04.85000
04.23000
02.88000
03.57000
01.87000
03.88000
01.14000
02.37000
02.32000
03.58000
03.37000
01.38000
04.55000
04.92000
02.41000
04.68000
03.86000
02.46000
04.09000
01.35000
04.61000
03.79000
03.23000
01.48000
04.10000
01.48000
03.66000
04.13000
04.67000
01.11000
02.21000
01.40000
01.65000
01.44000
01.94000
02.91000
02.93000
03.16000
02.72000
02.94000
04.72000
02.81000
01.14000
01.13000
03.00000
04.09000
02.15000
03.68000
01.22000
03.70000
03.70000
01.78000
03.84000
03.35000
04.74000
03.66000
04.30000
01.75000
01.23000
02.50000
01.06000
02.59000
02.13000
04.51000
01.58000
02.57000
01.38000
04.89000
02.30000
03.41000
01.94000
03.86000
04.68000
03.80000
03.76000
02.60000
03.18000
03.45000
03.79000
03.33000
01.24000
03.05000
03.99000
03.67000
02.39000
03.71000
03.20000
03.95000
02.38000
03.07000
02.54000
02.09000
01.59000
02.32000
02.77000
03.41000
04.60000
01.31000
02.96000
02.26000
05.00000
04.85000
03.19000
01.95000
01.35000
02.77000
04.55000
02.81000
01.23000
01.90000
01.11000
02.18000
01.23000
02.08000
03.95000
02.37000
02.93000
04.12000
01.15000
02.72000
04.89000
01.86000
01.78000
03.56000
02.71000
02.13000
03.92000
02.21000
04.95000
04.74000
02.65000
05.00000
01.19000
02.09000
03.16000
04.11000
01.61000
03.98000
03.55000
01.95000
04.41000
03.11000
01.45000
03.37000
03.71000
03.44000
02.06000
02.85000
03.20000
01.93000
03.60000
03.83000
03.59000
04.52000
01.27000
02.77000
02.58000
02.17000
03.26000
01.11000
02.87000
02.83000
02.78000
01.32000
04.17000
03.45000
02.03000
02.85000
03.18000
01.99000
04.22000
02.14000
01.60000
01.40000
01.56000
04.66000
02.14000
01.63000
03.23000
04.85000
04.50000
03.64000
03.45000
03.44000
02.05000
04.35000
04.79000
02.89000
02.09000
01.52000
04.85000
02.05000
04.26000
03.57000
01.83000
04.49000
03.39000
04.56000
01.07000
02.80000
03.31000
03.58000
04.88000
02.56000
04.85000
04.71000
04.60000
02.33000
01.84000
01.02000
04.56000
01.70000
01.10000
02.60000
02.08000
01.25000
02.46000
04.51000
03.49000
02.56000
02.75000
02.85000
04.13000
04.19000
03.81000
02.68000
04.31000
01.74000
04.45000
02.09000
01.36000
03.78000
04.50000
01.94000
01.95000
02.12000
01.04000
03.01000
03.39000
02.91000
02.97000
01.95000
04.55000
04.06000
01.71000
02.97000
02.86000
04.25000
01.21000
03.27000
04.78000
03.20000
02.42000
01.05000
01.77000
01.62000
03.30000
03.52000
02.28000
01.19000
02.80000
02.88000
03.76000
04.63000
04.87000
04.33000
04.66000
03.65000
02.47000
02.08000
04.45000
02.93000
01.55000
03.32000
03.56000
04.19000
01.07000
04.27000
03.46000
02.13000
04.96000
02.13000
02.60000
