50
7
39.07000
49.54000
37.83000
33.60000
59.94000
11.60000
19.17000
34.09000
66.84000
60.42000
89.08000
12.93000
20.85000
53.83000
85.69000
94.81000
70.24000
24.46000
9.52000
59.42000
5.94000
31.24000
73.04000
84.04000
4.04000
10.89000
57.11000
99.97000
81.33000
25.43000
53.53000
40.07000
45.75000
14.68000
19.52000
86.24000
40.91000
43.75000
25.23000
25.93000
1.60000
55.55000
6.21000
93.63000
99.30000
19.29000
10.95000
30.40000
98.62000
78.98000
25.50000
77.81000
58.39000
77.73000
51.54000
88.93000
8.60000
58.84000
91.09000
5.36000
53.79000
9.14000
90.91000
32.58000
23.95000
60.63000
98.34000
68.27000
22.86000
12.77000
13.74000
48.75000
81.60000
74.90000
36.03000
97.53000
10.05000
24.81000
19.19000
79.80000
40.40000
50.21000
16.71000
47.92000
84.61000
6.22000
34.16000
92.89000
80.95000
58.89000
78.65000
96.92000
43.49000
41.68000
10.33000
79.87000
12.59000
98.99000
86.89000
50.79000
32.99000
77.34000
32.35000
80.44000
98.69000
83.76000
54.42000
96.73000
53.86000
70.13000
55.75000
24.40000
13.50000
4.88000
90.24000
61.60000
7.55000
56.00000
2.97000
86.27000
30.33000
46.52000
73.68000
2.65000
90.11000
98.01000
76.27000
87.77000
60.59000
86.09000
21.34000
50.97000
27.37000
85.93000
7.65000
73.38000
40.49000
25.75000
73.62000
65.41000
64.90000
33.30000
48.86000
13.30000
29.97000
89.40000
98.64000
28.57000
77.00000
77.40000
29.93000
6.31000
27.24000
68.59000
92.88000
12.91000
2.23000
10.91000
42.80000
3.06000
28.82000
62.15000
23.69000
88.65000
97.08000
25.61000
7.86000
98.52000
99.67000
89.76000
43.40000
23.91000
79.26000
85.75000
6.71000
68.01000
80.09000
31.91000
47.99000
2.40000
98.42000
84.22000
46.71000
8.60000
33.10000
90.85000
57.17000
34.55000
31.98000
37.64000
60.95000
42.11000
46.50000
97.59000
16.43000
56.56000
79.10000
86.39000
7.28000
18.10000
11.85000
3.52000
15.03000
81.32000
80.18000
97.64000
54.38000
99.72000
37.70000
34.35000
29.02000
49.53000
91.48000
28.83000
47.78000
41.52000
91.21000
25.51000
35.39000
88.96000
73.78000
44.66000
79.00000
58.20000
15.75000
33.84000
81.69000
15.13000
80.84000
16.38000
9.96000
76.68000
75.46000
41.93000
42.24000
64.34000
92.17000
37.93000
24.36000
48.62000
64.21000
57.13000
14.10000
2.61000
13.00000
30.05000
33.65000
49.42000
97.63000
12.54000
82.27000
14.05000
60.49000
33.22000
74.45000
84.52000
22.40000
85.79000
99.71000
40.81000
85.71000
81.10000
41.40000
37.38000
41.75000
25.87000
31.93000
69.32000
5.13000
39.75000
7.25000
21.95000
67.25000
8.79000
53.35000
17.21000
48.83000
30.98000
59.77000
67.24000
44.37000
69.73000
66.12000
24.84000
75.67000
3.37000
14.52000
29.00000
42.33000
70.64000
96.15000
59.37000
68.24000
29.23000
8.76000
84.75000
56.10000
96.21000
95.11000
13.65000
91.53000
83.67000
36.65000
66.66000
59.74000
64.25000
24.77000
17.60000
93.62000
47.45000
50.02000
37.94000
34.37000
37.28000
16.25000
89.15000
83.63000
88.82000
63.97000
60.02000
60.93000
60.65000
25.90000
14.10000
47.25000
60.44000
70.39000
41.26000
38.48000
98.38000
57.99000
10.16000
93.93000
37.72000
85.90000
13.76000
88.83000
40.25000
42.52000
22.81000
60.85000
21.82000
52.89000
34.36000
61.56000
97.81000
33.24000
22.27000
7.96000
38.66000
09.52000
08.18000
08.29000
05.01000
07.30000
08.88000
05.54000
05.55000
06.03000
09.63000
06.95000
06.32000
09.10000
09.49000
09.54000
05.94000
06.54000
05.99000
05.74000
05.27000
07.54000
07.73000
05.85000
09.97000
07.92000
06.78000
05.57000
07.93000
07.62000
06.24000
08.51000
06.84000
08.25000
07.74000
08.63000
06.63000
05.56000
08.91000
07.81000
07.00000
06.91000
05.90000
08.31000
09.94000
08.83000
05.87000
05.30000
07.16000
09.49000
09.51000
09.75000
07.81000
09.56000
05.08000
09.31000
05.67000
06.90000
08.46000
06.28000
06.70000
08.04000
09.09000
06.21000
07.27000
06.26000
09.46000
09.45000
05.38000
08.33000
07.46000
08.58000
08.19000
07.04000
08.87000
05.97000
09.48000
08.68000
09.87000
06.25000
07.17000
05.60000
09.50000
08.80000
05.84000
08.61000
07.23000
05.28000
09.19000
09.59000
05.39000
07.13000
07.57000
08.88000
06.71000
08.01000
05.47000
07.89000
06.83000
06.40000
09.03000
08.48000
09.38000
09.18000
06.75000
05.06000
09.26000
08.97000
08.92000
08.46000
06.63000
05.73000
07.72000
08.76000
08.76000
08.79000
05.62000
08.93000
07.72000
09.13000
08.63000
07.32000
07.82000
06.86000
08.75000
05.18000
08.13000
08.74000
06.50000
09.16000
05.00000
05.66000
08.43000
08.77000
09.55000
05.17000
09.60000
08.94000
05.14000
08.93000
06.07000
07.47000
09.92000
05.27000
07.43000
07.58000
09.30000
06.64000
09.28000
05.34000
08.45000
08.97000
09.89000
07.27000
08.48000
08.21000
06.52000
09.25000
08.94000
05.28000
05.71000
07.87000
06.73000
05.86000
08.03000
07.12000
09.15000
06.64000
06.89000
05.78000
05.14000
07.85000
06.13000
09.88000
07.79000
05.70000
07.46000
05.21000
06.81000
09.94000
08.00000
09.84000
06.08000
06.33000
07.73000
06.60000
06.10000
09.15000
07.05000
05.59000
06.52000
08.68000
09.23000
06.66000
08.61000
08.73000
07.95000
06.94000
07.82000
09.13000
09.76000
08.19000
09.29000
06.25000
07.19000
06.83000
08.65000
09.01000
09.94000
08.58000
07.56000
06.65000
07.53000
09.58000
05.92000
05.18000
05.68000
05.10000
09.66000
08.51000
09.89000
07.04000
08.19000
05.93000
07.90000
06.47000
06.96000
09.63000
07.22000
06.06000
09.95000
07.19000
07.65000
07.67000
07.12000
09.06000
08.73000
09.75000
06.97000
06.12000
07.27000
09.94000
09.01000
07.09000
09.85000
07.47000
06.27000
06.13000
05.33000
05.75000
07.77000
07.04000
09.67000
09.78000
06.49000
09.15000
06.58000
09.02000
08.34000
08.21000
07.12000
08.59000
08.94000
09.37000
05.38000
07.62000
09.77000
05.09000
09.61000
06.24000
05.22000
07.57000
09.69000
08.11000
05.03000
06.27000
09.63000
07.88000
06.87000
05.44000
05.10000
08.74000
08.78000
06.58000
05.91000
09.88000
06.70000
05.95000
08.49000
09.02000
06.94000
07.08000
08.43000
09.89000
08.73000
08.28000
07.95000
09.72000
06.67000
05.11000
08.42000
07.63000
08.22000
08.38000
05.78000
05.78000
09.43000
06.36000
06.53000
06.55000
07.20000
05.04000
07.46000
06.51000
08.42000
06.50000
06.91000
07.61000
07.24000
06.93000
09.24000
09.69000
07.59000
09.19000
07.32000
07.98000
05.65000
05.27000
05.03000
05.60000
07.39000
08.80000
09.77000
06.08000
06.02000
07.54000
09.95000
05.80000
09.53000
05.92000
07.51000
06.57000
08.17000
07.48000
05.40000
08.07000
06.96000
07.42000
05.07000
05.38000
08.18000
