50
10
149.89000
119.86000
140.72000
164.81000
150.05000
136.48000
147.84000
118.13000
143.14000
157.06000
134.03000
114.66000
157.67000
116.37000
140.28000
101.68000
147.15000
174.17000
132.63000
151.45000
190.12000
115.23000
102.08000
161.24000
190.06000
149.31000
164.66000
153.31000
175.52000
111.18000
161.37000
174.92000
199.99000
160.60000
158.23000
198.35000
142.00000
182.35000
146.26000
120.86000
105.06000
186.18000
141.48000
164.71000
117.68000
106.87000
184.89000
177.17000
133.39000
104.17000
131.55000
144.00000
105.79000
150.58000
162.12000
163.30000
130.26000
131.41000
191.51000
180.75000
128.75000
163.71000
176.39000
109.24000
170.41000
172.86000
198.38000
186.66000
149.39000
109.27000
164.12000
175.91000
184.82000
148.33000
105.27000
164.87000
120.83000
190.41000
178.45000
166.43000
126.59000
160.93000
165.30000
118.49000
196.21000
110.25000
172.48000
183.93000
148.85000
113.78000
131.62000
150.65000
128.64000
171.91000
199.35000
131.53000
104.73000
110.02000
157.33000
164.47000
129.15000
185.17000
107.97000
162.89000
166.15000
186.41000
171.32000
199.12000
155.16000
133.50000
163.43000
161.08000
105.94000
142.46000
106.57000
177.29000
153.26000
154.30000
148.01000
101.28000
156.88000
135.05000
160.01000
111.55000
101.58000
175.72000
139.84000
111.62000
197.11000
192.33000
109.77000
130.01000
178.24000
125.88000
117.05000
120.23000
104.75000
142.39000
133.96000
160.79000
161.38000
132.89000
157.76000
155.22000
157.91000
113.39000
110.72000
132.04000
129.11000
124.89000
121.18000
121.30000
126.36000
186.91000
111.40000
180.25000
184.94000
192.01000
132.19000
114.41000
164.91000
191.26000
171.44000
167.91000
166.66000
141.29000
142.04000
109.89000
115.59000
123.76000
181.89000
134.50000
162.09000
145.29000
153.88000
160.86000
181.54000
137.53000
145.89000
133.14000
174.33000
157.12000
170.82000
120.46000
165.86000
185.70000
166.55000
116.96000
106.52000
129.91000
195.98000
141.79000
171.70000
121.40000
147.00000
139.09000
161.78000
116.79000
132.50000
178.00000
121.82000
186.40000
130.63000
171.90000
148.80000
147.66000
154.13000
129.73000
113.44000
148.24000
132.66000
197.37000
106.75000
185.39000
169.74000
184.60000
144.74000
181.39000
193.89000
126.19000
168.42000
183.50000
158.62000
181.89000
143.83000
163.98000
142.45000
136.47000
161.96000
120.10000
148.89000
199.70000
138.84000
174.14000
106.47000
106.35000
115.49000
173.34000
168.68000
116.17000
157.91000
189.98000
114.06000
113.94000
157.12000
121.32000
146.11000
109.43000
129.14000
189.64000
129.05000
181.98000
168.20000
106.72000
107.26000
109.32000
146.27000
134.36000
186.84000
152.99000
182.16000
112.89000
186.94000
188.35000
107.50000
130.20000
151.70000
115.81000
178.95000
199.17000
150.25000
160.76000
178.14000
157.69000
176.73000
173.59000
111.70000
168.67000
150.29000
129.69000
111.29000
119.98000
115.07000
129.44000
133.55000
124.52000
140.21000
198.24000
160.10000
120.18000
119.84000
186.48000
197.60000
169.85000
173.11000
169.55000
177.68000
161.42000
144.17000
147.85000
157.50000
179.42000
148.66000
198.71000
179.58000
109.34000
150.69000
112.53000
176.51000
148.58000
135.59000
146.82000
120.56000
175.67000
188.12000
192.59000
109.01000
194.13000
118.05000
165.86000
164.12000
132.46000
160.15000
107.64000
133.15000
144.19000
174.17000
183.95000
188.36000
107.83000
144.89000
185.80000
127.03000
126.89000
182.08000
129.21000
171.42000
129.90000
120.49000
155.19000
168.79000
170.36000
119.89000
129.76000
191.41000
126.80000
165.05000
143.94000
136.55000
102.73000
134.23000
141.54000
103.56000
184.32000
196.36000
164.84000
116.58000
194.10000
194.73000
134.64000
137.90000
150.56000
179.72000
157.56000
130.41000
172.86000
126.74000
165.25000
182.02000
105.11000
136.16000
114.36000
105.60000
116.48000
133.38000
186.52000
139.06000
101.10000
168.79000
188.38000
145.27000
178.10000
117.78000
151.56000
112.13000
191.63000
180.74000
132.73000
152.54000
110.84000
183.06000
113.51000
104.38000
129.85000
175.13000
100.54000
130.54000
167.81000
132.35000
125.47000
160.45000
116.34000
124.79000
124.48000
190.92000
112.97000
194.44000
180.66000
110.02000
190.51000
101.36000
119.51000
171.26000
108.74000
111.55000
113.30000
153.16000
152.41000
116.04000
159.30000
159.23000
131.29000
130.84000
179.76000
118.00000
180.15000
196.96000
121.95000
182.98000
158.75000
180.42000
158.15000
132.68000
151.85000
172.23000
185.61000
170.61000
169.24000
188.42000
126.61000
125.31000
145.66000
169.99000
128.40000
150.27000
140.88000
182.97000
163.25000
124.01000
139.68000
167.48000
181.22000
109.48000
162.85000
183.28000
133.12000
109.22000
181.94000
159.24000
175.75000
106.82000
107.58000
177.00000
147.00000
196.41000
190.15000
143.21000
109.75000
197.15000
105.06000
189.51000
151.91000
153.16000
152.69000
172.53000
186.36000
133.59000
158.43000
173.91000
150.99000
132.59000
172.67000
100.30000
108.69000
169.28000
170.81000
183.34000
147.36000
187.82000
153.23000
179.66000
179.88000
157.34000
145.32000
170.91000
144.14000
171.99000
197.48000
163.74000
103.04000
04.72000
02.60000
01.77000
04.19000
03.17000
02.14000
02.51000
04.46000
04.72000
03.46000
04.02000
01.78000
01.95000
02.38000
01.37000
02.50000
04.43000
03.73000
02.63000
01.94000
02.75000
01.33000
04.90000
04.42000
04.48000
02.03000
02.24000
03.29000
02.20000
01.64000
01.73000
04.85000
01.49000
04.99000
03.45000
04.45000
04.92000
01.92000
04.49000
02.41000
04.07000
03.24000
02.91000
04.06000
03.53000
04.80000
01.79000
03.72000
04.87000
03.41000
03.25000
04.30000
01.94000
02.38000
01.84000
03.80000
01.38000
04.62000
04.81000
03.77000
04.19000
04.94000
01.38000
02.67000
02.07000
04.28000
01.75000
03.94000
03.72000
04.61000
01.11000
04.05000
02.85000
04.86000
03.68000
04.44000
02.15000
01.00000
02.65000
03.57000
01.34000
01.98000
04.23000
04.89000
01.12000
01.75000
03.62000
04.85000
03.18000
03.27000
01.03000
04.91000
02.23000
02.49000
01.66000
03.52000
01.98000
04.36000
03.70000
04.14000
03.53000
01.67000
02.43000
02.23000
03.37000
01.87000
04.24000
01.36000
03.23000
02.81000
04.85000
03.65000
01.92000
02.59000
01.58000
01.67000
03.28000
04.26000
04.77000
01.02000
04.13000
03.92000
01.74000
04.26000
02.30000
02.64000
04.82000
02.97000
04.62000
02.49000
03.34000
01.74000
02.92000
02.56000
03.62000
02.14000
02.02000
02.93000
01.01000
02.74000
03.76000
04.67000
03.81000
03.13000
02.97000
01.86000
01.37000
03.89000
03.46000
01.57000
01.42000
03.15000
04.05000
04.31000
01.16000
03.20000
01.71000
02.95000
01.48000
02.48000
01.06000
02.55000
03.84000
03.69000
02.04000
04.30000
02.68000
02.53000
01.61000
02.40000
01.47000
03.71000
01.72000
04.07000
04.65000
04.92000
01.33000
01.51000
01.67000
04.88000
04.38000
03.91000
03.00000
03.28000
03.84000
01.49000
04.07000
04.83000
01.65000
01.43000
01.36000
03.23000
04.77000
03.96000
04.30000
01.18000
01.16000
02.27000
03.36000
02.39000
02.75000
04.69000
02.96000
03.73000
02.61000
01.50000
02.36000
02.07000
04.20000
03.84000
01.41000
01.49000
04.60000
04.04000
03.69000
04.81000
01.89000
03.43000
01.76000
03.85000
03.15000
04.34000
01.22000
03.46000
04.45000
02.09000
04.63000
01.44000
02.87000
01.02000
03.58000
04.64000
04.49000
02.44000
02.64000
04.88000
04.39000
04.70000
03.40000
02.98000
02.65000
03.11000
04.43000
04.78000
04.34000
02.01000
01.30000
01.11000
03.54000
02.72000
03.54000
02.39000
02.25000
03.11000
02.04000
04.55000
04.89000
03.36000
04.62000
01.00000
04.84000
01.75000
04.98000
02.70000
02.30000
03.74000
01.84000
01.59000
02.48000
03.78000
02.89000
02.64000
03.58000
01.32000
04.85000
03.79000
04.81000
04.82000
01.40000
04.00000
02.36000
03.73000
03.25000
03.22000
01.44000
04.50000
02.11000
02.41000
04.26000
02.59000
02.69000
03.51000
02.01000
02.45000
02.67000
01.48000
02.91000
01.53000
04.78000
04.28000
04.07000
02.21000
03.81000
01.10000
04.34000
03.59000
03.60000
03.54000
01.86000
02.11000
03.70000
01.77000
03.99000
04.33000
01.93000
04.88000
03.03000
01.84000
01.12000
02.93000
04.33000
03.21000
01.11000
03.02000
02.21000
02.03000
02.71000
01.21000
03.99000
04.86000
03.76000
02.58000
02.01000
03.30000
03.08000
01.22000
01.60000
01.91000
04.51000
04.20000
01.07000
02.27000
04.86000
03.60000
03.77000
02.98000
01.98000
04.50000
02.01000
03.59000
03.38000
03.40000
03.12000
01.11000
02.12000
01.36000
01.88000
04.82000
04.75000
01.99000
03.89000
03.17000
01.24000
04.49000
01.60000
01.88000
02.54000
01.07000
04.48000
03.63000
04.61000
04.93000
02.96000
04.15000
04.38000
02.28000
04.51000
04.12000
03.82000
04.31000
01.58000
01.26000
01.89000
03.23000
03.63000
02.27000
02.52000
04.24000
01.09000
02.84000
02.68000
01.56000
01.44000
03.69000
04.33000
02.37000
01.12000
02.51000
02.40000
02.88000
01.84000
01.23000
02.70000
01.87000
01.91000
04.42000
01.19000
03.03000
01.59000
04.15000
01.46000
04.53000
02.46000
01.25000
03.58000
01.69000
03.11000
01.54000
04.64000
02.83000
03.10000
03.86000
02.72000
01.28000
03.02000
04.04000
04.88000
03.38000
04.45000
02.89000
03.21000
04.45000
01.96000
02.25000
02.79000
04.81000
03.13000
04.95000
01.70000
01.80000
04.54000
02.81000
03.00000
01.75000
03.76000
04.67000
02.80000
03.98000
03.39000
04.35000
04.49000
03.69000
04.67000
04.40000
04.10000
02.53000
02.33000
01.30000
04.74000
02.73000
04.50000
01.66000
04.61000
03.75000
03.87000
03.45000
02.92000
02.03000
02.16000
01.60000
03.86000
03.04000
02.07000
04.07000
04.66000
01.22000
03.30000
03.83000
03.49000
04.03000
02.55000
02.81000
03.58000
03.93000
01.52000
03.97000
01.12000
02.35000
02.93000
03.28000
01.32000
01.77000
02.46000
01.67000
02.37000
01.62000
04.84000
01.10000
03.48000
02.37000
