50
4
43.81000
57.55000
94.95000
22.84000
43.72000
52.24000
80.76000
51.77000
25.47000
51.21000
19.02000
6.09000
29.30000
94.69000
48.96000
25.02000
95.41000
24.87000
12.80000
49.77000
66.03000
79.99000
49.75000
21.56000
80.37000
3.27000
2.03000
79.62000
79.65000
32.91000
8.87000
66.16000
5.09000
11.15000
11.47000
21.40000
94.92000
77.19000
50.07000
84.56000
92.34000
73.27000
65.87000
97.85000
37.57000
39.59000
99.10000
2.50000
69.85000
16.37000
28.83000
64.42000
6.70000
43.09000
16.04000
66.57000
89.73000
81.11000
87.38000
57.72000
91.37000
91.13000
10.82000
3.84000
76.61000
39.10000
49.34000
68.90000
11.40000
88.99000
69.90000
20.87000
59.72000
8.78000
38.47000
23.72000
88.53000
61.43000
20.02000
43.42000
63.81000
14.91000
79.51000
45.93000
50.51000
33.20000
83.93000
96.22000
14.62000
82.24000
98.23000
61.27000
21.10000
29.03000
88.38000
6.03000
35.92000
37.52000
20.36000
94.49000
6.75000
29.35000
19.65000
80.39000
80.70000
2.65000
89.74000
5.37000
70.36000
25.49000
70.91000
24.73000
65.47000
88.56000
52.88000
30.20000
56.73000
83.60000
26.36000
12.48000
34.86000
1.32000
81.08000
61.31000
89.59000
30.43000
9.75000
68.40000
13.64000
62.67000
1.10000
24.46000
94.71000
88.74000
45.83000
19.22000
26.54000
99.37000
35.68000
43.39000
96.84000
85.27000
60.35000
87.70000
98.32000
37.16000
11.58000
43.86000
21.71000
44.77000
79.42000
78.67000
25.53000
52.50000
70.88000
18.26000
7.04000
76.90000
46.32000
57.08000
29.77000
10.25000
21.20000
12.58000
10.17000
66.02000
10.99000
98.24000
62.72000
61.68000
31.17000
32.52000
4.89000
12.70000
97.19000
28.90000
50.14000
33.55000
26.54000
3.83000
15.94000
40.69000
32.67000
71.80000
16.77000
49.59000
32.06000
50.26000
68.09000
75.73000
40.17000
53.69000
86.37000
35.57000
72.48000
97.56000
87.07000
43.58000
45.45000
98.33000
05.80000
09.04000
08.78000
07.68000
07.58000
06.92000
08.32000
06.00000
08.36000
05.41000
06.32000
06.88000
07.05000
08.40000
06.67000
09.22000
07.55000
09.81000
08.29000
06.92000
08.77000
08.54000
05.09000
08.90000
09.61000
08.50000
05.96000
09.06000
08.99000
08.58000
09.82000
06.30000
05.80000
07.71000
05.56000
09.54000
08.96000
09.78000
07.11000
07.68000
07.37000
08.71000
08.36000
09.62000
09.94000
08.39000
08.22000
09.27000
05.56000
07.74000
07.22000
09.75000
07.12000
08.44000
05.07000
08.15000
06.08000
07.02000
06.42000
09.46000
08.61000
06.10000
06.43000
08.84000
09.88000
05.83000
05.25000
06.46000
05.04000
06.37000
08.04000
07.45000
09.26000
07.87000
09.96000
06.99000
07.67000
05.48000
06.17000
05.23000
05.45000
09.38000
06.81000
07.32000
07.75000
09.70000
07.05000
08.42000
09.72000
06.62000
07.04000
08.69000
06.52000
05.28000
06.94000
08.28000
08.31000
05.83000
06.91000
07.34000
09.22000
07.10000
06.20000
08.45000
06.19000
09.63000
09.38000
08.93000
07.18000
05.91000
07.28000
06.36000
08.60000
07.34000
06.31000
07.14000
06.84000
05.32000
07.88000
07.69000
08.33000
06.28000
08.38000
09.40000
09.46000
06.60000
09.24000
08.69000
06.64000
07.70000
06.85000
06.96000
06.28000
05.99000
07.62000
05.61000
09.79000
07.87000
07.96000
06.06000
08.56000
09.74000
09.27000
09.71000
09.01000
08.01000
07.96000
07.96000
07.54000
09.10000
07.34000
09.16000
05.88000
09.91000
07.20000
09.69000
07.87000
08.22000
05.73000
06.44000
09.87000
06.57000
05.60000
07.06000
09.52000
07.62000
09.46000
09.20000
09.50000
09.03000
09.97000
05.54000
07.45000
08.45000
09.78000
08.72000
06.04000
08.54000
06.55000
06.39000
07.91000
06.96000
07.94000
06.22000
05.72000
06.37000
06.59000
05.86000
07.13000
09.41000
05.18000
07.97000
09.81000
08.74000
06.35000
05.20000
06.39000
07.03000
07.76000
05.21000
