50
4
111.15000
114.31000
170.22000
149.06000
110.06000
151.50000
160.74000
164.19000
177.34000
154.73000
139.95000
115.68000
153.64000
164.62000
148.48000
144.14000
179.57000
121.81000
126.96000
190.20000
195.75000
166.91000
116.01000
194.49000
142.83000
140.55000
156.26000
197.64000
161.41000
183.35000
188.33000
140.26000
192.12000
135.95000
152.85000
162.99000
175.59000
138.96000
190.43000
106.44000
152.45000
133.01000
141.72000
111.24000
163.31000
158.72000
147.32000
118.02000
148.81000
156.73000
146.69000
132.98000
184.74000
133.46000
112.20000
105.58000
199.77000
132.53000
143.17000
122.54000
163.08000
108.78000
105.21000
149.48000
140.27000
127.83000
163.96000
152.03000
196.98000
155.30000
185.04000
195.82000
198.83000
156.81000
134.07000
146.47000
111.45000
198.00000
176.68000
169.61000
100.46000
144.49000
178.49000
130.85000
131.49000
161.90000
105.14000
195.83000
170.16000
115.86000
122.24000
130.17000
182.09000
171.99000
195.42000
199.50000
132.92000
195.91000
190.30000
169.43000
138.88000
136.69000
139.34000
130.27000
107.00000
131.09000
178.18000
187.96000
114.20000
174.72000
101.41000
190.21000
151.12000
158.23000
199.67000
127.63000
108.38000
172.23000
163.58000
190.86000
176.59000
107.35000
183.76000
170.52000
146.40000
154.21000
150.84000
157.24000
108.41000
103.44000
155.45000
141.64000
153.27000
145.66000
188.20000
114.34000
171.58000
171.50000
139.73000
165.97000
153.98000
171.58000
100.66000
187.16000
191.10000
136.53000
161.61000
168.53000
173.55000
156.98000
170.08000
141.13000
196.32000
186.68000
189.79000
159.82000
177.47000
100.01000
111.29000
171.70000
168.21000
164.35000
150.19000
192.40000
184.18000
195.31000
122.13000
137.54000
140.99000
108.53000
142.72000
122.73000
154.27000
119.61000
127.60000
163.62000
139.65000
144.21000
192.38000
175.82000
112.74000
197.92000
152.69000
174.96000
189.18000
196.39000
124.17000
176.66000
184.59000
155.23000
122.42000
196.55000
114.60000
190.08000
163.08000
150.26000
194.82000
116.55000
161.77000
153.40000
04.44000
04.01000
03.31000
03.92000
04.74000
03.96000
01.11000
03.02000
01.82000
04.99000
01.27000
02.75000
02.83000
02.21000
02.91000
02.25000
02.89000
02.76000
01.16000
04.64000
01.11000
01.77000
03.13000
01.04000
04.62000
02.34000
03.97000
02.57000
04.56000
03.62000
02.78000
04.37000
04.04000
04.72000
02.71000
01.56000
02.18000
04.78000
02.86000
01.26000
02.12000
02.91000
02.37000
02.60000
02.99000
02.23000
04.36000
04.70000
03.89000
01.89000
03.11000
04.28000
04.16000
04.96000
04.72000
03.29000
04.33000
01.30000
03.49000
01.99000
03.71000
01.38000
03.52000
04.48000
02.42000
01.32000
04.94000
02.90000
04.59000
01.25000
03.89000
01.37000
02.35000
01.29000
04.48000
04.02000
03.81000
01.58000
02.85000
02.97000
01.11000
02.22000
03.11000
02.35000
02.36000
03.36000
01.38000
02.28000
03.70000
01.11000
01.81000
02.88000
01.24000
03.60000
04.50000
04.29000
03.12000
02.96000
01.60000
02.62000
03.45000
03.44000
01.92000
02.86000
04.57000
01.66000
03.05000
01.98000
01.99000
02.96000
03.05000
04.75000
04.85000
04.48000
03.05000
04.29000
02.27000
03.34000
04.17000
01.74000
03.37000
04.66000
03.53000
02.22000
01.29000
01.58000
02.27000
02.86000
01.13000
03.21000
01.51000
04.77000
04.04000
02.68000
02.37000
01.08000
03.13000
01.12000
01.97000
04.93000
03.53000
03.65000
01.45000
01.42000
02.37000
03.39000
01.92000
03.70000
04.76000
01.48000
03.37000
04.40000
02.90000
02.74000
04.61000
04.01000
01.26000
03.49000
02.63000
01.43000
03.47000
03.12000
03.56000
02.80000
03.66000
03.75000
01.53000
02.24000
03.94000
03.52000
02.66000
01.87000
02.45000
04.54000
01.08000
03.81000
01.31000
04.94000
02.90000
02.20000
02.64000
02.85000
02.27000
03.15000
04.57000
04.38000
01.29000
04.80000
01.22000
03.67000
02.10000
01.27000
02.72000
02.84000
02.83000
02.67000
03.19000
04.02000
01.59000
03.15000
