50
7
189.95000
111.91000
133.20000
113.47000
189.96000
105.98000
117.87000
102.39000
111.36000
145.45000
143.91000
112.36000
135.16000
144.52000
143.13000
102.14000
181.42000
143.98000
161.37000
132.02000
159.27000
161.15000
108.54000
113.86000
116.91000
139.93000
108.62000
161.10000
191.59000
100.78000
149.64000
138.72000
159.64000
190.72000
133.71000
113.28000
186.42000
133.34000
126.98000
102.90000
176.39000
178.77000
109.68000
127.24000
123.05000
153.74000
126.10000
157.56000
158.97000
111.51000
116.56000
107.06000
139.39000
142.55000
106.44000
137.96000
123.93000
197.41000
129.43000
193.08000
171.55000
107.41000
114.60000
100.29000
168.33000
101.23000
142.56000
126.55000
126.91000
121.59000
195.48000
127.86000
136.51000
175.28000
107.11000
199.30000
112.90000
183.14000
112.74000
124.98000
148.40000
130.09000
199.25000
128.10000
161.92000
115.11000
155.06000
120.92000
148.92000
101.22000
120.15000
154.76000
131.42000
165.54000
136.10000
170.00000
107.99000
149.21000
196.00000
146.07000
114.40000
114.56000
121.75000
126.88000
131.01000
151.12000
185.67000
111.86000
111.33000
146.28000
132.90000
183.84000
116.81000
150.98000
138.18000
100.78000
173.01000
167.70000
115.34000
147.21000
119.51000
100.50000
167.26000
184.20000
159.99000
105.00000
135.88000
199.40000
112.16000
138.36000
152.21000
157.02000
157.81000
109.34000
186.31000
147.83000
192.80000
128.23000
197.32000
139.17000
177.03000
156.90000
183.42000
124.94000
184.48000
158.78000
131.89000
175.58000
153.19000
148.85000
169.87000
191.95000
153.15000
139.07000
188.84000
147.41000
155.72000
125.67000
171.72000
195.96000
148.63000
110.91000
171.78000
195.95000
104.69000
116.41000
118.84000
169.79000
148.27000
102.87000
169.31000
153.96000
105.28000
120.05000
156.15000
149.00000
153.23000
156.75000
138.88000
169.50000
171.17000
190.88000
153.58000
194.13000
189.70000
139.35000
162.89000
115.62000
141.01000
108.19000
106.04000
190.74000
108.84000
142.47000
148.78000
190.35000
178.48000
176.30000
133.46000
149.36000
193.46000
127.45000
197.25000
178.03000
189.12000
164.73000
165.57000
153.44000
175.55000
130.46000
112.62000
157.19000
132.19000
149.80000
193.64000
183.95000
127.56000
124.45000
127.91000
179.97000
169.22000
182.69000
148.77000
193.03000
153.79000
129.34000
153.64000
122.52000
116.99000
195.80000
154.00000
169.36000
183.55000
190.04000
125.38000
186.03000
117.31000
146.57000
157.39000
126.60000
171.13000
176.48000
103.67000
196.67000
136.97000
117.41000
131.97000
103.42000
195.82000
183.58000
174.87000
147.79000
197.19000
141.62000
159.89000
126.96000
118.99000
184.32000
102.49000
177.87000
140.04000
147.66000
117.66000
126.82000
157.38000
183.72000
121.96000
189.20000
144.57000
108.69000
183.49000
119.45000
101.78000
152.76000
171.95000
161.08000
105.70000
110.25000
108.56000
196.66000
159.61000
189.48000
116.14000
197.82000
143.35000
162.89000
169.04000
175.24000
163.30000
116.93000
143.20000
128.70000
102.44000
102.16000
166.09000
197.00000
170.27000
183.16000
166.79000
108.02000
179.13000
189.01000
174.10000
181.05000
161.38000
194.44000
132.69000
141.08000
127.49000
186.06000
100.21000
177.41000
112.38000
100.74000
149.87000
158.95000
165.03000
176.91000
143.91000
131.15000
198.45000
104.56000
183.66000
166.04000
139.77000
175.24000
159.49000
112.20000
180.14000
132.06000
100.85000
144.77000
124.78000
119.71000
126.25000
115.46000
142.98000
134.43000
193.25000
102.55000
118.09000
174.01000
148.48000
160.87000
197.52000
187.82000
177.64000
171.82000
142.75000
126.80000
05.31000
06.97000
06.67000
06.35000
09.14000
07.57000
05.03000
07.14000
06.09000
07.07000
07.26000
09.22000
06.52000
05.83000
06.10000
06.29000
09.90000
05.23000
07.16000
06.80000
07.37000
05.19000
06.46000
06.46000
09.20000
06.60000
07.90000
05.77000
07.30000
08.90000
05.77000
07.47000
07.73000
07.55000
07.27000
09.09000
08.17000
06.50000
09.97000
05.40000
05.46000
05.72000
09.33000
05.96000
08.08000
08.72000
06.21000
07.57000
08.64000
05.01000
07.60000
07.37000
07.29000
06.07000
08.64000
05.17000
09.16000
10.00000
06.66000
05.66000
07.28000
05.73000
09.81000
07.16000
06.23000
06.47000
08.50000
07.14000
06.61000
08.30000
07.89000
09.68000
07.54000
07.72000
05.43000
08.04000
09.15000
09.09000
08.32000
07.08000
05.11000
07.17000
06.04000
05.84000
05.06000
09.62000
07.81000
09.97000
07.19000
09.48000
05.14000
09.28000
05.70000
07.69000
09.30000
05.20000
08.31000
05.58000
08.82000
08.33000
05.74000
09.60000
05.12000
06.41000
08.92000
05.98000
06.55000
08.07000
05.12000
05.53000
06.82000
07.38000
07.62000
08.09000
07.21000
08.14000
05.10000
05.80000
08.14000
05.19000
09.11000
05.56000
06.69000
06.86000
06.60000
06.51000
09.06000
07.49000
07.41000
07.59000
08.10000
09.97000
06.78000
09.98000
05.80000
08.17000
07.83000
09.63000
05.80000
09.50000
09.07000
09.77000
05.86000
07.36000
06.91000
08.38000
05.40000
08.70000
08.13000
05.72000
08.99000
09.44000
08.33000
07.78000
07.18000
07.89000
07.15000
09.40000
09.00000
09.95000
09.38000
07.56000
08.94000
09.37000
06.58000
06.51000
05.03000
05.30000
07.61000
09.64000
06.31000
09.75000
06.08000
07.00000
05.34000
05.15000
07.86000
07.75000
05.70000
06.81000
08.59000
07.71000
09.46000
05.42000
06.19000
06.86000
09.73000
09.59000
08.33000
06.77000
08.13000
08.29000
09.94000
08.20000
07.29000
08.40000
05.73000
08.52000
08.36000
07.17000
05.81000
08.38000
09.30000
06.93000
05.84000
08.67000
06.91000
07.17000
06.09000
07.90000
05.29000
05.11000
07.13000
09.80000
08.65000
09.05000
06.19000
06.59000
06.60000
09.56000
09.64000
06.56000
06.64000
06.96000
05.47000
06.46000
06.66000
08.85000
05.85000
09.10000
07.44000
07.60000
09.54000
05.77000
05.14000
07.82000
09.49000
08.80000
08.82000
08.91000
05.25000
09.03000
07.94000
07.53000
05.54000
08.31000
09.83000
05.10000
05.70000
07.00000
08.10000
09.95000
08.76000
08.60000
09.79000
06.05000
06.22000
06.15000
07.30000
05.22000
07.00000
08.18000
05.87000
06.01000
09.04000
09.38000
05.52000
08.61000
08.80000
09.82000
08.55000
07.36000
08.76000
07.48000
06.98000
08.23000
09.91000
05.70000
05.15000
06.34000
09.28000
05.73000
07.13000
08.44000
07.37000
09.22000
09.26000
05.43000
05.73000
05.69000
07.66000
09.84000
09.42000
05.06000
05.69000
08.35000
09.50000
05.15000
06.51000
09.28000
09.28000
06.59000
08.61000
09.84000
06.91000
07.56000
06.39000
06.41000
07.04000
05.06000
06.66000
09.74000
06.93000
06.05000
05.93000
06.99000
06.74000
07.27000
07.38000
08.84000
07.01000
07.72000
08.30000
06.99000
06.17000
06.16000
07.64000
06.66000
08.05000
08.64000
08.47000
09.07000
09.37000
05.95000
05.53000
08.96000
07.23000
06.16000
07.67000
07.09000
06.64000
07.08000
05.41000
07.75000
07.97000
08.82000
08.39000
06.21000
09.51000
06.25000
