50
10
16.21000
47.99000
27.81000
2.96000
40.15000
29.07000
5.71000
5.34000
39.39000
96.93000
72.02000
12.70000
97.85000
44.67000
26.04000
28.53000
27.20000
86.15000
87.82000
81.06000
59.86000
63.97000
7.15000
25.26000
56.99000
43.48000
53.57000
37.87000
3.52000
15.80000
26.38000
23.36000
8.11000
95.78000
46.61000
9.98000
6.18000
27.03000
62.06000
50.69000
56.90000
72.89000
45.28000
25.23000
46.19000
26.48000
92.55000
36.08000
82.71000
2.65000
78.39000
85.02000
73.42000
36.00000
41.07000
48.76000
48.67000
24.34000
41.36000
63.35000
89.58000
20.42000
42.54000
48.75000
72.77000
55.57000
32.60000
48.66000
97.64000
86.86000
24.31000
32.53000
90.32000
96.11000
55.18000
93.56000
1.70000
89.89000
88.47000
52.69000
5.41000
99.54000
13.20000
52.62000
2.84000
82.13000
40.13000
62.81000
19.14000
19.47000
8.76000
77.45000
5.18000
17.15000
80.36000
16.50000
35.60000
7.49000
44.95000
22.65000
64.55000
85.06000
25.74000
78.24000
28.20000
73.65000
83.97000
71.74000
95.26000
86.86000
2.94000
97.78000
34.07000
97.22000
58.38000
42.28000
33.75000
3.02000
55.77000
13.91000
11.16000
24.32000
23.33000
47.07000
6.88000
9.90000
14.06000
2.95000
86.30000
31.30000
6.68000
64.46000
42.49000
85.83000
4.67000
43.26000
89.34000
96.51000
36.27000
72.77000
69.43000
11.15000
55.44000
14.17000
48.12000
99.29000
40.93000
50.37000
16.53000
61.22000
76.12000
6.81000
76.89000
92.86000
68.58000
66.00000
60.52000
29.17000
63.57000
12.57000
40.67000
23.21000
55.28000
94.39000
23.92000
38.23000
62.65000
89.11000
41.59000
62.25000
30.39000
96.12000
50.76000
9.02000
26.95000
41.55000
33.25000
15.07000
46.52000
74.28000
94.64000
43.65000
9.06000
70.96000
68.25000
82.78000
57.26000
31.97000
10.16000
46.21000
61.58000
81.45000
1.19000
70.46000
16.21000
71.29000
47.90000
19.79000
39.10000
76.11000
68.16000
30.94000
57.84000
53.25000
5.96000
40.22000
95.50000
27.08000
28.32000
87.74000
64.76000
87.29000
83.03000
28.48000
24.79000
2.25000
43.62000
39.18000
59.52000
60.06000
6.40000
24.32000
79.60000
78.57000
92.40000
12.11000
20.46000
98.40000
51.41000
55.56000
40.27000
85.89000
53.99000
34.38000
24.94000
32.16000
97.42000
51.05000
83.14000
52.05000
5.74000
34.81000
51.29000
87.18000
23.76000
38.64000
87.56000
4.89000
25.01000
41.27000
27.76000
21.36000
76.15000
86.53000
13.49000
47.06000
1.46000
22.08000
30.07000
82.81000
66.09000
5.01000
3.63000
11.46000
10.56000
29.51000
83.06000
37.56000
95.12000
15.54000
46.00000
93.44000
10.78000
6.80000
90.83000
37.19000
67.32000
71.73000
44.69000
48.61000
5.23000
6.54000
56.47000
35.29000
84.78000
28.18000
2.81000
28.55000
95.99000
81.33000
82.08000
84.47000
51.62000
36.46000
22.43000
85.86000
88.17000
85.77000
71.75000
39.31000
93.95000
23.43000
18.75000
82.24000
23.73000
31.38000
79.17000
52.26000
95.01000
92.74000
69.36000
15.58000
39.01000
43.95000
29.92000
18.97000
7.72000
43.16000
26.21000
34.98000
78.87000
75.30000
49.33000
60.91000
57.93000
51.03000
16.15000
19.80000
72.15000
4.78000
66.26000
57.44000
75.49000
94.70000
67.02000
47.38000
46.70000
8.72000
9.54000
85.90000
88.25000
53.51000
8.67000
96.06000
30.36000
65.48000
6.02000
25.63000
25.03000
4.80000
53.08000
94.21000
26.42000
31.51000
43.90000
36.75000
35.95000
59.71000
83.06000
26.96000
69.26000
89.36000
28.64000
77.59000
95.81000
46.61000
60.46000
28.17000
10.80000
80.33000
86.10000
39.95000
31.18000
67.18000
37.89000
1.95000
2.64000
7.52000
70.89000
25.93000
92.64000
25.51000
67.93000
50.40000
97.37000
72.02000
35.59000
38.61000
35.79000
23.70000
5.19000
77.59000
50.59000
78.92000
32.81000
81.10000
12.22000
64.83000
1.26000
86.64000
44.23000
61.98000
12.82000
10.93000
22.85000
67.07000
42.27000
75.40000
3.46000
68.06000
50.71000
16.86000
94.73000
80.80000
60.16000
61.53000
34.06000
46.89000
18.43000
64.39000
78.65000
31.70000
96.05000
4.18000
15.39000
26.33000
92.32000
82.36000
51.95000
46.64000
29.29000
30.19000
24.77000
34.22000
52.74000
98.62000
92.00000
54.44000
36.23000
68.40000
40.56000
98.40000
76.03000
42.00000
78.12000
82.96000
95.20000
47.66000
41.09000
48.71000
77.04000
34.81000
87.19000
36.73000
40.28000
28.98000
43.87000
2.33000
83.29000
48.10000
71.22000
11.64000
95.08000
36.87000
70.64000
21.73000
88.41000
63.74000
67.25000
14.43000
1.79000
23.90000
11.96000
95.30000
95.49000
35.31000
78.40000
97.67000
60.51000
42.67000
68.94000
77.62000
8.62000
15.42000
8.74000
16.97000
76.32000
46.76000
46.67000
21.30000
28.89000
56.65000
59.38000
22.92000
52.33000
88.78000
47.24000
77.92000
60.40000
13.60000
06.22000
06.47000
06.63000
09.87000
06.39000
08.20000
05.18000
07.29000
08.11000
09.61000
08.15000
06.77000
08.67000
07.02000
05.94000
07.77000
06.61000
08.05000
05.22000
06.03000
06.70000
06.53000
08.89000
08.51000
09.99000
07.57000
06.12000
08.44000
08.76000
07.51000
07.32000
05.29000
06.55000
08.95000
09.14000
09.79000
08.14000
05.74000
09.50000
08.90000
09.56000
07.98000
07.55000
05.85000
08.10000
07.01000
08.71000
05.10000
07.30000
05.43000
05.90000
07.93000
06.18000
09.62000
05.70000
08.27000
06.74000
06.39000
05.11000
06.22000
07.65000
07.30000
09.70000
08.91000
07.63000
07.61000
06.29000
09.71000
06.60000
08.81000
07.94000
08.25000
05.76000
08.66000
08.98000
05.42000
07.55000
06.17000
09.95000
08.33000
05.66000
06.59000
07.69000
05.38000
05.04000
06.42000
05.25000
06.18000
06.87000
08.42000
06.97000
06.63000
08.60000
06.59000
08.39000
08.84000
08.92000
06.18000
06.34000
06.19000
06.12000
07.86000
07.80000
07.23000
08.94000
08.22000
05.20000
08.26000
08.90000
07.67000
06.50000
07.17000
06.10000
05.37000
09.94000
06.25000
06.90000
06.71000
09.99000
09.03000
08.88000
08.37000
07.37000
05.30000
05.90000
08.26000
09.06000
06.09000
08.06000
05.53000
08.26000
08.69000
06.69000
05.59000
09.47000
06.64000
09.40000
05.11000
08.40000
09.71000
05.04000
07.00000
07.02000
08.94000
08.70000
05.40000
08.56000
06.63000
06.74000
05.75000
08.75000
05.35000
05.86000
07.40000
05.68000
09.12000
09.28000
07.44000
07.53000
05.27000
08.55000
09.05000
05.20000
06.24000
07.65000
07.80000
05.81000
05.72000
06.85000
05.49000
07.73000
08.64000
07.66000
05.20000
05.60000
06.21000
07.81000
06.24000
05.30000
05.87000
06.33000
09.18000
08.95000
06.30000
08.46000
05.84000
09.93000
07.44000
05.70000
09.27000
07.88000
05.50000
05.82000
08.81000
08.66000
07.90000
07.81000
05.01000
09.42000
08.35000
05.63000
08.71000
07.25000
06.05000
07.13000
06.96000
05.03000
08.58000
08.63000
07.22000
05.98000
05.83000
08.04000
06.48000
06.14000
07.90000
09.52000
07.95000
07.80000
06.14000
08.49000
06.11000
09.49000
08.14000
06.59000
06.67000
05.99000
07.76000
06.75000
06.62000
08.35000
05.09000
08.13000
09.17000
08.84000
06.48000
06.12000
08.79000
06.00000
09.52000
07.40000
06.22000
09.62000
08.07000
09.87000
08.42000
05.73000
07.23000
07.69000
08.61000
09.07000
09.52000
07.29000
06.17000
09.91000
07.51000
09.94000
07.98000
06.39000
09.28000
06.79000
07.91000
09.69000
07.60000
07.16000
06.86000
07.27000
06.46000
06.62000
06.95000
07.81000
06.13000
06.98000
06.56000
06.26000
08.09000
06.31000
05.32000
08.80000
05.12000
08.93000
09.11000
07.88000
06.20000
05.39000
05.05000
07.19000
06.60000
07.53000
06.54000
06.67000
07.82000
08.40000
08.18000
07.51000
07.62000
07.32000
05.88000
07.15000
09.99000
06.17000
09.71000
07.51000
09.53000
09.90000
05.42000
05.35000
07.40000
05.00000
05.86000
06.65000
09.09000
07.20000
05.79000
05.24000
07.53000
08.47000
06.27000
06.24000
06.87000
07.03000
09.57000
05.98000
07.51000
07.36000
09.23000
07.07000
06.13000
05.17000
05.03000
08.35000
05.63000
07.44000
08.01000
09.92000
05.16000
07.40000
05.46000
08.13000
05.15000
09.51000
05.90000
05.57000
07.25000
09.49000
09.13000
06.09000
09.37000
09.33000
06.18000
07.78000
09.72000
06.31000
07.82000
06.99000
05.70000
07.84000
08.47000
09.18000
09.76000
06.08000
09.22000
05.87000
09.99000
05.66000
06.25000
09.80000
05.68000
07.45000
07.00000
09.99000
07.42000
08.58000
05.17000
06.67000
07.01000
07.44000
05.70000
06.36000
07.52000
08.66000
09.78000
06.82000
08.27000
08.10000
09.84000
07.03000
09.83000
07.91000
09.59000
07.27000
09.01000
06.45000
08.96000
09.03000
08.87000
08.36000
09.15000
05.06000
08.74000
09.11000
07.50000
09.32000
07.60000
07.71000
07.16000
06.62000
07.17000
08.81000
05.26000
09.92000
08.19000
05.97000
09.39000
05.87000
06.39000
08.95000
08.40000
07.40000
08.73000
08.80000
07.38000
08.65000
08.45000
07.81000
07.69000
05.04000
05.01000
09.50000
06.93000
08.23000
09.13000
08.66000
08.93000
06.12000
07.79000
06.33000
08.80000
07.89000
09.21000
09.79000
07.89000
08.93000
07.86000
07.58000
08.79000
05.92000
09.47000
09.49000
05.35000
05.31000
08.88000
07.83000
09.88000
09.08000
08.68000
05.26000
09.16000
06.09000
05.00000
07.29000
07.13000
08.13000
06.24000
08.87000
05.30000
08.29000
07.02000
06.19000
06.41000
05.87000
08.22000
06.68000
09.47000
06.45000
06.96000
09.04000
09.74000
06.83000
06.63000
08.21000
08.72000
05.09000
06.86000
05.38000
09.17000
05.54000
08.52000
08.00000
05.08000
08.74000
08.75000
09.75000
06.71000
06.53000
05.92000
05.58000
05.57000
06.95000
09.66000
