50
4
147.87000
167.41000
149.57000
167.65000
183.99000
100.02000
106.21000
132.11000
196.31000
156.48000
159.36000
190.73000
125.45000
177.43000
149.65000
184.15000
112.03000
103.47000
117.69000
152.98000
196.69000
175.24000
104.12000
137.85000
120.04000
133.37000
149.55000
179.38000
122.72000
118.47000
194.62000
118.21000
145.34000
171.18000
179.95000
194.95000
128.53000
132.11000
146.16000
150.23000
112.92000
141.89000
133.88000
124.68000
139.13000
141.16000
183.74000
158.91000
147.78000
170.52000
188.26000
153.26000
172.51000
105.61000
113.74000
109.66000
107.67000
173.64000
175.00000
130.74000
161.42000
139.16000
137.64000
182.11000
199.36000
167.78000
167.30000
129.40000
187.14000
125.15000
129.60000
138.24000
190.37000
176.87000
190.17000
174.25000
174.68000
188.58000
114.63000
103.06000
105.70000
125.90000
168.60000
190.30000
149.04000
154.45000
117.72000
101.58000
170.34000
139.87000
127.60000
102.53000
135.22000
147.77000
163.88000
158.79000
109.30000
143.78000
192.17000
135.96000
113.22000
100.71000
191.96000
123.54000
146.09000
174.31000
136.96000
126.85000
150.87000
179.98000
199.17000
157.52000
118.17000
108.32000
169.22000
106.19000
138.62000
149.97000
137.73000
163.48000
102.85000
195.55000
195.32000
120.00000
101.47000
135.68000
132.63000
166.40000
125.12000
160.99000
140.28000
193.29000
164.42000
162.12000
108.88000
191.30000
109.99000
129.67000
129.08000
151.05000
152.47000
154.27000
191.49000
163.17000
182.46000
126.56000
186.73000
118.28000
190.61000
137.16000
140.89000
150.27000
134.12000
121.61000
168.43000
106.87000
195.76000
170.50000
193.06000
101.96000
162.30000
115.71000
130.41000
151.19000
149.37000
172.86000
196.11000
170.16000
172.60000
157.57000
105.78000
174.51000
147.61000
185.46000
175.04000
179.87000
190.03000
172.18000
119.52000
101.85000
115.48000
133.33000
154.85000
156.07000
139.59000
184.54000
196.65000
158.18000
177.98000
141.44000
160.54000
123.79000
146.28000
119.66000
162.15000
168.52000
160.11000
134.81000
117.10000
108.00000
03.96000
02.69000
03.96000
04.99000
04.29000
03.69000
02.33000
02.67000
04.47000
02.83000
02.12000
02.05000
03.64000
03.23000
02.45000
02.25000
04.92000
04.02000
02.44000
02.41000
03.42000
04.32000
01.24000
01.64000
02.28000
03.26000
01.95000
03.07000
04.63000
03.96000
03.70000
01.82000
01.58000
01.55000
01.63000
01.03000
04.26000
03.15000
02.85000
03.81000
03.79000
03.89000
02.49000
01.29000
03.31000
02.89000
03.67000
04.59000
01.94000
03.28000
01.45000
03.30000
01.21000
02.01000
04.37000
04.76000
03.46000
02.57000
04.00000
03.46000
04.49000
04.44000
04.46000
03.52000
04.41000
03.73000
01.87000
01.07000
03.36000
04.57000
04.38000
04.24000
01.45000
03.09000
04.08000
01.14000
02.80000
03.41000
01.12000
03.91000
03.56000
01.66000
03.62000
04.67000
03.83000
01.96000
03.71000
03.54000
03.76000
04.44000
01.50000
04.66000
03.45000
01.22000
01.12000
04.13000
03.03000
04.42000
02.70000
02.10000
04.52000
04.88000
03.84000
03.03000
02.36000
02.08000
04.73000
01.17000
04.58000
04.44000
04.55000
01.03000
04.29000
01.08000
04.44000
03.73000
02.63000
01.12000
01.51000
02.39000
04.71000
01.69000
04.88000
02.15000
03.66000
03.91000
03.70000
04.12000
04.62000
04.91000
03.07000
01.43000
04.69000
01.82000
04.12000
03.21000
01.01000
03.75000
03.99000
02.58000
02.70000
03.84000
03.79000
04.67000
02.89000
03.20000
04.65000
02.59000
02.70000
02.97000
04.77000
01.32000
04.50000
04.81000
01.56000
04.88000
01.71000
01.80000
03.71000
04.82000
03.33000
04.22000
01.33000
03.27000
03.48000
02.22000
04.55000
02.34000
04.29000
01.90000
03.49000
04.17000
03.89000
01.41000
04.28000
02.88000
04.41000
02.85000
01.04000
04.60000
03.95000
04.37000
03.90000
03.44000
04.66000
04.07000
02.99000
01.54000
04.66000
04.10000
04.43000
01.02000
02.06000
02.56000
02.33000
04.00000
03.00000
01.60000
02.84000
04.61000
