50
10
185.35000
166.82000
103.31000
160.04000
164.08000
180.86000
115.76000
140.66000
145.50000
114.87000
129.54000
193.01000
183.14000
128.63000
110.65000
189.36000
155.49000
106.90000
150.12000
126.98000
166.09000
159.43000
163.97000
128.13000
143.43000
121.01000
193.20000
140.08000
141.05000
151.39000
103.83000
135.09000
137.45000
135.35000
186.88000
110.43000
136.16000
182.64000
158.37000
188.36000
165.68000
128.03000
159.30000
116.15000
179.53000
131.29000
155.70000
166.07000
156.23000
177.18000
157.92000
164.50000
107.56000
136.76000
158.12000
123.06000
142.48000
125.80000
145.05000
123.92000
151.82000
122.94000
100.34000
104.96000
129.72000
178.59000
130.64000
129.06000
195.32000
168.14000
167.58000
184.14000
192.77000
191.96000
167.81000
183.06000
191.19000
175.46000
112.97000
163.73000
184.74000
169.02000
109.69000
189.04000
192.56000
148.04000
189.63000
146.87000
158.78000
112.91000
109.42000
150.12000
152.54000
189.01000
150.69000
136.67000
167.99000
126.74000
120.10000
169.42000
131.55000
150.37000
170.17000
100.43000
157.77000
167.48000
190.11000
173.04000
127.00000
127.71000
142.33000
181.14000
174.03000
172.07000
174.10000
178.27000
158.61000
166.59000
157.69000
142.94000
165.52000
102.28000
190.35000
178.65000
104.50000
195.15000
194.36000
113.94000
110.34000
186.22000
116.97000
102.30000
142.80000
141.51000
130.46000
122.26000
186.64000
152.03000
132.10000
177.34000
151.63000
133.79000
144.13000
196.04000
172.54000
127.82000
113.84000
131.89000
109.12000
100.12000
128.13000
134.02000
102.69000
181.96000
183.78000
198.35000
133.15000
177.01000
189.15000
113.28000
116.65000
154.09000
157.11000
147.94000
178.56000
194.86000
125.58000
196.47000
169.30000
105.94000
157.43000
178.01000
164.23000
118.98000
140.55000
136.71000
163.77000
190.62000
187.84000
141.70000
193.29000
102.50000
137.19000
187.13000
103.18000
161.27000
151.48000
192.14000
168.85000
198.55000
118.61000
100.86000
190.67000
171.00000
151.48000
182.45000
194.04000
160.25000
187.96000
131.03000
152.51000
134.69000
167.06000
142.39000
130.92000
106.85000
199.99000
172.25000
119.24000
196.84000
172.71000
102.93000
133.50000
126.92000
113.76000
169.22000
114.71000
144.36000
176.63000
130.88000
128.88000
121.42000
139.86000
172.67000
167.04000
155.38000
106.95000
104.36000
145.19000
168.49000
106.41000
160.71000
104.35000
108.03000
191.77000
101.50000
110.54000
146.25000
141.55000
111.47000
154.77000
180.42000
159.24000
100.41000
153.06000
132.82000
173.38000
103.08000
146.43000
150.70000
118.74000
120.73000
140.81000
176.49000
122.25000
108.63000
166.25000
114.88000
177.53000
119.49000
112.39000
123.29000
128.71000
153.69000
135.89000
114.63000
144.93000
136.63000
118.38000
126.77000
120.34000
118.69000
166.50000
122.60000
174.08000
175.27000
111.89000
190.03000
150.28000
106.77000
111.19000
141.93000
118.10000
138.56000
146.05000
116.21000
171.66000
121.04000
123.10000
175.74000
130.10000
129.60000
173.98000
108.43000
137.58000
164.63000
155.34000
127.15000
163.23000
151.52000
186.04000
165.14000
104.67000
144.75000
198.30000
102.53000
195.52000
117.81000
138.94000
109.02000
135.26000
183.60000
105.22000
188.11000
133.65000
158.14000
119.41000
168.34000
125.45000
182.44000
128.77000
103.22000
170.43000
122.52000
105.57000
171.25000
153.36000
169.39000
147.07000
175.96000
184.00000
139.07000
175.54000
145.86000
197.12000
172.57000
138.24000
134.47000
152.47000
135.91000
107.44000
120.30000
134.84000
120.11000
180.41000
106.87000
153.98000
141.18000
179.42000
122.70000
182.67000
145.22000
130.48000
162.22000
119.03000
198.31000
105.41000
167.61000
173.26000
135.79000
182.79000
170.08000
120.76000
189.28000
150.51000
113.76000
161.92000
115.44000
121.46000
167.81000
122.13000
195.90000
133.52000
126.35000
151.78000
137.31000
149.60000
108.53000
126.26000
171.30000
157.58000
158.49000
145.95000
154.51000
170.35000
145.36000
136.27000
168.59000
125.80000
163.30000
147.58000
120.18000
186.82000
131.45000
155.28000
140.91000
141.30000
193.93000
159.77000
187.43000
120.85000
139.50000
172.66000
196.89000
181.84000
166.75000
162.10000
176.08000
166.22000
115.93000
136.06000
191.45000
152.52000
171.81000
185.57000
140.27000
144.24000
144.15000
126.63000
144.82000
169.90000
167.71000
100.27000
152.34000
183.02000
102.27000
172.50000
135.12000
162.12000
132.59000
134.34000
190.42000
110.70000
168.43000
101.79000
140.49000
157.28000
144.55000
115.89000
132.62000
155.39000
120.74000
142.63000
139.05000
183.53000
181.74000
173.05000
157.06000
145.22000
137.33000
130.74000
100.05000
191.31000
156.14000
183.76000
190.04000
131.58000
144.77000
109.82000
139.90000
195.10000
121.58000
115.59000
112.52000
101.01000
161.98000
132.68000
195.79000
193.45000
166.35000
117.75000
102.60000
141.56000
160.07000
152.43000
170.84000
139.48000
193.55000
143.37000
163.41000
106.35000
142.18000
122.21000
168.19000
186.32000
106.34000
145.59000
198.07000
148.51000
111.42000
195.14000
190.95000
187.08000
107.81000
177.51000
109.71000
121.17000
170.91000
124.34000
142.25000
01.75000
02.31000
04.67000
01.24000
01.02000
04.41000
03.02000
04.48000
02.22000
02.37000
03.47000
01.35000
02.93000
01.00000
02.08000
03.20000
01.72000
02.15000
03.94000
02.35000
02.17000
04.63000
03.13000
04.12000
04.86000
04.27000
02.72000
02.85000
03.37000
01.91000
02.79000
01.85000
04.27000
03.37000
04.42000
01.47000
03.15000
03.48000
01.69000
03.03000
04.58000
02.07000
01.68000
04.86000
02.14000
03.96000
04.46000
02.28000
02.41000
02.99000
03.65000
01.96000
03.42000
04.29000
02.13000
01.00000
01.85000
01.80000
02.45000
03.22000
03.61000
02.59000
02.82000
04.06000
01.39000
04.60000
02.44000
03.98000
04.90000
02.80000
01.51000
04.44000
04.84000
01.13000
01.24000
03.89000
04.90000
04.55000
03.82000
01.77000
01.81000
03.01000
04.47000
02.55000
01.25000
03.47000
03.38000
03.68000
01.93000
01.88000
01.76000
03.60000
03.56000
03.19000
01.81000
01.78000
02.83000
01.35000
02.74000
02.67000
03.34000
03.00000
02.19000
04.01000
02.73000
03.55000
03.46000
01.02000
03.21000
01.17000
03.10000
04.02000
04.60000
02.94000
03.45000
02.59000
03.73000
04.95000
03.83000
03.30000
02.44000
04.26000
04.57000
01.74000
03.55000
02.97000
03.00000
02.48000
02.88000
04.14000
01.45000
03.10000
01.27000
03.85000
03.24000
02.18000
04.54000
03.18000
04.70000
03.29000
03.53000
04.22000
03.17000
03.02000
02.06000
02.03000
04.96000
02.94000
04.95000
04.71000
01.47000
04.06000
03.89000
01.47000
01.60000
03.72000
01.18000
01.57000
04.03000
01.56000
04.35000
04.07000
03.19000
01.28000
02.36000
03.18000
02.54000
03.59000
01.17000
02.11000
02.53000
02.18000
03.72000
01.05000
04.62000
03.76000
01.96000
01.20000
03.27000
04.04000
04.86000
04.78000
01.91000
03.72000
02.37000
02.98000
01.01000
04.50000
01.43000
04.01000
02.02000
01.08000
02.00000
01.07000
03.39000
01.17000
01.04000
04.37000
04.58000
01.47000
02.98000
04.87000
03.62000
04.37000
02.92000
02.62000
04.15000
04.32000
03.92000
04.48000
02.14000
02.42000
04.05000
03.78000
02.19000
02.50000
02.40000
02.85000
01.87000
01.39000
03.05000
01.01000
03.75000
04.91000
03.07000
02.60000
03.42000
03.89000
04.54000
04.93000
01.46000
02.16000
02.54000
02.35000
03.44000
04.56000
01.14000
02.17000
03.94000
04.89000
01.43000
04.73000
02.54000
02.01000
01.49000
03.35000
03.81000
03.72000
04.38000
04.37000
03.97000
03.49000
02.86000
04.62000
03.68000
02.64000
04.06000
03.83000
01.43000
03.27000
03.02000
02.88000
03.91000
01.36000
04.96000
04.24000
02.84000
01.85000
04.06000
03.35000
02.92000
02.69000
03.54000
04.66000
01.85000
02.85000
03.60000
01.64000
02.34000
02.26000
01.44000
04.73000
04.08000
01.88000
03.26000
01.38000
03.78000
03.68000
04.27000
04.05000
03.15000
02.59000
04.67000
02.20000
04.88000
02.58000
01.66000
02.27000
04.68000
04.59000
01.37000
03.71000
04.94000
04.49000
01.06000
02.45000
04.32000
02.07000
03.59000
03.14000
04.09000
02.77000
01.30000
01.37000
03.06000
04.67000
03.51000
01.72000
01.08000
02.85000
04.55000
01.75000
02.97000
01.39000
03.74000
04.06000
02.55000
01.37000
01.42000
04.22000
02.66000
04.85000
02.91000
02.80000
03.12000
02.93000
02.55000
01.39000
04.77000
03.68000
03.66000
02.57000
01.42000
04.17000
02.56000
01.90000
03.91000
02.49000
04.59000
03.98000
04.07000
01.03000
02.52000
03.96000
02.15000
03.66000
02.10000
04.44000
02.33000
04.42000
01.63000
01.52000
03.57000
03.50000
02.57000
01.91000
01.83000
02.12000
03.37000
01.30000
02.04000
02.46000
03.49000
04.41000
02.18000
03.75000
03.38000
04.92000
01.18000
02.17000
04.49000
01.56000
03.01000
02.94000
01.27000
02.01000
04.61000
04.26000
01.18000
02.99000
03.95000
01.32000
04.68000
02.19000
03.96000
02.34000
01.20000
02.32000
04.62000
04.51000
01.13000
01.05000
04.62000
02.90000
03.78000
02.81000
02.98000
03.56000
01.88000
04.20000
01.46000
02.12000
02.00000
03.03000
01.11000
02.92000
03.71000
02.13000
04.03000
03.29000
03.61000
01.34000
01.29000
01.55000
03.26000
01.48000
04.97000
01.02000
01.24000
04.38000
04.15000
02.05000
01.13000
04.86000
04.90000
01.95000
03.51000
02.76000
02.31000
03.05000
01.96000
02.90000
04.45000
04.69000
03.06000
03.12000
04.40000
03.19000
02.38000
02.23000
03.71000
04.81000
03.79000
04.71000
03.11000
03.33000
04.84000
01.51000
01.98000
02.91000
03.34000
03.99000
03.54000
04.01000
01.01000
03.08000
04.00000
04.09000
04.55000
02.75000
04.54000
01.59000
01.66000
03.94000
03.38000
03.96000
01.03000
04.62000
03.72000
03.67000
04.39000
03.72000
01.77000
02.17000
02.42000
01.22000
02.72000
01.90000
02.84000
02.05000
04.77000
02.32000
02.34000
04.17000
03.14000
03.88000
02.63000
02.54000
02.03000
04.04000
