50
4
168.53000
120.44000
147.19000
100.18000
119.90000
185.88000
166.73000
170.12000
192.77000
170.48000
128.10000
129.54000
127.78000
114.87000
171.91000
119.06000
165.55000
159.68000
138.79000
179.31000
146.71000
145.53000
169.37000
150.91000
111.87000
113.04000
104.27000
174.49000
101.67000
102.84000
184.12000
190.67000
156.72000
155.56000
149.54000
140.08000
117.66000
111.82000
141.15000
163.34000
125.11000
112.24000
199.59000
101.08000
119.69000
197.45000
165.47000
193.92000
142.03000
108.08000
108.76000
146.40000
148.15000
176.73000
196.47000
123.23000
174.44000
119.09000
127.75000
122.53000
127.12000
116.75000
168.24000
109.95000
171.82000
135.33000
183.55000
151.10000
174.16000
140.46000
139.32000
111.61000
199.76000
197.76000
101.17000
157.11000
114.26000
172.86000
134.73000
153.22000
183.28000
131.39000
105.61000
165.56000
172.43000
138.96000
179.45000
159.77000
147.36000
161.20000
121.86000
101.46000
173.67000
163.74000
198.48000
156.26000
117.00000
112.21000
174.93000
189.79000
108.89000
181.34000
146.33000
168.54000
126.74000
163.75000
136.46000
165.80000
186.80000
198.53000
114.11000
110.75000
179.70000
176.30000
169.91000
194.00000
196.06000
187.68000
194.49000
106.18000
126.51000
123.31000
178.47000
137.92000
161.67000
173.81000
112.47000
179.83000
192.17000
129.80000
187.12000
122.55000
108.63000
181.91000
193.04000
156.71000
101.68000
120.77000
120.86000
172.92000
161.93000
136.99000
161.21000
161.81000
180.03000
121.20000
104.71000
114.00000
146.58000
164.03000
102.14000
157.45000
186.15000
170.54000
119.44000
118.26000
178.95000
190.05000
166.64000
100.38000
109.47000
188.69000
159.38000
119.44000
193.33000
182.08000
113.27000
191.06000
146.16000
185.84000
143.95000
130.88000
183.59000
115.61000
167.03000
154.50000
121.23000
187.00000
198.15000
177.57000
174.72000
115.65000
152.92000
115.69000
159.69000
117.17000
146.97000
184.51000
191.74000
107.19000
195.94000
199.64000
186.51000
101.33000
115.43000
176.71000
159.63000
115.23000
121.08000
131.34000
03.25000
02.22000
02.27000
03.23000
02.25000
03.78000
01.59000
04.75000
03.67000
04.04000
04.89000
04.54000
02.63000
02.13000
03.29000
01.71000
02.26000
01.17000
03.93000
03.39000
01.69000
04.28000
01.93000
04.71000
04.03000
02.59000
04.40000
04.80000
04.42000
03.23000
02.48000
02.77000
01.98000
01.32000
03.30000
01.76000
03.83000
03.98000
01.97000
04.88000
01.10000
02.34000
01.62000
03.26000
04.92000
03.53000
01.38000
04.04000
02.40000
02.67000
02.92000
01.18000
02.31000
04.78000
02.87000
04.68000
02.13000
04.92000
02.59000
02.49000
03.78000
03.43000
02.21000
02.73000
03.39000
04.42000
01.85000
01.52000
01.09000
04.03000
01.63000
02.98000
04.99000
02.38000
01.69000
03.25000
03.23000
03.60000
02.14000
02.44000
03.93000
03.80000
03.11000
04.69000
03.20000
03.12000
04.73000
02.11000
01.19000
01.68000
03.11000
02.84000
02.01000
03.60000
02.39000
02.99000
01.79000
01.01000
02.70000
02.69000
04.37000
04.66000
04.90000
03.34000
04.52000
01.31000
04.87000
02.70000
04.60000
04.67000
03.34000
01.35000
01.74000
03.88000
01.44000
04.40000
01.07000
04.05000
04.28000
04.98000
03.70000
02.32000
04.99000
04.21000
02.77000
03.79000
04.70000
03.22000
03.40000
01.61000
04.53000
03.13000
02.72000
04.90000
01.61000
01.07000
01.84000
02.78000
01.06000
02.16000
01.90000
04.37000
04.00000
03.54000
04.02000
02.80000
03.57000
02.31000
01.32000
03.20000
03.41000
01.58000
02.50000
02.30000
01.93000
01.13000
04.47000
03.32000
01.87000
03.13000
02.90000
03.83000
01.34000
01.69000
03.94000
01.97000
02.48000
02.95000
01.70000
03.87000
03.40000
01.02000
02.32000
03.65000
02.23000
02.04000
03.90000
03.44000
01.10000
04.12000
04.58000
01.35000
02.12000
01.40000
02.49000
03.52000
03.44000
03.99000
03.74000
04.07000
03.17000
02.03000
02.47000
01.13000
03.43000
01.63000
04.80000
04.81000
02.35000
04.93000
