50
4
8.30000
97.66000
51.16000
1.70000
21.81000
74.25000
61.41000
72.85000
38.84000
76.78000
45.76000
91.05000
99.58000
46.46000
44.45000
96.52000
46.27000
23.51000
97.69000
30.46000
18.12000
48.15000
47.70000
32.11000
55.35000
61.60000
33.71000
42.67000
99.18000
5.08000
95.91000
3.37000
90.82000
17.81000
76.55000
53.43000
70.50000
41.00000
15.83000
35.06000
78.44000
15.88000
52.97000
87.48000
55.84000
81.66000
30.20000
52.92000
42.94000
80.56000
69.29000
80.10000
46.90000
76.68000
30.46000
67.81000
3.35000
49.23000
72.68000
41.44000
73.32000
89.68000
62.90000
65.95000
24.79000
64.99000
66.11000
8.30000
21.73000
40.12000
48.26000
32.46000
30.09000
80.06000
74.33000
5.41000
15.86000
51.77000
11.29000
91.12000
43.99000
20.21000
23.10000
57.54000
80.47000
50.36000
75.73000
68.66000
91.25000
9.18000
36.15000
90.43000
42.31000
60.65000
68.34000
88.83000
97.61000
71.72000
39.25000
29.83000
47.17000
32.37000
33.03000
21.95000
35.34000
24.31000
3.42000
1.15000
10.38000
37.93000
55.05000
46.88000
62.02000
63.96000
79.63000
50.87000
81.97000
93.10000
67.88000
3.84000
60.95000
17.07000
10.52000
94.51000
88.68000
24.61000
96.27000
16.59000
56.88000
7.41000
18.86000
57.80000
55.28000
55.21000
65.98000
10.87000
74.57000
59.73000
30.38000
64.51000
6.50000
11.67000
1.76000
11.43000
39.76000
99.76000
69.85000
40.37000
66.09000
17.72000
5.03000
51.33000
79.08000
41.34000
65.98000
10.14000
4.79000
9.16000
58.31000
15.58000
18.11000
31.33000
96.49000
83.11000
35.52000
24.34000
96.99000
30.20000
72.48000
3.63000
75.28000
70.32000
45.46000
83.70000
46.83000
20.94000
68.94000
81.99000
27.10000
95.53000
59.37000
13.99000
31.56000
12.55000
32.23000
93.16000
75.69000
84.48000
2.99000
37.96000
75.95000
29.79000
86.12000
61.88000
47.81000
61.93000
99.08000
81.37000
6.74000
97.39000
08.98000
06.70000
05.09000
06.50000
07.45000
06.08000
09.68000
07.18000
06.64000
07.78000
09.44000
07.12000
05.45000
05.70000
08.28000
05.25000
07.80000
08.76000
05.11000
05.46000
07.58000
05.85000
08.83000
06.67000
08.71000
05.90000
08.34000
07.77000
05.08000
07.79000
07.56000
07.68000
05.62000
05.44000
05.38000
05.30000
09.21000
07.76000
05.73000
09.54000
09.78000
08.65000
07.49000
09.30000
06.22000
07.01000
09.58000
08.50000
07.44000
06.76000
06.32000
06.04000
08.13000
08.89000
06.86000
05.37000
05.01000
06.14000
06.37000
08.09000
05.95000
09.36000
05.01000
09.35000
06.08000
08.70000
07.93000
09.30000
05.58000
09.31000
05.29000
08.11000
09.60000
06.35000
07.25000
05.93000
08.28000
09.99000
08.96000
07.91000
06.81000
05.36000
05.58000
09.22000
05.31000
07.64000
07.27000
05.01000
08.96000
06.97000
09.17000
05.43000
07.91000
08.52000
06.45000
05.64000
07.31000
07.44000
09.27000
05.80000
05.12000
09.60000
08.07000
07.14000
08.84000
08.06000
05.10000
08.15000
05.79000
09.48000
06.08000
05.34000
07.39000
05.27000
07.40000
05.09000
05.04000
06.84000
05.48000
08.83000
05.15000
05.60000
06.72000
07.95000
09.12000
07.94000
07.53000
08.87000
08.36000
05.28000
09.31000
07.99000
09.28000
09.03000
08.46000
06.71000
08.28000
05.58000
06.41000
06.44000
06.77000
06.35000
09.54000
08.60000
06.15000
07.74000
09.28000
09.57000
07.84000
06.16000
06.80000
09.94000
07.83000
05.11000
09.88000
06.30000
07.03000
05.73000
09.61000
06.86000
09.20000
09.38000
08.64000
09.25000
07.00000
08.69000
09.63000
06.14000
08.09000
06.33000
05.23000
05.19000
05.12000
09.95000
08.11000
09.05000
05.76000
07.21000
05.91000
05.38000
07.65000
05.76000
06.30000
06.83000
08.45000
08.27000
06.93000
06.05000
05.82000
07.39000
05.45000
05.72000
07.41000
05.76000
09.53000
08.48000
05.89000
06.06000
06.82000
06.98000
