50
10
57.42000
93.89000
82.19000
47.47000
38.94000
7.69000
6.22000
16.74000
2.24000
81.25000
34.42000
23.77000
49.81000
27.26000
83.65000
90.60000
11.86000
78.12000
95.53000
66.03000
40.39000
95.00000
36.40000
21.60000
15.13000
62.82000
95.36000
53.59000
38.55000
90.25000
90.29000
85.07000
39.88000
13.71000
61.78000
63.80000
72.11000
90.37000
75.18000
61.35000
14.96000
8.14000
22.60000
75.01000
69.92000
73.68000
18.91000
27.80000
67.22000
24.43000
53.58000
15.05000
79.01000
38.62000
2.69000
87.88000
36.59000
47.65000
47.72000
76.51000
3.65000
62.38000
21.99000
67.95000
23.89000
83.21000
80.56000
74.96000
66.75000
36.28000
7.27000
36.05000
27.45000
70.46000
6.69000
13.49000
23.92000
62.40000
11.14000
94.28000
99.87000
12.49000
76.70000
93.20000
26.75000
44.86000
86.19000
47.74000
95.75000
11.39000
46.19000
20.17000
28.82000
85.73000
87.02000
97.51000
67.67000
70.26000
66.75000
94.51000
42.33000
57.81000
77.59000
84.00000
29.29000
35.17000
23.15000
62.55000
50.33000
9.58000
16.90000
55.36000
90.37000
71.16000
56.15000
65.92000
60.08000
37.76000
63.93000
23.46000
92.89000
48.98000
87.05000
79.96000
49.95000
71.18000
98.04000
16.14000
15.19000
95.47000
94.19000
33.49000
97.27000
38.69000
97.55000
61.24000
33.61000
40.47000
55.92000
53.37000
81.38000
67.14000
40.82000
87.61000
27.50000
10.82000
49.57000
68.44000
79.63000
85.36000
2.53000
35.69000
62.02000
83.22000
28.39000
64.92000
43.22000
55.08000
26.90000
30.55000
25.10000
19.21000
60.31000
50.51000
82.30000
6.94000
17.64000
69.52000
17.21000
74.33000
10.66000
57.01000
52.96000
5.23000
76.87000
7.19000
41.44000
4.18000
80.53000
38.01000
57.29000
3.54000
9.66000
94.17000
1.89000
59.36000
75.01000
46.11000
98.37000
54.47000
17.11000
86.03000
99.64000
94.44000
96.20000
34.89000
80.32000
12.61000
3.31000
35.38000
48.51000
85.00000
45.35000
6.71000
85.78000
69.10000
58.09000
49.86000
37.74000
37.59000
39.85000
85.33000
68.73000
62.02000
68.36000
98.03000
70.88000
40.67000
48.11000
97.64000
60.03000
94.60000
7.31000
19.58000
76.79000
72.58000
97.96000
22.01000
87.51000
46.18000
1.78000
89.85000
83.30000
12.68000
19.25000
34.76000
80.01000
93.12000
79.61000
89.18000
19.25000
37.29000
37.83000
15.25000
65.38000
15.75000
70.64000
94.91000
11.50000
25.78000
91.03000
41.87000
66.16000
29.18000
53.09000
60.60000
36.39000
16.30000
2.20000
99.73000
86.68000
95.17000
31.56000
11.16000
25.60000
31.06000
61.12000
67.51000
82.48000
9.98000
35.58000
71.19000
16.39000
44.68000
23.39000
47.31000
7.15000
73.69000
18.75000
45.77000
61.33000
60.27000
40.60000
42.21000
12.27000
91.42000
33.64000
37.01000
15.04000
80.90000
66.34000
55.31000
51.46000
66.24000
33.87000
47.99000
29.10000
10.68000
54.20000
89.70000
52.29000
72.63000
58.68000
47.84000
13.45000
14.77000
74.82000
82.91000
18.94000
4.43000
81.35000
15.65000
16.55000
94.59000
38.44000
10.42000
77.84000
65.99000
30.00000
58.32000
2.08000
21.10000
65.69000
76.21000
9.34000
87.16000
80.95000
5.69000
47.39000
20.15000
35.93000
11.11000
88.78000
95.80000
14.56000
83.59000
31.81000
20.58000
26.50000
40.98000
96.52000
20.73000
7.17000
22.89000
32.69000
50.22000
15.74000
94.66000
10.88000
87.80000
19.55000
11.44000
69.76000
98.16000
17.41000
26.85000
98.47000
89.92000
80.16000
36.84000
3.53000
14.60000
34.91000
23.25000
20.45000
64.38000
30.57000
91.65000
13.50000
60.23000
42.77000
75.36000
69.69000
45.83000
71.89000
30.46000
3.78000
89.64000
44.07000
37.78000
51.28000
86.86000
9.21000
4.88000
76.45000
56.43000
41.92000
62.10000
67.31000
42.05000
43.61000
67.50000
36.62000
13.18000
39.41000
2.91000
21.88000
63.02000
79.20000
72.90000
43.27000
31.66000
33.88000
36.79000
82.25000
45.94000
34.89000
17.79000
74.00000
73.42000
73.95000
50.85000
46.77000
49.52000
92.67000
83.78000
53.52000
33.41000
57.39000
89.11000
73.00000
10.01000
58.23000
64.14000
9.67000
87.98000
12.04000
30.91000
89.77000
4.74000
58.43000
36.21000
69.28000
17.47000
64.75000
52.59000
25.94000
12.07000
22.11000
77.34000
62.22000
97.22000
45.37000
33.49000
8.35000
10.34000
76.12000
66.86000
16.31000
8.58000
3.77000
55.38000
24.94000
54.05000
86.38000
54.91000
93.78000
82.00000
3.87000
37.14000
71.94000
46.44000
10.31000
14.83000
27.87000
71.51000
87.53000
25.50000
54.76000
9.09000
44.09000
32.40000
72.58000
32.82000
10.33000
23.54000
26.01000
44.08000
42.32000
11.70000
82.51000
68.01000
22.88000
34.38000
38.27000
55.50000
57.58000
54.84000
11.25000
81.18000
78.76000
61.09000
45.15000
46.45000
43.48000
65.90000
10.40000
75.43000
32.58000
7.78000
04.81000
04.36000
04.14000
01.35000
02.28000
01.10000
03.70000
04.49000
04.20000
04.71000
04.88000
01.29000
02.15000
02.04000
01.76000
01.10000
04.73000
04.91000
01.42000
02.24000
01.49000
02.15000
03.93000
04.04000
03.03000
03.59000
02.38000
02.82000
04.91000
04.05000
02.84000
03.91000
03.72000
03.36000
04.40000
01.65000
01.04000
02.36000
03.12000
03.36000
03.44000
02.86000
04.09000
01.36000
02.50000
03.70000
01.39000
05.00000
02.80000
04.70000
01.21000
03.60000
03.09000
03.00000
04.38000
03.34000
01.36000
04.60000
04.17000
01.54000
02.74000
01.75000
04.80000
03.64000
01.91000
02.42000
03.45000
04.11000
02.59000
03.55000
02.34000
02.39000
01.49000
03.10000
04.66000
02.94000
04.29000
04.01000
02.63000
03.21000
01.72000
02.25000
01.43000
01.66000
01.46000
02.77000
03.29000
01.74000
04.22000
03.52000
03.39000
03.90000
03.72000
03.45000
01.95000
01.59000
02.64000
02.52000
04.16000
01.27000
02.90000
02.58000
03.37000
03.67000
01.52000
02.42000
04.13000
02.49000
02.26000
04.87000
01.29000
01.84000
02.94000
03.00000
03.20000
01.28000
02.39000
02.90000
03.16000
01.40000
04.45000
03.63000
03.52000
03.77000
01.94000
01.29000
03.60000
02.98000
04.69000
04.95000
03.73000
02.60000
03.53000
04.67000
01.23000
03.21000
02.28000
03.56000
02.44000
02.39000
01.77000
01.67000
02.68000
02.71000
03.84000
04.10000
02.28000
03.75000
03.31000
04.91000
03.76000
03.67000
03.17000
04.32000
01.94000
02.00000
04.89000
01.73000
03.69000
04.30000
02.78000
04.33000
01.45000
04.26000
03.79000
04.32000
04.69000
04.58000
03.87000
02.91000
03.85000
04.98000
03.98000
02.29000
02.39000
02.15000
02.07000
01.67000
04.77000
01.79000
01.09000
01.25000
04.42000
02.61000
04.99000
02.24000
03.82000
04.32000
02.74000
02.84000
02.40000
03.61000
04.28000
02.24000
04.63000
02.18000
04.56000
04.67000
03.96000
02.75000
03.43000
04.39000
03.46000
03.55000
02.76000
03.22000
04.89000
04.36000
02.69000
02.20000
04.32000
04.34000
03.28000
04.65000
04.34000
01.34000
01.61000
02.90000
04.52000
02.17000
03.78000
02.27000
01.43000
02.67000
04.84000
01.10000
04.67000
03.66000
04.89000
02.71000
04.80000
02.97000
05.00000
03.43000
01.40000
03.43000
03.25000
04.59000
03.06000
04.87000
02.71000
04.52000
03.35000
04.12000
03.46000
02.54000
04.84000
03.00000
02.59000
02.99000
02.54000
02.88000
02.33000
03.48000
01.76000
04.80000
04.69000
03.36000
02.81000
04.50000
01.60000
04.36000
02.38000
03.92000
04.26000
02.95000
02.18000
02.03000
04.87000
04.57000
04.90000
02.78000
04.64000
03.68000
02.26000
03.12000
01.76000
03.73000
02.95000
04.99000
03.44000
01.18000
04.68000
03.37000
01.90000
01.47000
02.15000
02.19000
02.31000
03.06000
03.07000
02.41000
02.90000
01.40000
04.13000
01.99000
02.87000
04.95000
03.05000
03.88000
02.52000
03.51000
04.79000
02.09000
02.89000
04.24000
03.62000
02.69000
04.13000
01.47000
01.87000
01.94000
04.58000
04.76000
04.35000
03.92000
03.56000
04.70000
04.91000
01.71000
01.41000
04.87000
02.37000
01.39000
03.44000
01.83000
04.56000
02.04000
03.99000
01.18000
04.30000
03.73000
02.38000
01.48000
03.42000
03.54000
02.94000
02.32000
04.76000
03.55000
03.01000
04.28000
04.14000
02.84000
04.91000
04.92000
02.39000
01.49000
03.96000
02.84000
01.09000
03.16000
02.45000
04.87000
02.29000
04.80000
02.03000
01.50000
03.88000
03.34000
04.86000
02.51000
02.81000
04.99000
02.37000
04.60000
01.02000
04.96000
03.03000
01.49000
01.49000
03.44000
04.29000
03.86000
04.15000
01.63000
04.59000
03.43000
01.96000
01.75000
03.40000
04.90000
04.88000
02.99000
01.17000
01.96000
03.86000
01.56000
03.34000
01.33000
02.84000
02.66000
04.38000
02.71000
02.79000
04.49000
03.73000
02.80000
01.66000
02.26000
02.67000
03.86000
02.77000
01.23000
02.42000
01.67000
02.24000
04.19000
02.14000
04.12000
03.35000
03.09000
02.42000
03.05000
01.18000
04.26000
04.82000
03.29000
03.81000
03.03000
03.93000
02.66000
04.30000
03.71000
03.33000
04.00000
04.75000
03.65000
03.60000
03.12000
04.22000
01.17000
02.30000
04.86000
02.81000
03.59000
02.03000
03.05000
01.57000
03.25000
02.35000
04.52000
02.60000
01.48000
03.86000
01.08000
04.97000
04.59000
04.11000
01.58000
04.54000
02.33000
04.57000
04.37000
02.78000
02.20000
04.61000
02.92000
01.29000
04.42000
03.88000
01.42000
01.26000
03.44000
02.11000
04.82000
04.91000
02.72000
03.97000
03.08000
03.43000
02.70000
03.19000
03.15000
01.02000
04.83000
02.47000
04.97000
02.90000
03.59000
01.50000
01.51000
03.26000
02.40000
04.99000
02.72000
01.31000
01.74000
02.64000
03.55000
01.24000
03.05000
01.16000
03.95000
04.27000
04.78000
04.25000
04.88000
04.60000
02.39000
