50
4
80.23000
90.26000
85.39000
22.14000
93.74000
86.57000
23.69000
16.33000
16.39000
63.94000
39.74000
11.70000
86.40000
62.62000
74.77000
48.47000
47.00000
23.80000
69.99000
67.87000
37.40000
86.72000
65.62000
11.11000
97.82000
93.58000
2.89000
17.41000
70.48000
84.61000
21.00000
27.98000
94.59000
1.04000
61.17000
83.05000
12.39000
81.06000
64.64000
24.84000
62.08000
67.92000
71.61000
91.56000
85.88000
1.81000
23.30000
26.44000
25.01000
21.97000
32.78000
41.19000
5.12000
28.44000
68.10000
82.55000
81.34000
75.52000
28.22000
3.09000
15.85000
83.76000
77.12000
65.77000
71.63000
19.13000
81.76000
38.57000
16.63000
45.59000
8.12000
85.44000
14.83000
30.12000
20.16000
73.36000
32.20000
37.68000
83.85000
67.31000
34.71000
34.24000
66.16000
33.24000
87.32000
84.78000
32.05000
36.12000
57.00000
56.25000
46.51000
41.93000
8.72000
13.64000
75.49000
16.63000
7.45000
21.90000
84.97000
25.20000
97.39000
30.08000
72.90000
71.77000
35.07000
84.08000
7.50000
3.97000
38.53000
90.15000
3.24000
32.10000
98.47000
39.01000
50.81000
47.87000
7.61000
20.38000
41.95000
42.01000
53.68000
24.98000
66.37000
5.24000
29.38000
43.52000
15.80000
27.28000
24.45000
66.73000
78.94000
98.84000
29.60000
85.32000
48.52000
12.64000
35.54000
90.01000
14.26000
56.40000
33.00000
71.52000
65.87000
22.85000
12.70000
20.58000
95.08000
1.69000
64.35000
26.89000
5.09000
92.45000
23.11000
93.53000
81.98000
90.02000
97.01000
9.61000
8.26000
2.73000
77.55000
46.56000
96.42000
44.05000
79.18000
21.86000
64.91000
31.44000
18.39000
49.97000
28.20000
79.38000
9.63000
47.36000
1.76000
5.34000
68.38000
29.50000
1.06000
22.77000
12.11000
11.85000
41.58000
48.16000
54.28000
9.89000
39.77000
96.97000
12.36000
39.09000
11.11000
85.67000
99.83000
15.91000
70.07000
29.73000
35.14000
54.82000
34.11000
43.62000
06.34000
05.92000
07.85000
06.19000
09.18000
06.69000
07.71000
07.90000
07.05000
06.57000
07.05000
05.68000
08.83000
09.48000
09.76000
08.44000
08.44000
09.31000
09.75000
05.08000
09.79000
09.99000
05.93000
09.51000
06.78000
05.40000
07.20000
05.64000
08.31000
09.47000
07.48000
07.37000
08.30000
06.08000
05.66000
08.60000
05.65000
09.16000
05.65000
08.25000
09.26000
07.61000
06.36000
05.22000
08.05000
05.33000
06.70000
08.42000
05.92000
06.23000
06.16000
09.84000
05.96000
06.29000
09.84000
05.42000
09.07000
06.63000
06.17000
05.55000
09.90000
09.10000
05.29000
05.40000
08.61000
08.86000
07.37000
05.12000
05.35000
06.07000
07.56000
09.86000
05.28000
05.89000
06.02000
09.79000
08.56000
08.46000
07.91000
05.05000
05.34000
08.95000
08.37000
05.81000
05.77000
07.52000
07.57000
07.22000
05.03000
09.31000
05.66000
09.43000
08.25000
09.49000
07.80000
07.61000
05.60000
08.21000
09.15000
06.91000
06.31000
06.09000
05.52000
05.43000
07.05000
09.52000
07.35000
07.94000
09.08000
06.46000
06.17000
07.16000
08.80000
08.32000
08.38000
09.51000
07.61000
06.51000
05.40000
06.38000
06.93000
07.42000
08.62000
09.19000
08.16000
07.48000
09.46000
09.34000
07.71000
08.07000
09.32000
08.23000
06.98000
05.62000
09.60000
07.28000
07.37000
06.52000
06.72000
07.88000
05.31000
07.18000
07.07000
06.45000
07.18000
09.01000
07.07000
09.39000
09.41000
08.41000
06.03000
09.03000
07.73000
09.71000
06.07000
08.90000
08.85000
07.56000
05.17000
07.88000
05.37000
08.33000
06.01000
08.62000
09.93000
09.70000
06.22000
08.78000
05.21000
09.32000
08.47000
06.02000
08.85000
09.84000
05.42000
07.99000
08.51000
08.93000
09.71000
07.35000
06.85000
09.23000
09.01000
06.76000
06.53000
08.40000
05.98000
08.86000
05.19000
09.10000
08.26000
06.33000
05.50000
08.99000
08.51000
06.81000
05.12000
05.72000
09.40000
07.95000
