50
4
142.06000
167.07000
174.72000
166.44000
132.69000
103.01000
196.03000
169.38000
169.82000
183.12000
184.15000
186.81000
194.09000
148.02000
179.72000
159.34000
146.12000
138.34000
123.36000
127.60000
166.53000
194.69000
155.70000
132.21000
195.95000
157.71000
117.36000
113.79000
175.00000
168.02000
148.96000
112.98000
144.31000
166.25000
191.14000
170.40000
144.51000
193.01000
184.51000
126.67000
116.21000
188.94000
169.70000
122.41000
100.05000
194.66000
187.34000
198.26000
136.65000
150.80000
148.66000
144.17000
174.08000
151.15000
189.69000
155.56000
116.19000
190.58000
199.29000
114.43000
109.69000
110.31000
143.10000
186.42000
120.21000
175.96000
186.74000
137.14000
113.37000
153.16000
195.83000
132.23000
154.80000
107.54000
136.00000
137.30000
110.12000
104.71000
172.87000
117.97000
144.95000
110.30000
172.07000
139.89000
124.93000
189.94000
199.23000
168.66000
115.67000
109.26000
119.97000
169.92000
182.81000
133.87000
199.91000
109.29000
191.96000
129.40000
104.68000
152.40000
171.12000
164.32000
182.87000
141.46000
168.85000
157.86000
115.38000
112.36000
133.80000
128.77000
160.42000
155.93000
156.58000
167.67000
108.60000
162.82000
127.82000
165.19000
150.56000
123.63000
138.15000
111.96000
176.92000
129.00000
178.20000
198.59000
178.31000
169.55000
138.58000
115.71000
145.34000
135.90000
109.92000
153.95000
168.65000
118.69000
182.85000
103.94000
138.85000
108.53000
147.99000
156.29000
146.58000
196.05000
195.97000
101.64000
182.46000
171.88000
117.41000
130.61000
190.31000
132.38000
143.17000
154.95000
126.55000
193.39000
117.41000
137.15000
117.70000
100.70000
154.37000
123.49000
179.38000
169.96000
169.68000
129.57000
127.22000
116.78000
178.96000
171.03000
176.84000
156.79000
197.83000
163.49000
143.87000
105.61000
141.92000
122.58000
143.93000
178.87000
126.86000
163.92000
192.65000
192.19000
168.26000
103.14000
105.65000
161.20000
181.76000
155.85000
198.56000
101.53000
182.98000
137.69000
187.00000
128.79000
187.55000
164.28000
186.59000
158.62000
03.24000
03.43000
03.78000
02.09000
01.53000
04.54000
02.88000
03.65000
03.24000
01.34000
02.97000
04.48000
03.49000
04.96000
03.17000
03.69000
01.41000
02.54000
02.60000
04.41000
04.12000
01.19000
04.38000
01.77000
02.76000
04.04000
03.64000
02.89000
04.43000
02.22000
03.52000
02.91000
04.28000
02.85000
03.12000
04.93000
01.42000
01.05000
01.58000
04.09000
02.98000
03.95000
02.02000
03.52000
04.08000
02.68000
03.57000
02.33000
03.86000
04.36000
01.44000
02.76000
02.51000
01.16000
03.00000
02.12000
04.43000
01.65000
01.32000
04.78000
01.19000
01.51000
04.54000
02.87000
04.90000
04.86000
04.78000
04.51000
03.70000
03.82000
02.17000
01.82000
01.70000
02.52000
04.82000
02.94000
03.04000
01.09000
04.87000
03.99000
03.84000
03.65000
02.45000
01.08000
04.22000
02.32000
01.66000
02.36000
04.30000
01.22000
02.65000
03.93000
04.22000
04.50000
01.54000
01.93000
04.10000
04.26000
02.44000
04.49000
02.72000
02.51000
02.33000
02.40000
01.28000
01.83000
01.21000
04.93000
04.77000
04.86000
03.60000
03.74000
02.33000
04.73000
02.61000
03.95000
03.07000
02.56000
03.36000
02.70000
04.12000
03.49000
02.99000
01.09000
02.60000
04.63000
02.61000
04.26000
03.65000
03.12000
03.35000
01.34000
04.37000
04.07000
02.35000
01.44000
01.91000
04.61000
04.71000
01.70000
01.38000
01.87000
03.57000
03.24000
03.92000
04.96000
04.06000
03.18000
02.63000
03.03000
01.14000
02.90000
03.97000
02.49000
01.39000
02.43000
04.16000
03.98000
04.05000
01.40000
01.83000
01.97000
03.25000
01.94000
03.09000
02.59000
01.11000
02.17000
02.08000
03.96000
03.76000
04.22000
04.92000
04.22000
01.32000
02.22000
01.73000
01.48000
03.91000
02.28000
02.64000
01.87000
01.67000
02.53000
01.77000
03.52000
04.71000
01.10000
01.25000
04.54000
03.16000
04.11000
03.21000
03.07000
03.15000
01.69000
01.76000
01.24000
02.80000
03.97000
