50
4
108.95000
146.82000
152.15000
109.17000
141.16000
160.48000
118.55000
155.85000
151.91000
175.34000
133.81000
124.04000
181.82000
132.02000
138.54000
154.36000
171.53000
171.14000
173.37000
187.44000
161.65000
133.34000
178.93000
163.91000
192.81000
159.23000
195.85000
124.38000
105.63000
189.44000
164.74000
109.49000
140.74000
164.60000
126.23000
159.86000
138.77000
125.33000
120.95000
116.11000
140.34000
112.26000
189.53000
118.87000
186.08000
166.01000
172.58000
108.76000
116.60000
127.20000
130.07000
169.45000
106.57000
199.50000
157.84000
192.79000
167.07000
145.02000
142.48000
176.89000
117.25000
134.11000
149.60000
187.38000
122.72000
132.41000
144.82000
189.89000
149.11000
105.54000
193.79000
150.05000
162.06000
119.12000
162.11000
133.47000
127.17000
138.78000
115.43000
105.78000
110.08000
130.15000
119.35000
132.60000
176.42000
158.84000
139.50000
179.57000
191.80000
190.49000
141.52000
112.31000
121.86000
190.72000
191.02000
196.44000
132.21000
125.15000
153.63000
197.58000
118.31000
159.56000
196.12000
150.50000
109.29000
173.10000
106.64000
188.67000
162.01000
183.54000
174.21000
169.04000
167.09000
181.50000
189.47000
182.25000
115.18000
157.62000
143.03000
118.93000
196.88000
102.51000
125.53000
169.69000
102.82000
106.80000
127.58000
125.16000
123.63000
161.11000
139.81000
175.97000
149.93000
156.07000
152.84000
112.74000
172.36000
182.31000
157.31000
126.10000
181.52000
130.45000
143.83000
106.67000
168.05000
191.11000
103.03000
145.08000
122.58000
154.92000
145.99000
198.57000
149.60000
101.67000
133.92000
152.08000
138.42000
101.78000
127.55000
127.69000
190.75000
131.79000
142.48000
141.02000
122.20000
107.34000
194.35000
107.70000
148.40000
144.05000
198.79000
143.34000
184.98000
157.54000
171.42000
163.58000
147.56000
163.43000
127.85000
184.04000
151.76000
177.36000
183.73000
120.34000
113.22000
114.94000
154.67000
188.12000
147.55000
191.81000
156.30000
102.98000
170.38000
123.58000
104.24000
180.57000
197.34000
125.89000
114.12000
136.50000
08.35000
06.43000
09.48000
07.34000
09.04000
05.22000
05.66000
06.79000
09.19000
05.07000
05.76000
09.27000
07.73000
09.90000
08.70000
08.68000
08.54000
08.61000
08.36000
08.92000
05.54000
05.11000
08.67000
08.91000
07.63000
08.30000
08.53000
07.54000
08.72000
07.10000
06.84000
08.73000
07.72000
05.41000
07.50000
06.38000
08.54000
07.13000
09.44000
09.40000
05.07000
06.17000
06.55000
06.69000
06.23000
06.44000
07.73000
07.16000
05.92000
06.84000
08.64000
06.59000
05.59000
09.41000
09.13000
05.56000
06.79000
05.68000
07.34000
06.67000
05.80000
06.66000
08.43000
05.06000
07.76000
07.51000
07.56000
05.91000
07.84000
08.39000
09.87000
09.35000
06.18000
09.45000
05.53000
05.56000
07.94000
05.84000
09.69000
09.69000
08.29000
07.73000
07.51000
06.88000
07.37000
05.28000
09.15000
07.31000
05.35000
08.62000
09.75000
06.12000
07.37000
07.94000
09.49000
08.47000
08.60000
08.37000
08.50000
09.52000
07.73000
06.28000
06.86000
08.60000
06.00000
06.48000
07.83000
05.74000
06.27000
08.40000
06.49000
07.79000
09.93000
08.45000
09.25000
06.17000
08.39000
08.01000
07.52000
07.28000
08.06000
08.52000
07.69000
07.53000
05.34000
06.36000
06.19000
08.32000
06.65000
07.95000
09.40000
06.06000
08.37000
09.69000
08.74000
07.15000
06.93000
07.99000
05.62000
08.01000
08.73000
09.26000
06.44000
05.04000
05.18000
09.90000
07.61000
09.64000
07.67000
06.31000
05.75000
05.51000
07.46000
08.70000
09.87000
07.61000
07.07000
09.44000
09.39000
07.65000
08.41000
06.94000
06.97000
08.27000
09.14000
08.86000
05.25000
07.15000
06.90000
07.85000
06.90000
06.93000
09.35000
06.58000
09.57000
05.27000
09.15000
07.70000
05.92000
09.83000
08.96000
08.86000
08.60000
08.26000
06.43000
07.73000
05.28000
08.22000
09.22000
06.95000
08.60000
07.37000
09.98000
09.18000
06.22000
08.36000
06.38000
07.09000
05.80000
08.84000
